{
  "acoustic_entropy": 177.15284729003906,
  "bands": [
    {
      "high_freq": 148.1999969482422,
      "loudness": -32.655818939208984,
      "loudness_range": 17.3557186126709,
      "mid_mean": -29.30426788330078,
      "mid_to_side_loudness": -15.850889205932617,
      "mid_to_side_loudness_range": 14.34432601928711,
      "side_mean": -46.307395935058594
    },
    {
      "high_freq": 392.3793640136719,
      "loudness": -30.710947036743164,
      "loudness_range": 14.545116424560547,
      "low_freq": 148.1999969482422,
      "mid_mean": -28.618831634521484,
      "mid_to_side_loudness": -6.465752601623535,
      "mid_to_side_loudness_range": 14.266043663024902,
      "side_mean": -34.98749542236328
    },
    {
      "high_freq": 794.6976318359375,
      "loudness": -32.83693313598633,
      "loudness_range": 16.100250244140625,
      "low_freq": 392.3793640136719,
      "mid_mean": -30.84632682800293,
      "mid_to_side_loudness": -5.069092750549316,
      "mid_to_side_loudness_range": 10.624022483825684,
      "side_mean": -35.52880096435547
    },
    {
      "high_freq": 1457.5709228515625,
      "loudness": -36.12791061401367,
      "loudness_range": 21.396413803100586,
      "low_freq": 794.6976318359375,
      "mid_mean": -34.50680923461914,
      "mid_to_side_loudness": -2.9580090045928955,
      "mid_to_side_loudness_range": 6.271399021148682,
      "side_mean": -37.62016296386719
    },
    {
      "high_freq": 2549.74365234375,
      "loudness": -34.263126373291016,
      "loudness_range": 18.569948196411133,
      "low_freq": 1457.5709228515625,
      "mid_mean": -32.79928207397461,
      "mid_to_side_loudness": -1.9240732192993164,
      "mid_to_side_loudness_range": 4.667722702026367,
      "side_mean": -34.77822494506836
    },
    {
      "high_freq": 4349.24462890625,
      "loudness": -37.23209762573242,
      "loudness_range": 15.259469985961914,
      "low_freq": 2549.74365234375,
      "mid_mean": -36.14046096801758,
      "mid_to_side_loudness": -1.0186593532562256,
      "mid_to_side_loudness_range": 1.9432555437088013,
      "side_mean": -37.13431167602539
    },
    {
      "high_freq": 7314.1640625,
      "loudness": -44.352256774902344,
      "loudness_range": 15.741828918457031,
      "low_freq": 4349.24462890625,
      "mid_mean": -44.57279586791992,
      "mid_to_side_loudness": 0.8296219706535339,
      "mid_to_side_loudness_range": 4.112450122833252,
      "side_mean": -43.40854263305664
    },
    {
      "high_freq": 12199.2666015625,
      "loudness": -48.795745849609375,
      "loudness_range": 15.858722686767578,
      "low_freq": 7314.1640625,
      "mid_mean": -52.021888732910156,
      "mid_to_side_loudness": 3.739845037460327,
      "mid_to_side_loudness_range": 7.563633441925049,
      "side_mean": -47.77189636230469
    },
    {
      "loudness": -50.99748611450195,
      "loudness_range": 20.63774871826172,
      "low_freq": 12199.2666015625,
      "mid_mean": -48.9461784362793,
      "mid_to_side_loudness": -3.326857566833496,
      "mid_to_side_loudness_range": 6.684854030609131,
      "side_mean": -52.67098617553711
    }
  ],
  "bands_short": [
    {
      "high_freq": 148.1999969482422,
      "loudness": -35.71976852416992,
      "loudness_range": 25.5341854095459,
      "mid_mean": -32.675537109375,
      "mid_to_side_loudness": -15.574670791625977,
      "mid_to_side_loudness_range": 20.998462677001953,
      "side_mean": -50.84200668334961
    },
    {
      "high_freq": 392.3793640136719,
      "loudness": -34.9996337890625,
      "loudness_range": 24.318126678466797,
      "low_freq": 148.1999969482422,
      "mid_mean": -32.47810363769531,
      "mid_to_side_loudness": -8.003655433654785,
      "mid_to_side_loudness_range": 14.595268249511719,
      "side_mean": -40.898685455322266
    },
    {
      "high_freq": 794.6976318359375,
      "loudness": -34.46241760253906,
      "loudness_range": 25.950069427490234,
      "low_freq": 392.3793640136719,
      "mid_mean": -32.93827819824219,
      "mid_to_side_loudness": -5.162240982055664,
      "mid_to_side_loudness_range": 16.945375442504883,
      "side_mean": -37.71192169189453
    },
    {
      "high_freq": 1457.5709228515625,
      "loudness": -37.879520416259766,
      "loudness_range": 28.929412841796875,
      "low_freq": 794.6976318359375,
      "mid_mean": -36.63042449951172,
      "mid_to_side_loudness": -3.5950801372528076,
      "mid_to_side_loudness_range": 9.46786117553711,
      "side_mean": -40.209999084472656
    },
    {
      "high_freq": 2549.74365234375,
      "loudness": -38.55514907836914,
      "loudness_range": 30.855318069458008,
      "low_freq": 1457.5709228515625,
      "mid_mean": -37.696556091308594,
      "mid_to_side_loudness": -2.2765650749206543,
      "mid_to_side_loudness_range": 7.232861042022705,
      "side_mean": -39.99728012084961
    },
    {
      "high_freq": 4349.24462890625,
      "loudness": -42.49028778076172,
      "loudness_range": 30.350257873535156,
      "low_freq": 2549.74365234375,
      "mid_mean": -41.93582534790039,
      "mid_to_side_loudness": -1.089894413948059,
      "mid_to_side_loudness_range": 3.849870204925537,
      "side_mean": -43.07734298706055
    },
    {
      "high_freq": 7314.1640625,
      "loudness": -49.910152435302734,
      "loudness_range": 30.98809051513672,
      "low_freq": 4349.24462890625,
      "mid_mean": -51.60988998413086,
      "mid_to_side_loudness": 0.8015981912612915,
      "mid_to_side_loudness_range": 5.374279975891113,
      "side_mean": -50.810516357421875
    },
    {
      "high_freq": 12199.2666015625,
      "loudness": -55.277835845947266,
      "loudness_range": 29.585254669189453,
      "low_freq": 7314.1640625,
      "mid_mean": -55.83800506591797,
      "mid_to_side_loudness": 2.4058914184570312,
      "mid_to_side_loudness_range": 8.723750114440918,
      "side_mean": -53.50715637207031
    },
    {
      "loudness": -57.492923736572266,
      "loudness_range": 28.836898803710938,
      "low_freq": 12199.2666015625,
      "mid_mean": -55.97679138183594,
      "mid_to_side_loudness": -1.4043084383010864,
      "mid_to_side_loudness_range": 6.481478691101074,
      "side_mean": -57.33920669555664
    }
  ],
  "bandwidth": 602.4089965820312,
  "channels": 2,
  "covariance": [
    [
      46.323875427246094,
      34.81869888305664,
      19.278493881225586,
      18.57095718383789,
      21.65015411376953,
      17.43663787841797,
      19.66039276123047,
      19.565326690673828,
      23.51069450378418,
      21.26078224182129,
      18.114391326904297,
      17.978858947753906,
      22.408655166625977,
      20.11659049987793,
      18.902236938476562,
      20.037466049194336,
      18.040878295898438,
      16.636083602905273
    ],
    [
      34.81869888305664,
      44.484256744384766,
      19.72601890563965,
      21.050077438354492,
      23.32389259338379,
      17.625925064086914,
      16.50786018371582,
      17.586137771606445,
      20.615249633789062,
      19.375595092773438,
      15.465489387512207,
      16.570907592773438,
      20.682191848754883,
      18.873380661010742,
      20.625394821166992,
      24.80799102783203,
      21.97687530517578,
      19.489309310913086
    ],
    [
      19.278493881225586,
      19.72601890563965,
      38.21174621582031,
      20.712726593017578,
      29.84501838684082,
      18.013099670410156,
      22.532835006713867,
      18.833593368530273,
      23.253009796142578,
      19.37240219116211,
      22.943605422973633,
      21.438274383544922,
      22.699474334716797,
      23.650348663330078,
      24.703542709350586,
      29.069305419921875,
      26.820863723754883,
      23.928661346435547
    ],
    [
      18.57095718383789,
      21.050077438354492,
      20.712726593017578,
      38.49504852294922,
      21.600141525268555,
      27.541038513183594,
      10.265793800354004,
      15.740341186523438,
      18.601909637451172,
      21.477725982666016,
      15.607362747192383,
      18.010717391967773,
      17.391592025756836,
      17.978389739990234,
      14.436417579650879,
      15.444575309753418,
      15.112825393676758,
      12.344541549682617
    ],
    [
      21.65015411376953,
      23.32389259338379,
      29.84501838684082,
      21.600141525268555,
      41.625022888183594,
      27.28779411315918,
      33.032012939453125,
      31.46193504333496,
      32.30512237548828,
      28.418039321899414,
      25.678199768066406,
      25.27721405029297,
      27.018274307250977,
      27.09211540222168,
      24.054853439331055,
      27.70322036743164,
      25.37935447692871,
      22.970718383789062
    ],
    [
      17.43663787841797,
      17.625925064086914,
      18.013099670410156,
      27.541038513183594,
      27.28779411315918,
      35.344825744628906,
      27.258224487304688,
      32.08469009399414,
      29.811763763427734,
      31.905628204345703,
      23.21202850341797,
      24.48179054260254,
      24.416698455810547,
      22.54298973083496,
      19.928403854370117,
      17.868066787719727,
      16.512548446655273,
      14.443039894104004
    ],
    [
      19.66039276123047,
      16.50786018371582,
      22.532835006713867,
      10.265793800354004,
      33.032012939453125,
      27.258224487304688,
      58.4146842956543,
      52.98955535888672,
      44.270320892333984,
      41.45661544799805,
      36.48667907714844,
      36.34238815307617,
      38.276641845703125,
      36.028141021728516,
      33.648258209228516,
      32.047874450683594,
      27.11637306213379,
      26.707666397094727
    ],
    [
      19.565326690673828,
      17.586137771606445,
      18.833593368530273,
      15.740341186523438,
      31.46193504333496,
      32.08469009399414,
      52.98955535888672,
      61.108394622802734,
      44.593902587890625,
      48.886802673339844,
      34.44484329223633,
      38.161598205566406,
      37.92522048950195,
      37.31956100463867,
      31.1938419342041,
      28.602245330810547,
      24.45644187927246,
      24.143056869506836
    ],
    [
      23.51069450378418,
      20.615249633789062,
      23.253009796142578,
      18.601909637451172,
      32.30512237548828,
      29.811763763427734,
      44.270320892333984,
      44.593902587890625,
      46.75517654418945,
      44.15284729003906,
      34.66461944580078,
      34.00442886352539,
      39.15188217163086,
      34.91428756713867,
      32.18882369995117,
      31.624414443969727,
      27.056806564331055,
      25.925363540649414
    ],
    [
      21.26078224182129,
      19.375595092773438,
      19.37240219116211,
      21.477725982666016,
      28.418039321899414,
      31.905628204345703,
      41.45661544799805,
      48.886802673339844,
      44.15284729003906,
      48.52812957763672,
      32.31018829345703,
      35.460567474365234,
      36.829864501953125,
      34.71186447143555,
      29.530122756958008,
      28.015186309814453,
      24.31144142150879,
      23.21628761291504
    ],
    [
      18.114391326904297,
      15.465489387512207,
      22.943605422973633,
      15.607362747192383,
      25.678199768066406,
      23.21202850341797,
      36.48667907714844,
      34.44484329223633,
      34.66461944580078,
      32.31018829345703,
      33.932884216308594,
      31.32854461669922,
      32.91407775878906,
      30.007362365722656,
      28.793399810791016,
      28.5328369140625,
      24.282550811767578,
      23.510515213012695
    ],
    [
      17.978858947753906,
      16.570907592773438,
      21.438274383544922,
      18.010717391967773,
      25.27721405029297,
      24.48179054260254,
      36.34238815307617,
      38.161598205566406,
      34.00442886352539,
      35.460567474365234,
      31.32854461669922,
      34.04938888549805,
      31.84752082824707,
      32.05227279663086,
      27.06241226196289,
      27.524211883544922,
      24.00893783569336,
      23.170473098754883
    ],
    [
      22.408655166625977,
      20.682191848754883,
      22.699474334716797,
      17.391592025756836,
      27.018274307250977,
      24.416698455810547,
      38.276641845703125,
      37.92522048950195,
      39.15188217163086,
      36.829864501953125,
      32.91407775878906,
      31.84752082824707,
      40.50300216674805,
      35.753665924072266,
      33.93611526489258,
      35.044219970703125,
      30.10161590576172,
      29.037473678588867
    ],
    [
      20.11659049987793,
      18.873380661010742,
      23.650348663330078,
      17.978389739990234,
      27.09211540222168,
      22.54298973083496,
      36.028141021728516,
      37.31956100463867,
      34.91428756713867,
      34.71186447143555,
      30.007362365722656,
      32.05227279663086,
      35.753665924072266,
      38.34697723388672,
      32.43001937866211,
      34.593727111816406,
      31.201953887939453,
      28.949180603027344
    ],
    [
      18.902236938476562,
      20.625394821166992,
      24.703542709350586,
      14.436417579650879,
      24.054853439331055,
      19.928403854370117,
      33.648258209228516,
      31.1938419342041,
      32.18882369995117,
      29.530122756958008,
      28.793399810791016,
      27.06241226196289,
      33.93611526489258,
      32.43001937866211,
      53.187503814697266,
      48.411556243896484,
      44.8412971496582,
      45.491207122802734
    ],
    [
      20.037466049194336,
      24.80799102783203,
      29.069305419921875,
      15.444575309753418,
      27.70322036743164,
      17.868066787719727,
      32.047874450683594,
      28.602245330810547,
      31.624414443969727,
      28.015186309814453,
      28.5328369140625,
      27.524211883544922,
      35.044219970703125,
      34.593727111816406,
      48.411556243896484,
      58.73884963989258,
      53.66524887084961,
      47.44602584838867
    ],
    [
      18.040878295898438,
      21.97687530517578,
      26.820863723754883,
      15.112825393676758,
      25.37935447692871,
      16.512548446655273,
      27.11637306213379,
      24.45644187927246,
      27.056806564331055,
      24.31144142150879,
      24.282550811767578,
      24.00893783569336,
      30.10161590576172,
      31.201953887939453,
      44.8412971496582,
      53.66524887084961,
      53.89151382446289,
      45.1909065246582
    ],
    [
      16.636083602905273,
      19.489309310913086,
      23.928661346435547,
      12.344541549682617,
      22.970718383789062,
      14.443039894104004,
      26.707666397094727,
      24.143056869506836,
      25.925363540649414,
      23.21628761291504,
      23.510515213012695,
      23.170473098754883,
      29.037473678588867,
      28.949180603027344,
      45.491207122802734,
      47.44602584838867,
      45.1909065246582,
      48.13385009765625
    ]
  ],
  "covariance_short": [
    [
      92.38249206542969,
      55.05120849609375,
      34.72103500366211,
      36.68227767944336,
      31.69942283630371,
      30.362504959106445,
      29.41747283935547,
      30.104644775390625,
      27.180727005004883,
      29.584592819213867,
      26.973018646240234,
      29.19722557067871,
      24.940393447875977,
      24.50392723083496,
      14.918771743774414,
      15.557328224182129,
      8.009384155273438,
      9.940237998962402
    ],
    [
      55.05120849609375,
      81.94247436523438,
      27.29822540283203,
      36.22151184082031,
      27.26346778869629,
      27.424060821533203,
      23.0985164642334,
      24.82714080810547,
      23.06123161315918,
      24.67903709411621,
      23.420122146606445,
      25.740068435668945,
      47.41604995727539,
      49.21839141845703,
      32.28403091430664,
      37.13095474243164,
      24.904977798461914,
      23.716217041015625
    ],
    [
      34.72103500366211,
      27.29822540283203,
      77.27497863769531,
      57.89017868041992,
      60.803462982177734,
      46.993011474609375,
      54.49468994140625,
      50.06467056274414,
      57.86662673950195,
      55.58330535888672,
      59.62520980834961,
      59.1871223449707,
      56.299861907958984,
      57.408660888671875,
      43.15135192871094,
      50.96070098876953,
      42.5228157043457,
      37.48500442504883
    ],
    [
      36.68227767944336,
      36.22151184082031,
      57.89017868041992,
      76.25739288330078,
      58.51344299316406,
      63.49628829956055,
      57.68920135498047,
      59.97064971923828,
      62.93207550048828,
      66.37272644042969,
      64.96996307373047,
      67.28431701660156,
      59.74492263793945,
      59.3299560546875,
      41.36662673950195,
      46.85740280151367,
      33.249359130859375,
      29.730314254760742
    ],
    [
      31.69942283630371,
      27.26346778869629,
      60.803462982177734,
      58.51344299316406,
      85.4619369506836,
      67.52796173095703,
      74.25477600097656,
      69.76145935058594,
      76.17019653320312,
      74.66018676757812,
      73.34107208251953,
      73.33358001708984,
      66.94560241699219,
      67.85504913330078,
      47.480377197265625,
      55.14485168457031,
      41.08381271362305,
      36.423824310302734
    ],
    [
      30.362504959106445,
      27.424060821533203,
      46.993011474609375,
      63.49628829956055,
      67.52796173095703,
      91.24254608154297,
      84.079345703125,
      86.30329132080078,
      85.62586212158203,
      89.38945770263672,
      81.03034973144531,
      82.89492797851562,
      71.03103637695312,
      68.47373962402344,
      47.47112274169922,
      50.55556869506836,
      31.880990982055664,
      28.579345703125
    ],
    [
      29.41747283935547,
      23.0985164642334,
      54.49468994140625,
      57.68920135498047,
      74.25477600097656,
      84.079345703125,
      115.60481262207031,
      107.27371978759766,
      108.96527862548828,
      109.11692810058594,
      103.5451889038086,
      103.50428009033203,
      92.19715118408203,
      90.29071807861328,
      62.69267654418945,
      68.70394897460938,
      46.059326171875,
      41.66749954223633
    ],
    [
      30.104644775390625,
      24.82714080810547,
      50.06467056274414,
      59.97064971923828,
      69.76145935058594,
      86.30329132080078,
      107.27371978759766,
      119.31033325195312,
      110.09514617919922,
      116.20723724365234,
      104.05681610107422,
      107.50639343261719,
      94.98512268066406,
      92.8796615600586,
      63.87686538696289,
      67.91043853759766,
      43.09907913208008,
      39.263465881347656
    ],
    [
      27.180727005004883,
      23.06123161315918,
      57.86662673950195,
      62.93207550048828,
      76.17019653320312,
      85.62586212158203,
      108.96527862548828,
      110.09514617919922,
      131.09498596191406,
      127.43943786621094,
      120.74796295166016,
      120.72504425048828,
      110.54942321777344,
      108.98120880126953,
      75.76713562011719,
      84.72905731201172,
      58.50594711303711,
      52.01893615722656
    ],
    [
      29.584592819213867,
      24.67903709411621,
      55.58330535888672,
      66.37272644042969,
      74.66018676757812,
      89.38945770263672,
      109.11692810058594,
      116.20723724365234,
      127.43943786621094,
      135.86578369140625,
      120.17620086669922,
      123.10749053955078,
      110.52741241455078,
      108.49840545654297,
      75.3906021118164,
      82.3483657836914,
      55.623355865478516,
      49.49020004272461
    ],
    [
      26.973018646240234,
      23.420122146606445,
      59.62520980834961,
      64.96996307373047,
      73.34107208251953,
      81.03034973144531,
      103.5451889038086,
      104.05681610107422,
      120.74796295166016,
      120.17620086669922,
      128.57420349121094,
      126.0403060913086,
      115.26908111572266,
      114.388427734375,
      81.41040802001953,
      92.01068878173828,
      65.19729614257812,
      57.665489196777344
    ],
    [
      29.19722557067871,
      25.740068435668945,
      59.1871223449707,
      67.28431701660156,
      73.33358001708984,
      82.89492797851562,
      103.50428009033203,
      107.50639343261719,
      120.72504425048828,
      123.10749053955078,
      126.0403060913086,
      129.3521270751953,
      115.0136947631836,
      114.86227416992188,
      80.99407196044922,
      91.04560852050781,
      64.1281509399414,
      56.594940185546875
    ],
    [
      24.940393447875977,
      47.41604995727539,
      56.299861907958984,
      59.74492263793945,
      66.94560241699219,
      71.03103637695312,
      92.19715118408203,
      94.98512268066406,
      110.54942321777344,
      110.52741241455078,
      115.26908111572266,
      115.0136947631836,
      134.2608184814453,
      135.90924072265625,
      97.06863403320312,
      112.47859191894531,
      84.14155578613281,
      74.17079162597656
    ],
    [
      24.50392723083496,
      49.21839141845703,
      57.408660888671875,
      59.3299560546875,
      67.85504913330078,
      68.47373962402344,
      90.29071807861328,
      92.8796615600586,
      108.98120880126953,
      108.49840545654297,
      114.388427734375,
      114.86227416992188,
      135.90924072265625,
      141.81446838378906,
      100.23336791992188,
      118.69842529296875,
      91.88719177246094,
      79.43236541748047
    ],
    [
      14.918771743774414,
      32.28403091430664,
      43.15135192871094,
      41.36662673950195,
      47.480377197265625,
      47.47112274169922,
      62.69267654418945,
      63.87686538696289,
      75.76713562011719,
      75.3906021118164,
      81.41040802001953,
      80.99407196044922,
      97.06863403320312,
      100.23336791992188,
      78.94889831542969,
      89.89152526855469,
      73.77037048339844,
      63.34626388549805
    ],
    [
      15.557328224182129,
      37.13095474243164,
      50.96070098876953,
      46.85740280151367,
      55.14485168457031,
      50.55556869506836,
      68.70394897460938,
      67.91043853759766,
      84.72905731201172,
      82.3483657836914,
      92.01068878173828,
      91.04560852050781,
      112.47859191894531,
      118.69842529296875,
      89.89152526855469,
      109.39752960205078,
      92.5739974975586,
      79.23117065429688
    ],
    [
      8.009384155273438,
      24.904977798461914,
      42.5228157043457,
      33.249359130859375,
      41.08381271362305,
      31.880990982055664,
      46.059326171875,
      43.09907913208008,
      58.50594711303711,
      55.623355865478516,
      65.19729614257812,
      64.1281509399414,
      84.14155578613281,
      91.88719177246094,
      73.77037048339844,
      92.5739974975586,
      91.31998443603516,
      75.80122375488281
    ],
    [
      9.940237998962402,
      23.716217041015625,
      37.48500442504883,
      29.730314254760742,
      36.423824310302734,
      28.579345703125,
      41.66749954223633,
      39.263465881347656,
      52.01893615722656,
      49.49020004272461,
      57.665489196777344,
      56.594940185546875,
      74.17079162597656,
      79.43236541748047,
      63.34626388549805,
      79.23117065429688,
      75.80122375488281,
      65.9292984008789
    ]
  ],
  "damage": -15.565530776977539,
  "diff_bandwidth": 632.3292236328125,
  "dissonance": 7.102966523630888,
  "drr": 4.325829982757568,
  "dynamics": 4.436685562133789,
  "format": 1245190,
  "frames": 2350016,
  "loudness": -20.218427658081055,
  "loudness_range": 9.429548263549805,
  "loudness_range_short": 21.69105339050293,
  "lowpass_true_peak_15khz": -3.0398800373077393,
  "mastering3_acoustic_entropies": [
    {
      "acoustic_entropy": 6.803541660308838,
      "acoustic_entropy_mono": 6.928271293640137,
      "band_eliminated_acoustic_entropies": [
        {
          "acoustic_entropy": 6.860588550567627,
          "acoustic_entropy_side": 6.803908824920654,
          "hz": 129.47220167065723
        },
        {
          "acoustic_entropy": 6.062276363372803,
          "acoustic_entropy_side": 6.806411266326904,
          "hz": 202.92927478742237
        },
        {
          "acoustic_entropy": 7.370697498321533,
          "acoustic_entropy_side": 6.793013095855713,
          "hz": 282.89161906338205
        },
        {
          "acoustic_entropy": 6.886056423187256,
          "acoustic_entropy_side": 6.7751383781433105,
          "hz": 369.9353335868758
        },
        {
          "acoustic_entropy": 6.814867973327637,
          "acoustic_entropy_side": 7.024065971374512,
          "hz": 464.6875360973435
        },
        {
          "acoustic_entropy": 7.166970252990723,
          "acoustic_entropy_side": 6.85011100769043,
          "hz": 567.8308811364784
        },
        {
          "acoustic_entropy": 6.770086288452148,
          "acoustic_entropy_side": 6.76469612121582,
          "hz": 680.1084783214808
        },
        {
          "acoustic_entropy": 7.295557498931885,
          "acoustic_entropy_side": 6.938165664672852,
          "hz": 802.3292461747484
        },
        {
          "acoustic_entropy": 6.696221351623535,
          "acoustic_entropy_side": 6.926514625549316,
          "hz": 935.3737400823702
        },
        {
          "acoustic_entropy": 6.397826194763184,
          "acoustic_entropy_side": 6.7351202964782715,
          "hz": 1080.2004963696966
        },
        {
          "acoustic_entropy": 6.681058883666992,
          "acoustic_entropy_side": 6.6821184158325195,
          "hz": 1237.8529382007157
        },
        {
          "acoustic_entropy": 6.738286972045898,
          "acoustic_entropy_side": 6.7959513664245605,
          "hz": 1409.4668930556702
        },
        {
          "acoustic_entropy": 6.999796390533447,
          "acoustic_entropy_side": 6.904974937438965,
          "hz": 1596.2787759475705
        },
        {
          "acoustic_entropy": 6.810729503631592,
          "acoustic_entropy_side": 6.8314619064331055,
          "hz": 1799.6344973346393
        },
        {
          "acoustic_entropy": 6.553834438323975,
          "acoustic_entropy_side": 6.5898118019104,
          "hz": 2020.9991599069049
        },
        {
          "acoustic_entropy": 6.680634021759033,
          "acoustic_entropy_side": 6.89492654800415,
          "hz": 2261.9676141086993
        },
        {
          "acoustic_entropy": 6.72674036026001,
          "acoustic_entropy_side": 6.789624214172363,
          "hz": 2524.2759484456974
        },
        {
          "acoustic_entropy": 6.723621368408203,
          "acoustic_entropy_side": 6.876461505889893,
          "hz": 2809.813997359896
        },
        {
          "acoustic_entropy": 6.8812432289123535,
          "acoustic_entropy_side": 6.7644782066345215,
          "hz": 3120.6389567871424
        },
        {
          "acoustic_entropy": 6.644290447235107,
          "acoustic_entropy_side": 6.788076877593994,
          "hz": 3458.990205492291
        },
        {
          "acoustic_entropy": 6.750109672546387,
          "acoustic_entropy_side": 6.771391868591309,
          "hz": 3827.305438964164
        },
        {
          "acoustic_entropy": 6.821808815002441,
          "acoustic_entropy_side": 6.74314022064209,
          "hz": 4228.238232109126
        },
        {
          "acoustic_entropy": 6.881908893585205,
          "acoustic_entropy_side": 6.7752180099487305,
          "hz": 4664.6771572759235
        },
        {
          "acoustic_entropy": 7.01789665222168,
          "acoustic_entropy_side": 6.86684513092041,
          "hz": 5139.766595350093
        },
        {
          "acoustic_entropy": 6.950152397155762,
          "acoustic_entropy_side": 6.783553600311279,
          "hz": 5656.929389854203
        },
        {
          "acoustic_entropy": 6.827276229858398,
          "acoustic_entropy_side": 6.7680888175964355,
          "hz": 6219.891507268283
        },
        {
          "acoustic_entropy": 6.783051490783691,
          "acoustic_entropy_side": 6.774273872375488,
          "hz": 6832.70888123896
        },
        {
          "acoustic_entropy": 6.774194240570068,
          "acoustic_entropy_side": 6.772921085357666,
          "hz": 7499.796634079867
        },
        {
          "acoustic_entropy": 6.759995937347412,
          "acoustic_entropy_side": 6.763044834136963,
          "hz": 8225.96088609342
        },
        {
          "acoustic_entropy": 6.7598676681518555,
          "acoustic_entropy_side": 6.756362438201904,
          "hz": 9016.43338188839
        },
        {
          "acoustic_entropy": 6.756587982177734,
          "acoustic_entropy_side": 6.763489723205566,
          "hz": 9876.909183162974
        },
        {
          "acoustic_entropy": 6.765133857727051,
          "acoustic_entropy_side": 6.771090030670166,
          "hz": 10813.587699516042
        },
        {
          "acoustic_entropy": 6.770351886749268,
          "acoustic_entropy_side": 6.777594566345215,
          "hz": 11833.21735289826
        },
        {
          "acoustic_entropy": 6.751326560974121,
          "acoustic_entropy_side": 6.774556636810303,
          "hz": 12943.144197493959
        },
        {
          "acoustic_entropy": 6.755920886993408,
          "acoustic_entropy_side": 6.775908946990967,
          "hz": 14151.364845322005
        },
        {
          "acoustic_entropy": 6.762503147125244,
          "acoustic_entropy_side": 6.783932209014893,
          "hz": 15466.58407886509
        },
        {
          "acoustic_entropy": 6.747525215148926,
          "acoustic_entropy_side": 6.796080589294434,
          "hz": 16898.27756580493
        },
        {
          "acoustic_entropy": 6.769601345062256,
          "acoustic_entropy_side": 6.801441192626953,
          "hz": 18456.760127700032
        },
        {
          "acoustic_entropy": 6.789740562438965,
          "acoustic_entropy_side": 6.802642345428467,
          "hz": 20153.260054456492
        },
        {
          "acoustic_entropy": 6.80188512802124,
          "acoustic_entropy_side": 6.803373336791992,
          "hz": 22000.00000000001
        }
      ],
      "diff_acoustic_entropy": 6.540974140167236,
      "sn": 6
    },
    {
      "acoustic_entropy": 11.134533882141113,
      "acoustic_entropy_mono": 10.03190803527832,
      "band_eliminated_acoustic_entropies": [
        {
          "acoustic_entropy": 11.002385139465332,
          "acoustic_entropy_side": 11.133261680603027,
          "hz": 129.47220167065723
        },
        {
          "acoustic_entropy": 10.636767387390137,
          "acoustic_entropy_side": 11.127923011779785,
          "hz": 202.92927478742237
        },
        {
          "acoustic_entropy": 11.376705169677734,
          "acoustic_entropy_side": 11.198529243469238,
          "hz": 282.89161906338205
        },
        {
          "acoustic_entropy": 11.641112327575684,
          "acoustic_entropy_side": 11.192524909973145,
          "hz": 369.9353335868758
        },
        {
          "acoustic_entropy": 10.83416748046875,
          "acoustic_entropy_side": 11.239139556884766,
          "hz": 464.6875360973435
        },
        {
          "acoustic_entropy": 11.299789428710938,
          "acoustic_entropy_side": 11.213301658630371,
          "hz": 567.8308811364784
        },
        {
          "acoustic_entropy": 11.230243682861328,
          "acoustic_entropy_side": 11.206384658813477,
          "hz": 680.1084783214808
        },
        {
          "acoustic_entropy": 11.78607177734375,
          "acoustic_entropy_side": 11.587725639343262,
          "hz": 802.3292461747484
        },
        {
          "acoustic_entropy": 11.017904281616211,
          "acoustic_entropy_side": 11.096617698669434,
          "hz": 935.3737400823702
        },
        {
          "acoustic_entropy": 11.182703018188477,
          "acoustic_entropy_side": 11.166952133178711,
          "hz": 1080.2004963696966
        },
        {
          "acoustic_entropy": 11.24530029296875,
          "acoustic_entropy_side": 11.147470474243164,
          "hz": 1237.8529382007157
        },
        {
          "acoustic_entropy": 11.386701583862305,
          "acoustic_entropy_side": 11.233067512512207,
          "hz": 1409.4668930556702
        },
        {
          "acoustic_entropy": 11.485962867736816,
          "acoustic_entropy_side": 11.593015670776367,
          "hz": 1596.2787759475705
        },
        {
          "acoustic_entropy": 10.945939064025879,
          "acoustic_entropy_side": 11.173686981201172,
          "hz": 1799.6344973346393
        },
        {
          "acoustic_entropy": 10.897370338439941,
          "acoustic_entropy_side": 10.992555618286133,
          "hz": 2020.9991599069049
        },
        {
          "acoustic_entropy": 11.024481773376465,
          "acoustic_entropy_side": 10.924304962158203,
          "hz": 2261.9676141086993
        },
        {
          "acoustic_entropy": 10.830244064331055,
          "acoustic_entropy_side": 10.941115379333496,
          "hz": 2524.2759484456974
        },
        {
          "acoustic_entropy": 11.143940925598145,
          "acoustic_entropy_side": 11.073882102966309,
          "hz": 2809.813997359896
        },
        {
          "acoustic_entropy": 11.139732360839844,
          "acoustic_entropy_side": 11.016194343566895,
          "hz": 3120.6389567871424
        },
        {
          "acoustic_entropy": 10.993511199951172,
          "acoustic_entropy_side": 11.112327575683594,
          "hz": 3458.990205492291
        },
        {
          "acoustic_entropy": 11.244156837463379,
          "acoustic_entropy_side": 11.153817176818848,
          "hz": 3827.305438964164
        },
        {
          "acoustic_entropy": 11.266115188598633,
          "acoustic_entropy_side": 11.172163963317871,
          "hz": 4228.238232109126
        },
        {
          "acoustic_entropy": 11.13961410522461,
          "acoustic_entropy_side": 11.132118225097656,
          "hz": 4664.6771572759235
        },
        {
          "acoustic_entropy": 11.050954818725586,
          "acoustic_entropy_side": 11.093289375305176,
          "hz": 5139.766595350093
        },
        {
          "acoustic_entropy": 11.086711883544922,
          "acoustic_entropy_side": 11.109917640686035,
          "hz": 5656.929389854203
        },
        {
          "acoustic_entropy": 11.132540702819824,
          "acoustic_entropy_side": 11.130755424499512,
          "hz": 6219.891507268283
        },
        {
          "acoustic_entropy": 11.134838104248047,
          "acoustic_entropy_side": 11.1370849609375,
          "hz": 6832.70888123896
        },
        {
          "acoustic_entropy": 11.121374130249023,
          "acoustic_entropy_side": 11.12270736694336,
          "hz": 7499.796634079867
        },
        {
          "acoustic_entropy": 11.101577758789062,
          "acoustic_entropy_side": 11.097204208374023,
          "hz": 8225.96088609342
        },
        {
          "acoustic_entropy": 11.07967758178711,
          "acoustic_entropy_side": 11.070371627807617,
          "hz": 9016.43338188839
        },
        {
          "acoustic_entropy": 11.06677532196045,
          "acoustic_entropy_side": 11.072972297668457,
          "hz": 9876.909183162974
        },
        {
          "acoustic_entropy": 11.065204620361328,
          "acoustic_entropy_side": 11.076445579528809,
          "hz": 10813.587699516042
        },
        {
          "acoustic_entropy": 11.064878463745117,
          "acoustic_entropy_side": 11.075618743896484,
          "hz": 11833.21735289826
        },
        {
          "acoustic_entropy": 11.059515953063965,
          "acoustic_entropy_side": 11.070759773254395,
          "hz": 12943.144197493959
        },
        {
          "acoustic_entropy": 11.074027061462402,
          "acoustic_entropy_side": 11.063506126403809,
          "hz": 14151.364845322005
        },
        {
          "acoustic_entropy": 11.123429298400879,
          "acoustic_entropy_side": 11.089240074157715,
          "hz": 15466.58407886509
        },
        {
          "acoustic_entropy": 11.156783103942871,
          "acoustic_entropy_side": 11.11933422088623,
          "hz": 16898.27756580493
        },
        {
          "acoustic_entropy": 11.110584259033203,
          "acoustic_entropy_side": 11.134166717529297,
          "hz": 18456.760127700032
        },
        {
          "acoustic_entropy": 11.12215805053711,
          "acoustic_entropy_side": 11.139395713806152,
          "hz": 20153.260054456492
        },
        {
          "acoustic_entropy": 11.13327407836914,
          "acoustic_entropy_side": 11.136429786682129,
          "hz": 22000.00000000001
        }
      ],
      "diff_acoustic_entropy": 10.754530906677246,
      "sn": 12
    },
    {
      "acoustic_entropy": 15.920967102050781,
      "acoustic_entropy_mono": 13.76763916015625,
      "band_eliminated_acoustic_entropies": [
        {
          "acoustic_entropy": 15.699979782104492,
          "acoustic_entropy_side": 15.882596969604492,
          "hz": 129.47220167065723
        },
        {
          "acoustic_entropy": 16.571081161499023,
          "acoustic_entropy_side": 15.816611289978027,
          "hz": 202.92927478742237
        },
        {
          "acoustic_entropy": 16.177518844604492,
          "acoustic_entropy_side": 16.19454002380371,
          "hz": 282.89161906338205
        },
        {
          "acoustic_entropy": 16.176944732666016,
          "acoustic_entropy_side": 15.934868812561035,
          "hz": 369.9353335868758
        },
        {
          "acoustic_entropy": 15.664788246154785,
          "acoustic_entropy_side": 15.890328407287598,
          "hz": 464.6875360973435
        },
        {
          "acoustic_entropy": 15.961553573608398,
          "acoustic_entropy_side": 15.93559741973877,
          "hz": 567.8308811364784
        },
        {
          "acoustic_entropy": 15.026277542114258,
          "acoustic_entropy_side": 15.518318176269531,
          "hz": 680.1084783214808
        },
        {
          "acoustic_entropy": 16.27079963684082,
          "acoustic_entropy_side": 16.094730377197266,
          "hz": 802.3292461747484
        },
        {
          "acoustic_entropy": 16.49817657470703,
          "acoustic_entropy_side": 15.792898178100586,
          "hz": 935.3737400823702
        },
        {
          "acoustic_entropy": 16.039546966552734,
          "acoustic_entropy_side": 15.805191993713379,
          "hz": 1080.2004963696966
        },
        {
          "acoustic_entropy": 15.744766235351562,
          "acoustic_entropy_side": 16.11802101135254,
          "hz": 1237.8529382007157
        },
        {
          "acoustic_entropy": 15.766661643981934,
          "acoustic_entropy_side": 15.838409423828125,
          "hz": 1409.4668930556702
        },
        {
          "acoustic_entropy": 15.931501388549805,
          "acoustic_entropy_side": 16.3413028717041,
          "hz": 1596.2787759475705
        },
        {
          "acoustic_entropy": 15.436450958251953,
          "acoustic_entropy_side": 15.648626327514648,
          "hz": 1799.6344973346393
        },
        {
          "acoustic_entropy": 16.449796676635742,
          "acoustic_entropy_side": 16.441125869750977,
          "hz": 2020.9991599069049
        },
        {
          "acoustic_entropy": 15.31803035736084,
          "acoustic_entropy_side": 15.98442554473877,
          "hz": 2261.9676141086993
        },
        {
          "acoustic_entropy": 16.07758331298828,
          "acoustic_entropy_side": 16.072128295898438,
          "hz": 2524.2759484456974
        },
        {
          "acoustic_entropy": 15.960528373718262,
          "acoustic_entropy_side": 15.97787094116211,
          "hz": 2809.813997359896
        },
        {
          "acoustic_entropy": 15.473158836364746,
          "acoustic_entropy_side": 16.100330352783203,
