{
  "acoustic_entropy": 167.74093627929688,
  "bands": [
    {
      "high_freq": 148.1999969482422,
      "loudness": -34.46430206298828,
      "loudness_range": 17.421710968017578,
      "mid_mean": -31.39226531982422,
      "mid_to_side_loudness": -10.961706161499023,
      "mid_to_side_loudness_range": 17.493593215942383,
      "side_mean": -42.395320892333984
    },
    {
      "high_freq": 392.3793640136719,
      "loudness": -23.027488708496094,
      "loudness_range": 14.365477561950684,
      "low_freq": 148.1999969482422,
      "mid_mean": -20.560422897338867,
      "mid_to_side_loudness": -5.7034430503845215,
      "mid_to_side_loudness_range": 9.743891716003418,
      "side_mean": -26.29232406616211
    },
    {
      "high_freq": 794.6976318359375,
      "loudness": -22.00810432434082,
      "loudness_range": 14.517706871032715,
      "low_freq": 392.3793640136719,
      "mid_mean": -20.683780670166016,
      "mid_to_side_loudness": -1.9383044242858887,
      "mid_to_side_loudness_range": 8.620009422302246,
      "side_mean": -22.63764762878418
    },
    {
      "high_freq": 1457.5709228515625,
      "loudness": -25.15941047668457,
      "loudness_range": 15.475770950317383,
      "low_freq": 794.6976318359375,
      "mid_mean": -23.020099639892578,
      "mid_to_side_loudness": -4.083179950714111,
      "mid_to_side_loudness_range": 7.170535564422607,
      "side_mean": -27.17857551574707
    },
    {
      "high_freq": 2549.74365234375,
      "loudness": -30.25180435180664,
      "loudness_range": 14.301342010498047,
      "low_freq": 1457.5709228515625,
      "mid_mean": -27.85804557800293,
      "mid_to_side_loudness": -4.918247222900391,
      "mid_to_side_loudness_range": 6.011631965637207,
      "side_mean": -32.77753448486328
    },
    {
      "high_freq": 4349.24462890625,
      "loudness": -41.364078521728516,
      "loudness_range": 17.334423065185547,
      "low_freq": 2549.74365234375,
      "mid_mean": -38.92592239379883,
      "mid_to_side_loudness": -5.041830062866211,
      "mid_to_side_loudness_range": 5.792470455169678,
      "side_mean": -44.06979751586914
    },
    {
      "high_freq": 7314.1640625,
      "loudness": -55.66408157348633,
      "loudness_range": 27.03618621826172,
      "low_freq": 4349.24462890625,
      "mid_mean": -52.907135009765625,
      "mid_to_side_loudness": -5.153773784637451,
      "mid_to_side_loudness_range": 7.9255146980285645,
      "side_mean": -57.44099807739258
    },
    {
      "high_freq": 12199.2666015625,
      "loudness": -64.08155059814453,
      "loudness_range": 17.074806213378906,
      "low_freq": 7314.1640625,
      "mid_mean": -60.70384979248047,
      "mid_to_side_loudness": -5.239253997802734,
      "mid_to_side_loudness_range": 3.603382110595703,
      "side_mean": -64.50334167480469
    },
    {
      "loudness": -64.75047302246094,
      "loudness_range": 3.2880592346191406,
      "low_freq": 12199.2666015625,
      "mid_mean": -61.5216178894043,
      "mid_to_side_loudness": -5.139188289642334,
      "mid_to_side_loudness_range": 0.923698902130127,
      "side_mean": -65.43446350097656
    }
  ],
  "bands_short": [
    {
      "high_freq": 148.1999969482422,
      "loudness": -38.27244186401367,
      "loudness_range": 20.20772361755371,
      "mid_mean": -34.872745513916016,
      "mid_to_side_loudness": -16.239381790161133,
      "mid_to_side_loudness_range": 20.595218658447266,
      "side_mean": -51.237464904785156
    },
    {
      "high_freq": 392.3793640136719,
      "loudness": -24.1377010345459,
      "loudness_range": 16.24661636352539,
      "low_freq": 148.1999969482422,
      "mid_mean": -21.817216873168945,
      "mid_to_side_loudness": -5.391300678253174,
      "mid_to_side_loudness_range": 10.953429222106934,
      "side_mean": -27.208850860595703
    },
    {
      "high_freq": 794.6976318359375,
      "loudness": -22.39696502685547,
      "loudness_range": 16.878700256347656,
      "low_freq": 392.3793640136719,
      "mid_mean": -20.937055587768555,
      "mid_to_side_loudness": -2.4953556060791016,
      "mid_to_side_loudness_range": 10.090375900268555,
      "side_mean": -23.445493698120117
    },
    {
      "high_freq": 1457.5709228515625,
      "loudness": -25.943031311035156,
      "loudness_range": 16.475549697875977,
      "low_freq": 794.6976318359375,
      "mid_mean": -23.88631248474121,
      "mid_to_side_loudness": -4.055413246154785,
      "mid_to_side_loudness_range": 9.03315258026123,
      "side_mean": -28.00229835510254
    },
    {
      "high_freq": 2549.74365234375,
      "loudness": -31.663528442382812,
      "loudness_range": 17.236106872558594,
      "low_freq": 1457.5709228515625,
      "mid_mean": -29.378759384155273,
      "mid_to_side_loudness": -4.82450532913208,
      "mid_to_side_loudness_range": 8.474763870239258,
      "side_mean": -34.20289993286133
    },
    {
      "high_freq": 4349.24462890625,
      "loudness": -42.22236633300781,
      "loudness_range": 20.857765197753906,
      "low_freq": 2549.74365234375,
      "mid_mean": -39.863487243652344,
      "mid_to_side_loudness": -5.173023700714111,
      "mid_to_side_loudness_range": 8.42943286895752,
      "side_mean": -45.14080810546875
    },
    {
      "high_freq": 7314.1640625,
      "loudness": -57.863521575927734,
      "loudness_range": 28.80957794189453,
      "low_freq": 4349.24462890625,
      "mid_mean": -54.992435455322266,
      "mid_to_side_loudness": -5.03809118270874,
      "mid_to_side_loudness_range": 8.699651718139648,
      "side_mean": -59.17275619506836
    },
    {
      "high_freq": 12199.2666015625,
      "loudness": -65.62930297851562,
      "loudness_range": 15.40688705444336,
      "low_freq": 7314.1640625,
      "mid_mean": -62.051883697509766,
      "mid_to_side_loudness": -5.27805233001709,
      "mid_to_side_loudness_range": 3.58172345161438,
      "side_mean": -65.6034164428711
    },
    {
      "loudness": -64.92656707763672,
      "loudness_range": 2.6666717529296875,
      "low_freq": 12199.2666015625,
      "mid_mean": -61.6717529296875,
      "mid_to_side_loudness": -5.157994270324707,
      "mid_to_side_loudness_range": 1.5503954887390137,
      "side_mean": -65.5514907836914
    }
  ],
  "bandwidth": 637.9971923828125,
  "channels": 2,
  "covariance": [
    [
      33.864723205566406,
      28.96491241455078,
      6.951252460479736,
      5.96823787689209,
      3.8189468383789062,
      4.847408294677734,
      7.314736843109131,
      7.520712852478027,
      9.117486000061035,
      9.28209400177002,
      8.35995101928711,
      7.986313819885254,
      10.395879745483398,
      8.942140579223633,
      3.832345485687256,
      3.532611608505249,
      0.8716800808906555,
      0.7508198022842407
    ],
    [
      28.96491241455078,
      59.41154479980469,
      6.7460761070251465,
      6.653031826019287,
      5.688485145568848,
      7.512431621551514,
      8.492826461791992,
      10.223492622375488,
      10.462196350097656,
      11.2696533203125,
      11.89433479309082,
      11.101585388183594,
      13.384434700012207,
      12.871736526489258,
      5.3978400230407715,
      4.451416492462158,
      1.3859890699386597,
      1.215997338294983
    ],
    [
      6.951252460479736,
      6.7460761070251465,
      29.74275016784668,
      22.019468307495117,
      5.177658557891846,
      7.750547885894775,
      5.2065534591674805,
      5.0596795082092285,
      8.864354133605957,
      9.617011070251465,
      9.980658531188965,
      7.484769821166992,
      8.532588958740234,
      5.279749393463135,
      -0.12701551616191864,
      -0.22907467186450958,
      0.2507707476615906,
      0.12931226193904877
    ],
    [
      5.96823787689209,
      6.653031826019287,
      22.019468307495117,
      25.309585571289062,
      4.935312747955322,
      5.848577499389648,
      5.212604999542236,
      4.9201979637146,
      8.358423233032227,
      8.407968521118164,
      9.28597354888916,
      8.703933715820312,
      10.596972465515137,
      6.596571445465088,
      0.8516805171966553,
      0.7408761382102966,
      0.4552353620529175,
      0.3741719126701355
    ],
    [
      3.8189468383789062,
      5.688485145568848,
      5.177658557891846,
      4.935312747955322,
      27.845720291137695,
      22.622766494750977,
      8.49410629272461,
      13.138404846191406,
      12.2688570022583,
      12.777230262756348,
      17.266542434692383,
      19.420236587524414,
      18.80410385131836,
      17.316661834716797,
      7.431318283081055,
      6.264436721801758,
      0.6546552181243896,
      0.724213719367981
    ],
    [
      4.847408294677734,
      7.512431621551514,
      7.750547885894775,
      5.848577499389648,
      22.622766494750977,
      26.528812408447266,
      9.039591789245605,
      12.782403945922852,
      12.441812515258789,
      11.680391311645508,
      17.626506805419922,
      17.439455032348633,
      16.853174209594727,
      16.976083755493164,
      7.366341590881348,
      6.286837577819824,
      0.7381910085678101,
      0.793418824672699
    ],
    [
      7.314736843109131,
      8.492826461791992,
      5.2065534591674805,
      5.212604999542236,
      8.49410629272461,
      9.039591789245605,
      28.905946731567383,
      24.723831176757812,
      15.205967903137207,
      15.514657020568848,
      19.854511260986328,
      20.413393020629883,
      31.720319747924805,
      28.404922485351562,
      17.400205612182617,
      14.472569465637207,
      3.3852386474609375,
      2.8469905853271484
    ],
    [
      7.520712852478027,
      10.223492622375488,
      5.0596795082092285,
      4.9201979637146,
      13.138404846191406,
      12.782403945922852,
      24.723831176757812,
      27.956153869628906,
      15.339473724365234,
      15.747576713562012,
      21.768783569335938,
      22.603384017944336,
      32.29814147949219,
      28.506092071533203,
      17.270063400268555,
      14.525150299072266,
      3.2214739322662354,
      2.7621536254882812
    ],
    [
      9.117486000061035,
      10.462196350097656,
      8.864354133605957,
      8.358423233032227,
      12.2688570022583,
      12.441812515258789,
      15.205967903137207,
      15.339473724365234,
      26.170358657836914,
      23.588918685913086,
      23.459152221679688,
      24.07933807373047,
      30.817241668701172,
      27.521453857421875,
      14.633091926574707,
      12.113656997680664,
      2.4937760829925537,
      2.1969847679138184
    ],
    [
      9.28209400177002,
      11.2696533203125,
      9.617011070251465,
      8.407968521118164,
      12.777230262756348,
      11.680391311645508,
      15.514657020568848,
      15.747576713562012,
      23.588918685913086,
      25.886211395263672,
      23.46086883544922,
      24.259750366210938,
      29.260940551757812,
      25.413408279418945,
      13.72043514251709,
      11.272570610046387,
      2.2261996269226074,
      1.9334107637405396
    ],
    [
      8.35995101928711,
      11.89433479309082,
      9.980658531188965,
      9.28597354888916,
      17.266542434692383,
      17.626506805419922,
      19.854511260986328,
      21.768783569335938,
      23.459152221679688,
      23.46086883544922,
      39.350101470947266,
      37.28200912475586,
      43.63736343383789,
      38.243106842041016,
      19.69394874572754,
      16.85907554626465,
      3.3865816593170166,
      2.9040682315826416
    ],
    [
      7.986313819885254,
      11.101585388183594,
      7.484769821166992,
      8.703933715820312,
      19.420236587524414,
      17.439455032348633,
      20.413393020629883,
      22.603384017944336,
      24.07933807373047,
      24.259750366210938,
      37.28200912475586,
      40.704071044921875,
      44.38782501220703,
      39.22386932373047,
      20.736997604370117,
      17.601566314697266,
      3.4526939392089844,
      2.976275682449341
    ],
    [
      10.395879745483398,
      13.384434700012207,
      8.532588958740234,
      10.596972465515137,
      18.80410385131836,
      16.853174209594727,
      31.720319747924805,
      32.29814147949219,
      30.817241668701172,
      29.260940551757812,
      43.63736343383789,
      44.38782501220703,
      73.9224624633789,
      63.65034103393555,
      34.27491760253906,
      28.4815673828125,
      6.571715354919434,
      5.410398960113525
    ],
    [
      8.942140579223633,
      12.871736526489258,
      5.279749393463135,
      6.596571445465088,
      17.316661834716797,
      16.976083755493164,
      28.404922485351562,
      28.506092071533203,
      27.521453857421875,
      25.413408279418945,
      38.243106842041016,
      39.22386932373047,
      63.65034103393555,
      60.87592315673828,
      33.08607482910156,
      27.282533645629883,
      5.776398658752441,
      4.846469879150391
    ],
    [
      3.832345485687256,
      5.3978400230407715,
      -0.12701551616191864,
      0.8516805171966553,
      7.431318283081055,
      7.366341590881348,
      17.400205612182617,
      17.270063400268555,
      14.633091926574707,
      13.72043514251709,
      19.69394874572754,
      20.736997604370117,
      34.27491760253906,
      33.08607482910156,
      26.92998504638672,
      22.532243728637695,
      4.792843818664551,
      3.863542318344116
    ],
    [
      3.532611608505249,
      4.451416492462158,
      -0.22907467186450958,
      0.7408761382102966,
      6.264436721801758,
      6.286837577819824,
      14.472569465637207,
      14.525150299072266,
      12.113656997680664,
      11.272570610046387,
      16.85907554626465,
      17.601566314697266,
      28.4815673828125,
      27.282533645629883,
      22.532243728637695,
      20.021326065063477,
      4.299907207489014,
      3.5375757217407227
    ],
    [
      0.8716800808906555,
      1.3859890699386597,
      0.2507707476615906,
      0.4552353620529175,
      0.6546552181243896,
      0.7381910085678101,
      3.3852386474609375,
      3.2214739322662354,
      2.4937760829925537,
      2.2261996269226074,
      3.3865816593170166,
      3.4526939392089844,
      6.571715354919434,
      5.776398658752441,
      4.792843818664551,
      4.299907207489014,
      1.6829712390899658,
      1.2813690900802612
    ],
    [
      0.7508198022842407,
      1.215997338294983,
      0.12931226193904877,
      0.3741719126701355,
      0.724213719367981,
      0.793418824672699,
      2.8469905853271484,
      2.7621536254882812,
      2.1969847679138184,
      1.9334107637405396,
      2.9040682315826416,
      2.976275682449341,
      5.410398960113525,
      4.846469879150391,
      3.863542318344116,
      3.5375757217407227,
      1.2813690900802612,
      1.0762192010879517
    ]
  ],
  "covariance_short": [
    [
      49.89405822753906,
      18.845096588134766,
      10.61025619506836,
      8.274395942687988,
      5.971128463745117,
      6.575561046600342,
      9.311631202697754,
      9.190986633300781,
      12.473644256591797,
      12.323963165283203,
      10.193290710449219,
      10.946205139160156,
      13.102896690368652,
      10.270524978637695,
      3.577986478805542,
      3.330395221710205,
      0.6432099342346191,
      0.5667885541915894
    ],
    [
      18.845096588134766,
      35.76814270019531,
      11.92099666595459,
      14.36479663848877,
      7.957712173461914,
      8.065093994140625,
      9.777363777160645,
      10.47765064239502,
      12.572731971740723,
      12.510210990905762,
      12.719428062438965,
      13.603002548217773,
      17.195281982421875,
      13.784420013427734,
      5.797171115875244,
      4.914969444274902,
      1.9646259546279907,
      1.5467867851257324
    ],
    [
      10.61025619506836,
      11.92099666595459,
      34.82072067260742,
      25.8319091796875,
      11.795939445495605,
      11.964425086975098,
      11.248501777648926,
      10.875655174255371,
      14.072879791259766,
      14.951533317565918,
      14.669670104980469,
      11.998981475830078,
      13.572896957397461,
      10.66220474243164,
      2.7722086906433105,
      1.9505257606506348,
      0.9569019079208374,
      0.6327088475227356
    ],
    [
      8.274395942687988,
      14.36479663848877,
      25.8319091796875,
      32.302459716796875,
      10.131649017333984,
      9.478344917297363,
      10.441587448120117,
      10.674883842468262,
      13.553302764892578,
      13.707053184509277,
      13.858394622802734,
      13.093853950500488,
      14.733742713928223,
      10.944326400756836,
      3.040785551071167,
      2.3119893074035645,
      1.0504658222198486,
      0.8012762069702148
    ],
    [
      5.971128463745117,
      7.957712173461914,
      11.795939445495605,
      10.131649017333984,
      35.93199157714844,
      29.264984130859375,
      13.447216987609863,
      17.777524948120117,
      18.978134155273438,
      18.816410064697266,
      26.030235290527344,
      28.252845764160156,
      27.242738723754883,
      24.712961196899414,
      8.770151138305664,
      7.142847061157227,
      1.5281448364257812,
      1.3543758392333984
    ],
    [
      6.575561046600342,
      8.065093994140625,
      11.964425086975098,
      9.478344917297363,
      29.264984130859375,
      35.53632354736328,
      13.748326301574707,
      17.2913818359375,
      18.79884910583496,
      17.465930938720703,
      24.806882858276367,
      24.893388748168945,
      24.240802764892578,
      23.227867126464844,
      8.710836410522461,
      7.249690055847168,
      1.5189098119735718,
      1.420875072479248
    ],
    [
      9.311631202697754,
      9.777363777160645,
      11.248501777648926,
      10.441587448120117,
      13.447216987609863,
      13.748326301574707,
      35.3535041809082,
      29.737716674804688,
      21.874710083007812,
      22.22795295715332,
      26.114490509033203,
      25.706539154052734,
      34.24739456176758,
      30.596364974975586,
      14.614720344543457,
      11.935794830322266,
      3.3152925968170166,
      2.865003824234009
    ],
    [
      9.190986633300781,
      10.47765064239502,
      10.875655174255371,
      10.674883842468262,
      17.777524948120117,
      17.2913818359375,
      29.737716674804688,
      35.23466873168945,
      22.47528839111328,
      22.908977508544922,
      27.873950958251953,
      28.015045166015625,
      35.6556396484375,
      31.39591407775879,
      15.146590232849121,
      12.511096000671387,
      3.257460832595825,
      2.863863706588745
    ],
    [
      12.473644256591797,
      12.572731971740723,
      14.072879791259766,
      13.553302764892578,
      18.978134155273438,
      18.79884910583496,
      21.874710083007812,
      22.47528839111328,
      37.41561508178711,
      32.493709564208984,
      32.82344055175781,
      33.39868927001953,
      37.726783752441406,
      33.88214111328125,
      14.958492279052734,
      12.1690673828125,
      3.1806414127349854,
      2.7339653968811035
    ],
    [
      12.323963165283203,
      12.510210990905762,
      14.951533317565918,
      13.707053184509277,
      18.816410064697266,
      17.465930938720703,
      22.22795295715332,
      22.908977508544922,
      32.493709564208984,
      36.96921157836914,
      32.28439712524414,
      32.7397575378418,
      35.957515716552734,
      32.14324951171875,
      14.054194450378418,
      11.407417297363281,
      2.9312031269073486,
      2.5142321586608887
    ],
    [
      10.193290710449219,
      12.719428062438965,
      14.669670104980469,
      13.858394622802734,
      26.030235290527344,
      24.806882858276367,
      26.114490509033203,
      27.873950958251953,
      32.82344055175781,
      32.28439712524414,
      53.237037658691406,
      49.00336456298828,
      51.31534957885742,
      45.820133209228516,
      19.467405319213867,
      16.192214965820312,
      3.8639371395111084,
      3.310399055480957
    ],
    [
      10.946205139160156,
      13.603002548217773,
      11.998981475830078,
      13.093853950500488,
      28.252845764160156,
      24.893388748168945,
      25.706539154052734,
      28.015045166015625,
      33.39868927001953,
      32.7397575378418,
      49.00336456298828,
      55.349002838134766,
      52.69658279418945,
      47.14752960205078,
      20.031726837158203,
      16.634109497070312,
      3.9131174087524414,
      3.3811182975769043
    ],
    [
      13.102896690368652,
      17.195281982421875,
      13.572896957397461,
      14.733742713928223,
      27.242738723754883,
      24.240802764892578,
      34.24739456176758,
      35.6556396484375,
      37.726783752441406,
      35.957515716552734,
      51.31534957885742,
      52.69658279418945,
      76.64276885986328,
      66.22848510742188,
      29.719572067260742,
      24.341136932373047,
      6.430281162261963,
      5.380553722381592
    ],
    [
      10.270524978637695,
      13.784420013427734,
      10.66220474243164,
      10.944326400756836,
      24.712961196899414,
      23.227867126464844,
      30.596364974975586,
      31.39591407775879,
      33.88214111328125,
      32.14324951171875,
      45.820133209228516,
      47.14752960205078,
      66.22848510742188,
      64.72514343261719,
      28.815937042236328,
      23.495744705200195,
      5.830655097961426,
      4.927316665649414
    ],
    [
      3.577986478805542,
      5.797171115875244,
      2.7722086906433105,
      3.040785551071167,
      8.770151138305664,
      8.710836410522461,
      14.614720344543457,
      15.146590232849121,
      14.958492279052734,
      14.054194450378418,
      19.467405319213867,
      20.031726837158203,
      29.719572067260742,
      28.815937042236328,
      21.842792510986328,
      17.932140350341797,
      4.4833083152771,
      3.7839279174804688
    ],
    [
      3.330395221710205,
      4.914969444274902,
      1.9505257606506348,
      2.3119893074035645,
      7.142847061157227,
      7.249690055847168,
      11.935794830322266,
      12.511096000671387,
      12.1690673828125,
      11.407417297363281,
      16.192214965820312,
      16.634109497070312,
      24.341136932373047,
      23.495744705200195,
      17.932140350341797,
      16.129758834838867,
      3.912388324737549,
      3.4002795219421387
    ],
    [
      0.6432099342346191,
      1.9646259546279907,
      0.9569019079208374,
      1.0504658222198486,
      1.5281448364257812,
      1.5189098119735718,
      3.3152925968170166,
      3.257460832595825,
      3.1806414127349854,
      2.9312031269073486,
      3.8639371395111084,
      3.9131174087524414,
      6.430281162261963,
      5.830655097961426,
      4.4833083152771,
      3.912388324737549,
      1.7834874391555786,
      1.3832125663757324
    ],
    [
      0.5667885541915894,
      1.5467867851257324,
      0.6327088475227356,
      0.8012762069702148,
      1.3543758392333984,
      1.420875072479248,
      2.865003824234009,
      2.863863706588745,
      2.7339653968811035,
      2.5142321586608887,
      3.310399055480957,
      3.3811182975769043,
      5.380553722381592,
      4.927316665649414,
      3.7839279174804688,
      3.4002795219421387,
      1.3832125663757324,
      1.252698302268982
    ]
  ],
  "damage": -5.959645748138428,
  "diff_bandwidth": 665.4280395507812,
  "dissonance": 4.760069714297666,
  "drr": 2.721118450164795,
  "dynamics": 3.595247268676758,
  "format": 1245190,
  "frames": 12251072,
  "loudness": -13.105111122131348,
  "loudness_range": 8.654723167419434,
  "loudness_range_short": 12.642574310302734,
  "lowpass_true_peak_15khz": 0.30573388934135437,
  "mastering3_acoustic_entropies": [
    {
      "acoustic_entropy": 7.181362152099609,
      "acoustic_entropy_mono": 7.815123558044434,
      "band_eliminated_acoustic_entropies": [
        {
          "acoustic_entropy": 7.183012962341309,
          "acoustic_entropy_side": 7.181385517120361,
          "hz": 129.47220167065723
        },
        {
          "acoustic_entropy": 7.2291178703308105,
          "acoustic_entropy_side": 7.238887310028076,
          "hz": 202.92927478742237
        },
        {
          "acoustic_entropy": 7.450387954711914,
          "acoustic_entropy_side": 7.245171546936035,
          "hz": 282.89161906338205
        },
        {
          "acoustic_entropy": 7.953366279602051,
          "acoustic_entropy_side": 7.292158603668213,
          "hz": 369.9353335868758
        },
        {
          "acoustic_entropy": 8.582693099975586,
          "acoustic_entropy_side": 7.575418949127197,
          "hz": 464.6875360973435
        },
        {
          "acoustic_entropy": 7.635827541351318,
          "acoustic_entropy_side": 7.705997467041016,
          "hz": 567.8308811364784
        },
        {
          "acoustic_entropy": 8.539437294006348,
          "acoustic_entropy_side": 8.260397911071777,
          "hz": 680.1084783214808
        },
        {
          "acoustic_entropy": 8.191938400268555,
          "acoustic_entropy_side": 8.439799308776855,
          "hz": 802.3292461747484
        },
        {
          "acoustic_entropy": 6.89240026473999,
          "acoustic_entropy_side": 7.487451553344727,
          "hz": 935.3737400823702
        },
        {
          "acoustic_entropy": 7.0490617752075195,
          "acoustic_entropy_side": 7.347376823425293,
          "hz": 1080.2004963696966
        },
        {
          "acoustic_entropy": 7.030252456665039,
          "acoustic_entropy_side": 7.818132400512695,
          "hz": 1237.8529382007157
        },
        {
          "acoustic_entropy": 6.96741247177124,
          "acoustic_entropy_side": 7.49045991897583,
          "hz": 1409.4668930556702
        },
        {
          "acoustic_entropy": 7.881752967834473,
          "acoustic_entropy_side": 7.745915412902832,
          "hz": 1596.2787759475705
        },
        {
          "acoustic_entropy": 7.36987829208374,
          "acoustic_entropy_side": 7.409285545349121,
          "hz": 1799.6344973346393
        },
        {
          "acoustic_entropy": 8.324020385742188,
          "acoustic_entropy_side": 7.557109832763672,
          "hz": 2020.9991599069049
        },
        {
          "acoustic_entropy": 7.619004726409912,
          "acoustic_entropy_side": 7.51013708114624,
          "hz": 2261.9676141086993
        },
        {
          "acoustic_entropy": 7.105160713195801,
          "acoustic_entropy_side": 7.148143768310547,
          "hz": 2524.2759484456974
        },
        {
          "acoustic_entropy": 7.2706780433654785,
          "acoustic_entropy_side": 7.14940881729126,
          "hz": 2809.813997359896
        },
        {
          "acoustic_entropy": 7.1518731117248535,
          "acoustic_entropy_side": 7.174529075622559,
          "hz": 3120.6389567871424
        },
        {
          "acoustic_entropy": 7.181217193603516,
          "acoustic_entropy_side": 7.178493976593018,
          "hz": 3458.990205492291
        },
        {
          "acoustic_entropy": 7.169473171234131,
          "acoustic_entropy_side": 7.179563999176025,
          "hz": 3827.305438964164
        },
        {
          "acoustic_entropy": 7.162996768951416,
          "acoustic_entropy_side": 7.179646968841553,
          "hz": 4228.238232109126
        },
        {
          "acoustic_entropy": 7.180240154266357,
          "acoustic_entropy_side": 7.1809868812561035,
          "hz": 4664.6771572759235
        },
        {
          "acoustic_entropy": 7.181656360626221,
          "acoustic_entropy_side": 7.181392192840576,
          "hz": 5139.766595350093
        },
        {
          "acoustic_entropy": 7.182724952697754,
          "acoustic_entropy_side": 7.181275844573975,
          "hz": 5656.929389854203
        },
        {
          "acoustic_entropy": 7.1832051277160645,
          "acoustic_entropy_side": 7.18135929107666,
          "hz": 6219.891507268283
        },
        {
          "acoustic_entropy": 7.181549072265625,
          "acoustic_entropy_side": 7.181369304656982,
          "hz": 6832.70888123896
        },
        {
          "acoustic_entropy": 7.181404113769531,
          "acoustic_entropy_side": 7.181368827819824,
          "hz": 7499.796634079867
        },
        {
          "acoustic_entropy": 7.181376934051514,
          "acoustic_entropy_side": 7.181363582611084,
          "hz": 8225.96088609342
        },
        {
          "acoustic_entropy": 7.18138313293457,
          "acoustic_entropy_side": 7.181366443634033,
          "hz": 9016.43338188839
        },
        {
          "acoustic_entropy": 7.181347846984863,
          "acoustic_entropy_side": 7.181363582611084,
          "hz": 9876.909183162974
        },
        {
          "acoustic_entropy": 7.181362152099609,
          "acoustic_entropy_side": 7.181362628936768,
          "hz": 10813.587699516042
        },
        {
          "acoustic_entropy": 7.181363105773926,
          "acoustic_entropy_side": 7.181362628936768,
          "hz": 11833.21735289826
        },
        {
          "acoustic_entropy": 7.181363582611084,
          "acoustic_entropy_side": 7.181363105773926,
          "hz": 12943.144197493959
        },
        {
          "acoustic_entropy": 7.181363105773926,
          "acoustic_entropy_side": 7.181362152099609,
          "hz": 14151.364845322005
        },
        {
          "acoustic_entropy": 7.181363105773926,
          "acoustic_entropy_side": 7.181362152099609,
          "hz": 15466.58407886509
        },
        {
          "acoustic_entropy": 7.181362152099609,
          "acoustic_entropy_side": 7.181362152099609,
          "hz": 16898.27756580493
        },
        {
          "acoustic_entropy": 7.181362152099609,
          "acoustic_entropy_side": 7.181362152099609,
          "hz": 18456.760127700032
        },
        {
          "acoustic_entropy": 7.181362152099609,
          "acoustic_entropy_side": 7.181362152099609,
          "hz": 20153.260054456492
        },
        {
          "acoustic_entropy": 7.181362152099609,
          "acoustic_entropy_side": 7.181362152099609,
          "hz": 22000.00000000001
        }
      ],
      "diff_acoustic_entropy": 6.542011737823486,
      "sn": 6
    },
    {
      "acoustic_entropy": 12.2050199508667,
      "acoustic_entropy_mono": 10.89825439453125,
      "band_eliminated_acoustic_entropies": [
        {
          "acoustic_entropy": 12.248268127441406,
          "acoustic_entropy_side": 12.204716682434082,
          "hz": 129.47220167065723
        },
        {
          "acoustic_entropy": 12.441280364990234,
          "acoustic_entropy_side": 12.321428298950195,
          "hz": 202.92927478742237
        },
        {
          "acoustic_entropy": 12.478873252868652,
          "acoustic_entropy_side": 12.395095825195312,
          "hz": 282.89161906338205
        },
        {
          "acoustic_entropy": 12.839783668518066,
          "acoustic_entropy_side": 12.189257621765137,
          "hz": 369.9353335868758
        },
        {
          "acoustic_entropy": 11.886417388916016,
          "acoustic_entropy_side": 12.593756675720215,
          "hz": 464.6875360973435
        },
        {
          "acoustic_entropy": 12.31967544555664,
          "acoustic_entropy_side": 12.257299423217773,
          "hz": 567.8308811364784
        },
        {
          "acoustic_entropy": 13.023032188415527,
          "acoustic_entropy_side": 12.414986610412598,
          "hz": 680.1084783214808
        },
        {
          "acoustic_entropy": 11.351188659667969,
          "acoustic_entropy_side": 12.445173263549805,
          "hz": 802.3292461747484
        },
        {
          "acoustic_entropy": 11.826240539550781,
          "acoustic_entropy_side": 12.015523910522461,
          "hz": 935.3737400823702
        },
        {
          "acoustic_entropy": 11.624889373779297,
          "acoustic_entropy_side": 12.467788696289062,
          "hz": 1080.2004963696966
        },
        {
          "acoustic_entropy": 11.670083045959473,
          "acoustic_entropy_side": 12.247486114501953,
          "hz": 1237.8529382007157
        },
        {
          "acoustic_entropy": 11.050475120544434,
          "acoustic_entropy_side": 12.211043357849121,
          "hz": 1409.4668930556702
        },
        {
          "acoustic_entropy": 11.520861625671387,
          "acoustic_entropy_side": 11.328520774841309,
          "hz": 1596.2787759475705
        },
        {
          "acoustic_entropy": 11.596929550170898,
          "acoustic_entropy_side": 12.021125793457031,
          "hz": 1799.6344973346393
        },
        {
          "acoustic_entropy": 11.711438179016113,
          "acoustic_entropy_side": 12.268898963928223,
          "hz": 2020.9991599069049
        },
        {
          "acoustic_entropy": 11.741565704345703,
          "acoustic_entropy_side": 11.969026565551758,
          "hz": 2261.9676141086993
        },
        {
          "acoustic_entropy": 11.928061485290527,
          "acoustic_entropy_side": 12.248659133911133,
          "hz": 2524.2759484456974
        },
        {
          "acoustic_entropy": 11.944321632385254,
          "acoustic_entropy_side": 12.370383262634277,
          "hz": 2809.813997359896
        },
        {
          "acoustic_entropy": 12.231648445129395,
          "acoustic_entropy_side": 12.22292709350586,
          "hz": 3120.6389567871424
        },
        {
          "acoustic_entropy": 12.169013977050781,
          "acoustic_entropy_side": 12.18735408782959,
          "hz": 3458.990205492291
        },
        {
          "acoustic_entropy": 12.268218994140625,
          "acoustic_entropy_side": 12.202383995056152,
          "hz": 3827.305438964164
        },
        {
          "acoustic_entropy": 12.279273986816406,
          "acoustic_entropy_side": 12.21513557434082,
          "hz": 4228.238232109126
        },
        {
          "acoustic_entropy": 12.243107795715332,
          "acoustic_entropy_side": 12.209306716918945,
          "hz": 4664.6771572759235
        },
        {
          "acoustic_entropy": 12.200000762939453,
          "acoustic_entropy_side": 12.202579498291016,
          "hz": 5139.766595350093
        },
        {
          "acoustic_entropy": 12.216362953186035,
          "acoustic_entropy_side": 12.204891204833984,
          "hz": 5656.929389854203
        },
        {
          "acoustic_entropy": 12.252964973449707,
          "acoustic_entropy_side": 12.204004287719727,
          "hz": 6219.891507268283
        },
        {
          "acoustic_entropy": 12.24901008605957,
          "acoustic_entropy_side": 12.204447746276855,
          "hz": 6832.70888123896
        },
        {
          "acoustic_entropy": 12.202162742614746,
          "acoustic_entropy_side": 12.204912185668945,
          "hz": 7499.796634079867
        },
        {
          "acoustic_entropy": 12.204815864562988,
          "acoustic_entropy_side": 12.205001831054688,
          "hz": 8225.96088609342
        },
        {
          "acoustic_entropy": 12.205121040344238,
          "acoustic_entropy_side": 12.2049560546875,
          "hz": 9016.43338188839
        },
        {
          "acoustic_entropy": 12.205036163330078,
          "acoustic_entropy_side": 12.20503044128418,
          "hz": 9876.909183162974
        },
        {
          "acoustic_entropy": 12.205005645751953,
          "acoustic_entropy_side": 12.205020904541016,
          "hz": 10813.587699516042
        },
        {
          "acoustic_entropy": 12.204743385314941,
          "acoustic_entropy_side": 12.204975128173828,
          "hz": 11833.21735289826
        },
        {
          "acoustic_entropy": 12.204812049865723,
          "acoustic_entropy_side": 12.204992294311523,
          "hz": 12943.144197493959
        },
        {
          "acoustic_entropy": 12.204920768737793,
          "acoustic_entropy_side": 12.2050142288208,
          "hz": 14151.364845322005
        },
        {
          "acoustic_entropy": 12.205008506774902,
          "acoustic_entropy_side": 12.205018997192383,
          "hz": 15466.58407886509
        },
        {
          "acoustic_entropy": 12.20501708984375,
          "acoustic_entropy_side": 12.2050199508667,
          "hz": 16898.27756580493
        },
        {
          "acoustic_entropy": 12.2050199508667,
          "acoustic_entropy_side": 12.2050199508667,
          "hz": 18456.760127700032
        },
        {
          "acoustic_entropy": 12.2050199508667,
          "acoustic_entropy_side": 12.2050199508667,
          "hz": 20153.260054456492
        },
        {
          "acoustic_entropy": 12.2050199508667,
          "acoustic_entropy_side": 12.2050199508667,
          "hz": 22000.00000000001
        }
      ],
      "diff_acoustic_entropy": 10.56802749633789,
      "sn": 12
    },
    {
      "acoustic_entropy": 17.595226287841797,
      "acoustic_entropy_mono": 15.327531814575195,
      "band_eliminated_acoustic_entropies": [
        {
          "acoustic_entropy": 17.57187271118164,
          "acoustic_entropy_side": 17.592559814453125,
          "hz": 129.47220167065723
        },
        {
          "acoustic_entropy": 17.68532371520996,
          "acoustic_entropy_side": 17.505630493164062,
          "hz": 202.92927478742237
        },
        {
          "acoustic_entropy": 17.216533660888672,
          "acoustic_entropy_side": 17.579450607299805,
          "hz": 282.89161906338205
        },
        {
          "acoustic_entropy": 17.664730072021484,
          "acoustic_entropy_side": 17.925153732299805,
          "hz": 369.9353335868758
        },
        {
          "acoustic_entropy": 17.369766235351562,
          "acoustic_entropy_side": 16.967721939086914,
          "hz": 464.6875360973435
        },
        {
          "acoustic_entropy": 17.425395965576172,
          "acoustic_entropy_side": 18.07149314880371,
          "hz": 567.8308811364784
        },
        {
          "acoustic_entropy": 18.047056198120117,
          "acoustic_entropy_side": 18.37686538696289,
          "hz": 680.1084783214808
        },
        {
          "acoustic_entropy": 17.04230308532715,
          "acoustic_entropy_side": 17.354822158813477,
          "hz": 802.3292461747484
        },
        {
          "acoustic_entropy": 16.822616577148438,
          "acoustic_entropy_side": 17.056278228759766,
          "hz": 935.3737400823702
        },
        {
          "acoustic_entropy": 18.420644760131836,
          "acoustic_entropy_side": 17.24004554748535,
          "hz": 1080.2004963696966
        },
        {
          "acoustic_entropy": 17.33391571044922,
          "acoustic_entropy_side": 18.16596794128418,
          "hz": 1237.8529382007157
        },
        {
          "acoustic_entropy": 17.663095474243164,
          "acoustic_entropy_side": 17.57405662536621,
          "hz": 1409.4668930556702
        },
        {
          "acoustic_entropy": 16.774553298950195,
          "acoustic_entropy_side": 16.03769874572754,
          "hz": 1596.2787759475705
        },
        {
          "acoustic_entropy": 16.025115966796875,
          "acoustic_entropy_side": 17.74660873413086,
          "hz": 1799.6344973346393
        },
        {
          "acoustic_entropy": 17.942556381225586,
          "acoustic_entropy_side": 17.839149475097656,
          "hz": 2020.9991599069049
        },
        {
          "acoustic_entropy": 17.79743003845215,
          "acoustic_entropy_side": 17.712413787841797,
          "hz": 2261.9676141086993
        },
        {
          "acoustic_entropy": 17.15764808654785,
          "acoustic_entropy_side": 17.56191062927246,
          "hz": 2524.2759484456974
        },
        {
          "acoustic_entropy": 16.814668655395508,
          "acoustic_entropy_side": 17.333158493041992,
          "hz": 2809.813997359896
        },
        {
