{
  "acoustic_entropy": 213.51318359375,
  "bands": [
    {
      "high_freq": 148.1999969482422,
      "loudness": -23.431358337402344,
      "loudness_range": 10.89885139465332,
      "mid_mean": -19.900182723999023,
      "mid_to_side_loudness": -16.514585494995117,
      "mid_to_side_loudness_range": 13.257668495178223,
      "side_mean": -36.14368438720703
    },
    {
      "high_freq": 392.3793640136719,
      "loudness": -17.887134552001953,
      "loudness_range": 5.896317481994629,
      "low_freq": 148.1999969482422,
      "mid_mean": -14.773336410522461,
      "mid_to_side_loudness": -9.369839668273926,
      "mid_to_side_loudness_range": 8.233100891113281,
      "side_mean": -24.19080924987793
    },
    {
      "high_freq": 794.6976318359375,
      "loudness": -19.572914123535156,
      "loudness_range": 8.727389335632324,
      "low_freq": 392.3793640136719,
      "mid_mean": -16.661027908325195,
      "mid_to_side_loudness": -7.639701843261719,
      "mid_to_side_loudness_range": 8.1396484375,
      "side_mean": -24.44112777709961
    },
    {
      "high_freq": 1457.5709228515625,
      "loudness": -22.119279861450195,
      "loudness_range": 10.646648406982422,
      "low_freq": 794.6976318359375,
      "mid_mean": -19.54684829711914,
      "mid_to_side_loudness": -6.06131649017334,
      "mid_to_side_loudness_range": 8.299684524536133,
      "side_mean": -25.678207397460938
    },
    {
      "high_freq": 2549.74365234375,
      "loudness": -20.529417037963867,
      "loudness_range": 10.831192016601562,
      "low_freq": 1457.5709228515625,
      "mid_mean": -17.82722282409668,
      "mid_to_side_loudness": -6.426486015319824,
      "mid_to_side_loudness_range": 7.012526035308838,
      "side_mean": -24.34183692932129
    },
    {
      "high_freq": 4349.24462890625,
      "loudness": -21.13368797302246,
      "loudness_range": 12.695405960083008,
      "low_freq": 2549.74365234375,
      "mid_mean": -18.377662658691406,
      "mid_to_side_loudness": -6.951144695281982,
      "mid_to_side_loudness_range": 8.778303146362305,
      "side_mean": -25.410207748413086
    },
    {
      "high_freq": 7314.1640625,
      "loudness": -25.380775451660156,
      "loudness_range": 11.488704681396484,
      "low_freq": 4349.24462890625,
      "mid_mean": -22.588285446166992,
      "mid_to_side_loudness": -7.212599277496338,
      "mid_to_side_loudness_range": 9.264254570007324,
      "side_mean": -29.912931442260742
    },
    {
      "high_freq": 12199.2666015625,
      "loudness": -28.72012710571289,
      "loudness_range": 11.702634811401367,
      "low_freq": 7314.1640625,
      "mid_mean": -25.764326095581055,
      "mid_to_side_loudness": -8.529298782348633,
      "mid_to_side_loudness_range": 11.070475578308105,
      "side_mean": -34.43330764770508
    },
    {
      "loudness": -34.75468826293945,
      "loudness_range": 12.008403778076172,
      "low_freq": 12199.2666015625,
      "mid_mean": -32.07667541503906,
      "mid_to_side_loudness": -6.664676189422607,
      "mid_to_side_loudness_range": 8.30410385131836,
      "side_mean": -38.63871765136719
    }
  ],
  "bands_short": [
    {
      "high_freq": 148.1999969482422,
      "loudness": -28.18635368347168,
      "loudness_range": 14.918914794921875,
      "mid_mean": -24.782941818237305,
      "mid_to_side_loudness": -14.953914642333984,
      "mid_to_side_loudness_range": 17.6236572265625,
      "side_mean": -39.476219177246094
    },
    {
      "high_freq": 392.3793640136719,
      "loudness": -17.90690803527832,
      "loudness_range": 8.336469650268555,
      "low_freq": 148.1999969482422,
      "mid_mean": -14.766156196594238,
      "mid_to_side_loudness": -10.123700141906738,
      "mid_to_side_loudness_range": 11.385659217834473,
      "side_mean": -24.915836334228516
    },
    {
      "high_freq": 794.6976318359375,
      "loudness": -19.867557525634766,
      "loudness_range": 10.883089065551758,
      "low_freq": 392.3793640136719,
      "mid_mean": -17.081235885620117,
      "mid_to_side_loudness": -7.527889728546143,
      "mid_to_side_loudness_range": 11.273259162902832,
      "side_mean": -24.72496795654297
    },
    {
      "high_freq": 1457.5709228515625,
      "loudness": -22.172151565551758,
      "loudness_range": 13.31685733795166,
      "low_freq": 794.6976318359375,
      "mid_mean": -19.688228607177734,
      "mid_to_side_loudness": -6.174289703369141,
      "mid_to_side_loudness_range": 11.093043327331543,
      "side_mean": -25.9189395904541
    },
    {
      "high_freq": 2549.74365234375,
      "loudness": -21.046171188354492,
      "loudness_range": 12.614100456237793,
      "low_freq": 1457.5709228515625,
      "mid_mean": -18.4231014251709,
      "mid_to_side_loudness": -6.3777756690979,
      "mid_to_side_loudness_range": 9.408967971801758,
      "side_mean": -24.8814697265625
    },
    {
      "high_freq": 4349.24462890625,
      "loudness": -21.689476013183594,
      "loudness_range": 14.442461013793945,
      "low_freq": 2549.74365234375,
      "mid_mean": -19.01165771484375,
      "mid_to_side_loudness": -6.809260368347168,
      "mid_to_side_loudness_range": 10.29863452911377,
      "side_mean": -25.90587615966797
    },
    {
      "high_freq": 7314.1640625,
      "loudness": -25.93738555908203,
      "loudness_range": 13.781181335449219,
      "low_freq": 4349.24462890625,
      "mid_mean": -23.227079391479492,
      "mid_to_side_loudness": -7.0433220863342285,
      "mid_to_side_loudness_range": 10.41427993774414,
      "side_mean": -30.41412925720215
    },
    {
      "high_freq": 12199.2666015625,
      "loudness": -29.81287956237793,
      "loudness_range": 15.18655776977539,
      "low_freq": 7314.1640625,
      "mid_mean": -26.937463760375977,
      "mid_to_side_loudness": -8.38205337524414,
      "mid_to_side_loudness_range": 13.395301818847656,
      "side_mean": -35.65652084350586
    },
    {
      "loudness": -37.7042236328125,
      "loudness_range": 20.123886108398438,
      "low_freq": 12199.2666015625,
      "mid_mean": -35.04388427734375,
      "mid_to_side_loudness": -6.93467903137207,
      "mid_to_side_loudness_range": 11.86518383026123,
      "side_mean": -42.202728271484375
    }
  ],
  "bandwidth": 794.7999267578125,
  "channels": 2,
  "covariance": [
    [
      20.817808151245117,
      10.238386154174805,
      4.67820930480957,
      6.3650898933410645,
      4.0949530601501465,
      6.120483875274658,
      5.010279178619385,
      7.58878231048584,
      7.01009464263916,
      7.928858757019043,
      5.974177837371826,
      7.536667346954346,
      4.949121475219727,
      8.681998252868652,
      4.756016731262207,
      9.777286529541016,
      6.757357120513916,
      10.348093032836914
    ],
    [
      10.238386154174805,
      21.14175033569336,
      2.6342856884002686,
      5.562781810760498,
      4.6520280838012695,
      5.5007171630859375,
      3.6255500316619873,
      6.1174540519714355,
      6.093408584594727,
      6.91085147857666,
      5.55982780456543,
      7.731973171234131,
      4.521336555480957,
      9.49821662902832,
      2.1645989418029785,
      7.407035827636719,
      1.2823821306228638,
      5.0287933349609375
    ],
    [
      4.67820930480957,
      2.6342856884002686,
      7.947323799133301,
      5.557558536529541,
      3.3078365325927734,
      4.222371578216553,
      3.5815601348876953,
      4.050926685333252,
      4.479039192199707,
      4.73880672454834,
      4.469563961029053,
      4.457088947296143,
      3.5165750980377197,
      4.435200214385986,
      4.320034503936768,
      5.215636253356934,
      4.84191370010376,
      5.728366851806641
    ],
    [
      6.3650898933410645,
      5.562781810760498,
      5.557558536529541,
      11.553905487060547,
      6.868185043334961,
      7.9169769287109375,
      6.730954170227051,
      8.286283493041992,
      8.684098243713379,
      8.256082534790039,
      7.59898567199707,
      8.163965225219727,
      6.206210613250732,
      9.892587661743164,
      4.881781101226807,
      8.96325397491455,
      5.19096565246582,
      8.037217140197754
    ],
    [
      4.0949530601501465,
      4.6520280838012695,
      3.3078365325927734,
      6.868185043334961,
      13.593914031982422,
      8.636185646057129,
      10.890144348144531,
      9.67158317565918,
      11.081659317016602,
      7.297667503356934,
      10.433969497680664,
      7.107760906219482,
      8.595256805419922,
      8.154905319213867,
      8.309211730957031,
      7.9263200759887695,
      6.008790493011475,
      6.964105129241943
    ],
    [
      6.120483875274658,
      5.5007171630859375,
      4.222371578216553,
      7.9169769287109375,
      8.636185646057129,
      12.358985900878906,
      9.000662803649902,
      11.362329483032227,
      9.521761894226074,
      8.710688591003418,
      8.603479385375977,
      8.103405952453613,
      6.997659683227539,
      9.314102172851562,
      5.993800163269043,
      8.66137981414795,
      4.950290203094482,
      7.041294574737549
    ],
    [
      5.010279178619385,
      3.6255500316619873,
      3.5815601348876953,
      6.730954170227051,
      10.890144348144531,
      9.000662803649902,
      17.52098846435547,
      13.288655281066895,
      12.489787101745605,
      8.032571792602539,
      9.140739440917969,
      7.082455158233643,
      8.285390853881836,
      8.001851081848145,
      9.184795379638672,
      8.89769458770752,
      7.717001438140869,
      9.34911823272705
    ],
    [
      7.58878231048584,
      6.1174540519714355,
      4.050926685333252,
      8.286283493041992,
      9.67158317565918,
      11.362329483032227,
      13.288655281066895,
      19.14402961730957,
      12.459161758422852,
      10.776094436645508,
      9.887984275817871,
      9.704133033752441,
      7.889785289764404,
      11.079085350036621,
      7.316069602966309,
      11.330548286437988,
      7.416909217834473,
      10.840339660644531
    ],
    [
      7.01009464263916,
      6.093408584594727,
      4.479039192199707,
      8.684098243713379,
      11.081659317016602,
      9.521761894226074,
      12.489787101745605,
      12.459161758422852,
      17.280696868896484,
      11.383362770080566,
      12.013050079345703,
      10.580425262451172,
      10.497123718261719,
      13.15246868133545,
      9.462766647338867,
      13.155948638916016,
      8.930620193481445,
      12.832000732421875
    ],
    [
      7.928858757019043,
      6.91085147857666,
      4.73880672454834,
      8.256082534790039,
      7.297667503356934,
      8.710688591003418,
      8.032571792602539,
      10.776094436645508,
      11.383362770080566,
      12.546082496643066,
      9.377982139587402,
      10.826361656188965,
      7.85150146484375,
      12.477824211120605,
      6.248854637145996,
      11.730636596679688,
      6.737918376922607,
      10.698758125305176
    ],
    [
      5.974177837371826,
      5.55982780456543,
      4.469563961029053,
      7.59898567199707,
      10.433969497680664,
      8.603479385375977,
      9.140739440917969,
      9.887984275817871,
      12.013050079345703,
      9.377982139587402,
      20.31537628173828,
      11.891819953918457,
      13.848251342773438,
      14.041396141052246,
      11.091275215148926,
      13.446832656860352,
      9.326193809509277,
      12.82398509979248
    ],
    [
      7.536667346954346,
      7.731973171234131,
      4.457088947296143,
      8.163965225219727,
      7.107760906219482,
      8.103405952453613,
      7.082455158233643,
      9.704133033752441,
      10.580425262451172,
      10.826361656188965,
      11.891819953918457,
      13.98606014251709,
      10.318572998046875,
      16.80803871154785,
      7.606983184814453,
      15.254091262817383,
      7.258421421051025,
      12.481391906738281
    ],
    [
      4.949121475219727,
      4.521336555480957,
      3.5165750980377197,
      6.206210613250732,
      8.595256805419922,
      6.997659683227539,
      8.285390853881836,
      7.889785289764404,
      10.497123718261719,
      7.85150146484375,
      13.848251342773438,
      10.318572998046875,
      16.67698097229004,
      16.045270919799805,
      14.008057594299316,
      15.501827239990234,
      10.601142883300781,
      12.757570266723633
    ],
    [
      8.681998252868652,
      9.49821662902832,
      4.435200214385986,
      9.892587661743164,
      8.154905319213867,
      9.314102172851562,
      8.001851081848145,
      11.079085350036621,
      13.15246868133545,
      12.477824211120605,
      14.041396141052246,
      16.80803871154785,
      16.045270919799805,
      28.311830520629883,
      11.355021476745605,
      24.939638137817383,
      9.993505477905273,
      18.25164222717285
    ],
    [
      4.756016731262207,
      2.1645989418029785,
      4.320034503936768,
      4.881781101226807,
      8.309211730957031,
      5.993800163269043,
      9.184795379638672,
      7.316069602966309,
      9.462766647338867,
      6.248854637145996,
      11.091275215148926,
      7.606983184814453,
      14.008057594299316,
      11.355021476745605,
      20.532672882080078,
      14.707860946655273,
      16.412057876586914,
      13.915411949157715
    ],
    [
      9.777286529541016,
      7.407035827636719,
      5.215636253356934,
      8.96325397491455,
      7.9263200759887695,
      8.66137981414795,
      8.89769458770752,
      11.330548286437988,
      13.155948638916016,
      11.730636596679688,
      13.446832656860352,
      15.254091262817383,
      15.501827239990234,
      24.939638137817383,
      14.707860946655273,
      27.96066665649414,
      16.191692352294922,
      24.369258880615234
    ],
    [
      6.757357120513916,
      1.2823821306228638,
      4.84191370010376,
      5.19096565246582,
      6.008790493011475,
      4.950290203094482,
      7.717001438140869,
      7.416909217834473,
      8.930620193481445,
      6.737918376922607,
      9.326193809509277,
      7.258421421051025,
      10.601142883300781,
      9.993505477905273,
      16.412057876586914,
      16.191692352294922,
      23.013099670410156,
      22.851848602294922
    ],
    [
      10.348093032836914,
      5.0287933349609375,
      5.728366851806641,
      8.037217140197754,
      6.964105129241943,
      7.041294574737549,
      9.34911823272705,
      10.840339660644531,
      12.832000732421875,
      10.698758125305176,
      12.82398509979248,
      12.481391906738281,
      12.757570266723633,
      18.25164222717285,
      13.915411949157715,
      24.369258880615234,
      22.851848602294922,
      35.4394416809082
    ]
  ],
  "covariance_short": [
    [
      29.67351722717285,
      15.204611778259277,
      8.646101951599121,
      6.664466381072998,
      4.934979438781738,
      7.124901294708252,
      5.906145095825195,
      7.247458457946777,
      6.924232006072998,
      8.549643516540527,
      6.379183769226074,
      8.152433395385742,
      5.98165225982666,
      8.978023529052734,
      6.095757484436035,
      10.314896583557129,
      10.246984481811523,
      14.216594696044922
    ],
    [
      15.204611778259277,
      39.5273323059082,
      5.034595489501953,
      7.378122806549072,
      6.634299278259277,
      8.012161254882812,
      6.907656192779541,
      8.811033248901367,
      9.307857513427734,
      9.852627754211426,
      8.977599143981934,
      11.012592315673828,
      7.632188320159912,
      12.478527069091797,
      4.761074542999268,
      11.100255966186523,
      4.900142669677734,
      11.017878532409668
    ],
    [
      8.646101951599121,
      5.034595489501953,
      12.891032218933105,
      6.471017837524414,
      4.99187707901001,
      5.815796375274658,
      5.5852274894714355,
      6.275581359863281,
      6.446624279022217,
      7.070515155792236,
      6.510284423828125,
      6.790549278259277,
      5.4233198165893555,
      6.521502494812012,
      6.731958866119385,
      8.494063377380371,
      9.014312744140625,
      11.200989723205566
    ],
    [
      6.664466381072998,
      7.378122806549072,
      6.471017837524414,
      16.081480026245117,
      7.618376731872559,
      8.542468070983887,
      8.475729942321777,
      9.44799518585205,
      9.98850154876709,
      9.578060150146484,
      9.280423164367676,
      9.90766716003418,
      7.94363260269165,
      11.271800994873047,
      6.59506893157959,
      10.830495834350586,
      6.85218620300293,
      10.085320472717285
    ],
    [
      4.934979438781738,
      6.634299278259277,
      4.99187707901001,
      7.618376731872559,
      19.038406372070312,
      9.4467191696167,
      13.666316986083984,
      11.066448211669922,
      13.843637466430664,
      9.24310302734375,
      13.777853965759277,
      9.258342742919922,
      11.961678504943848,
      10.260690689086914,
      12.26329517364502,
      10.722993850708008,
      10.536865234375,
      11.373602867126465
    ],
    [
      7.124901294708252,
      8.012161254882812,
      5.815796375274658,
      8.542468070983887,
      9.4467191696167,
      15.923323631286621,
      11.091827392578125,
      12.897241592407227,
      11.315437316894531,
      10.616010665893555,
      10.400125503540039,
      10.117687225341797,
      8.847692489624023,
      10.61009407043457,
      8.00984001159668,
      10.914849281311035,
      7.601296901702881,
      10.542335510253906
    ],
    [
      5.906145095825195,
      6.907656192779541,
      5.5852274894714355,
      8.475729942321777,
      13.666316986083984,
      11.091827392578125,
      24.98535919189453,
      16.452980041503906,
      16.88117790222168,
      11.183740615844727,
      14.18642807006836,
      10.582802772521973,
      12.815620422363281,
      11.28203296661377,
      14.186148643493652,
      11.781489372253418,
      11.747685432434082,
      13.258842468261719
    ],
    [
      7.247458457946777,
      8.811033248901367,
      6.275581359863281,
      9.44799518585205,
      11.066448211669922,
      12.897241592407227,
      16.452980041503906,
      24.582365036010742,
      14.742298126220703,
      13.191494941711426,
      12.696136474609375,
      12.26819133758545,
      10.58419418334961,
      13.110769271850586,
      10.072628021240234,
      13.673561096191406,
      9.290055274963379,
      12.943951606750488
    ],
    [
      6.924232006072998,
      9.307857513427734,
      6.446624279022217,
      9.98850154876709,
      13.843637466430664,
      11.315437316894531,
      16.88117790222168,
      14.742298126220703,
      23.295055389404297,
      14.602133750915527,
      16.38339614868164,
      13.82180118560791,
      14.862691879272461,
      16.315265655517578,
      14.018823623657227,
      17.0908260345459,
      13.043802261352539,
      18.454233169555664
    ],
    [
      8.549643516540527,
      9.852627754211426,
      7.070515155792236,
      9.578060150146484,
      9.24310302734375,
      10.616010665893555,
      11.183740615844727,
      13.191494941711426,
      14.602133750915527,
      17.59246826171875,
      12.816874504089355,
      14.363289833068848,
      11.135322570800781,
      15.459369659423828,
      9.639698028564453,
      15.702902793884277,
      10.6723051071167,
      16.29178237915039
    ],
    [
      6.379183769226074,
      8.977599143981934,
      6.510284423828125,
      9.280423164367676,
      13.777853965759277,
      10.400125503540039,
      14.18642807006836,
      12.696136474609375,
      16.38339614868164,
      12.816874504089355,
      27.38903045654297,
      16.318946838378906,
      19.466697692871094,
      18.219131469726562,
      17.067733764648438,
      18.535480499267578,
      15.515632629394531,
      20.095417022705078
    ],
    [
      8.152433395385742,
      11.012592315673828,
      6.790549278259277,
      9.90766716003418,
      9.258342742919922,
      10.117687225341797,
      10.582802772521973,
      12.26819133758545,
      13.82180118560791,
      14.363289833068848,
      16.318946838378906,
      19.606725692749023,
      14.184684753417969,
      20.79828643798828,
      11.73448657989502,
      20.607358932495117,
      12.57927131652832,
      20.343305587768555
    ],
    [
      5.98165225982666,
      7.632188320159912,
      5.4233198165893555,
      7.94363260269165,
      11.961678504943848,
      8.847692489624023,
      12.815620422363281,
      10.58419418334961,
      14.862691879272461,
      11.135322570800781,
      19.466697692871094,
      14.184684753417969,
      25.372947692871094,
      21.562664031982422,
      23.05734634399414,
      22.684656143188477,
      21.400047302246094,
      24.268766403198242
    ],
    [
      8.978023529052734,
      12.478527069091797,
      6.521502494812012,
      11.271800994873047,
      10.260690689086914,
      10.61009407043457,
      11.28203296661377,
      13.110769271850586,
      16.315265655517578,
      15.459369659423828,
      18.219131469726562,
      20.79828643798828,
      21.562664031982422,
      35.00754928588867,
      17.228992462158203,
      33.45880889892578,
      18.68372344970703,
      31.42991065979004
    ],
    [
      6.095757484436035,
      4.761074542999268,
      6.731958866119385,
      6.59506893157959,
      12.26329517364502,
      8.00984001159668,
      14.186148643493652,
      10.072628021240234,
      14.018823623657227,
      9.639698028564453,
      17.067733764648438,
      11.73448657989502,
      23.05734634399414,
      17.228992462158203,
      34.023590087890625,
      23.228347778320312,
      32.24892807006836,
      28.388612747192383
    ],
    [
      10.314896583557129,
      11.100255966186523,
      8.494063377380371,
      10.830495834350586,
      10.722993850708008,
      10.914849281311035,
      11.781489372253418,
      13.673561096191406,
      17.0908260345459,
      15.702902793884277,
      18.535480499267578,
      20.607358932495117,
      22.684656143188477,
      33.45880889892578,
      23.228347778320312,
      42.48740005493164,
      29.09177017211914,
      43.93862533569336
    ],
    [
      10.246984481811523,
      4.900142669677734,
      9.014312744140625,
      6.85218620300293,
      10.536865234375,
      7.601296901702881,
      11.747685432434082,
      9.290055274963379,
      13.043802261352539,
      10.6723051071167,
      15.515632629394531,
      12.57927131652832,
      21.400047302246094,
      18.68372344970703,
      32.24892807006836,
      29.09177017211914,
      48.38153839111328,
      47.223602294921875
    ],
    [
      14.216594696044922,
      11.017878532409668,
      11.200989723205566,
      10.085320472717285,
      11.373602867126465,
      10.542335510253906,
      13.258842468261719,
      12.943951606750488,
      18.454233169555664,
      16.29178237915039,
      20.095417022705078,
      20.343305587768555,
      24.268766403198242,
      31.42991065979004,
      28.388612747192383,
      43.93862533569336,
      47.223602294921875,
      71.91156768798828
    ]
  ],
  "damage": -5.456143379211426,
  "diff_bandwidth": 823.2610473632812,
  "dissonance": 9.757454955863714,
  "drr": 9.099634170532227,
  "dynamics": 2.3625524044036865,
  "format": 1245190,
  "frames": 13203392,
  "loudness": -8.439057350158691,
  "loudness_range": 5.532663345336914,
  "loudness_range_short": 7.248020172119141,
  "lowpass_true_peak_15khz": 1.4827133417129517,
  "mastering3_acoustic_entropies": [
    {
      "acoustic_entropy": 6.116998195648193,
      "acoustic_entropy_mono": 4.788025379180908,
      "band_eliminated_acoustic_entropies": [
        {
          "acoustic_entropy": 6.111065864562988,
          "acoustic_entropy_side": 6.116986274719238,
          "hz": 129.47220167065723
        },
        {
          "acoustic_entropy": 6.027304172515869,
          "acoustic_entropy_side": 6.116245746612549,
          "hz": 202.92927478742237
        },
        {
          "acoustic_entropy": 5.885772228240967,
          "acoustic_entropy_side": 6.108913421630859,
          "hz": 282.89161906338205
        },
        {
          "acoustic_entropy": 5.70451021194458,
          "acoustic_entropy_side": 6.120621204376221,
          "hz": 369.9353335868758
        },
        {
          "acoustic_entropy": 5.929227828979492,
          "acoustic_entropy_side": 6.157315254211426,
          "hz": 464.6875360973435
        },
        {
          "acoustic_entropy": 5.840690612792969,
          "acoustic_entropy_side": 6.151845455169678,
          "hz": 567.8308811364784
        },
        {
          "acoustic_entropy": 6.268161296844482,
          "acoustic_entropy_side": 6.099050521850586,
          "hz": 680.1084783214808
        },
        {
          "acoustic_entropy": 5.999308109283447,
          "acoustic_entropy_side": 6.047974586486816,
          "hz": 802.3292461747484
        },
        {
          "acoustic_entropy": 5.8574066162109375,
          "acoustic_entropy_side": 6.125955581665039,
          "hz": 935.3737400823702
        },
        {
          "acoustic_entropy": 6.2378740310668945,
          "acoustic_entropy_side": 6.055442810058594,
          "hz": 1080.2004963696966
        },
        {
          "acoustic_entropy": 6.101171493530273,
          "acoustic_entropy_side": 6.1009063720703125,
          "hz": 1237.8529382007157
        },
        {
          "acoustic_entropy": 5.907750129699707,
          "acoustic_entropy_side": 6.085868835449219,
          "hz": 1409.4668930556702
        },
        {
          "acoustic_entropy": 6.277203559875488,
          "acoustic_entropy_side": 6.11712646484375,
          "hz": 1596.2787759475705
        },
        {
          "acoustic_entropy": 6.414892196655273,
          "acoustic_entropy_side": 6.153629779815674,
          "hz": 1799.6344973346393
        },
        {
          "acoustic_entropy": 5.816648006439209,
          "acoustic_entropy_side": 6.1754937171936035,
          "hz": 2020.9991599069049
        },
        {
          "acoustic_entropy": 5.887517929077148,
          "acoustic_entropy_side": 6.040620803833008,
          "hz": 2261.9676141086993
        },
        {
          "acoustic_entropy": 5.782912254333496,
          "acoustic_entropy_side": 6.034918785095215,
          "hz": 2524.2759484456974
        },
        {
          "acoustic_entropy": 6.056332111358643,
          "acoustic_entropy_side": 6.0350542068481445,
          "hz": 2809.813997359896
        },
        {
          "acoustic_entropy": 5.979921340942383,
          "acoustic_entropy_side": 6.0303473472595215,
          "hz": 3120.6389567871424
        },
        {
          "acoustic_entropy": 5.795445919036865,
          "acoustic_entropy_side": 6.041830539703369,
          "hz": 3458.990205492291
        },
        {
          "acoustic_entropy": 5.941617012023926,
          "acoustic_entropy_side": 6.080955982208252,
          "hz": 3827.305438964164
        },
        {
          "acoustic_entropy": 5.975503444671631,
          "acoustic_entropy_side": 6.025476932525635,
          "hz": 4228.238232109126
        },
        {
          "acoustic_entropy": 6.038056373596191,
          "acoustic_entropy_side": 6.04995059967041,
          "hz": 4664.6771572759235
        },
        {
          "acoustic_entropy": 5.85814905166626,
          "acoustic_entropy_side": 6.032618045806885,
          "hz": 5139.766595350093
        },
        {
          "acoustic_entropy": 5.831050395965576,
          "acoustic_entropy_side": 6.0146708488464355,
          "hz": 5656.929389854203
        },
        {
          "acoustic_entropy": 5.768359184265137,
          "acoustic_entropy_side": 5.972681999206543,
          "hz": 6219.891507268283
        },
        {
          "acoustic_entropy": 5.756924629211426,
          "acoustic_entropy_side": 6.021219253540039,
          "hz": 6832.70888123896
        },
        {
          "acoustic_entropy": 5.968173503875732,
          "acoustic_entropy_side": 6.051510334014893,
          "hz": 7499.796634079867
        },
        {
          "acoustic_entropy": 6.000511169433594,
          "acoustic_entropy_side": 6.061328411102295,
          "hz": 8225.96088609342
        },
        {
          "acoustic_entropy": 5.975179195404053,
          "acoustic_entropy_side": 6.056017875671387,
          "hz": 9016.43338188839
        },
        {
          "acoustic_entropy": 6.079586505889893,
          "acoustic_entropy_side": 6.080282688140869,
          "hz": 9876.909183162974
        },
        {
          "acoustic_entropy": 6.115872383117676,
          "acoustic_entropy_side": 6.0975117683410645,
          "hz": 10813.587699516042
        },
        {
          "acoustic_entropy": 5.900129318237305,
          "acoustic_entropy_side": 6.108769416809082,
          "hz": 11833.21735289826
        },
        {
          "acoustic_entropy": 6.1938018798828125,
          "acoustic_entropy_side": 6.113057613372803,
          "hz": 12943.144197493959
        },
        {
          "acoustic_entropy": 6.241880416870117,
          "acoustic_entropy_side": 6.120271682739258,
          "hz": 14151.364845322005
        },
        {
          "acoustic_entropy": 6.30596399307251,
          "acoustic_entropy_side": 6.128590106964111,
          "hz": 15466.58407886509
        },
        {
          "acoustic_entropy": 6.312751293182373,
          "acoustic_entropy_side": 6.129910945892334,
          "hz": 16898.27756580493
        },
        {
          "acoustic_entropy": 6.283820629119873,
          "acoustic_entropy_side": 6.12706995010376,
          "hz": 18456.760127700032
        },
        {
          "acoustic_entropy": 6.174378395080566,
          "acoustic_entropy_side": 6.120046138763428,
          "hz": 20153.260054456492
        },
        {
          "acoustic_entropy": 6.1216912269592285,
          "acoustic_entropy_side": 6.117425918579102,
          "hz": 22000.00000000001
        }
      ],
      "diff_acoustic_entropy": 3.637150764465332,
      "sn": 6
    },
    {
      "acoustic_entropy": 9.691400527954102,
      "acoustic_entropy_mono": 8.69732666015625,
      "band_eliminated_acoustic_entropies": [
        {
          "acoustic_entropy": 9.665377616882324,
          "acoustic_entropy_side": 9.691277503967285,
          "hz": 129.47220167065723
        },
        {
          "acoustic_entropy": 9.37729549407959,
          "acoustic_entropy_side": 9.675119400024414,
          "hz": 202.92927478742237
        },
        {
          "acoustic_entropy": 9.699568748474121,
          "acoustic_entropy_side": 9.572481155395508,
          "hz": 282.89161906338205
        },
        {
          "acoustic_entropy": 9.520208358764648,
          "acoustic_entropy_side": 9.748909950256348,
          "hz": 369.9353335868758
        },
        {
          "acoustic_entropy": 10.126517295837402,
          "acoustic_entropy_side": 9.854024887084961,
          "hz": 464.6875360973435
        },
        {
          "acoustic_entropy": 9.499273300170898,
          "acoustic_entropy_side": 9.756152153015137,
          "hz": 567.8308811364784
        },
        {
          "acoustic_entropy": 9.498100280761719,
          "acoustic_entropy_side": 9.597935676574707,
          "hz": 680.1084783214808
        },
        {
          "acoustic_entropy": 9.166033744812012,
          "acoustic_entropy_side": 9.680436134338379,
          "hz": 802.3292461747484
        },
        {
          "acoustic_entropy": 9.17938232421875,
          "acoustic_entropy_side": 9.53945541381836,
          "hz": 935.3737400823702
        },
        {
          "acoustic_entropy": 10.072790145874023,
          "acoustic_entropy_side": 9.877031326293945,
          "hz": 1080.2004963696966
        },
        {
          "acoustic_entropy": 9.567591667175293,
          "acoustic_entropy_side": 9.175049781799316,
          "hz": 1237.8529382007157
        },
        {
          "acoustic_entropy": 9.398322105407715,
          "acoustic_entropy_side": 9.34160041809082,
          "hz": 1409.4668930556702
        },
        {
          "acoustic_entropy": 9.692635536193848,
          "acoustic_entropy_side": 9.65149211883545,
          "hz": 1596.2787759475705
        },
        {
          "acoustic_entropy": 10.400164604187012,
          "acoustic_entropy_side": 9.728666305541992,
          "hz": 1799.6344973346393
        },
        {
          "acoustic_entropy": 9.129867553710938,
          "acoustic_entropy_side": 9.742596626281738,
          "hz": 2020.9991599069049
        },
        {
          "acoustic_entropy": 9.421602249145508,
          "acoustic_entropy_side": 9.61180591583252,
          "hz": 2261.9676141086993
        },
        {
          "acoustic_entropy": 9.228789329528809,
          "acoustic_entropy_side": 9.560037612915039,
          "hz": 2524.2759484456974
        },
        {
          "acoustic_entropy": 9.693928718566895,
          "acoustic_entropy_side": 9.57576847076416,
          "hz": 2809.813997359896
        },
        {
          "acoustic_entropy": 9.75074577331543,
          "acoustic_entropy_side": 9.54419994354248,
          "hz": 3120.6389567871424
        },
        {
          "acoustic_entropy": 9.853846549987793,
          "acoustic_entropy_side": 9.680702209472656,
          "hz": 3458.990205492291
        },
        {
          "acoustic_entropy": 9.823722839355469,
          "acoustic_entropy_side": 9.621718406677246,
          "hz": 3827.305438964164
        },
        {
          "acoustic_entropy": 9.501575469970703,
          "acoustic_entropy_side": 9.370987892150879,
          "hz": 4228.238232109126
        },
        {
          "acoustic_entropy": 9.286755561828613,
          "acoustic_entropy_side": 9.507601737976074,
          "hz": 4664.6771572759235
        },
        {
          "acoustic_entropy": 9.491512298583984,
          "acoustic_entropy_side": 9.409335136413574,
          "hz": 5139.766595350093
        },
        {
          "acoustic_entropy": 9.56055736541748,
          "acoustic_entropy_side": 9.390070915222168,
          "hz": 5656.929389854203
        },
        {
          "acoustic_entropy": 9.233402252197266,
          "acoustic_entropy_side": 9.311002731323242,
          "hz": 6219.891507268283
        },
        {
          "acoustic_entropy": 9.388971328735352,
          "acoustic_entropy_side": 9.505742073059082,
          "hz": 6832.70888123896
        },
        {
          "acoustic_entropy": 9.507589340209961,
          "acoustic_entropy_side": 9.611659049987793,
          "hz": 7499.796634079867
        },
        {
          "acoustic_entropy": 9.644458770751953,
          "acoustic_entropy_side": 9.635688781738281,
          "hz": 8225.96088609342
        },
        {
          "acoustic_entropy": 9.708495140075684,
          "acoustic_entropy_side": 9.573076248168945,
          "hz": 9016.43338188839
        },
        {
          "acoustic_entropy": 9.787854194641113,
          "acoustic_entropy_side": 9.684260368347168,
          "hz": 9876.909183162974
        },
        {
          "acoustic_entropy": 9.169620513916016,
          "acoustic_entropy_side": 9.715706825256348,
          "hz": 10813.587699516042
        },
        {
          "acoustic_entropy": 9.077917098999023,
          "acoustic_entropy_side": 9.727188110351562,
          "hz": 11833.21735289826
        },
        {
          "acoustic_entropy": 9.26954174041748,
          "acoustic_entropy_side": 9.733525276184082,
          "hz": 12943.144197493959
        },
        {
          "acoustic_entropy": 9.616515159606934,
          "acoustic_entropy_side": 9.76004695892334,
          "hz": 14151.364845322005
        },
        {
          "acoustic_entropy": 9.692178726196289,
          "acoustic_entropy_side": 9.723722457885742,
          "hz": 15466.58407886509
        },
        {
          "acoustic_entropy": 9.886451721191406,
          "acoustic_entropy_side": 9.701984405517578,
          "hz": 16898.27756580493
        },
        {
          "acoustic_entropy": 9.821547508239746,
          "acoustic_entropy_side": 9.695480346679688,
          "hz": 18456.760127700032
        },
        {
          "acoustic_entropy": 9.644064903259277,
          "acoustic_entropy_side": 9.693703651428223,
          "hz": 20153.260054456492
        },
        {
          "acoustic_entropy": 9.693437576293945,
          "acoustic_entropy_side": 9.692017555236816,
          "hz": 22000.00000000001
        }
      ],
      "diff_acoustic_entropy": 7.417555332183838,
      "sn": 12
    },
    {
      "acoustic_entropy": 13.857270240783691,
      "acoustic_entropy_mono": 12.709593772888184,
      "band_eliminated_acoustic_entropies": [
        {
          "acoustic_entropy": 13.909733772277832,
          "acoustic_entropy_side": 13.891194343566895,
          "hz": 129.47220167065723
        },
        {
          "acoustic_entropy": 14.669103622436523,
          "acoustic_entropy_side": 14.490554809570312,
          "hz": 202.92927478742237
        },
        {
          "acoustic_entropy": 14.360114097595215,
          "acoustic_entropy_side": 13.456399917602539,
          "hz": 282.89161906338205
        },
        {
          "acoustic_entropy": 13.658117294311523,
          "acoustic_entropy_side": 13.676901817321777,
          "hz": 369.9353335868758
        },
        {
          "acoustic_entropy": 14.623175621032715,
          "acoustic_entropy_side": 13.839112281799316,
          "hz": 464.6875360973435
        },
        {
          "acoustic_entropy": 14.298468589782715,
          "acoustic_entropy_side": 14.080333709716797,
          "hz": 567.8308811364784
        },
        {
          "acoustic_entropy": 13.407075881958008,
          "acoustic_entropy_side": 13.600574493408203,
          "hz": 680.1084783214808
        },
        {
          "acoustic_entropy": 14.013849258422852,
          "acoustic_entropy_side": 14.066628456115723,
          "hz": 802.3292461747484
        },
        {
          "acoustic_entropy": 13.80492115020752,
          "acoustic_entropy_side": 14.277909278869629,
          "hz": 935.3737400823702
        },
        {
          "acoustic_entropy": 14.289676666259766,
          "acoustic_entropy_side": 13.693251609802246,
          "hz": 1080.2004963696966
        },
        {
          "acoustic_entropy": 13.922565460205078,
          "acoustic_entropy_side": 14.021583557128906,
          "hz": 1237.8529382007157
        },
        {
          "acoustic_entropy": 13.444594383239746,
          "acoustic_entropy_side": 13.264870643615723,
          "hz": 1409.4668930556702
        },
        {
          "acoustic_entropy": 14.091461181640625,
          "acoustic_entropy_side": 13.924060821533203,
          "hz": 1596.2787759475705
        },
        {
          "acoustic_entropy": 14.13880443572998,
          "acoustic_entropy_side": 13.47199535369873,
          "hz": 1799.6344973346393
        },
        {
          "acoustic_entropy": 13.646733283996582,
          "acoustic_entropy_side": 13.720032691955566,
          "hz": 2020.9991599069049
        },
        {
          "acoustic_entropy": 14.025487899780273,
          "acoustic_entropy_side": 13.92320728302002,
          "hz": 2261.9676141086993
        },
        {
          "acoustic_entropy": 13.334135055541992,
          "acoustic_entropy_side": 13.503283500671387,
          "hz": 2524.2759484456974
        },
        {
          "acoustic_entropy": 14.319342613220215,
          "acoustic_entropy_side": 14.020249366760254,
          "hz": 2809.813997359896
        },
        {
          "acoustic_entropy": 13.58891487121582,
          "acoustic_entropy_side": 13.816288948059082,
          "hz": 3120.6389567871424
        },
        {
          "acoustic_entropy": 13.294646263122559,
