{
  "acoustic_entropy": 166.52963256835938,
  "bands": [
    {
      "high_freq": 148.1999969482422,
      "loudness": -50.37702178955078,
      "loudness_range": 29.47397232055664,
      "mid_mean": -48.247135162353516,
      "mid_to_side_loudness": -4.553550720214844,
      "mid_to_side_loudness_range": 12.315218925476074,
      "side_mean": -52.3388786315918
    },
    {
      "high_freq": 392.3793640136719,
      "loudness": -42.30939483642578,
      "loudness_range": 20.14036750793457,
      "low_freq": 148.1999969482422,
      "mid_mean": -41.888702392578125,
      "mid_to_side_loudness": -0.04502009227871895,
      "mid_to_side_loudness_range": 8.787435531616211,
      "side_mean": -41.91740417480469
    },
    {
      "high_freq": 794.6976318359375,
      "loudness": -46.36996078491211,
      "loudness_range": 23.60639190673828,
      "low_freq": 392.3793640136719,
      "mid_mean": -45.11583709716797,
      "mid_to_side_loudness": -1.6243821382522583,
      "mid_to_side_loudness_range": 7.736408233642578,
      "side_mean": -46.821292877197266
    },
    {
      "high_freq": 1457.5709228515625,
      "loudness": -50.46732711791992,
      "loudness_range": 26.04617691040039,
      "low_freq": 794.6976318359375,
      "mid_mean": -50.11864471435547,
      "mid_to_side_loudness": -1.4661215543746948,
      "mid_to_side_loudness_range": 5.936460494995117,
      "side_mean": -51.44571304321289
    },
    {
      "high_freq": 2549.74365234375,
      "loudness": -56.572486877441406,
      "loudness_range": 30.813678741455078,
      "low_freq": 1457.5709228515625,
      "mid_mean": -56.600746154785156,
      "mid_to_side_loudness": -2.030827760696411,
      "mid_to_side_loudness_range": 4.899203777313232,
      "side_mean": -58.06167984008789
    },
    {
      "high_freq": 4349.24462890625,
      "loudness": -60.449462890625,
      "loudness_range": 30.680198669433594,
      "low_freq": 2549.74365234375,
      "mid_mean": -60.27398681640625,
      "mid_to_side_loudness": -1.9407322406768799,
      "mid_to_side_loudness_range": 5.012044429779053,
      "side_mean": -61.39802932739258
    },
    {
      "high_freq": 7314.1640625,
      "loudness": -65.01382446289062,
      "loudness_range": 27.987693786621094,
      "low_freq": 4349.24462890625,
      "mid_mean": -64.66419219970703,
      "mid_to_side_loudness": -1.2722429037094116,
      "mid_to_side_loudness_range": 4.13913106918335,
      "side_mean": -65.12083435058594
    },
    {
      "high_freq": 12199.2666015625,
      "loudness": -68.11058044433594,
      "loudness_range": 25.980419158935547,
      "low_freq": 7314.1640625,
      "mid_mean": -67.39765167236328,
      "mid_to_side_loudness": -0.7612413763999939,
      "mid_to_side_loudness_range": 1.5669385194778442,
      "side_mean": -67.61506652832031
    },
    {
      "loudness": -74.40946197509766,
      "loudness_range": 24.17983627319336,
      "low_freq": 12199.2666015625,
      "mid_mean": -69.15583801269531,
      "mid_to_side_loudness": -0.29844290018081665,
      "mid_to_side_loudness_range": 4.263337135314941,
      "side_mean": -68.98120880126953
    }
  ],
  "bands_short": [
    {
      "high_freq": 148.1999969482422,
      "loudness": -52.337154388427734,
      "loudness_range": 29.90338897705078,
      "mid_mean": -49.96873474121094,
      "mid_to_side_loudness": -5.852635383605957,
      "mid_to_side_loudness_range": 15.985658645629883,
      "side_mean": -55.099666595458984
    },
    {
      "high_freq": 392.3793640136719,
      "loudness": -42.487693786621094,
      "loudness_range": 21.217893600463867,
      "low_freq": 148.1999969482422,
      "mid_mean": -42.227230072021484,
      "mid_to_side_loudness": -0.07697506994009018,
      "mid_to_side_loudness_range": 11.772247314453125,
      "side_mean": -42.26708221435547
    },
    {
      "high_freq": 794.6976318359375,
      "loudness": -46.297576904296875,
      "loudness_range": 24.209468841552734,
      "low_freq": 392.3793640136719,
      "mid_mean": -45.22672653198242,
      "mid_to_side_loudness": -1.719975233078003,
      "mid_to_side_loudness_range": 11.501246452331543,
      "side_mean": -47.08791732788086
    },
    {
      "high_freq": 1457.5709228515625,
      "loudness": -50.252681732177734,
      "loudness_range": 25.979900360107422,
      "low_freq": 794.6976318359375,
      "mid_mean": -50.15121841430664,
      "mid_to_side_loudness": -1.340916395187378,
      "mid_to_side_loudness_range": 10.384082794189453,
      "side_mean": -51.356998443603516
    },
    {
      "high_freq": 2549.74365234375,
      "loudness": -56.86857986450195,
      "loudness_range": 30.39377212524414,
      "low_freq": 1457.5709228515625,
      "mid_mean": -56.849308013916016,
      "mid_to_side_loudness": -2.054487466812134,
      "mid_to_side_loudness_range": 7.394984245300293,
      "side_mean": -58.30109405517578
    },
    {
      "high_freq": 4349.24462890625,
      "loudness": -60.748817443847656,
      "loudness_range": 30.286518096923828,
      "low_freq": 2549.74365234375,
      "mid_mean": -60.44832992553711,
      "mid_to_side_loudness": -1.918317198753357,
      "mid_to_side_loudness_range": 6.550415992736816,
      "side_mean": -61.545711517333984
    },
    {
      "high_freq": 7314.1640625,
      "loudness": -65.35490417480469,
      "loudness_range": 28.276119232177734,
      "low_freq": 4349.24462890625,
      "mid_mean": -64.8486328125,
      "mid_to_side_loudness": -1.2686890363693237,
      "mid_to_side_loudness_range": 5.338754653930664,
      "side_mean": -65.28526306152344
    },
    {
      "high_freq": 12199.2666015625,
      "loudness": -68.25440216064453,
      "loudness_range": 26.369853973388672,
      "low_freq": 7314.1640625,
      "mid_mean": -67.53547668457031,
      "mid_to_side_loudness": -0.7292953729629517,
      "mid_to_side_loudness_range": 2.8004841804504395,
      "side_mean": -67.74078369140625
    },
    {
      "loudness": -74.99109649658203,
      "loudness_range": 23.572647094726562,
      "low_freq": 12199.2666015625,
      "mid_mean": -69.21409606933594,
      "mid_to_side_loudness": -0.4021771252155304,
      "mid_to_side_loudness_range": 4.239964008331299,
      "side_mean": -69.07511138916016
    }
  ],
  "bandwidth": 399.2906799316406,
  "channels": 2,
  "covariance": [
    [
      100.32838439941406,
      105.9453353881836,
      40.10012435913086,
      38.063201904296875,
      49.41998291015625,
      45.6448860168457,
      35.22714614868164,
      33.98734664916992,
      55.899658203125,
      53.51018142700195,
      44.62588882446289,
      42.43345260620117,
      28.834692001342773,
      26.050289154052734,
      19.03801918029785,
      17.623920440673828,
      1.9301351308822632,
      2.507085084915161
    ],
    [
      105.9453353881836,
      127.38478088378906,
      48.011268615722656,
      47.2127571105957,
      57.912742614746094,
      54.60536193847656,
      39.70871353149414,
      37.392364501953125,
      68.61679077148438,
      66.3026123046875,
      58.33677673339844,
      54.6009407043457,
      35.906429290771484,
      32.567134857177734,
      22.938241958618164,
      21.131200790405273,
      2.9865105152130127,
      3.8847596645355225
    ],
    [
      40.10012435913086,
      48.011268615722656,
      52.6223030090332,
      48.14741516113281,
      45.58386993408203,
      44.28980255126953,
      41.5225715637207,
      38.43764114379883,
      47.62156295776367,
      47.072471618652344,
      43.29496383666992,
      40.37948226928711,
      30.595739364624023,
      28.15192985534668,
      18.318531036376953,
      17.0869197845459,
      5.299790382385254,
      6.445683479309082
    ],
    [
      38.063201904296875,
      47.2127571105957,
      48.14741516113281,
      53.45823669433594,
      43.71498489379883,
      42.81739044189453,
      37.25634765625,
      34.75315475463867,
      50.49140548706055,
      50.20436096191406,
      45.96800231933594,
      42.367034912109375,
      31.203096389770508,
      28.784154891967773,
      18.238405227661133,
      16.859851837158203,
      5.429799556732178,
      6.63604736328125
    ],
    [
      49.41998291015625,
      57.912742614746094,
      45.58386993408203,
      43.71498489379883,
      73.50201416015625,
      64.42723083496094,
      52.095855712890625,
      48.927101135253906,
      61.8650016784668,
      59.38686752319336,
      55.00665283203125,
      52.6734504699707,
      38.63975143432617,
      35.24855422973633,
      22.485464096069336,
      20.67754364013672,
      5.791195869445801,
      7.203076362609863
    ],
    [
      45.6448860168457,
      54.60536193847656,
      44.28980255126953,
      42.81739044189453,
      64.42723083496094,
      64.52912139892578,
      51.55344009399414,
      48.11494445800781,
      58.369773864746094,
      56.75910568237305,
      53.76768493652344,
      51.503456115722656,
      37.253360748291016,
      33.917354583740234,
      22.337175369262695,
      20.567834854125977,
      5.777624607086182,
      7.168131351470947
    ],
    [
      35.22714614868164,
      39.70871353149414,
      41.5225715637207,
      37.25634765625,
      52.095855712890625,
      51.55344009399414,
      86.73966979980469,
      80.27870178222656,
      41.788726806640625,
      41.92881393432617,
      39.19346237182617,
      37.391395568847656,
      28.457183837890625,
      25.53931427001953,
      18.28977394104004,
      16.95000648498535,
      5.247247695922852,
      6.341473579406738
    ],
    [
      33.98734664916992,
      37.392364501953125,
      38.43764114379883,
      34.75315475463867,
      48.927101135253906,
      48.11494445800781,
      80.27870178222656,
      79.11903381347656,
      37.446903228759766,
      37.6607666015625,
      34.269012451171875,
      32.89584732055664,
      25.273988723754883,
      22.601184844970703,
      16.320255279541016,
      15.143436431884766,
      3.896139621734619,
      4.687261581420898
    ],
    [
      55.899658203125,
      68.61679077148438,
      47.62156295776367,
      50.49140548706055,
      61.8650016784668,
      58.369773864746094,
      41.788726806640625,
      37.446903228759766,
      99.51252746582031,
      93.92544555664062,
      80.72700500488281,
      75.36161041259766,
      54.32917404174805,
      49.834075927734375,
      28.597116470336914,
      26.414417266845703,
      7.718667984008789,
      9.650588989257812
    ],
    [
      53.51018142700195,
      66.3026123046875,
      47.072471618652344,
      50.20436096191406,
      59.38686752319336,
      56.75910568237305,
      41.92881393432617,
      37.6607666015625,
      93.92544555664062,
      90.6354751586914,
      77.23649597167969,
      72.18680572509766,
      51.71600341796875,
      47.61370086669922,
      27.629924774169922,
      25.516435623168945,
      7.568087100982666,
      9.441413879394531
    ],
    [
      44.62588882446289,
      58.33677673339844,
      43.29496383666992,
      45.96800231933594,
      55.00665283203125,
      53.76768493652344,
      39.19346237182617,
      34.269012451171875,
      80.72700500488281,
      77.23649597167969,
      79.8019027709961,
      73.5893783569336,
      51.74991226196289,
      46.81221008300781,
      27.950340270996094,
      25.87345314025879,
      8.525092124938965,
      10.52885627746582
    ],
    [
      42.43345260620117,
      54.6009407043457,
      40.37948226928711,
      42.367034912109375,
      52.6734504699707,
      51.503456115722656,
      37.391395568847656,
      32.89584732055664,
      75.36161041259766,
      72.18680572509766,
      73.5893783569336,
      69.83819580078125,
      48.26411056518555,
      43.550777435302734,
      26.128637313842773,
      24.178857803344727,
      7.672176361083984,
      9.494141578674316
    ],
    [
      28.834692001342773,
      35.906429290771484,
      30.595739364624023,
      31.203096389770508,
      38.63975143432617,
      37.253360748291016,
      28.457183837890625,
      25.273988723754883,
      54.32917404174805,
      51.71600341796875,
      51.74991226196289,
      48.26411056518555,
      47.313602447509766,
      43.52272033691406,
      27.77349853515625,
      25.963470458984375,
      9.97048282623291,
      12.369584083557129
    ],
    [
      26.050289154052734,
      32.567134857177734,
      28.15192985534668,
      28.784154891967773,
      35.24855422973633,
      33.917354583740234,
      25.53931427001953,
      22.601184844970703,
      49.834075927734375,
      47.61370086669922,
      46.81221008300781,
      43.550777435302734,
      43.52272033691406,
      41.11884689331055,
      25.11309814453125,
      23.47493553161621,
      9.127935409545898,
      11.297709465026855
    ],
    [
      19.03801918029785,
      22.938241958618164,
      18.318531036376953,
      18.238405227661133,
      22.485464096069336,
      22.337175369262695,
      18.28977394104004,
      16.320255279541016,
      28.597116470336914,
      27.629924774169922,
      27.950340270996094,
      26.128637313842773,
      27.77349853515625,
      25.11309814453125,
      24.04262351989746,
      22.453617095947266,
      8.752957344055176,
      10.936978340148926
    ],
    [
      17.623920440673828,
      21.131200790405273,
      17.0869197845459,
      16.859851837158203,
      20.67754364013672,
      20.567834854125977,
      16.95000648498535,
      15.143436431884766,
      26.414417266845703,
      25.516435623168945,
      25.87345314025879,
      24.178857803344727,
      25.963470458984375,
      23.47493553161621,
      22.453617095947266,
      21.192127227783203,
      8.348721504211426,
      10.435965538024902
    ],
    [
      1.9301351308822632,
      2.9865105152130127,
      5.299790382385254,
      5.429799556732178,
      5.791195869445801,
      5.777624607086182,
      5.247247695922852,
      3.896139621734619,
      7.718667984008789,
      7.568087100982666,
      8.525092124938965,
      7.672176361083984,
      9.97048282623291,
      9.127935409545898,
      8.752957344055176,
      8.348721504211426,
      5.173981666564941,
      6.322786331176758
    ],
    [
      2.507085084915161,
      3.8847596645355225,
      6.445683479309082,
      6.63604736328125,
      7.203076362609863,
      7.168131351470947,
      6.341473579406738,
      4.687261581420898,
      9.650588989257812,
      9.441413879394531,
      10.52885627746582,
      9.494141578674316,
      12.369584083557129,
      11.297709465026855,
      10.936978340148926,
      10.435965538024902,
      6.322786331176758,
      7.8047404289245605
    ]
  ],
  "covariance_short": [
    [
      104.59444427490234,
      99.79185485839844,
      41.88796615600586,
      38.61808776855469,
      42.176265716552734,
      39.21286392211914,
      33.653648376464844,
      33.97621536254883,
      47.49538803100586,
      45.28450012207031,
      35.77244186401367,
      35.13418960571289,
      24.947261810302734,
      22.2902774810791,
      16.724618911743164,
      15.475902557373047,
      0.9391047954559326,
      1.061110258102417
    ],
    [
      99.79185485839844,
      119.85624694824219,
      47.72392272949219,
      46.638084411621094,
      48.43770980834961,
      46.489200592041016,
      37.740360260009766,
      37.96418762207031,
      56.084327697753906,
      53.96870040893555,
      44.99168395996094,
      43.56745910644531,
      29.749794006347656,
      26.702211380004883,
      19.209074020385742,
      17.673734664916992,
      1.263692855834961,
      1.4723094701766968
    ],
    [
      41.88796615600586,
      47.72392272949219,
      57.70588302612305,
      49.28968811035156,
      46.10798645019531,
      45.36134719848633,
      40.93646240234375,
      38.56846618652344,
      48.35737609863281,
      47.809226989746094,
      43.23756790161133,
      40.405765533447266,
      30.101051330566406,
      27.81470489501953,
      17.94220733642578,
      16.657474517822266,
      4.81916618347168,
      5.73521614074707
    ],
    [
      38.61808776855469,
      46.638084411621094,
      49.28968811035156,
      58.801944732666016,
      45.19928741455078,
      45.11220932006836,
      37.16790008544922,
      35.06396484375,
      51.83112335205078,
      51.32498550415039,
      46.6963005065918,
      43.14109420776367,
      31.35770034790039,
      29.054182052612305,
      18.22714614868164,
      16.79942512512207,
      4.937516689300537,
      5.914487361907959
    ],
    [
      42.176265716552734,
      48.43770980834961,
      46.10798645019531,
      45.19928741455078,
      76.4570541381836,
      64.7105484008789,
      49.73735427856445,
      47.077728271484375,
      62.90266799926758,
      60.468013763427734,
      56.51441955566406,
      53.81391143798828,
      38.56938552856445,
      35.20143127441406,
      21.46036148071289,
      19.63210105895996,
      5.311824798583984,
      6.389230728149414
    ],
    [
      39.21286392211914,
      46.489200592041016,
      45.36134719848633,
      45.11220932006836,
      64.7105484008789,
      70.10279846191406,
      49.37200164794922,
      46.45759582519531,
      60.41358947753906,
      58.633949279785156,
      55.91343307495117,
      53.202362060546875,
      37.68953323364258,
      34.42866897583008,
      21.49280548095703,
      19.66858673095703,
      5.345868110656738,
      6.440135955810547
    ],
    [
      33.653648376464844,
      37.740360260009766,
      40.93646240234375,
      37.16790008544922,
      49.73735427856445,
      49.37200164794922,
      88.19583129882812,
      79.08976745605469,
      41.51019287109375,
      41.602073669433594,
      38.588714599609375,
      37.033626556396484,
      28.276752471923828,
      25.4466552734375,
      17.685497283935547,
      16.34348487854004,
      4.955810070037842,
      5.836568832397461
    ],
    [
      33.97621536254883,
      37.96418762207031,
      38.56846618652344,
      35.06396484375,
      47.077728271484375,
      46.45759582519531,
      79.08976745605469,
      81.90849304199219,
      37.618228912353516,
      37.768524169921875,
      34.10675048828125,
      33.02622985839844,
      25.57147979736328,
      22.92328643798828,
      16.123640060424805,
      14.914895057678223,
      3.7601184844970703,
      4.372079849243164
    ],
    [
      47.49538803100586,
      56.084327697753906,
      48.35737609863281,
      51.83112335205078,
      62.90266799926758,
      60.41358947753906,
      41.51019287109375,
      37.618228912353516,
      97.9927978515625,
      91.0788803100586,
      78.49053955078125,
      73.41111755371094,
      52.57627487182617,
      48.33807373046875,
      27.06511116027832,
      24.91497039794922,
      7.009230613708496,
      8.51732063293457
    ],
    [
      45.28450012207031,
      53.96870040893555,
      47.809226989746094,
      51.32498550415039,
      60.468013763427734,
      58.633949279785156,
      41.602073669433594,
      37.768524169921875,
      91.0788803100586,
      88.9771728515625,
      75.09809112548828,
      70.31065368652344,
      50.04899978637695,
      46.19216537475586,
      26.162097930908203,
      24.0733585357666,
      6.900745868682861,
      8.389458656311035
    ],
    [
      35.77244186401367,
      44.99168395996094,
      43.23756790161133,
      46.6963005065918,
      56.51441955566406,
      55.91343307495117,
      38.588714599609375,
      34.10675048828125,
      78.49053955078125,
      75.09809112548828,
      78.80104064941406,
      71.99169158935547,
      50.33530044555664,
      45.684715270996094,
      26.758089065551758,
      24.683616638183594,
      7.771718502044678,
      9.389883995056152
    ],
    [
      35.13418960571289,
      43.56745910644531,
      40.405765533447266,
      43.14109420776367,
      53.81391143798828,
      53.202362060546875,
      37.033626556396484,
      33.02622985839844,
      73.41111755371094,
      70.31065368652344,
      71.99169158935547,
      68.983642578125,
      46.90900802612305,
      42.477970123291016,
      24.956045150756836,
      23.0320987701416,
      6.996376037597656,
      8.454099655151367
    ],
    [
      24.947261810302734,
      29.749794006347656,
      30.101051330566406,
      31.35770034790039,
      38.56938552856445,
      37.68953323364258,
      28.276752471923828,
      25.57147979736328,
      52.57627487182617,
      50.04899978637695,
      50.33530044555664,
      46.90900802612305,
      46.5535774230957,
      42.54273223876953,
      26.57235336303711,
      24.74673843383789,
      9.139997482299805,
      11.091901779174805
    ],
    [
      22.2902774810791,
      26.702211380004883,
      27.81470489501953,
      29.054182052612305,
      35.20143127441406,
      34.42866897583008,
      25.4466552734375,
      22.92328643798828,
      48.33807373046875,
      46.19216537475586,
      45.684715270996094,
      42.477970123291016,
      42.54273223876953,
      40.6225700378418,
      24.072162628173828,
      22.43279457092285,
      8.359841346740723,
      10.132311820983887
    ],
    [
      16.724618911743164,
      19.209074020385742,
      17.94220733642578,
      18.22714614868164,
      21.46036148071289,
      21.49280548095703,
      17.685497283935547,
      16.123640060424805,
      27.06511116027832,
      26.162097930908203,
      26.758089065551758,
      24.956045150756836,
      26.57235336303711,
      24.072162628173828,
      22.98635482788086,
      21.203205108642578,
      8.003458023071289,
      9.774792671203613
    ],
    [
      15.475902557373047,
      17.673734664916992,
      16.657474517822266,
      16.79942512512207,
      19.63210105895996,
      19.66858673095703,
      16.34348487854004,
      14.914895057678223,
      24.91497039794922,
      24.0733585357666,
      24.683616638183594,
      23.0320987701416,
      24.74673843383789,
      22.43279457092285,
      21.203205108642578,
      20.15570831298828,
      7.643924236297607,
      9.334966659545898
    ],
    [
      0.9391047954559326,
      1.263692855834961,
      4.81916618347168,
      4.937516689300537,
      5.311824798583984,
      5.345868110656738,
      4.955810070037842,
      3.7601184844970703,
      7.009230613708496,
      6.900745868682861,
      7.771718502044678,
      6.996376037597656,
      9.139997482299805,
      8.359841346740723,
      8.003458023071289,
      7.643924236297607,
      4.870615482330322,
      5.869594097137451
    ],
    [
      1.061110258102417,
      1.4723094701766968,
      5.73521614074707,
      5.914487361907959,
      6.389230728149414,
      6.440135955810547,
      5.836568832397461,
      4.372079849243164,
      8.51732063293457,
      8.389458656311035,
      9.389883995056152,
      8.454099655151367,
      11.091901779174805,
      10.132311820983887,
      9.774792671203613,
      9.334966659545898,
      5.869594097137451,
      7.198185443878174
    ]
  ],
  "damage": -24.722631454467773,
  "diff_bandwidth": 424.194580078125,
  "dissonance": 6.17220414624168,
  "drr": 13.883793830871582,
  "dynamics": 5.8868207931518555,
  "format": 1245190,
  "frames": 8607744,
  "loudness": -34.04743576049805,
  "loudness_range": 19.074790954589844,
  "loudness_range_short": 19.482730865478516,
  "lowpass_true_peak_15khz": -4.619894981384277,
  "mastering3_acoustic_entropies": [
    {
      "acoustic_entropy": 6.614419937133789,
      "acoustic_entropy_mono": 5.709108829498291,
      "band_eliminated_acoustic_entropies": [
        {
          "acoustic_entropy": 6.302507400512695,
          "acoustic_entropy_side": 6.6004252433776855,
          "hz": 129.47220167065723
        },
        {
          "acoustic_entropy": 5.977290630340576,
          "acoustic_entropy_side": 6.557180404663086,
          "hz": 202.92927478742237
        },
        {
          "acoustic_entropy": 5.823388576507568,
          "acoustic_entropy_side": 5.577454090118408,
          "hz": 282.89161906338205
        },
        {
          "acoustic_entropy": 6.471930980682373,
          "acoustic_entropy_side": 6.2759599685668945,
          "hz": 369.9353335868758
        },
        {
          "acoustic_entropy": 6.890680313110352,
          "acoustic_entropy_side": 6.474643707275391,
          "hz": 464.6875360973435
        },
        {
          "acoustic_entropy": 6.510377883911133,
          "acoustic_entropy_side": 6.404319763183594,
          "hz": 567.8308811364784
        },
        {
          "acoustic_entropy": 5.928030014038086,
          "acoustic_entropy_side": 6.910416603088379,
          "hz": 680.1084783214808
        },
        {
          "acoustic_entropy": 6.406143665313721,
          "acoustic_entropy_side": 6.576232433319092,
          "hz": 802.3292461747484
        },
        {
          "acoustic_entropy": 6.4554619789123535,
          "acoustic_entropy_side": 6.948238372802734,
          "hz": 935.3737400823702
        },
        {
          "acoustic_entropy": 6.511506080627441,
          "acoustic_entropy_side": 6.562569618225098,
          "hz": 1080.2004963696966
        },
        {
          "acoustic_entropy": 6.832871913909912,
          "acoustic_entropy_side": 6.749272346496582,
          "hz": 1237.8529382007157
        },
        {
          "acoustic_entropy": 6.886435031890869,
          "acoustic_entropy_side": 7.059803485870361,
          "hz": 1409.4668930556702
        },
        {
          "acoustic_entropy": 6.594527721405029,
          "acoustic_entropy_side": 6.660858154296875,
          "hz": 1596.2787759475705
        },
        {
          "acoustic_entropy": 6.553884506225586,
          "acoustic_entropy_side": 6.606887340545654,
          "hz": 1799.6344973346393
        },
        {
          "acoustic_entropy": 6.618813991546631,
          "acoustic_entropy_side": 6.6164703369140625,
          "hz": 2020.9991599069049
        },
        {
          "acoustic_entropy": 6.721246719360352,
          "acoustic_entropy_side": 6.652755260467529,
          "hz": 2261.9676141086993
        },
        {
          "acoustic_entropy": 6.692216396331787,
          "acoustic_entropy_side": 6.65711784362793,
          "hz": 2524.2759484456974
        },
        {
          "acoustic_entropy": 6.6460723876953125,
          "acoustic_entropy_side": 6.638063430786133,
          "hz": 2809.813997359896
        },
        {
          "acoustic_entropy": 6.646584987640381,
          "acoustic_entropy_side": 6.633792877197266,
          "hz": 3120.6389567871424
        },
        {
          "acoustic_entropy": 6.66558313369751,
          "acoustic_entropy_side": 6.639049053192139,
          "hz": 3458.990205492291
        },
        {
          "acoustic_entropy": 6.6494293212890625,
          "acoustic_entropy_side": 6.6383466720581055,
          "hz": 3827.305438964164
        },
        {
          "acoustic_entropy": 6.627015590667725,
          "acoustic_entropy_side": 6.626805782318115,
          "hz": 4228.238232109126
        },
        {
          "acoustic_entropy": 6.667825698852539,
          "acoustic_entropy_side": 6.646050930023193,
          "hz": 4664.6771572759235
        },
        {
          "acoustic_entropy": 6.665045261383057,
          "acoustic_entropy_side": 6.642000675201416,
          "hz": 5139.766595350093
        },
        {
          "acoustic_entropy": 6.663435935974121,
          "acoustic_entropy_side": 6.638669490814209,
          "hz": 5656.929389854203
        },
        {
          "acoustic_entropy": 6.671681880950928,
          "acoustic_entropy_side": 6.649036884307861,
          "hz": 6219.891507268283
        },
        {
          "acoustic_entropy": 6.674209117889404,
          "acoustic_entropy_side": 6.656448841094971,
          "hz": 6832.70888123896
        },
        {
          "acoustic_entropy": 6.6672515869140625,
          "acoustic_entropy_side": 6.652902603149414,
          "hz": 7499.796634079867
        },
        {
          "acoustic_entropy": 6.663687229156494,
          "acoustic_entropy_side": 6.642233371734619,
          "hz": 8225.96088609342
        },
        {
          "acoustic_entropy": 6.650123596191406,
          "acoustic_entropy_side": 6.631069183349609,
          "hz": 9016.43338188839
        },
        {
          "acoustic_entropy": 6.636125087738037,
          "acoustic_entropy_side": 6.624121189117432,
          "hz": 9876.909183162974
        },
        {
          "acoustic_entropy": 6.646707534790039,
          "acoustic_entropy_side": 6.63191032409668,
          "hz": 10813.587699516042
        },
        {
          "acoustic_entropy": 6.658347129821777,
          "acoustic_entropy_side": 6.6386027336120605,
          "hz": 11833.21735289826
        },
        {
          "acoustic_entropy": 6.634434700012207,
          "acoustic_entropy_side": 6.625633716583252,
          "hz": 12943.144197493959
        },
        {
          "acoustic_entropy": 6.639345645904541,
          "acoustic_entropy_side": 6.631045341491699,
          "hz": 14151.364845322005
        },
        {
          "acoustic_entropy": 6.628838539123535,
          "acoustic_entropy_side": 6.6247782707214355,
          "hz": 15466.58407886509
        },
        {
          "acoustic_entropy": 6.619692802429199,
          "acoustic_entropy_side": 6.6187872886657715,
          "hz": 16898.27756580493
        },
        {
          "acoustic_entropy": 6.6172099113464355,
          "acoustic_entropy_side": 6.616946220397949,
          "hz": 18456.760127700032
        },
        {
          "acoustic_entropy": 6.615787982940674,
          "acoustic_entropy_side": 6.615723609924316,
          "hz": 20153.260054456492
        },
        {
          "acoustic_entropy": 6.614553451538086,
          "acoustic_entropy_side": 6.61454963684082,
          "hz": 22000.00000000001
        }
      ],
      "diff_acoustic_entropy": 1.9353325366973877,
      "sn": 6
    },
    {
      "acoustic_entropy": 10.114299774169922,
      "acoustic_entropy_mono": 9.857141494750977,
      "band_eliminated_acoustic_entropies": [
        {
          "acoustic_entropy": 9.80710506439209,
          "acoustic_entropy_side": 10.171133041381836,
          "hz": 129.47220167065723
        },
        {
          "acoustic_entropy": 10.522607803344727,
          "acoustic_entropy_side": 10.643680572509766,
          "hz": 202.92927478742237
        },
        {
          "acoustic_entropy": 10.31696605682373,
          "acoustic_entropy_side": 9.999105453491211,
          "hz": 282.89161906338205
        },
        {
          "acoustic_entropy": 10.329425811767578,
          "acoustic_entropy_side": 10.311434745788574,
          "hz": 369.9353335868758
        },
        {
          "acoustic_entropy": 9.755441665649414,
          "acoustic_entropy_side": 10.650982856750488,
          "hz": 464.6875360973435
        },
        {
          "acoustic_entropy": 10.350403785705566,
          "acoustic_entropy_side": 10.294617652893066,
          "hz": 567.8308811364784
        },
        {
          "acoustic_entropy": 9.877667427062988,
          "acoustic_entropy_side": 10.448208808898926,
          "hz": 680.1084783214808
        },
        {
          "acoustic_entropy": 9.488309860229492,
          "acoustic_entropy_side": 10.259893417358398,
          "hz": 802.3292461747484
        },
        {
          "acoustic_entropy": 9.782475471496582,
          "acoustic_entropy_side": 9.80659294128418,
          "hz": 935.3737400823702
        },
        {
          "acoustic_entropy": 10.24138355255127,
          "acoustic_entropy_side": 10.214456558227539,
          "hz": 1080.2004963696966
        },
        {
          "acoustic_entropy": 10.377914428710938,
          "acoustic_entropy_side": 10.16934585571289,
          "hz": 1237.8529382007157
        },
        {
          "acoustic_entropy": 9.611763000488281,
          "acoustic_entropy_side": 9.957725524902344,
          "hz": 1409.4668930556702
        },
        {
          "acoustic_entropy": 10.26693344116211,
          "acoustic_entropy_side": 10.238014221191406,
          "hz": 1596.2787759475705
        },
        {
          "acoustic_entropy": 9.916219711303711,
          "acoustic_entropy_side": 9.9238862991333,
          "hz": 1799.6344973346393
        },
        {
          "acoustic_entropy": 10.164287567138672,
          "acoustic_entropy_side": 9.941804885864258,
          "hz": 2020.9991599069049
        },
        {
          "acoustic_entropy": 9.725974082946777,
          "acoustic_entropy_side": 10.118477821350098,
          "hz": 2261.9676141086993
        },
        {
          "acoustic_entropy": 9.749265670776367,
          "acoustic_entropy_side": 10.132128715515137,
          "hz": 2524.2759484456974
        },
        {
          "acoustic_entropy": 10.070371627807617,
          "acoustic_entropy_side": 10.111490249633789,
          "hz": 2809.813997359896
        },
        {
          "acoustic_entropy": 10.10940933227539,
          "acoustic_entropy_side": 10.109017372131348,
          "hz": 3120.6389567871424
        },
        {
          "acoustic_entropy": 10.191011428833008,
          "acoustic_entropy_side": 10.148333549499512,
          "hz": 3458.990205492291
        },
        {
          "acoustic_entropy": 9.983149528503418,
          "acoustic_entropy_side": 10.055183410644531,
          "hz": 3827.305438964164
        },
        {
          "acoustic_entropy": 10.01323413848877,
          "acoustic_entropy_side": 10.058561325073242,
          "hz": 4228.238232109126
        },
        {
          "acoustic_entropy": 10.065446853637695,
          "acoustic_entropy_side": 10.078429222106934,
          "hz": 4664.6771572759235
        },
        {
          "acoustic_entropy": 10.004997253417969,
          "acoustic_entropy_side": 10.078123092651367,
          "hz": 5139.766595350093
        },
        {
          "acoustic_entropy": 9.947944641113281,
          "acoustic_entropy_side": 10.03391170501709,
          "hz": 5656.929389854203
        },
        {
          "acoustic_entropy": 10.129632949829102,
          "acoustic_entropy_side": 9.941884994506836,
          "hz": 6219.891507268283
        },
        {
          "acoustic_entropy": 10.083446502685547,
          "acoustic_entropy_side": 10.120549201965332,
          "hz": 6832.70888123896
        },
        {
          "acoustic_entropy": 10.146239280700684,
          "acoustic_entropy_side": 10.134481430053711,
          "hz": 7499.796634079867
        },
        {
          "acoustic_entropy": 10.193597793579102,
          "acoustic_entropy_side": 9.946246147155762,
          "hz": 8225.96088609342
        },
        {
          "acoustic_entropy": 10.034716606140137,
          "acoustic_entropy_side": 9.93118667602539,
          "hz": 9016.43338188839
        },
        {
          "acoustic_entropy": 9.94482707977295,
          "acoustic_entropy_side": 10.005741119384766,
          "hz": 9876.909183162974
        },
        {
          "acoustic_entropy": 10.009369850158691,
          "acoustic_entropy_side": 10.016768455505371,
          "hz": 10813.587699516042
        },
        {
          "acoustic_entropy": 10.267502784729004,
          "acoustic_entropy_side": 9.952112197875977,
          "hz": 11833.21735289826
        },
        {
          "acoustic_entropy": 9.971352577209473,
          "acoustic_entropy_side": 9.974047660827637,
          "hz": 12943.144197493959
        },
        {
          "acoustic_entropy": 10.034625053405762,
          "acoustic_entropy_side": 9.95130729675293,
          "hz": 14151.364845322005
        },
        {
          "acoustic_entropy": 9.952167510986328,
          "acoustic_entropy_side": 10.005213737487793,
          "hz": 15466.58407886509
        },
        {
          "acoustic_entropy": 10.072700500488281,
          "acoustic_entropy_side": 10.084308624267578,
          "hz": 16898.27756580493
        },
        {
          "acoustic_entropy": 10.091733932495117,
          "acoustic_entropy_side": 10.095078468322754,
          "hz": 18456.760127700032
        },
        {
          "acoustic_entropy": 10.103729248046875,
          "acoustic_entropy_side": 10.104533195495605,
          "hz": 20153.260054456492
        },
        {
          "acoustic_entropy": 10.113537788391113,
          "acoustic_entropy_side": 10.11357307434082,
          "hz": 22000.00000000001
        }
      ],
      "diff_acoustic_entropy": 3.1131772994995117,
      "sn": 12
    },
    {
      "acoustic_entropy": 19.792400360107422,
      "acoustic_entropy_mono": 18.639753341674805,
      "band_eliminated_acoustic_entropies": [
        {
          "acoustic_entropy": 18.37095832824707,
          "acoustic_entropy_side": 19.691984176635742,
          "hz": 129.47220167065723
        },
        {
          "acoustic_entropy": 18.89370346069336,
          "acoustic_entropy_side": 19.22553062438965,
          "hz": 202.92927478742237
        },
        {
          "acoustic_entropy": 19.407527923583984,
          "acoustic_entropy_side": 19.524124145507812,
          "hz": 282.89161906338205
        },
        {
          "acoustic_entropy": 19.24893569946289,
          "acoustic_entropy_side": 19.613140106201172,
          "hz": 369.9353335868758
        },
        {
          "acoustic_entropy": 19.471399307250977,
          "acoustic_entropy_side": 19.53595733642578,
          "hz": 464.6875360973435
        },
        {
          "acoustic_entropy": 20.24153709411621,
          "acoustic_entropy_side": 20.188074111938477,
          "hz": 567.8308811364784
        },
        {
          "acoustic_entropy": 19.09193992614746,
          "acoustic_entropy_side": 19.05879020690918,
          "hz": 680.1084783214808
        },
        {
          "acoustic_entropy": 19.7774658203125,
          "acoustic_entropy_side": 19.619157791137695,
          "hz": 802.3292461747484
        },
        {
          "acoustic_entropy": 19.071245193481445,
          "acoustic_entropy_side": 18.921966552734375,
          "hz": 935.3737400823702
        },
        {
          "acoustic_entropy": 19.883390426635742,
          "acoustic_entropy_side": 20.018959045410156,
          "hz": 1080.2004963696966
        },
        {
          "acoustic_entropy": 20.108060836791992,
          "acoustic_entropy_side": 20.241878509521484,
          "hz": 1237.8529382007157
        },
        {
          "acoustic_entropy": 18.910245895385742,
          "acoustic_entropy_side": 19.6651554107666,
          "hz": 1409.4668930556702
        },
        {
          "acoustic_entropy": 19.621667861938477,
          "acoustic_entropy_side": 19.955442428588867,
          "hz": 1596.2787759475705
        },
        {
          "acoustic_entropy": 19.531343460083008,
          "acoustic_entropy_side": 19.775314331054688,
          "hz": 1799.6344973346393
        },
        {
          "acoustic_entropy": 19.5219783782959,
          "acoustic_entropy_side": 19.691862106323242,
          "hz": 2020.9991599069049
        },
        {
          "acoustic_entropy": 19.817367553710938,
          "acoustic_entropy_side": 19.832595825195312,
          "hz": 2261.9676141086993
        },
        {
          "acoustic_entropy": 19.66432762145996,
          "acoustic_entropy_side": 19.79031753540039,
          "hz": 2524.2759484456974
        },
        {
          "acoustic_entropy": 19.329421997070312,
          "acoustic_entropy_side": 19.56310272216797,
          "hz": 2809.813997359896
        },
        {
          "acoustic_entropy": 19.8264217376709,
          "acoustic_entropy_side": 19.622446060180664,
          "hz": 3120.6389567871424
        },
        {
          "acoustic_entropy": 19.641752243041992,
