{
  "acoustic_entropy": 169.44210815429688,
  "bands": [
    {
      "high_freq": 148.1999969482422,
      "loudness": -17.412931442260742,
      "loudness_range": 7.889421463012695,
      "mid_mean": -14.113274574279785,
      "mid_to_side_loudness": -10.567876815795898,
      "mid_to_side_loudness_range": 6.792775630950928,
      "side_mean": -24.900676727294922
    },
    {
      "high_freq": 392.3793640136719,
      "loudness": -20.218637466430664,
      "loudness_range": 4.038311004638672,
      "low_freq": 148.1999969482422,
      "mid_mean": -16.866424560546875,
      "mid_to_side_loudness": -11.009123802185059,
      "mid_to_side_loudness_range": 4.947698593139648,
      "side_mean": -27.94127082824707
    },
    {
      "high_freq": 794.6976318359375,
      "loudness": -25.020151138305664,
      "loudness_range": 6.496711730957031,
      "low_freq": 392.3793640136719,
      "mid_mean": -21.8205623626709,
      "mid_to_side_loudness": -9.141556739807129,
      "mid_to_side_loudness_range": 4.730969429016113,
      "side_mean": -31.186979293823242
    },
    {
      "high_freq": 1457.5709228515625,
      "loudness": -27.29045867919922,
      "loudness_range": 9.224386215209961,
      "low_freq": 794.6976318359375,
      "mid_mean": -24.28309440612793,
      "mid_to_side_loudness": -7.987658977508545,
      "mid_to_side_loudness_range": 5.653687000274658,
      "side_mean": -32.311119079589844
    },
    {
      "high_freq": 2549.74365234375,
      "loudness": -25.44002914428711,
      "loudness_range": 6.416683197021484,
      "low_freq": 1457.5709228515625,
      "mid_mean": -22.60727882385254,
      "mid_to_side_loudness": -6.780333042144775,
      "mid_to_side_loudness_range": 4.331740379333496,
      "side_mean": -29.37289047241211
    },
    {
      "high_freq": 4349.24462890625,
      "loudness": -23.336271286010742,
      "loudness_range": 3.7374610900878906,
      "low_freq": 2549.74365234375,
      "mid_mean": -20.277729034423828,
      "mid_to_side_loudness": -8.12646770477295,
      "mid_to_side_loudness_range": 3.8476648330688477,
      "side_mean": -28.452468872070312
    },
    {
      "high_freq": 7314.1640625,
      "loudness": -23.60382843017578,
      "loudness_range": 3.977611541748047,
      "low_freq": 4349.24462890625,
      "mid_mean": -20.549793243408203,
      "mid_to_side_loudness": -7.992806911468506,
      "mid_to_side_loudness_range": 3.3483939170837402,
      "side_mean": -28.64267349243164
    },
    {
      "high_freq": 12199.2666015625,
      "loudness": -29.59423065185547,
      "loudness_range": 5.409990310668945,
      "low_freq": 7314.1640625,
      "mid_mean": -26.49958038330078,
      "mid_to_side_loudness": -8.138094902038574,
      "mid_to_side_loudness_range": 1.9795007705688477,
      "side_mean": -34.76788330078125
    },
    {
      "loudness": -35.38743591308594,
      "loudness_range": 12.703546524047852,
      "low_freq": 12199.2666015625,
      "mid_mean": -32.3326301574707,
      "mid_to_side_loudness": -7.923938274383545,
      "mid_to_side_loudness_range": 1.4047064781188965,
      "side_mean": -40.33516311645508
    }
  ],
  "bands_short": [
    {
      "high_freq": 148.1999969482422,
      "loudness": -20.083906173706055,
      "loudness_range": 15.505758285522461,
      "mid_mean": -16.96568489074707,
      "mid_to_side_loudness": -10.160052299499512,
      "mid_to_side_loudness_range": 13.45499324798584,
      "side_mean": -27.338659286499023
    },
    {
      "high_freq": 392.3793640136719,
      "loudness": -19.370101928710938,
      "loudness_range": 8.868289947509766,
      "low_freq": 148.1999969482422,
      "mid_mean": -16.034053802490234,
      "mid_to_side_loudness": -11.554384231567383,
      "mid_to_side_loudness_range": 10.354278564453125,
      "side_mean": -27.778810501098633
    },
    {
      "high_freq": 794.6976318359375,
      "loudness": -25.648731231689453,
      "loudness_range": 9.586055755615234,
      "low_freq": 392.3793640136719,
      "mid_mean": -22.528301239013672,
      "mid_to_side_loudness": -9.044129371643066,
      "mid_to_side_loudness_range": 8.504791259765625,
      "side_mean": -31.788270950317383
    },
    {
      "high_freq": 1457.5709228515625,
      "loudness": -27.532251358032227,
      "loudness_range": 11.215429306030273,
      "low_freq": 794.6976318359375,
      "mid_mean": -24.626373291015625,
      "mid_to_side_loudness": -7.72468900680542,
      "mid_to_side_loudness_range": 8.294381141662598,
      "side_mean": -32.40602493286133
    },
    {
      "high_freq": 2549.74365234375,
      "loudness": -26.246244430541992,
      "loudness_range": 8.7310791015625,
      "low_freq": 1457.5709228515625,
      "mid_mean": -23.396013259887695,
      "mid_to_side_loudness": -7.105855464935303,
      "mid_to_side_loudness_range": 6.266009330749512,
      "side_mean": -30.499757766723633
    },
    {
      "high_freq": 4349.24462890625,
      "loudness": -23.459171295166016,
      "loudness_range": 6.183847427368164,
      "low_freq": 2549.74365234375,
      "mid_mean": -20.440017700195312,
      "mid_to_side_loudness": -8.116641998291016,
      "mid_to_side_loudness_range": 5.869393348693848,
      "side_mean": -28.592683792114258
    },
    {
      "high_freq": 7314.1640625,
      "loudness": -23.71991729736328,
      "loudness_range": 5.351432800292969,
      "low_freq": 4349.24462890625,
      "mid_mean": -20.671472549438477,
      "mid_to_side_loudness": -8.075017929077148,
      "mid_to_side_loudness_range": 4.622507572174072,
      "side_mean": -28.850027084350586
    },
    {
      "high_freq": 12199.2666015625,
      "loudness": -29.809070587158203,
      "loudness_range": 6.83641242980957,
      "low_freq": 7314.1640625,
      "mid_mean": -26.72881317138672,
      "mid_to_side_loudness": -8.104029655456543,
      "mid_to_side_loudness_range": 3.0529770851135254,
      "side_mean": -34.970306396484375
    },
    {
      "loudness": -36.72600173950195,
      "loudness_range": 15.982563018798828,
      "low_freq": 12199.2666015625,
      "mid_mean": -33.691707611083984,
      "mid_to_side_loudness": -7.774014472961426,
      "mid_to_side_loudness_range": 2.4342050552368164,
      "side_mean": -41.54402542114258
    }
  ],
  "bandwidth": 429.70989990234375,
  "channels": 2,
  "covariance": [
    [
      11.270454406738281,
      5.531951904296875,
      0.3579462170600891,
      -1.5154598951339722,
      -2.4827609062194824,
      -2.8272767066955566,
      -1.5827335119247437,
      -1.449438452720642,
      -0.3680529296398163,
      -0.71711665391922,
      -0.20681928098201752,
      0.10874860733747482,
      -0.3084016442298889,
      0.0071663083508610725,
      -0.04917597770690918,
      0.3620630204677582,
      -0.13444428145885468,
      0.0722341239452362
    ],
    [
      5.531951904296875,
      6.1706132888793945,
      0.0934690535068512,
      -0.6114692091941833,
      -0.9358320236206055,
      -0.7574090361595154,
      -1.1788274049758911,
      -1.1151949167251587,
      -0.12190227955579758,
      -0.517223060131073,
      0.4147835671901703,
      0.5505731105804443,
      0.4884662926197052,
      0.5235545039176941,
      0.38832613825798035,
      0.5225083231925964,
      0.5373286604881287,
      0.5256739258766174
    ],
    [
      0.3579462170600891,
      0.0934690535068512,
      2.6178295612335205,
      2.058156728744507,
      -0.3865027129650116,
      0.08862863481044769,
      -0.5135334730148315,
      -0.22727414965629578,
      0.02354639582335949,
      -0.05902308225631714,
      0.1920585334300995,
      0.12358250468969345,
      0.1684904247522354,
      0.004720794968307018,
      0.13699457049369812,
      0.10130960494279861,
      -0.648481011390686,
      -0.6013349890708923
    ],
    [
      -1.5154598951339722,
      -0.6114692091941833,
      2.058156728744507,
      4.443863391876221,
      1.067383050918579,
      1.7914942502975464,
      0.45177534222602844,
      0.7771040201187134,
      0.8995672464370728,
      1.0798184871673584,
      0.5442547798156738,
      0.671502947807312,
      0.7687171101570129,
      0.7019069790840149,
      0.68986576795578,
      0.5807600617408752,
      -0.6214204430580139,
      -0.5259019136428833
    ],
    [
      -2.4827609062194824,
      -0.9358320236206055,
      -0.3865027129650116,
      1.067383050918579,
      5.973367691040039,
      4.7785725593566895,
      3.127549648284912,
      2.3472883701324463,
      2.6414220333099365,
      2.35666561126709,
      1.1863181591033936,
      1.5927777290344238,
      1.1354516744613647,
      1.5352526903152466,
      0.8184844851493835,
      0.806713879108429,
      0.40662965178489685,
      0.4974961578845978
    ],
    [
      -2.8272767066955566,
      -0.7574090361595154,
      0.08862863481044769,
      1.7914942502975464,
      4.7785725593566895,
      7.3332648277282715,
      2.7619595527648926,
      2.2730352878570557,
      2.191795587539673,
      2.365227222442627,
      1.4995307922363281,
      1.691458821296692,
      1.185652256011963,
      1.4009243249893188,
      0.7062472701072693,
      0.7465104460716248,
      0.2359975427389145,
      0.37318336963653564
    ],
    [
      -1.5827335119247437,
      -1.1788274049758911,
      -0.5135334730148315,
      0.45177534222602844,
      3.127549648284912,
      2.7619595527648926,
      11.538675308227539,
      8.02553939819336,
      3.919084310531616,
      3.748739719390869,
      1.1218782663345337,
      1.4537338018417358,
      0.42912009358406067,
      0.9640522599220276,
      -0.20350950956344604,
      -0.11376183480024338,
      -1.1593468189239502,
      -0.9207106232643127
    ],
    [
      -1.449438452720642,
      -1.1151949167251587,
      -0.22727414965629578,
      0.7771040201187134,
      2.3472883701324463,
      2.2730352878570557,
      8.02553939819336,
      8.089393615722656,
      3.327117919921875,
      3.9450225830078125,
      1.0047333240509033,
      1.5461329221725464,
      0.49401646852493286,
      1.0062662363052368,
      0.08513842523097992,
      0.18399256467819214,
      -0.12393283098936081,
      0.03445792943239212
    ],
    [
      -0.3680529296398163,
      -0.12190227955579758,
      0.02354639582335949,
      0.8995672464370728,
      2.6414220333099365,
      2.191795587539673,
      3.919084310531616,
      3.327117919921875,
      5.773265361785889,
      5.932369709014893,
      1.923692226409912,
      3.1666393280029297,
      1.1213898658752441,
      2.077636957168579,
      0.08545605093240738,
      0.06012989580631256,
      -0.8050060272216797,
      -0.6869357824325562
    ],
    [
      -0.71711665391922,
      -0.517223060131073,
      -0.05902308225631714,
      1.0798184871673584,
      2.35666561126709,
      2.365227222442627,
      3.748739719390869,
      3.9450225830078125,
      5.932369709014893,
      8.632649421691895,
      1.9407141208648682,
      3.973050594329834,
      0.9457511901855469,
      2.3595759868621826,
      -0.29248273372650146,
      -0.05485524609684944,
      -0.7664172053337097,
      -0.4306871294975281
    ],
    [
      -0.20681928098201752,
      0.4147835671901703,
      0.1920585334300995,
      0.5442547798156738,
      1.1863181591033936,
      1.4995307922363281,
      1.1218782663345337,
      1.0047333240509033,
      1.923692226409912,
      1.9407141208648682,
      2.6012511253356934,
      2.4609427452087402,
      2.023861885070801,
      1.9602285623550415,
      1.3262375593185425,
      1.185608148574829,
      0.8931729793548584,
      0.8579627275466919
    ],
    [
      0.10874860733747482,
      0.5505731105804443,
      0.12358250468969345,
      0.671502947807312,
      1.5927777290344238,
      1.691458821296692,
      1.4537338018417358,
      1.5461329221725464,
      3.1666393280029297,
      3.973050594329834,
      2.4609427452087402,
      3.955050230026245,
      1.7713912725448608,
      2.50119686126709,
      0.6770614981651306,
      0.7387087941169739,
      0.317902535200119,
      0.4334803521633148
    ],
    [
      -0.3084016442298889,
      0.4884662926197052,
      0.1684904247522354,
      0.7687171101570129,
      1.1354516744613647,
      1.185652256011963,
      0.42912009358406067,
      0.49401646852493286,
      1.1213898658752441,
      0.9457511901855469,
      2.023861885070801,
      1.7713912725448608,
      2.831594705581665,
      2.3416354656219482,
      2.566725730895996,
      2.273738145828247,
      2.784950017929077,
      2.618251085281372
    ],
    [
      0.0071663083508610725,
      0.5235545039176941,
      0.004720794968307018,
      0.7019069790840149,
      1.5352526903152466,
      1.4009243249893188,
      0.9640522599220276,
      1.0062662363052368,
      2.077636957168579,
      2.3595759868621826,
      1.9602285623550415,
      2.50119686126709,
      2.3416354656219482,
      2.9939277172088623,
      1.9064319133758545,
      1.8702963590621948,
      2.008268117904663,
      2.002243757247925
    ],
    [
      -0.04917597770690918,
      0.38832613825798035,
      0.13699457049369812,
      0.68986576795578,
      0.8184844851493835,
      0.7062472701072693,
      -0.20350950956344604,
      0.08513842523097992,
      0.08545605093240738,
      -0.29248273372650146,
      1.3262375593185425,
      0.6770614981651306,
      2.566725730895996,
      1.9064319133758545,
      4.272751331329346,
      3.9233531951904297,
      7.007140159606934,
      6.629741668701172
    ],
    [
      0.3620630204677582,
      0.5225083231925964,
      0.10130960494279861,
      0.5807600617408752,
      0.806713879108429,
      0.7465104460716248,
      -0.11376183480024338,
      0.18399256467819214,
      0.06012989580631256,
      -0.05485524609684944,
      1.185608148574829,
      0.7387087941169739,
      2.273738145828247,
      1.8702963590621948,
      3.9233531951904297,
      4.1097731590271,
      6.7726898193359375,
      6.695986270904541
    ],
    [
      -0.13444428145885468,
      0.5373286604881287,
      -0.648481011390686,
      -0.6214204430580139,
      0.40662965178489685,
      0.2359975427389145,
      -1.1593468189239502,
      -0.12393283098936081,
      -0.8050060272216797,
      -0.7664172053337097,
      0.8931729793548584,
      0.317902535200119,
      2.784950017929077,
      2.008268117904663,
      7.007140159606934,
      6.7726898193359375,
      20.651710510253906,
      19.628692626953125
    ],
    [
      0.0722341239452362,
      0.5256739258766174,
      -0.6013349890708923,
      -0.5259019136428833,
      0.4974961578845978,
      0.37318336963653564,
      -0.9207106232643127,
      0.03445792943239212,
      -0.6869357824325562,
      -0.4306871294975281,
      0.8579627275466919,
      0.4334803521633148,
      2.618251085281372,
      2.002243757247925,
      6.629741668701172,
      6.695986270904541,
      19.628692626953125,
      18.97785758972168
    ]
  ],
  "covariance_short": [
    [
      37.362815856933594,
      20.067739486694336,
      6.438377857208252,
      0.04356199502944946,
      -4.618431091308594,
      -5.075573921203613,
      -2.7787859439849854,
      -2.493095874786377,
      -0.06445633620023727,
      -0.05922955274581909,
      -0.6095904111862183,
      0.23563829064369202,
      -1.0352413654327393,
      -0.10512454062700272,
      -0.8337039947509766,
      0.21754087507724762,
      0.5915416479110718,
      0.9904753565788269
    ],
    [
      20.067739486694336,
      23.801513671875,
      2.8339340686798096,
      2.1962270736694336,
      -1.5524613857269287,
      -1.4903011322021484,
      -1.3768950700759888,
      -1.4197978973388672,
      0.4497165381908417,
      0.10322630405426025,
      0.4685884714126587,
      0.9148702025413513,
      0.05108526721596718,
      0.45488429069519043,
      -0.02761470153927803,
      0.6621302962303162,
      1.3716304302215576,
      1.5665745735168457
    ],
    [
      6.438377857208252,
      2.8339340686798096,
      11.374906539916992,
      5.587662220001221,
      -0.46082961559295654,
      -0.5719550251960754,
      -0.9740546345710754,
      -0.9894990921020508,
      -0.4006293714046478,
      -1.0020338296890259,
      -0.41624847054481506,
      -0.7034748792648315,
      -0.19842000305652618,
      -0.30380257964134216,
      -0.18116764724254608,
      0.02787763811647892,
      -1.340497374534607,
      -1.074281096458435
    ],
    [
      0.04356199502944946,
      2.1962270736694336,
      5.587662220001221,
      12.10806655883789,
      3.00532603263855,
      3.8157942295074463,
      1.0668975114822388,
      1.0331025123596191,
      1.4525588750839233,
      0.7678693532943726,
      1.211629867553711,
      0.8815184831619263,
      1.4103167057037354,
      1.1867810487747192,
      0.9774344563484192,
      0.9075210690498352,
      -0.7253697514533997,
      -0.6295124888420105
    ],
    [
      -4.618431091308594,
      -1.5524613857269287,
      -0.46082961559295654,
      3.00532603263855,
      12.564434051513672,
      8.547544479370117,
      4.57670783996582,
      3.6167397499084473,
      3.1528689861297607,
      2.387537956237793,
      1.3767837285995483,
      1.5994035005569458,
      1.4323281049728394,
      1.578751564025879,
      1.1407819986343384,
      1.295779824256897,
      0.07420430332422256,
      0.34355825185775757
    ],
    [
      -5.075573921203613,
      -1.4903011322021484,
      -0.5719550251960754,
      3.8157942295074463,
      8.547544479370117,
      13.667035102844238,
      3.8336286544799805,
      3.5114574432373047,
      2.2652575969696045,
      1.8483057022094727,
      1.4697123765945435,
      1.312178134918213,
      1.5284687280654907,
      1.4638010263442993,
      1.2834991216659546,
      1.4128936529159546,
      0.6463814377784729,
      0.8169721961021423
    ],
    [
      -2.7787859439849854,
      -1.3768950700759888,
      -0.9740546345710754,
      1.0668975114822388,
      4.57670783996582,
      3.8336286544799805,
      18.138219833374023,
      11.272884368896484,
      5.944912433624268,
      5.183099269866943,
      1.7435111999511719,
      1.8446837663650513,
      0.6757866144180298,
      1.0952458381652832,
      0.045528192073106766,
      0.18319886922836304,
      -1.1165322065353394,
      -0.8653031587600708
    ],
    [
      -2.493095874786377,
      -1.4197978973388672,
      -0.9894990921020508,
      1.0331025123596191,
      3.6167397499084473,
      3.5114574432373047,
      11.272884368896484,
      12.392821311950684,
      4.739490509033203,
      5.546972751617432,
      1.5856051445007324,
      2.250775098800659,
      0.854412853717804,
      1.3614108562469482,
      0.4781925678253174,
      0.6479628682136536,
      0.32331418991088867,
      0.4654342532157898
    ],
    [
      -0.06445633620023727,
      0.4497165381908417,
      -0.4006293714046478,
      1.4525588750839233,
      3.1528689861297607,
      2.2652575969696045,
      5.944912433624268,
      4.739490509033203,
      10.025094032287598,
      9.096541404724121,
      3.601529121398926,
      5.3167643547058105,
      1.8141584396362305,
      2.9818522930145264,
      -0.019430147483944893,
      0.18443523347377777,
      -0.8412275314331055,
      -0.606459379196167
    ],
    [
      -0.05922955274581909,
      0.10322630405426025,
      -1.0020338296890259,
      0.7678693532943726,
      2.387537956237793,
      1.8483057022094727,
      5.183099269866943,
      5.546972751617432,
      9.096541404724121,
      12.950081825256348,
      3.7682268619537354,
      7.09611177444458,
      1.8181004524230957,
      3.8399641513824463,
      -0.22725878655910492,
      0.13358992338180542,
      -0.18710888922214508,
      0.09337161481380463
    ],
    [
      -0.6095904111862183,
      0.4685884714126587,
      -0.41624847054481506,
      1.211629867553711,
      1.3767837285995483,
      1.4697123765945435,
      1.7435111999511719,
      1.5856051445007324,
      3.601529121398926,
      3.7682268619537354,
      4.986053466796875,
      4.558722972869873,
      3.1046524047851562,
      3.3154098987579346,
      1.529815673828125,
      1.5168919563293457,
      1.160717248916626,
      1.180288553237915
    ],
    [
      0.23563829064369202,
      0.9148702025413513,
      -0.7034748792648315,
      0.8815184831619263,
      1.5994035005569458,
      1.312178134918213,
      1.8446837663650513,
      2.250775098800659,
      5.3167643547058105,
      7.09611177444458,
      4.558722972869873,
      8.032397270202637,
      2.7741446495056152,
      4.421205043792725,
      0.573843777179718,
      0.8933760523796082,
      0.7407417893409729,
      0.9788382649421692
    ],
    [
      -1.0352413654327393,
      0.05108526721596718,
      -0.19842000305652618,
      1.4103167057037354,
      1.4323281049728394,
      1.5284687280654907,
      0.6757866144180298,
      0.854412853717804,
      1.8141584396362305,
      1.8181004524230957,
      3.1046524047851562,
      2.7741446495056152,
      4.4187798500061035,
      3.5384931564331055,
      3.4101829528808594,
      3.127744674682617,
      3.798006772994995,
      3.608643054962158
    ],
    [
      -0.10512454062700272,
      0.45488429069519043,
      -0.30380257964134216,
      1.1867810487747192,
      1.578751564025879,
      1.4638010263442993,
      1.0952458381652832,
      1.3614108562469482,
      2.9818522930145264,
      3.8399641513824463,
      3.3154098987579346,
      4.421205043792725,
      3.5384931564331055,
      4.8942790031433105,
      2.4337453842163086,
      2.550647020339966,
      2.8582091331481934,
      2.9219768047332764
    ],
    [
      -0.8337039947509766,
      -0.02761470153927803,
      -0.18116764724254608,
      0.9774344563484192,
      1.1407819986343384,
      1.2834991216659546,
      0.045528192073106766,
      0.4781925678253174,
      -0.019430147483944893,
      -0.22725878655910492,
      1.529815673828125,
      0.573843777179718,
      3.4101829528808594,
      2.4337453842163086,
      6.172576904296875,
      5.564387321472168,
      9.424032211303711,
      8.920403480529785
    ],
    [
      0.21754087507724762,
      0.6621302962303162,
      0.02787763811647892,
      0.9075210690498352,
      1.295779824256897,
      1.4128936529159546,
      0.18319886922836304,
      0.6479628682136536,
      0.18443523347377777,
      0.13358992338180542,
      1.5168919563293457,
      0.8933760523796082,
      3.127744674682617,
      2.550647020339966,
      5.564387321472168,
      5.927471160888672,
      9.264976501464844,
      8.998428344726562
    ],
    [
      0.5915416479110718,
      1.3716304302215576,
      -1.340497374534607,
      -0.7253697514533997,
      0.07420430332422256,
      0.6463814377784729,
      -1.1165322065353394,
      0.32331418991088867,
      -0.8412275314331055,
      -0.18710888922214508,
      1.160717248916626,
      0.7407417893409729,
      3.798006772994995,
      2.8582091331481934,
      9.424032211303711,
      9.264976501464844,
      29.779865264892578,
      28.25768280029297
    ],
    [
      0.9904753565788269,
      1.5665745735168457,
      -1.074281096458435,
      -0.6295124888420105,
      0.34355825185775757,
      0.8169721961021423,
      -0.8653031587600708,
      0.4654342532157898,
      -0.606459379196167,
      0.09337161481380463,
      1.180288553237915,
      0.9788382649421692,
      3.608643054962158,
      2.9219768047332764,
      8.920403480529785,
      8.998428344726562,
      28.25768280029297,
      27.40959930419922
    ]
  ],
  "damage": -3.6349265575408936,
  "diff_bandwidth": 420.88043212890625,
  "dissonance": 9.447170040095715,
  "drr": 9.235283851623535,
  "dynamics": 0.9763477444648743,
  "format": 1245190,
  "frames": 11066304,
  "loudness": -9.844512939453125,
  "loudness_range": 2.1255550384521484,
  "loudness_range_short": 4.003749370574951,
  "lowpass_true_peak_15khz": 0.48021966218948364,
  "mastering3_acoustic_entropies": [
    {
      "acoustic_entropy": 5.033732891082764,
      "acoustic_entropy_mono": 5.3032636642456055,
      "band_eliminated_acoustic_entropies": [
        {
          "acoustic_entropy": 4.750690460205078,
          "acoustic_entropy_side": 5.031592845916748,
          "hz": 129.47220167065723
        },
        {
          "acoustic_entropy": 4.063514709472656,
          "acoustic_entropy_side": 5.024990081787109,
          "hz": 202.92927478742237
        },
        {
          "acoustic_entropy": 4.927103042602539,
          "acoustic_entropy_side": 5.031905651092529,
          "hz": 282.89161906338205
        },
        {
          "acoustic_entropy": 4.84753942489624,
          "acoustic_entropy_side": 5.001590728759766,
          "hz": 369.9353335868758
        },
        {
          "acoustic_entropy": 4.780627727508545,
          "acoustic_entropy_side": 4.973348140716553,
          "hz": 464.6875360973435
        },
        {
          "acoustic_entropy": 5.120955944061279,
          "acoustic_entropy_side": 5.050266265869141,
          "hz": 567.8308811364784
        },
        {
          "acoustic_entropy": 5.036879539489746,
          "acoustic_entropy_side": 5.062061786651611,
          "hz": 680.1084783214808
        },
        {
          "acoustic_entropy": 5.318959712982178,
          "acoustic_entropy_side": 5.032782077789307,
          "hz": 802.3292461747484
        },
        {
          "acoustic_entropy": 4.7847466468811035,
          "acoustic_entropy_side": 5.045449733734131,
          "hz": 935.3737400823702
        },
        {
          "acoustic_entropy": 5.252469062805176,
          "acoustic_entropy_side": 4.993282318115234,
          "hz": 1080.2004963696966
        },
        {
          "acoustic_entropy": 4.828118801116943,
          "acoustic_entropy_side": 5.040613174438477,
          "hz": 1237.8529382007157
        },
        {
          "acoustic_entropy": 4.905485153198242,
          "acoustic_entropy_side": 4.998577117919922,
          "hz": 1409.4668930556702
        },
        {
          "acoustic_entropy": 4.857967853546143,
          "acoustic_entropy_side": 5.0443434715271,
          "hz": 1596.2787759475705
        },
        {
          "acoustic_entropy": 5.262115001678467,
          "acoustic_entropy_side": 5.07783842086792,
          "hz": 1799.6344973346393
        },
        {
          "acoustic_entropy": 4.899691581726074,
          "acoustic_entropy_side": 5.015085697174072,
          "hz": 2020.9991599069049
        },
        {
          "acoustic_entropy": 5.0796284675598145,
          "acoustic_entropy_side": 5.094695568084717,
          "hz": 2261.9676141086993
        },
        {
          "acoustic_entropy": 5.120224475860596,
          "acoustic_entropy_side": 5.086805820465088,
          "hz": 2524.2759484456974
        },
        {
          "acoustic_entropy": 4.54723596572876,
          "acoustic_entropy_side": 5.019379138946533,
          "hz": 2809.813997359896
        },
        {
          "acoustic_entropy": 5.1179399490356445,
          "acoustic_entropy_side": 5.072544574737549,
          "hz": 3120.6389567871424
        },
        {
          "acoustic_entropy": 5.0214152336120605,
          "acoustic_entropy_side": 5.053547382354736,
          "hz": 3458.990205492291
        },
        {
          "acoustic_entropy": 5.137816905975342,
          "acoustic_entropy_side": 5.076988220214844,
          "hz": 3827.305438964164
        },
        {
          "acoustic_entropy": 5.019870281219482,
          "acoustic_entropy_side": 5.068467140197754,
          "hz": 4228.238232109126
        },
        {
          "acoustic_entropy": 5.05538272857666,
          "acoustic_entropy_side": 5.0911478996276855,
          "hz": 4664.6771572759235
        },
        {
          "acoustic_entropy": 5.062139511108398,
          "acoustic_entropy_side": 5.105432033538818,
          "hz": 5139.766595350093
        },
        {
          "acoustic_entropy": 4.9574761390686035,
          "acoustic_entropy_side": 5.038174152374268,
          "hz": 5656.929389854203
        },
        {
          "acoustic_entropy": 4.951949119567871,
          "acoustic_entropy_side": 5.019894123077393,
          "hz": 6219.891507268283
        },
        {
          "acoustic_entropy": 4.896683216094971,
          "acoustic_entropy_side": 5.008121490478516,
          "hz": 6832.70888123896
        },
        {
          "acoustic_entropy": 5.0012431144714355,
          "acoustic_entropy_side": 5.018803596496582,
          "hz": 7499.796634079867
        },
        {
          "acoustic_entropy": 4.9804511070251465,
          "acoustic_entropy_side": 5.019102573394775,
          "hz": 8225.96088609342
        },
        {
          "acoustic_entropy": 5.036888122558594,
          "acoustic_entropy_side": 5.029181957244873,
          "hz": 9016.43338188839
        },
        {
          "acoustic_entropy": 5.048191547393799,
          "acoustic_entropy_side": 5.032454013824463,
          "hz": 9876.909183162974
        },
        {
          "acoustic_entropy": 5.0522894859313965,
          "acoustic_entropy_side": 5.031646728515625,
          "hz": 10813.587699516042
        },
        {
          "acoustic_entropy": 5.010056495666504,
          "acoustic_entropy_side": 5.027108192443848,
          "hz": 11833.21735289826
        },
        {
          "acoustic_entropy": 4.81405782699585,
          "acoustic_entropy_side": 5.014878273010254,
          "hz": 12943.144197493959
        },
        {
          "acoustic_entropy": 4.474916934967041,
          "acoustic_entropy_side": 4.999850749969482,
          "hz": 14151.364845322005
        },
        {
          "acoustic_entropy": 4.400519371032715,
          "acoustic_entropy_side": 4.994212627410889,
          "hz": 15466.58407886509
        },
        {
          "acoustic_entropy": 4.546479225158691,
          "acoustic_entropy_side": 5.005764007568359,
          "hz": 16898.27756580493
        },
        {
          "acoustic_entropy": 4.797812461853027,
          "acoustic_entropy_side": 5.02029275894165,
          "hz": 18456.760127700032
        },
        {
          "acoustic_entropy": 4.9963226318359375,
          "acoustic_entropy_side": 5.031759738922119,
          "hz": 20153.260054456492
        },
        {
          "acoustic_entropy": 5.031056880950928,
          "acoustic_entropy_side": 5.033605098724365,
          "hz": 22000.00000000001
        }
      ],
      "diff_acoustic_entropy": 4.955493927001953,
      "sn": 6
    },
    {
      "acoustic_entropy": 8.36115550994873,
      "acoustic_entropy_mono": 8.401493072509766,
      "band_eliminated_acoustic_entropies": [
        {
          "acoustic_entropy": 8.4050931930542,
          "acoustic_entropy_side": 8.432720184326172,
          "hz": 129.47220167065723
        },
        {
          "acoustic_entropy": 7.710217475891113,
          "acoustic_entropy_side": 8.344406127929688,
          "hz": 202.92927478742237
        },
        {
          "acoustic_entropy": 9.025721549987793,
          "acoustic_entropy_side": 8.553585052490234,
          "hz": 282.89161906338205
        },
        {
          "acoustic_entropy": 8.457732200622559,
          "acoustic_entropy_side": 8.468676567077637,
          "hz": 369.9353335868758
        },
        {
          "acoustic_entropy": 8.627015113830566,
          "acoustic_entropy_side": 8.341346740722656,
          "hz": 464.6875360973435
        },
        {
          "acoustic_entropy": 8.703088760375977,
          "acoustic_entropy_side": 8.305085182189941,
          "hz": 567.8308811364784
        },
        {
          "acoustic_entropy": 8.549538612365723,
          "acoustic_entropy_side": 8.685832023620605,
          "hz": 680.1084783214808
        },
        {
          "acoustic_entropy": 8.769023895263672,
          "acoustic_entropy_side": 8.409735679626465,
          "hz": 802.3292461747484
        },
        {
          "acoustic_entropy": 8.192790985107422,
          "acoustic_entropy_side": 8.50066089630127,
          "hz": 935.3737400823702
        },
        {
          "acoustic_entropy": 8.65483283996582,
          "acoustic_entropy_side": 8.561254501342773,
          "hz": 1080.2004963696966
        },
        {
          "acoustic_entropy": 8.082428932189941,
          "acoustic_entropy_side": 8.50587272644043,
          "hz": 1237.8529382007157
        },
        {
          "acoustic_entropy": 8.470541954040527,
          "acoustic_entropy_side": 8.337554931640625,
          "hz": 1409.4668930556702
        },
        {
          "acoustic_entropy": 8.42442512512207,
          "acoustic_entropy_side": 8.662128448486328,
          "hz": 1596.2787759475705
        },
        {
          "acoustic_entropy": 8.724055290222168,
          "acoustic_entropy_side": 8.398324012756348,
          "hz": 1799.6344973346393
        },
        {
          "acoustic_entropy": 8.44303035736084,
          "acoustic_entropy_side": 8.342915534973145,
          "hz": 2020.9991599069049
        },
        {
          "acoustic_entropy": 8.56949234008789,
          "acoustic_entropy_side": 8.474616050720215,
          "hz": 2261.9676141086993
        },
        {
          "acoustic_entropy": 8.327245712280273,
          "acoustic_entropy_side": 8.376980781555176,
          "hz": 2524.2759484456974
        },
        {
          "acoustic_entropy": 7.410404682159424,
          "acoustic_entropy_side": 7.8087544441223145,
          "hz": 2809.813997359896
        },
        {
          "acoustic_entropy": 8.276968955993652,
          "acoustic_entropy_side": 8.3301420211792,
          "hz": 3120.6389567871424
        },
        {
          "acoustic_entropy": 8.316558837890625,
          "acoustic_entropy_side": 8.325377464294434,
          "hz": 3458.990205492291
        },
        {
          "acoustic_entropy": 8.198724746704102,
          "acoustic_entropy_side": 8.281970977783203,
          "hz": 3827.305438964164
        },
        {
          "acoustic_entropy": 8.374619483947754,
          "acoustic_entropy_side": 8.393147468566895,
          "hz": 4228.238232109126
        },
        {
          "acoustic_entropy": 8.335702896118164,
          "acoustic_entropy_side": 8.383563995361328,
          "hz": 4664.6771572759235
        },
        {
          "acoustic_entropy": 8.170318603515625,
          "acoustic_entropy_side": 8.300240516662598,
          "hz": 5139.766595350093
        },
        {
          "acoustic_entropy": 8.41562271118164,
          "acoustic_entropy_side": 8.400264739990234,
          "hz": 5656.929389854203
        },
        {
          "acoustic_entropy": 8.328370094299316,
          "acoustic_entropy_side": 8.337636947631836,
          "hz": 6219.891507268283
        },
        {
          "acoustic_entropy": 8.322110176086426,
          "acoustic_entropy_side": 8.311030387878418,
          "hz": 6832.70888123896
        },
        {
          "acoustic_entropy": 8.235279083251953,
          "acoustic_entropy_side": 8.26731014251709,
          "hz": 7499.796634079867
        },
        {
          "acoustic_entropy": 8.252860069274902,
          "acoustic_entropy_side": 8.286920547485352,
          "hz": 8225.96088609342
        },
        {
          "acoustic_entropy": 8.350982666015625,
          "acoustic_entropy_side": 8.331329345703125,
          "hz": 9016.43338188839
        },
        {
          "acoustic_entropy": 8.324446678161621,
          "acoustic_entropy_side": 8.332763671875,
          "hz": 9876.909183162974
        },
        {
          "acoustic_entropy": 8.325684547424316,
          "acoustic_entropy_side": 8.341461181640625,
          "hz": 10813.587699516042
        },
        {
          "acoustic_entropy": 8.3844633102417,
          "acoustic_entropy_side": 8.357115745544434,
          "hz": 11833.21735289826
        },
        {
          "acoustic_entropy": 8.370038986206055,
          "acoustic_entropy_side": 8.35796070098877,
          "hz": 12943.144197493959
        },
        {
          "acoustic_entropy": 8.28751277923584,
          "acoustic_entropy_side": 8.3533296585083,
          "hz": 14151.364845322005
        },
        {
          "acoustic_entropy": 8.158053398132324,
          "acoustic_entropy_side": 8.351103782653809,
          "hz": 15466.58407886509
        },
        {
          "acoustic_entropy": 8.215154647827148,
          "acoustic_entropy_side": 8.352608680725098,
          "hz": 16898.27756580493
        },
        {
          "acoustic_entropy": 8.267623901367188,
          "acoustic_entropy_side": 8.355796813964844,
          "hz": 18456.760127700032
        },
        {
          "acoustic_entropy": 8.34816837310791,
          "acoustic_entropy_side": 8.360553741455078,
          "hz": 20153.260054456492
        },
        {
          "acoustic_entropy": 8.360255241394043,
          "acoustic_entropy_side": 8.361102104187012,
          "hz": 22000.00000000001
        }
      ],
      "diff_acoustic_entropy": 7.447339057922363,
      "sn": 12
    },
    {
      "acoustic_entropy": 10.955832481384277,
      "acoustic_entropy_mono": 10.957818031311035,
      "band_eliminated_acoustic_entropies": [
        {
          "acoustic_entropy": 11.43830680847168,
          "acoustic_entropy_side": 11.273757934570312,
          "hz": 129.47220167065723
        },
        {
          "acoustic_entropy": 10.948995590209961,
          "acoustic_entropy_side": 11.274595260620117,
          "hz": 202.92927478742237
        },
        {
          "acoustic_entropy": 11.25710391998291,
          "acoustic_entropy_side": 11.161235809326172,
          "hz": 282.89161906338205
        },
        {
          "acoustic_entropy": 11.376626968383789,
          "acoustic_entropy_side": 11.385361671447754,
          "hz": 369.9353335868758
        },
        {
          "acoustic_entropy": 11.144875526428223,
          "acoustic_entropy_side": 10.818639755249023,
          "hz": 464.6875360973435
        },
        {
          "acoustic_entropy": 11.141898155212402,
          "acoustic_entropy_side": 10.969537734985352,
          "hz": 567.8308811364784
        },
        {
          "acoustic_entropy": 11.101212501525879,
          "acoustic_entropy_side": 11.558225631713867,
          "hz": 680.1084783214808
        },
        {
          "acoustic_entropy": 11.20964527130127,
          "acoustic_entropy_side": 11.302804946899414,
          "hz": 802.3292461747484
        },
        {
          "acoustic_entropy": 11.336674690246582,
          "acoustic_entropy_side": 10.522522926330566,
          "hz": 935.3737400823702
        },
        {
          "acoustic_entropy": 11.53117561340332,
          "acoustic_entropy_side": 11.920517921447754,
          "hz": 1080.2004963696966
        },
        {
          "acoustic_entropy": 11.155129432678223,
          "acoustic_entropy_side": 10.90087604522705,
          "hz": 1237.8529382007157
        },
        {
          "acoustic_entropy": 11.61433219909668,
          "acoustic_entropy_side": 11.433995246887207,
          "hz": 1409.4668930556702
        },
        {
          "acoustic_entropy": 11.524622917175293,
          "acoustic_entropy_side": 11.555769920349121,
          "hz": 1596.2787759475705
        },
        {
          "acoustic_entropy": 11.465197563171387,
          "acoustic_entropy_side": 11.204842567443848,
          "hz": 1799.6344973346393
        },
        {
          "acoustic_entropy": 11.264089584350586,
          "acoustic_entropy_side": 11.11153793334961,
          "hz": 2020.9991599069049
        },
        {
          "acoustic_entropy": 11.305416107177734,
          "acoustic_entropy_side": 11.135923385620117,
          "hz": 2261.9676141086993
        },
        {
