{
  "acoustic_entropy": 156.8527069091797,
  "bands": [
    {
      "high_freq": 148.1999969482422,
      "loudness": -23.538171768188477,
      "loudness_range": 15.009023666381836,
      "mid_mean": -21.642940521240234,
      "mid_to_side_loudness": -6.691629886627197,
      "mid_to_side_loudness_range": 11.250239372253418,
      "side_mean": -27.031312942504883
    },
    {
      "high_freq": 392.3793640136719,
      "loudness": -20.571556091308594,
      "loudness_range": 7.8468780517578125,
      "low_freq": 148.1999969482422,
      "mid_mean": -18.333906173706055,
      "mid_to_side_loudness": -4.700869560241699,
      "mid_to_side_loudness_range": 8.079383850097656,
      "side_mean": -22.983333587646484
    },
    {
      "high_freq": 794.6976318359375,
      "loudness": -21.034032821655273,
      "loudness_range": 11.062225341796875,
      "low_freq": 392.3793640136719,
      "mid_mean": -19.117385864257812,
      "mid_to_side_loudness": -3.6419804096221924,
      "mid_to_side_loudness_range": 7.673248291015625,
      "side_mean": -22.865934371948242
    },
    {
      "high_freq": 1457.5709228515625,
      "loudness": -27.9172420501709,
      "loudness_range": 8.380926132202148,
      "low_freq": 794.6976318359375,
      "mid_mean": -26.304685592651367,
      "mid_to_side_loudness": -2.393524169921875,
      "mid_to_side_loudness_range": 6.07750129699707,
      "side_mean": -28.82732391357422
    },
    {
      "high_freq": 2549.74365234375,
      "loudness": -30.81369400024414,
      "loudness_range": 8.921871185302734,
      "low_freq": 1457.5709228515625,
      "mid_mean": -29.07720184326172,
      "mid_to_side_loudness": -2.801818370819092,
      "mid_to_side_loudness_range": 5.31839656829834,
      "side_mean": -32.10529327392578
    },
    {
      "high_freq": 4349.24462890625,
      "loudness": -37.84614181518555,
      "loudness_range": 12.845932006835938,
      "low_freq": 2549.74365234375,
      "mid_mean": -35.894344329833984,
      "mid_to_side_loudness": -3.211031436920166,
      "mid_to_side_loudness_range": 4.422470569610596,
      "side_mean": -39.33472442626953
    },
    {
      "high_freq": 7314.1640625,
      "loudness": -45.970584869384766,
      "loudness_range": 21.00338363647461,
      "low_freq": 4349.24462890625,
      "mid_mean": -44.42683029174805,
      "mid_to_side_loudness": -2.5790603160858154,
      "mid_to_side_loudness_range": 4.8717474937438965,
      "side_mean": -47.33320236206055
    },
    {
      "high_freq": 12199.2666015625,
      "loudness": -52.06415557861328,
      "loudness_range": 25.58089828491211,
      "low_freq": 7314.1640625,
      "mid_mean": -52.33596420288086,
      "mid_to_side_loudness": -2.9165775775909424,
      "mid_to_side_loudness_range": 5.704145431518555,
      "side_mean": -54.92387008666992
    },
    {
      "loudness": -57.480770111083984,
      "loudness_range": 20.90774154663086,
      "low_freq": 12199.2666015625,
      "mid_mean": -56.991546630859375,
      "mid_to_side_loudness": -1.9464293718338013,
      "mid_to_side_loudness_range": 3.575819253921509,
      "side_mean": -58.60219955444336
    }
  ],
  "bands_short": [
    {
      "high_freq": 148.1999969482422,
      "loudness": -26.980131149291992,
      "loudness_range": 18.198152542114258,
      "mid_mean": -25.644554138183594,
      "mid_to_side_loudness": -6.91120719909668,
      "mid_to_side_loudness_range": 15.087932586669922,
      "side_mean": -31.512250900268555
    },
    {
      "high_freq": 392.3793640136719,
      "loudness": -19.97492027282715,
      "loudness_range": 9.339375495910645,
      "low_freq": 148.1999969482422,
      "mid_mean": -17.827329635620117,
      "mid_to_side_loudness": -4.967367649078369,
      "mid_to_side_loudness_range": 10.370244026184082,
      "side_mean": -22.674449920654297
    },
    {
      "high_freq": 794.6976318359375,
      "loudness": -21.273935317993164,
      "loudness_range": 11.606285095214844,
      "low_freq": 392.3793640136719,
      "mid_mean": -19.482086181640625,
      "mid_to_side_loudness": -3.6501307487487793,
      "mid_to_side_loudness_range": 11.418079376220703,
      "side_mean": -23.324031829833984
    },
    {
      "high_freq": 1457.5709228515625,
      "loudness": -27.1767635345459,
      "loudness_range": 8.73488998413086,
      "low_freq": 794.6976318359375,
      "mid_mean": -25.801528930664062,
      "mid_to_side_loudness": -2.2257518768310547,
      "mid_to_side_loudness_range": 9.350570678710938,
      "side_mean": -28.148555755615234
    },
    {
      "high_freq": 2549.74365234375,
      "loudness": -30.990652084350586,
      "loudness_range": 9.33976936340332,
      "low_freq": 1457.5709228515625,
      "mid_mean": -29.276464462280273,
      "mid_to_side_loudness": -2.8166768550872803,
      "mid_to_side_loudness_range": 7.573233604431152,
      "side_mean": -32.297115325927734
    },
    {
      "high_freq": 4349.24462890625,
      "loudness": -37.858734130859375,
      "loudness_range": 12.612558364868164,
      "low_freq": 2549.74365234375,
      "mid_mean": -36.01063537597656,
      "mid_to_side_loudness": -3.1497700214385986,
      "mid_to_side_loudness_range": 5.826693534851074,
      "side_mean": -39.40043258666992
    },
    {
      "high_freq": 7314.1640625,
      "loudness": -45.848934173583984,
      "loudness_range": 20.724102020263672,
      "low_freq": 4349.24462890625,
      "mid_mean": -44.28489303588867,
      "mid_to_side_loudness": -2.5601303577423096,
      "mid_to_side_loudness_range": 5.966415882110596,
      "side_mean": -47.16773223876953
    },
    {
      "high_freq": 12199.2666015625,
      "loudness": -52.28287124633789,
      "loudness_range": 25.69341278076172,
      "low_freq": 7314.1640625,
      "mid_mean": -52.61283493041992,
      "mid_to_side_loudness": -2.7716927528381348,
      "mid_to_side_loudness_range": 6.0407562255859375,
      "side_mean": -55.065711975097656
    },
    {
      "loudness": -57.61098861694336,
      "loudness_range": 20.105480194091797,
      "low_freq": 12199.2666015625,
      "mid_mean": -57.19772720336914,
      "mid_to_side_loudness": -1.8794444799423218,
      "mid_to_side_loudness_range": 4.109717845916748,
      "side_mean": -58.7254753112793
    }
  ],
  "bandwidth": 447.3021545410156,
  "channels": 2,
  "covariance": [
    [
      46.636722564697266,
      29.93898582458496,
      15.227680206298828,
      17.850181579589844,
      10.374669075012207,
      10.21855640411377,
      11.415593147277832,
      12.549188613891602,
      9.25719165802002,
      11.639880180358887,
      7.945915222167969,
      11.077754020690918,
      14.704676628112793,
      21.590412139892578,
      27.446683883666992,
      28.573978424072266,
      23.762264251708984,
      24.435855865478516
    ],
    [
      29.93898582458496,
      45.737342834472656,
      15.226468086242676,
      17.4829044342041,
      6.808983325958252,
      5.61953067779541,
      11.614351272583008,
      11.524445533752441,
      12.113252639770508,
      12.875662803649902,
      11.976840019226074,
      14.374507904052734,
      19.59255027770996,
      26.427907943725586,
      27.39105796813965,
      30.522823333740234,
      23.280658721923828,
      25.38231658935547
    ],
    [
      15.227680206298828,
      15.226468086242676,
      16.533920288085938,
      13.156794548034668,
      8.24034309387207,
      8.652838706970215,
      9.314432144165039,
      9.611750602722168,
      7.418096542358398,
      8.435018539428711,
      3.7381794452667236,
      6.508809566497803,
      4.4655961990356445,
      10.234304428100586,
      8.905282020568848,
      9.669724464416504,
      8.541447639465332,
      8.817152976989746
    ],
    [
      17.850181579589844,
      17.4829044342041,
      13.156794548034668,
      18.906221389770508,
      6.118459224700928,
      7.115523338317871,
      8.998798370361328,
      10.010967254638672,
      7.7092437744140625,
      9.029576301574707,
      4.814621448516846,
      7.6446533203125,
      7.856077194213867,
      13.777915954589844,
      14.474279403686523,
      16.85019302368164,
      13.878693580627441,
      15.367268562316895
    ],
    [
      10.374669075012207,
      6.808983325958252,
      8.24034309387207,
      6.118459224700928,
      24.918590545654297,
      18.545269012451172,
      11.072467803955078,
      11.440414428710938,
      9.218091011047363,
      10.866900444030762,
      2.143306255340576,
      5.001618385314941,
      -2.8515830039978027,
      0.48406270146369934,
      0.9394980072975159,
      -4.354679107666016,
      -2.5049569606781006,
      -5.82706356048584
    ],
    [
      10.21855640411377,
      5.61953067779541,
      8.652838706970215,
      7.115523338317871,
      18.545269012451172,
      21.55343246459961,
      10.466195106506348,
      11.732568740844727,
      8.933403015136719,
      11.727977752685547,
      1.224819302558899,
      4.225761413574219,
      -3.045025587081909,
      0.39535239338874817,
      1.5302315950393677,
      -2.8245129585266113,
      -1.2595123052597046,
      -4.035880088806152
    ],
    [
      11.415593147277832,
      11.614351272583008,
      9.314432144165039,
      8.998798370361328,
      11.072467803955078,
      10.466195106506348,
      18.392118453979492,
      14.000000953674316,
      14.347931861877441,
      14.474451065063477,
      8.618354797363281,
      11.625768661499023,
      8.555208206176758,
      13.046826362609863,
      11.859907150268555,
      9.721433639526367,
      8.77682876586914,
      7.4904656410217285
    ],
    [
      12.549188613891602,
      11.524445533752441,
      9.611750602722168,
      10.010967254638672,
      11.440414428710938,
      11.732568740844727,
      14.000000953674316,
      17.029523849487305,
      11.041009902954102,
      14.146921157836914,
      7.1929450035095215,
      10.123342514038086,
      7.1226582527160645,
      10.823131561279297,
      10.512261390686035,
      8.46666145324707,
      7.639864921569824,
      6.392172813415527
    ],
    [
      9.25719165802002,
      12.113252639770508,
      7.418096542358398,
      7.7092437744140625,
      9.218091011047363,
      8.933403015136719,
      14.347931861877441,
      11.041009902954102,
      17.865829467773438,
      16.064552307128906,
      11.951559066772461,
      14.537544250488281,
      13.035528182983398,
      16.587623596191406,
      17.511945724487305,
      15.004670143127441,
      11.104323387145996,
      9.687643051147461
    ],
    [
      11.639880180358887,
      12.875662803649902,
      8.435018539428711,
      9.029576301574707,
      10.866900444030762,
      11.727977752685547,
      14.474451065063477,
      14.146921157836914,
      16.064552307128906,
      20.511444091796875,
      11.228055953979492,
      14.155484199523926,
      12.572400093078613,
      15.789739608764648,
      18.4488468170166,
      15.960554122924805,
      12.036182403564453,
      10.446173667907715
    ],
    [
      7.945915222167969,
      11.976840019226074,
      3.7381794452667236,
      4.814621448516846,
      2.143306255340576,
      1.224819302558899,
      8.618354797363281,
      7.1929450035095215,
      11.951559066772461,
      11.228055953979492,
      23.776214599609375,
      19.77904510498047,
      29.09782600402832,
      27.303651809692383,
      32.48576354980469,
      29.950653076171875,
      22.203933715820312,
      20.57891082763672
    ],
    [
      11.077754020690918,
      14.374507904052734,
      6.508809566497803,
      7.6446533203125,
      5.001618385314941,
      4.225761413574219,
      11.625768661499023,
      10.123342514038086,
      14.537544250488281,
      14.155484199523926,
      19.77904510498047,
      21.22275733947754,
      25.234994888305664,
      27.138696670532227,
      30.416412353515625,
      28.64330291748047,
      21.338788986206055,
      20.186670303344727
    ],
    [
      14.704676628112793,
      19.59255027770996,
      4.4655961990356445,
      7.856077194213867,
      -2.8515830039978027,
      -3.045025587081909,
      8.555208206176758,
      7.1226582527160645,
      13.035528182983398,
      12.572400093078613,
      29.09782600402832,
      25.234994888305664,
      47.60438537597656,
      43.58290481567383,
      52.9344367980957,
      51.52157211303711,
      38.85643768310547,
      37.80604934692383
    ],
    [
      21.590412139892578,
      26.427907943725586,
      10.234304428100586,
      13.777915954589844,
      0.48406270146369934,
      0.39535239338874817,
      13.046826362609863,
      10.823131561279297,
      16.587623596191406,
      15.789739608764648,
      27.303651809692383,
      27.138696670532227,
      43.58290481567383,
      48.048118591308594,
      53.86484909057617,
      55.339107513427734,
      42.14552688598633,
      42.9305419921875
    ],
    [
      27.446683883666992,
      27.39105796813965,
      8.905282020568848,
      14.474279403686523,
      0.9394980072975159,
      1.5302315950393677,
      11.859907150268555,
      10.512261390686035,
      17.511945724487305,
      18.4488468170166,
      32.48576354980469,
      30.416412353515625,
      52.9344367980957,
      53.86484909057617,
      97.72245788574219,
      91.9819564819336,
      73.43915557861328,
      69.72710418701172
    ],
    [
      28.573978424072266,
      30.522823333740234,
      9.669724464416504,
      16.85019302368164,
      -4.354679107666016,
      -2.8245129585266113,
      9.721433639526367,
      8.46666145324707,
      15.004670143127441,
      15.960554122924805,
      29.950653076171875,
      28.64330291748047,
      51.52157211303711,
      55.339107513427734,
      91.9819564819336,
      93.52204895019531,
      73.21961975097656,
      73.74728393554688
    ],
    [
      23.762264251708984,
      23.280658721923828,
      8.541447639465332,
      13.878693580627441,
      -2.5049569606781006,
      -1.2595123052597046,
      8.77682876586914,
      7.639864921569824,
      11.104323387145996,
      12.036182403564453,
      22.203933715820312,
      21.338788986206055,
      38.85643768310547,
      42.14552688598633,
      73.43915557861328,
      73.21961975097656,
      61.64228820800781,
      61.12168502807617
    ],
    [
      24.435855865478516,
      25.38231658935547,
      8.817152976989746,
      15.367268562316895,
      -5.82706356048584,
      -4.035880088806152,
      7.4904656410217285,
      6.392172813415527,
      9.687643051147461,
      10.446173667907715,
      20.57891082763672,
      20.186670303344727,
      37.80604934692383,
      42.9305419921875,
      69.72710418701172,
      73.74728393554688,
      61.12168502807617,
      63.56136703491211
    ]
  ],
  "covariance_short": [
    [
      73.0399169921875,
      44.003257751464844,
      19.420690536499023,
      23.610254287719727,
      4.659332275390625,
      5.466257095336914,
      8.609654426574707,
      9.860211372375488,
      6.613764762878418,
      8.102745056152344,
      7.83677864074707,
      9.806992530822754,
      16.180953979492188,
      22.751184463500977,
      26.748777389526367,
      30.493616104125977,
      26.539396286010742,
      28.534408569335938
    ],
    [
      44.003257751464844,
      72.99868774414062,
      19.294504165649414,
      24.969280242919922,
      6.615488052368164,
      6.28228759765625,
      11.639864921569824,
      12.200947761535645,
      11.089306831359863,
      13.392542839050293,
      12.94595718383789,
      15.636983871459961,
      21.77766227722168,
      28.914955139160156,
      34.747406005859375,
      38.015602111816406,
      30.912630081176758,
      32.99644088745117
    ],
    [
      19.420690536499023,
      19.294504165649414,
      20.675920486450195,
      14.5193452835083,
      8.39101505279541,
      9.154865264892578,
      8.053966522216797,
      9.200904846191406,
      6.075454235076904,
      7.189518928527832,
      3.4010698795318604,
      5.698860168457031,
      4.1223931312561035,
      9.599562644958496,
      10.117720603942871,
      11.023009300231934,
      9.88289737701416,
      10.202485084533691
    ],
    [
      23.610254287719727,
      24.969280242919922,
      14.5193452835083,
      24.239418029785156,
      5.74562406539917,
      6.90204381942749,
      7.98992395401001,
      9.814933776855469,
      6.288191795349121,
      7.853819847106934,
      4.396116256713867,
      6.749754428863525,
      7.398760795593262,
      13.319449424743652,
      14.604793548583984,
      16.80797576904297,
      14.153250694274902,
      15.546674728393555
    ],
    [
      4.659332275390625,
      6.615488052368164,
      8.39101505279541,
      5.74562406539917,
      27.913406372070312,
      16.4935359954834,
      11.921006202697754,
      12.915912628173828,
      9.091451644897461,
      10.207950592041016,
      2.4958508014678955,
      5.340075969696045,
      -2.310042381286621,
      1.450656771659851,
      0.8716360926628113,
      -3.482002019882202,
      -1.8807566165924072,
      -4.7773895263671875
    ],
    [
      5.466257095336914,
      6.28228759765625,
      9.154865264892578,
      6.90204381942749,
      16.4935359954834,
      24.73699188232422,
      11.400545120239258,
      13.378764152526855,
      8.783385276794434,
      10.682127952575684,
      1.6265738010406494,
      4.701351165771484,
      -2.1768033504486084,
      1.6484293937683105,
      2.776973247528076,
      -0.30577048659324646,
      0.7901261448860168,
      -1.3706480264663696
    ],
    [
      8.609654426574707,
      11.639864921569824,
      8.053966522216797,
      7.98992395401001,
      11.921006202697754,
      11.400545120239258,
      20.70721435546875,
      14.341387748718262,
      13.7511568069458,
      14.830992698669434,
      8.879510879516602,
      11.25717544555664,
      8.250699996948242,
      12.073287963867188,
      11.628912925720215,
      9.24522876739502,
      8.233664512634277,
      6.678985595703125
    ],
    [
      9.860211372375488,
      12.200947761535645,
      9.200904846191406,
      9.814933776855469,
      12.915912628173828,
      13.378764152526855,
      14.341387748718262,
      20.81825828552246,
      11.105454444885254,
      14.1360502243042,
      7.1302690505981445,
      9.680639266967773,
      6.4554338455200195,
      10.127775192260742,
      9.992181777954102,
      7.610877990722656,
      6.5591511726379395,
      5.006935119628906
    ],
    [
      6.613764762878418,
      11.089306831359863,
      6.075454235076904,
      6.288191795349121,
      9.091451644897461,
      8.783385276794434,
      13.7511568069458,
      11.105454444885254,
      19.459514617919922,
      16.021663665771484,
      12.696907997131348,
      14.21851634979248,
      13.202739715576172,
      16.481836318969727,
      17.63432502746582,
      15.616226196289062,
      11.44180965423584,
      10.303457260131836
    ],
    [
      8.102745056152344,
      13.392542839050293,
      7.189518928527832,
      7.853819847106934,
      10.207950592041016,
      10.682127952575684,
      14.830992698669434,
      14.1360502243042,
      16.021663665771484,
      21.881927490234375,
      11.774409294128418,
      14.347277641296387,
      13.03752613067627,
      16.703847885131836,
      18.494882583618164,
      16.574939727783203,
      12.192837715148926,
      10.967225074768066
    ],
    [
      7.83677864074707,
      12.94595718383789,
      3.4010698795318604,
      4.396116256713867,
      2.4958508014678955,
      1.6265738010406494,
      8.879510879516602,
      7.1302690505981445,
      12.696907997131348,
      11.774409294128418,
      24.88461685180664,
      20.156387329101562,
      28.291051864624023,
      27.17632293701172,
      31.934873580932617,
      29.31307601928711,
      21.412424087524414,
      19.929563522338867
    ],
    [
      9.806992530822754,
      15.636983871459961,
      5.698860168457031,
      6.749754428863525,
      5.340075969696045,
      4.701351165771484,
      11.25717544555664,
      9.680639266967773,
      14.21851634979248,
      14.347277641296387,
      20.156387329101562,
      22.0788631439209,
      24.436050415039062,
      26.55191421508789,
      29.874475479125977,
      28.14358139038086,
      20.707319259643555,
      19.687772750854492
    ],
    [
      16.180953979492188,
      21.77766227722168,
      4.1223931312561035,
      7.398760795593262,
      -2.310042381286621,
      -2.1768033504486084,
      8.250699996948242,
      6.4554338455200195,
      13.202739715576172,
      13.03752613067627,
      28.291051864624023,
      24.436050415039062,
      46.31468963623047,
      41.71588897705078,
      51.149932861328125,
      49.47113800048828,
      36.69560241699219,
      35.74207305908203
    ],
    [
      22.751184463500977,
      28.914955139160156,
      9.599562644958496,
      13.319449424743652,
      1.450656771659851,
      1.6484293937683105,
      12.073287963867188,
      10.127775192260742,
      16.481836318969727,
      16.703847885131836,
      27.17632293701172,
      26.55191421508789,
      41.71588897705078,
      46.5640983581543,
      52.46459197998047,
      53.33001708984375,
      40.24403762817383,
      40.863895416259766
    ],
    [
      26.748777389526367,
      34.747406005859375,
      10.117720603942871,
      14.604793548583984,
      0.8716360926628113,
      2.776973247528076,
      11.628912925720215,
      9.992181777954102,
      17.63432502746582,
      18.494882583618164,
      31.934873580932617,
      29.874475479125977,
      51.149932861328125,
      52.46459197998047,
      95.44023895263672,
      90.2403793334961,
      71.20457458496094,
      68.10787963867188
    ],
    [
      30.493616104125977,
      38.015602111816406,
      11.023009300231934,
      16.80797576904297,
      -3.482002019882202,
      -0.30577048659324646,
      9.24522876739502,
      7.610877990722656,
      15.616226196289062,
      16.574939727783203,
      29.31307601928711,
      28.14358139038086,
      49.47113800048828,
      53.33001708984375,
      90.2403793334961,
      91.44796752929688,
      70.91474151611328,
      71.3570327758789
    ],
    [
      26.539396286010742,
      30.912630081176758,
      9.88289737701416,
      14.153250694274902,
      -1.8807566165924072,
      0.7901261448860168,
      8.233664512634277,
      6.5591511726379395,
      11.44180965423584,
      12.192837715148926,
      21.412424087524414,
      20.707319259643555,
      36.69560241699219,
      40.24403762817383,
      71.20457458496094,
      70.91474151611328,
      60.00201416015625,
      59.37199020385742
    ],
    [
      28.534408569335938,
      32.99644088745117,
      10.202485084533691,
      15.546674728393555,
      -4.7773895263671875,
      -1.3706480264663696,
      6.678985595703125,
      5.006935119628906,
      10.303457260131836,
      10.967225074768066,
      19.929563522338867,
      19.687772750854492,
      35.74207305908203,
      40.863895416259766,
      68.10787963867188,
      71.3570327758789,
      59.37199020385742,
      61.72726058959961
    ]
  ],
  "damage": -4.847142696380615,
  "diff_bandwidth": 470.0236511230469,
  "dissonance": 4.634104542202426,
  "drr": 2.7344844341278076,
  "dynamics": 2.4350202083587646,
  "format": 1245190,
  "frames": 4370432,
  "loudness": -12.133040428161621,
  "loudness_range": 5.328946113586426,
  "loudness_range_short": 6.193442344665527,
  "lowpass_true_peak_15khz": 0.5116644501686096,
  "mastering3_acoustic_entropies": [
    {
      "acoustic_entropy": 4.704303741455078,
      "acoustic_entropy_mono": 4.567224025726318,
      "band_eliminated_acoustic_entropies": [
        {
          "acoustic_entropy": 4.711022853851318,
          "acoustic_entropy_side": 4.7400593757629395,
          "hz": 129.47220167065723
        },
        {
          "acoustic_entropy": 4.740474700927734,
          "acoustic_entropy_side": 4.7562737464904785,
          "hz": 202.92927478742237
        },
        {
          "acoustic_entropy": 4.789252758026123,
          "acoustic_entropy_side": 4.72327184677124,
          "hz": 282.89161906338205
        },
        {
          "acoustic_entropy": 5.1023054122924805,
          "acoustic_entropy_side": 4.841280460357666,
          "hz": 369.9353335868758
        },
        {
          "acoustic_entropy": 5.055454254150391,
          "acoustic_entropy_side": 4.657564163208008,
          "hz": 464.6875360973435
        },
        {
          "acoustic_entropy": 4.991884708404541,
          "acoustic_entropy_side": 4.5206708908081055,
          "hz": 567.8308811364784
        },
        {
          "acoustic_entropy": 5.611968040466309,
          "acoustic_entropy_side": 4.66595458984375,
          "hz": 680.1084783214808
        },
        {
          "acoustic_entropy": 4.73495626449585,
          "acoustic_entropy_side": 4.541601657867432,
          "hz": 802.3292461747484
        },
        {
          "acoustic_entropy": 4.679318904876709,
          "acoustic_entropy_side": 4.809487819671631,
          "hz": 935.3737400823702
        },
        {
          "acoustic_entropy": 4.921807289123535,
          "acoustic_entropy_side": 4.629471302032471,
          "hz": 1080.2004963696966
        },
        {
          "acoustic_entropy": 4.875233173370361,
          "acoustic_entropy_side": 4.75422477722168,
          "hz": 1237.8529382007157
        },
        {
          "acoustic_entropy": 4.6735711097717285,
          "acoustic_entropy_side": 4.708191394805908,
          "hz": 1409.4668930556702
        },
        {
          "acoustic_entropy": 4.702451705932617,
          "acoustic_entropy_side": 4.709704399108887,
          "hz": 1596.2787759475705
        },
        {
          "acoustic_entropy": 4.763469696044922,
          "acoustic_entropy_side": 4.7038984298706055,
          "hz": 1799.6344973346393
        },
        {
          "acoustic_entropy": 4.741450786590576,
          "acoustic_entropy_side": 4.710250377655029,
          "hz": 2020.9991599069049
        },
        {
          "acoustic_entropy": 4.736310958862305,
          "acoustic_entropy_side": 4.660565376281738,
          "hz": 2261.9676141086993
        },
        {
          "acoustic_entropy": 4.748128890991211,
          "acoustic_entropy_side": 4.705024719238281,
          "hz": 2524.2759484456974
        },
        {
          "acoustic_entropy": 4.713362216949463,
          "acoustic_entropy_side": 4.700325965881348,
          "hz": 2809.813997359896
        },
        {
          "acoustic_entropy": 4.703502655029297,
          "acoustic_entropy_side": 4.705196857452393,
          "hz": 3120.6389567871424
        },
        {
          "acoustic_entropy": 4.690406799316406,
          "acoustic_entropy_side": 4.703989505767822,
          "hz": 3458.990205492291
        },
        {
          "acoustic_entropy": 4.692039966583252,
          "acoustic_entropy_side": 4.703847885131836,
          "hz": 3827.305438964164
        },
        {
          "acoustic_entropy": 4.692854404449463,
          "acoustic_entropy_side": 4.7028069496154785,
          "hz": 4228.238232109126
        },
        {
          "acoustic_entropy": 4.67869234085083,
          "acoustic_entropy_side": 4.699568748474121,
          "hz": 4664.6771572759235
        },
        {
          "acoustic_entropy": 4.661863327026367,
          "acoustic_entropy_side": 4.6947455406188965,
          "hz": 5139.766595350093
        },
        {
          "acoustic_entropy": 4.668423175811768,
          "acoustic_entropy_side": 4.697573184967041,
          "hz": 5656.929389854203
        },
        {
          "acoustic_entropy": 4.680396556854248,
          "acoustic_entropy_side": 4.702645301818848,
          "hz": 6219.891507268283
        },
        {
          "acoustic_entropy": 4.685789585113525,
          "acoustic_entropy_side": 4.703032970428467,
          "hz": 6832.70888123896
        },
        {
          "acoustic_entropy": 4.673000335693359,
          "acoustic_entropy_side": 4.692580699920654,
          "hz": 7499.796634079867
        },
        {
          "acoustic_entropy": 4.653712272644043,
          "acoustic_entropy_side": 4.680727005004883,
          "hz": 8225.96088609342
        },
        {
          "acoustic_entropy": 4.513737201690674,
          "acoustic_entropy_side": 4.606765270233154,
          "hz": 9016.43338188839
        },
        {
          "acoustic_entropy": 4.453500747680664,
          "acoustic_entropy_side": 4.532024383544922,
          "hz": 9876.909183162974
        },
        {
          "acoustic_entropy": 4.627893924713135,
          "acoustic_entropy_side": 4.660962104797363,
          "hz": 10813.587699516042
        },
        {
          "acoustic_entropy": 4.697158336639404,
          "acoustic_entropy_side": 4.70015811920166,
          "hz": 11833.21735289826
        },
        {
          "acoustic_entropy": 4.665899753570557,
          "acoustic_entropy_side": 4.6843342781066895,
          "hz": 12943.144197493959
        },
        {
          "acoustic_entropy": 4.574188709259033,
          "acoustic_entropy_side": 4.637147426605225,
          "hz": 14151.364845322005
        },
        {
          "acoustic_entropy": 4.65852165222168,
          "acoustic_entropy_side": 4.682793617248535,
          "hz": 15466.58407886509
        },
        {
          "acoustic_entropy": 4.704102993011475,
          "acoustic_entropy_side": 4.704192161560059,
          "hz": 16898.27756580493
        },
        {
          "acoustic_entropy": 4.70426607131958,
          "acoustic_entropy_side": 4.704281806945801,
          "hz": 18456.760127700032
        },
        {
          "acoustic_entropy": 4.704286575317383,
          "acoustic_entropy_side": 4.704294681549072,
          "hz": 20153.260054456492
        },
        {
          "acoustic_entropy": 4.704303741455078,
          "acoustic_entropy_side": 4.70430326461792,
          "hz": 22000.00000000001
        }
      ],
      "diff_acoustic_entropy": 2.4520316123962402,
      "sn": 6
    },
    {
      "acoustic_entropy": 8.738829612731934,
      "acoustic_entropy_mono": 7.599761962890625,
      "band_eliminated_acoustic_entropies": [
        {
          "acoustic_entropy": 8.721529960632324,
          "acoustic_entropy_side": 8.785075187683105,
          "hz": 129.47220167065723
        },
        {
          "acoustic_entropy": 8.065746307373047,
          "acoustic_entropy_side": 8.616026878356934,
          "hz": 202.92927478742237
        },
        {
          "acoustic_entropy": 9.325738906860352,
          "acoustic_entropy_side": 8.720531463623047,
          "hz": 282.89161906338205
        },
        {
          "acoustic_entropy": 8.990631103515625,
          "acoustic_entropy_side": 8.710463523864746,
          "hz": 369.9353335868758
        },
        {
          "acoustic_entropy": 8.594069480895996,
          "acoustic_entropy_side": 8.847537994384766,
          "hz": 464.6875360973435
        },
        {
          "acoustic_entropy": 9.186395645141602,
          "acoustic_entropy_side": 8.686765670776367,
          "hz": 567.8308811364784
        },
        {
          "acoustic_entropy": 10.121851921081543,
          "acoustic_entropy_side": 9.370417594909668,
          "hz": 680.1084783214808
        },
        {
          "acoustic_entropy": 8.758431434631348,
          "acoustic_entropy_side": 8.68917465209961,
          "hz": 802.3292461747484
        },
        {
          "acoustic_entropy": 9.064520835876465,
          "acoustic_entropy_side": 8.724374771118164,
          "hz": 935.3737400823702
        },
        {
          "acoustic_entropy": 8.79388427734375,
          "acoustic_entropy_side": 8.682564735412598,
          "hz": 1080.2004963696966
        },
        {
          "acoustic_entropy": 9.41579532623291,
          "acoustic_entropy_side": 9.312056541442871,
          "hz": 1237.8529382007157
        },
        {
          "acoustic_entropy": 8.85889720916748,
          "acoustic_entropy_side": 8.735479354858398,
          "hz": 1409.4668930556702
        },
        {
          "acoustic_entropy": 8.47594928741455,
          "acoustic_entropy_side": 8.62069034576416,
          "hz": 1596.2787759475705
        },
        {
          "acoustic_entropy": 8.344402313232422,
          "acoustic_entropy_side": 8.662343978881836,
          "hz": 1799.6344973346393
        },
        {
          "acoustic_entropy": 8.585467338562012,
          "acoustic_entropy_side": 8.67066478729248,
          "hz": 2020.9991599069049
        },
        {
          "acoustic_entropy": 8.25925350189209,
          "acoustic_entropy_side": 8.543374061584473,
          "hz": 2261.9676141086993
        },
        {
          "acoustic_entropy": 8.612444877624512,
          "acoustic_entropy_side": 8.715335845947266,
          "hz": 2524.2759484456974
        },
        {
          "acoustic_entropy": 8.71417236328125,
          "acoustic_entropy_side": 8.76266098022461,
          "hz": 2809.813997359896
        },
        {
          "acoustic_entropy": 8.694366455078125,
          "acoustic_entropy_side": 8.744769096374512,
          "hz": 3120.6389567871424
        },
        {
          "acoustic_entropy": 8.617559432983398,
          "acoustic_entropy_side": 8.745964050292969,
          "hz": 3458.990205492291
        },
        {
          "acoustic_entropy": 8.473678588867188,
          "acoustic_entropy_side": 8.713135719299316,
          "hz": 3827.305438964164
        },
        {
          "acoustic_entropy": 8.476948738098145,
          "acoustic_entropy_side": 8.709786415100098,
          "hz": 4228.238232109126
        },
        {
          "acoustic_entropy": 8.62139892578125,
          "acoustic_entropy_side": 8.743975639343262,
          "hz": 4664.6771572759235
        },
        {
          "acoustic_entropy": 8.687662124633789,
          "acoustic_entropy_side": 8.740865707397461,
          "hz": 5139.766595350093
        },
        {
          "acoustic_entropy": 8.663946151733398,
          "acoustic_entropy_side": 8.740358352661133,
          "hz": 5656.929389854203
        },
        {
          "acoustic_entropy": 8.677230834960938,
          "acoustic_entropy_side": 8.736664772033691,
          "hz": 6219.891507268283
        },
        {
          "acoustic_entropy": 8.684683799743652,
          "acoustic_entropy_side": 8.738919258117676,
          "hz": 6832.70888123896
        },
        {
          "acoustic_entropy": 8.744256019592285,
          "acoustic_entropy_side": 8.731337547302246,
          "hz": 7499.796634079867
        },
        {
          "acoustic_entropy": 8.752280235290527,
          "acoustic_entropy_side": 8.721940994262695,
          "hz": 8225.96088609342
        },
        {
          "acoustic_entropy": 8.624946594238281,
          "acoustic_entropy_side": 8.625784873962402,
          "hz": 9016.43338188839
        },
        {
          "acoustic_entropy": 8.496578216552734,
          "acoustic_entropy_side": 8.5005464553833,
          "hz": 9876.909183162974
        },
        {
          "acoustic_entropy": 8.657811164855957,
          "acoustic_entropy_side": 8.669156074523926,
          "hz": 10813.587699516042
        },
        {
          "acoustic_entropy": 8.731633186340332,
          "acoustic_entropy_side": 8.727713584899902,
          "hz": 11833.21735289826
        },
        {
          "acoustic_entropy": 8.677264213562012,
          "acoustic_entropy_side": 8.69278335571289,
          "hz": 12943.144197493959
        },
        {
          "acoustic_entropy": 8.514636039733887,
          "acoustic_entropy_side": 8.614659309387207,
          "hz": 14151.364845322005
        },
        {
          "acoustic_entropy": 8.652894973754883,
          "acoustic_entropy_side": 8.68980598449707,
          "hz": 15466.58407886509
        },
        {
          "acoustic_entropy": 8.738680839538574,
          "acoustic_entropy_side": 8.738418579101562,
          "hz": 16898.27756580493
        },
        {
          "acoustic_entropy": 8.738759994506836,
          "acoustic_entropy_side": 8.738760948181152,
          "hz": 18456.760127700032
        },
        {
          "acoustic_entropy": 8.738739013671875,
          "acoustic_entropy_side": 8.738780975341797,
          "hz": 20153.260054456492
        },
        {
          "acoustic_entropy": 8.738822937011719,
          "acoustic_entropy_side": 8.738826751708984,
          "hz": 22000.00000000001
        }
      ],
      "diff_acoustic_entropy": 3.2996809482574463,
      "sn": 12
    },
    {
      "acoustic_entropy": 12.612706184387207,
      "acoustic_entropy_mono": 11.520609855651855,
      "band_eliminated_acoustic_entropies": [
        {
          "acoustic_entropy": 13.299162864685059,
          "acoustic_entropy_side": 13.017036437988281,
          "hz": 129.47220167065723
        },
        {
          "acoustic_entropy": 12.994429588317871,
          "acoustic_entropy_side": 13.665905952453613,
          "hz": 202.92927478742237
        },
        {
          "acoustic_entropy": 14.206158638000488,
          "acoustic_entropy_side": 12.322186470031738,
          "hz": 282.89161906338205
        },
        {
          "acoustic_entropy": 13.07708740234375,
          "acoustic_entropy_side": 13.8281888961792,
          "hz": 369.9353335868758
        },
        {
          "acoustic_entropy": 12.525513648986816,
          "acoustic_entropy_side": 12.620378494262695,
          "hz": 464.6875360973435
        },
        {
          "acoustic_entropy": 13.326274871826172,
          "acoustic_entropy_side": 13.29079818725586,
          "hz": 567.8308811364784
        },
        {
          "acoustic_entropy": 14.184106826782227,
          "acoustic_entropy_side": 13.87000560760498,
          "hz": 680.1084783214808
        },
        {
          "acoustic_entropy": 12.815278053283691,
          "acoustic_entropy_side": 12.683757781982422,
          "hz": 802.3292461747484
        },
        {
          "acoustic_entropy": 13.259893417358398,
          "acoustic_entropy_side": 13.746859550476074,
          "hz": 935.3737400823702
        },
        {
          "acoustic_entropy": 13.755095481872559,
          "acoustic_entropy_side": 14.0112943649292,
          "hz": 1080.2004963696966
        },
        {
          "acoustic_entropy": 13.559548377990723,
          "acoustic_entropy_side": 13.696504592895508,
          "hz": 1237.8529382007157
        },
        {
          "acoustic_entropy": 13.545117378234863,
          "acoustic_entropy_side": 13.50447940826416,
          "hz": 1409.4668930556702
        },
        {
          "acoustic_entropy": 13.140230178833008,
          "acoustic_entropy_side": 13.005704879760742,
          "hz": 1596.2787759475705
        },
        {
          "acoustic_entropy": 12.621841430664062,
          "acoustic_entropy_side": 12.758450508117676,
          "hz": 1799.6344973346393
        },
        {
          "acoustic_entropy": 13.33875846862793,
          "acoustic_entropy_side": 13.196023941040039,
          "hz": 2020.9991599069049
        },
        {
          "acoustic_entropy": 12.175943374633789,
          "acoustic_entropy_side": 12.28116512298584,
          "hz": 2261.9676141086993
        },
        {
          "acoustic_entropy": 12.937703132629395,
          "acoustic_entropy_side": 12.699819564819336,
          "hz": 2524.2759484456974
        },
        {
          "acoustic_entropy": 12.719403266906738,
          "acoustic_entropy_side": 12.53223705291748,
          "hz": 2809.813997359896
        },
        {
          "acoustic_entropy": 12.421843528747559,
          "acoustic_entropy_side": 12.604087829589844,
