{
  "acoustic_entropy": 211.3353271484375,
  "bands": [
    {
      "high_freq": 148.1999969482422,
      "loudness": -19.678159713745117,
      "loudness_range": 7.986233711242676,
      "mid_mean": -16.03493881225586,
      "mid_to_side_loudness": -17.977628707885742,
      "mid_to_side_loudness_range": 9.625628471374512,
      "side_mean": -34.46076202392578
    },
    {
      "high_freq": 392.3793640136719,
      "loudness": -20.180479049682617,
      "loudness_range": 6.778900146484375,
      "low_freq": 148.1999969482422,
      "mid_mean": -16.901508331298828,
      "mid_to_side_loudness": -10.404030799865723,
      "mid_to_side_loudness_range": 10.955007553100586,
      "side_mean": -27.55906867980957
    },
    {
      "high_freq": 794.6976318359375,
      "loudness": -19.40191078186035,
      "loudness_range": 10.297398567199707,
      "low_freq": 392.3793640136719,
      "mid_mean": -16.40894317626953,
      "mid_to_side_loudness": -8.55430793762207,
      "mid_to_side_loudness_range": 13.100948333740234,
      "side_mean": -25.24132537841797
    },
    {
      "high_freq": 1457.5709228515625,
      "loudness": -21.10907554626465,
      "loudness_range": 12.471478462219238,
      "low_freq": 794.6976318359375,
      "mid_mean": -18.338321685791016,
      "mid_to_side_loudness": -7.4676313400268555,
      "mid_to_side_loudness_range": 12.858197212219238,
      "side_mean": -25.997236251831055
    },
    {
      "high_freq": 2549.74365234375,
      "loudness": -19.562223434448242,
      "loudness_range": 9.508190155029297,
      "low_freq": 1457.5709228515625,
      "mid_mean": -17.011812210083008,
      "mid_to_side_loudness": -5.532036781311035,
      "mid_to_side_loudness_range": 8.547557830810547,
      "side_mean": -22.684551239013672
    },
    {
      "high_freq": 4349.24462890625,
      "loudness": -21.0418701171875,
      "loudness_range": 7.747152328491211,
      "low_freq": 2549.74365234375,
      "mid_mean": -18.46302604675293,
      "mid_to_side_loudness": -5.527638912200928,
      "mid_to_side_loudness_range": 6.000272750854492,
      "side_mean": -24.114608764648438
    },
    {
      "high_freq": 7314.1640625,
      "loudness": -25.663999557495117,
      "loudness_range": 9.262189865112305,
      "low_freq": 4349.24462890625,
      "mid_mean": -22.61083221435547,
      "mid_to_side_loudness": -8.20893669128418,
      "mid_to_side_loudness_range": 7.095999717712402,
      "side_mean": -31.065011978149414
    },
    {
      "high_freq": 12199.2666015625,
      "loudness": -27.284358978271484,
      "loudness_range": 10.288869857788086,
      "low_freq": 7314.1640625,
      "mid_mean": -23.9234561920166,
      "mid_to_side_loudness": -9.587152481079102,
      "mid_to_side_loudness_range": 9.209824562072754,
      "side_mean": -34.25462341308594
    },
    {
      "loudness": -29.850200653076172,
      "loudness_range": 11.005706787109375,
      "low_freq": 12199.2666015625,
      "mid_mean": -26.8850154876709,
      "mid_to_side_loudness": -7.290571689605713,
      "mid_to_side_loudness_range": 5.55915641784668,
      "side_mean": -34.451515197753906
    }
  ],
  "bands_short": [
    {
      "high_freq": 148.1999969482422,
      "loudness": -24.565889358520508,
      "loudness_range": 18.48478889465332,
      "mid_mean": -20.913835525512695,
      "mid_to_side_loudness": -17.957082748413086,
      "mid_to_side_loudness_range": 17.2379150390625,
      "side_mean": -39.306114196777344
    },
    {
      "high_freq": 392.3793640136719,
      "loudness": -19.852428436279297,
      "loudness_range": 11.145132064819336,
      "low_freq": 148.1999969482422,
      "mid_mean": -16.561655044555664,
      "mid_to_side_loudness": -11.296406745910645,
      "mid_to_side_loudness_range": 14.611108779907227,
      "side_mean": -28.157814025878906
    },
    {
      "high_freq": 794.6976318359375,
      "loudness": -20.52623176574707,
      "loudness_range": 13.605463981628418,
      "low_freq": 392.3793640136719,
      "mid_mean": -17.732358932495117,
      "mid_to_side_loudness": -8.015680313110352,
      "mid_to_side_loudness_range": 15.228398323059082,
      "side_mean": -25.986865997314453
    },
    {
      "high_freq": 1457.5709228515625,
      "loudness": -21.34491539001465,
      "loudness_range": 14.725335121154785,
      "low_freq": 794.6976318359375,
      "mid_mean": -18.713424682617188,
      "mid_to_side_loudness": -7.187837600708008,
      "mid_to_side_loudness_range": 14.71126937866211,
      "side_mean": -26.097286224365234
    },
    {
      "high_freq": 2549.74365234375,
      "loudness": -20.409000396728516,
      "loudness_range": 12.359149932861328,
      "low_freq": 1457.5709228515625,
      "mid_mean": -17.947967529296875,
      "mid_to_side_loudness": -5.563283920288086,
      "mid_to_side_loudness_range": 10.045358657836914,
      "side_mean": -23.622474670410156
    },
    {
      "high_freq": 4349.24462890625,
      "loudness": -21.658206939697266,
      "loudness_range": 10.676738739013672,
      "low_freq": 2549.74365234375,
      "mid_mean": -19.10343360900879,
      "mid_to_side_loudness": -5.642467975616455,
      "mid_to_side_loudness_range": 7.503550052642822,
      "side_mean": -24.83423614501953
    },
    {
      "high_freq": 7314.1640625,
      "loudness": -26.51051902770996,
      "loudness_range": 12.45721435546875,
      "low_freq": 4349.24462890625,
      "mid_mean": -23.572195053100586,
      "mid_to_side_loudness": -7.696426868438721,
      "mid_to_side_loudness_range": 8.929136276245117,
      "side_mean": -31.497610092163086
    },
    {
      "high_freq": 12199.2666015625,
      "loudness": -29.38397216796875,
      "loudness_range": 18.035778045654297,
      "low_freq": 7314.1640625,
      "mid_mean": -26.183637619018555,
      "mid_to_side_loudness": -9.172866821289062,
      "mid_to_side_loudness_range": 10.299015045166016,
      "side_mean": -35.920352935791016
    },
    {
      "loudness": -34.52863311767578,
      "loudness_range": 23.133848190307617,
      "low_freq": 12199.2666015625,
      "mid_mean": -31.5797176361084,
      "mid_to_side_loudness": -7.6266632080078125,
      "mid_to_side_loudness_range": 8.180139541625977,
      "side_mean": -39.762699127197266
    }
  ],
  "bandwidth": 785.8679809570312,
  "channels": 2,
  "covariance": [
    [
      10.263382911682129,
      6.941321849822998,
      -0.35846421122550964,
      1.926895022392273,
      -2.3690290451049805,
      0.5956592559814453,
      -0.9617823958396912,
      0.36369916796684265,
      0.03714507818222046,
      1.3030935525894165,
      1.133631944656372,
      1.506161093711853,
      -0.0903775691986084,
      0.12091907113790512,
      -0.6906147599220276,
      -1.075661540031433,
      -0.2695865333080292,
      -0.6057023406028748
    ],
    [
      6.941321849822998,
      13.490328788757324,
      -0.7517481446266174,
      4.374621391296387,
      -2.831145763397217,
      3.9884679317474365,
      -0.7602506875991821,
      3.210653066635132,
      0.5060652494430542,
      3.1170709133148193,
      1.9746925830841064,
      2.8483810424804688,
      1.0927413702011108,
      2.605330228805542,
      0.18341100215911865,
      1.22879159450531,
      -0.7064043283462524,
      -0.7792689800262451
    ],
    [
      -0.35846421122550964,
      -0.7517481446266174,
      6.890460968017578,
      1.7413897514343262,
      2.6177308559417725,
      0.27822935581207275,
      0.04084666445851326,
      -0.39199593663215637,
      -0.09069489687681198,
      0.03716215863823891,
      0.6133397817611694,
      -0.28112128376960754,
      2.0415146350860596,
      0.8493282794952393,
      1.3037770986557007,
      1.526625394821167,
      -0.2101442515850067,
      -0.3782005310058594
    ],
    [
      1.926895022392273,
      4.374621391296387,
      1.7413897514343262,
      8.60917854309082,
      -0.8666598796844482,
      5.429271221160889,
      0.46418341994285583,
      5.495345115661621,
      2.8591089248657227,
      5.304476737976074,
      3.685595989227295,
      5.017374515533447,
      2.3731300830841064,
      4.189920902252197,
      1.535426139831543,
      2.4143178462982178,
      1.0866214036941528,
      1.127950668334961
    ],
    [
      -2.3690290451049805,
      -2.831145763397217,
      2.6177308559417725,
      -0.8666598796844482,
      14.96354866027832,
      5.26755428314209,
      6.972911357879639,
      0.47076404094696045,
      1.7540384531021118,
      -1.6401604413986206,
      1.6734520196914673,
      -0.6522288918495178,
      2.688173532485962,
      0.3998529613018036,
      3.6251156330108643,
      3.50635027885437,
      -1.1145321130752563,
      -1.9665712118148804
    ],
    [
      0.5956592559814453,
      3.9884679317474365,
      0.27822935581207275,
      5.429271221160889,
      5.26755428314209,
      13.9175386428833,
      6.034590721130371,
      9.61606502532959,
      5.808192253112793,
      7.3968658447265625,
      6.036583423614502,
      7.06840181350708,
      4.028884410858154,
      6.977999210357666,
      3.203153133392334,
      5.679389476776123,
      0.32353687286376953,
      0.22933198511600494
    ],
    [
      -0.9617823958396912,
      -0.7602506875991821,
      0.04084666445851326,
      0.46418341994285583,
      6.972911357879639,
      6.034590721130371,
      21.835573196411133,
      8.137207984924316,
      7.9628095626831055,
      3.5687942504882812,
      4.204185962677002,
      3.3561809062957764,
      3.146512508392334,
      3.6664679050445557,
      2.8049349784851074,
      4.391276836395264,
      -1.5924992561340332,
      -1.9711507558822632
    ],
    [
      0.36369916796684265,
      3.210653066635132,
      -0.39199593663215637,
      5.495345115661621,
      0.47076404094696045,
      9.61606502532959,
      8.137207984924316,
      14.503255844116211,
      7.7241129875183105,
      10.902640342712402,
      6.717438697814941,
      9.442068099975586,
      3.733518362045288,
      7.862287998199463,
      1.5512573719024658,
      4.714658260345459,
      0.82856684923172,
      0.999908447265625
    ],
    [
      0.03714507818222046,
      0.5060652494430542,
      -0.09069489687681198,
      2.8591089248657227,
      1.7540384531021118,
      5.808192253112793,
      7.9628095626831055,
      7.7241129875183105,
      11.183210372924805,
      8.943007469177246,
      6.850862503051758,
      7.469116687774658,
      3.862837314605713,
      5.705445766448975,
      2.333728790283203,
      4.089423179626465,
      0.40906015038490295,
      0.3867713212966919
    ],
    [
      1.3030935525894165,
      3.1170709133148193,
      0.03716215863823891,
      5.304476737976074,
      -1.6401604413986206,
      7.3968658447265625,
      3.5687942504882812,
      10.902640342712402,
      8.943007469177246,
      14.890621185302734,
      7.119160175323486,
      11.524847030639648,
      3.726360559463501,
      8.645941734313965,
      1.1186109781265259,
      3.99304461479187,
      1.82950758934021,
      1.8661432266235352
    ],
    [
      1.133631944656372,
      1.9746925830841064,
      0.6133397817611694,
      3.685595989227295,
      1.6734520196914673,
      6.036583423614502,
      4.204185962677002,
      6.717438697814941,
      6.850862503051758,
      7.119160175323486,
      7.584986686706543,
      7.378824710845947,
      5.603100776672363,
      6.562695503234863,
      3.631221055984497,
      5.27724027633667,
      1.4875892400741577,
      1.4970771074295044
    ],
    [
      1.506161093711853,
      2.8483810424804688,
      -0.28112128376960754,
      5.017374515533447,
      -0.6522288918495178,
      7.06840181350708,
      3.3561809062957764,
      9.442068099975586,
      7.469116687774658,
      11.524847030639648,
      7.378824710845947,
      11.29499340057373,
      4.389780044555664,
      8.31019401550293,
      1.8965188264846802,
      4.252121448516846,
      1.5621756315231323,
      1.70561945438385
    ],
    [
      -0.0903775691986084,
      1.0927413702011108,
      2.0415146350860596,
      2.3731300830841064,
      2.688173532485962,
      4.028884410858154,
      3.146512508392334,
      3.733518362045288,
      3.862837314605713,
      3.726360559463501,
      5.603100776672363,
      4.389780044555664,
      11.22767448425293,
      7.7261176109313965,
      9.555636405944824,
      11.559747695922852,
      5.857044219970703,
      5.429670810699463
    ],
    [
      0.12091907113790512,
      2.605330228805542,
      0.8493282794952393,
      4.189920902252197,
      0.3998529613018036,
      6.977999210357666,
      3.6664679050445557,
      7.862287998199463,
      5.705445766448975,
      8.645941734313965,
      6.562695503234863,
      8.31019401550293,
      7.7261176109313965,
      10.640312194824219,
      5.202823162078857,
      9.538448333740234,
      3.449712038040161,
      4.193398952484131
    ],
    [
      -0.6906147599220276,
      0.18341100215911865,
      1.3037770986557007,
      1.535426139831543,
      3.6251156330108643,
      3.203153133392334,
      2.8049349784851074,
      1.5512573719024658,
      2.333728790283203,
      1.1186109781265259,
      3.631221055984497,
      1.8965188264846802,
      9.555636405944824,
      5.202823162078857,
      17.185644149780273,
      12.76623821258545,
      10.530156135559082,
      8.860835075378418
    ],
    [
      -1.075661540031433,
      1.22879159450531,
      1.526625394821167,
      2.4143178462982178,
      3.50635027885437,
      5.679389476776123,
      4.391276836395264,
      4.714658260345459,
      4.089423179626465,
      3.99304461479187,
      5.27724027633667,
      4.252121448516846,
      11.559747695922852,
      9.538448333740234,
      12.76623821258545,
      18.770030975341797,
      8.757579803466797,
      9.631937980651855
    ],
    [
      -0.2695865333080292,
      -0.7064043283462524,
      -0.2101442515850067,
      1.0866214036941528,
      -1.1145321130752563,
      0.32353687286376953,
      -1.5924992561340332,
      0.82856684923172,
      0.40906015038490295,
      1.82950758934021,
      1.4875892400741577,
      1.5621756315231323,
      5.857044219970703,
      3.449712038040161,
      10.530156135559082,
      8.757579803466797,
      15.867902755737305,
      14.484067916870117
    ],
    [
      -0.6057023406028748,
      -0.7792689800262451,
      -0.3782005310058594,
      1.127950668334961,
      -1.9665712118148804,
      0.22933198511600494,
      -1.9711507558822632,
      0.999908447265625,
      0.3867713212966919,
      1.8661432266235352,
      1.4970771074295044,
      1.70561945438385,
      5.429670810699463,
      4.193398952484131,
      8.860835075378418,
      9.631937980651855,
      14.484067916870117,
      15.716785430908203
    ]
  ],
  "covariance_short": [
    [
      43.81723403930664,
      23.272933959960938,
      6.6131792068481445,
      7.329288482666016,
      -0.11801397800445557,
      3.8208370208740234,
      0.9954863786697388,
      2.5809855461120605,
      3.7355048656463623,
      4.908713340759277,
      5.40988302230835,
      5.593061447143555,
      2.524204969406128,
      1.4598652124404907,
      0.5362093448638916,
      -0.9498611688613892,
      0.21889743208885193,
      -0.4632405638694763
    ],
    [
      23.272933959960938,
      30.71881675720215,
      2.5865063667297363,
      8.565336227416992,
      -1.3763480186462402,
      4.950145721435547,
      0.01966109499335289,
      4.153928279876709,
      2.467200756072998,
      5.014393329620361,
      3.718179225921631,
      4.658110618591309,
      1.1949673891067505,
      2.3606481552124023,
      -0.4688732624053955,
      0.4215715527534485,
      -0.37659189105033875,
      -0.614326000213623
    ],
    [
      6.6131792068481445,
      2.5865063667297363,
      18.817996978759766,
      6.654722213745117,
      7.1879963874816895,
      2.969189405441284,
      2.8720061779022217,
      1.903112530708313,
      5.115357398986816,
      4.923703193664551,
      5.555917739868164,
      4.919742584228516,
      5.826812744140625,
      3.364557981491089,
      4.572446823120117,
      3.5783872604370117,
      3.7999024391174316,
      3.8117287158966064
    ],
    [
      7.329288482666016,
      8.565336227416992,
      6.654722213745117,
      15.922136306762695,
      2.2004456520080566,
      7.471165657043457,
      3.1092541217803955,
      7.648651123046875,
      6.945072174072266,
      10.222027778625488,
      7.3611369132995605,
      9.717369079589844,
      5.046809673309326,
      6.7104644775390625,
      3.3494021892547607,
      4.604297637939453,
      2.438906669616699,
      3.4961609840393066
    ],
    [
      -0.11801397800445557,
      -1.3763480186462402,
      7.1879963874816895,
      2.2004456520080566,
      27.898700714111328,
      11.343318939208984,
      12.132658004760742,
      4.069095611572266,
      6.28663444519043,
      2.7253854274749756,
      6.546629905700684,
      3.8580305576324463,
      7.9195685386657715,
      4.438591957092285,
      11.7597074508667,
      9.280213356018066,
      7.582432746887207,
      7.2021918296813965
    ],
    [
      3.8208370208740234,
      4.950145721435547,
      2.969189405441284,
      7.471165657043457,
      11.343318939208984,
      20.992658615112305,
      9.815025329589844,
      12.795944213867188,
      10.588262557983398,
      12.800898551940918,
      10.770210266113281,
      12.56627368927002,
      8.390678405761719,
      10.49692440032959,
      8.466249465942383,
      10.439467430114746,
      4.846858024597168,
      6.460091590881348
    ],
    [
      0.9954863786697388,
      0.01966109499335289,
      2.8720061779022217,
      3.1092541217803955,
      12.132658004760742,
      9.815025329589844,
      31.263338088989258,
      13.137136459350586,
      16.396141052246094,
      9.979459762573242,
      10.70776081085205,
      9.566242218017578,
      8.049942970275879,
      7.733591079711914,
      11.159231185913086,
      9.638062477111816,
      5.718461036682129,
      5.353150367736816
    ],
    [
      2.5809855461120605,
      4.153928279876709,
      1.903112530708313,
      7.648651123046875,
      4.069095611572266,
      12.795944213867188,
      13.137136459350586,
      21.058395385742188,
      14.247417449951172,
      17.97587013244629,
      12.043181419372559,
      16.03246307373047,
      7.264542579650879,
      11.73095989227295,
      5.063224792480469,
      8.118422508239746,
      2.609107255935669,
      3.9338808059692383
    ],
    [
      3.7355048656463623,
      2.467200756072998,
      5.115357398986816,
      6.945072174072266,
      6.28663444519043,
      10.588262557983398,
      16.396141052246094,
      14.247417449951172,
      25.03128433227539,
      20.780517578125,
      16.597488403320312,
      17.969390869140625,
      10.569252014160156,
      12.247575759887695,
      9.02525806427002,
      9.509224891662598,
      5.0401458740234375,
      5.4493184089660645
    ],
    [
      4.908713340759277,
      5.014393329620361,
      4.923703193664551,
      10.222027778625488,
      2.7253854274749756,
      12.800898551940918,
      9.979459762573242,
      17.97587013244629,
      20.780517578125,
      29.82895851135254,
      16.826723098754883,
      23.842634201049805,
      9.677209854125977,
      15.795635223388672,
      5.012466907501221,
      8.098105430603027,
      3.6022801399230957,
      4.757428169250488
    ],
    [
      5.40988302230835,
      3.718179225921631,
      5.555917739868164,
      7.3611369132995605,
      6.546629905700684,
      10.770210266113281,
      10.70776081085205,
      12.043181419372559,
      16.597488403320312,
      16.826723098754883,
      18.567888259887695,
      18.098976135253906,
      13.726776123046875,
      13.72689437866211,
      11.308841705322266,
      12.331008911132812,
      9.097603797912598,
      9.799339294433594
    ],
    [
      5.593061447143555,
      4.658110618591309,
      4.919742584228516,
      9.717369079589844,
      3.8580305576324463,
      12.56627368927002,
      9.566242218017578,
      16.03246307373047,
      17.969390869140625,
      23.842634201049805,
      18.098976135253906,
      25.8366641998291,
      11.399455070495605,
      16.57730484008789,
      6.775938987731934,
      9.961637496948242,
      5.056947708129883,
      6.518373012542725
    ],
    [
      2.524204969406128,
      1.1949673891067505,
      5.826812744140625,
      5.046809673309326,
      7.9195685386657715,
      8.390678405761719,
      8.049942970275879,
      7.264542579650879,
      10.569252014160156,
      9.677209854125977,
      13.726776123046875,
      11.399455070495605,
      23.227205276489258,
      15.675785064697266,
      24.634511947631836,
      24.21553611755371,
      24.560462951660156,
      26.331954956054688
    ],
    [
      1.4598652124404907,
      2.3606481552124023,
      3.364557981491089,
      6.7104644775390625,
      4.438591957092285,
      10.49692440032959,
      7.733591079711914,
      11.73095989227295,
      12.247575759887695,
      15.795635223388672,
      13.72689437866211,
      16.57730484008789,
      15.675785064697266,
      18.68776512145996,
      14.18261432647705,
      17.9053955078125,
      13.54174518585205,
      16.5847225189209
    ],
    [
      0.5362093448638916,
      -0.4688732624053955,
      4.572446823120117,
      3.3494021892547607,
      11.7597074508667,
      8.466249465942383,
      11.159231185913086,
      5.063224792480469,
      9.02525806427002,
      5.012466907501221,
      11.308841705322266,
      6.775938987731934,
      24.634511947631836,
      14.18261432647705,
      45.850868225097656,
      35.406951904296875,
      42.44282531738281,
      43.263336181640625
    ],
    [
      -0.9498611688613892,
      0.4215715527534485,
      3.5783872604370117,
      4.604297637939453,
      9.280213356018066,
      10.439467430114746,
      9.638062477111816,
      8.118422508239746,
      9.509224891662598,
      8.098105430603027,
      12.331008911132812,
      9.961637496948242,
      24.21553611755371,
      17.9053955078125,
      35.406951904296875,
      38.369991302490234,
      35.8521728515625,
      40.846683502197266
    ],
    [
      0.21889743208885193,
      -0.37659189105033875,
      3.7999024391174316,
      2.438906669616699,
      7.582432746887207,
      4.846858024597168,
      5.718461036682129,
      2.609107255935669,
      5.0401458740234375,
      3.6022801399230957,
      9.097603797912598,
      5.056947708129883,
      24.560462951660156,
      13.54174518585205,
      42.44282531738281,
      35.8521728515625,
      65.57164001464844,
      62.55280303955078
    ],
    [
      -0.4632405638694763,
      -0.614326000213623,
      3.8117287158966064,
      3.4961609840393066,
      7.2021918296813965,
      6.460091590881348,
      5.353150367736816,
      3.9338808059692383,
      5.4493184089660645,
      4.757428169250488,
      9.799339294433594,
      6.518373012542725,
      26.331954956054688,
      16.5847225189209,
      43.263336181640625,
      40.846683502197266,
      62.55280303955078,
      70.56047821044922
    ]
  ],
  "damage": -5.17288875579834,
  "diff_bandwidth": 776.9528198242188,
  "dissonance": 10.33326344293081,
  "drr": 16.216657638549805,
  "dynamics": 1.889468789100647,
  "format": 1245190,
  "frames": 13349952,
  "loudness": -7.955633640289307,
  "loudness_range": 4.350176811218262,
  "loudness_range_short": 6.541717529296875,
  "lowpass_true_peak_15khz": 1.598080039024353,
  "mastering3_acoustic_entropies": [
    {
      "acoustic_entropy": 6.178894996643066,
      "acoustic_entropy_mono": 6.81522274017334,
      "band_eliminated_acoustic_entropies": [
        {
          "acoustic_entropy": 6.205178737640381,
          "acoustic_entropy_side": 6.1789069175720215,
          "hz": 129.47220167065723
        },
        {
          "acoustic_entropy": 6.18842887878418,
          "acoustic_entropy_side": 6.179060935974121,
          "hz": 202.92927478742237
        },
        {
          "acoustic_entropy": 6.533836841583252,
          "acoustic_entropy_side": 6.1781229972839355,
          "hz": 282.89161906338205
        },
        {
          "acoustic_entropy": 6.2131571769714355,
          "acoustic_entropy_side": 6.179197311401367,
          "hz": 369.9353335868758
        },
        {
          "acoustic_entropy": 6.02529239654541,
          "acoustic_entropy_side": 6.103184700012207,
          "hz": 464.6875360973435
        },
        {
          "acoustic_entropy": 6.376406192779541,
          "acoustic_entropy_side": 6.227631568908691,
          "hz": 567.8308811364784
        },
        {
          "acoustic_entropy": 6.280179023742676,
          "acoustic_entropy_side": 6.284508228302002,
          "hz": 680.1084783214808
        },
        {
          "acoustic_entropy": 6.765115261077881,
          "acoustic_entropy_side": 6.107930660247803,
          "hz": 802.3292461747484
        },
        {
          "acoustic_entropy": 6.448942184448242,
          "acoustic_entropy_side": 6.0855393409729,
          "hz": 935.3737400823702
        },
        {
          "acoustic_entropy": 5.748836040496826,
          "acoustic_entropy_side": 6.232916355133057,
          "hz": 1080.2004963696966
        },
        {
          "acoustic_entropy": 5.880269527435303,
          "acoustic_entropy_side": 6.067120552062988,
          "hz": 1237.8529382007157
        },
        {
          "acoustic_entropy": 5.6312642097473145,
          "acoustic_entropy_side": 6.039405345916748,
          "hz": 1409.4668930556702
        },
        {
          "acoustic_entropy": 6.168840408325195,
          "acoustic_entropy_side": 6.162412166595459,
          "hz": 1596.2787759475705
        },
        {
          "acoustic_entropy": 6.17307186126709,
          "acoustic_entropy_side": 6.1776957511901855,
          "hz": 1799.6344973346393
        },
        {
          "acoustic_entropy": 6.201516628265381,
          "acoustic_entropy_side": 6.201828956604004,
          "hz": 2020.9991599069049
        },
        {
          "acoustic_entropy": 6.306548118591309,
          "acoustic_entropy_side": 6.201601028442383,
          "hz": 2261.9676141086993
        },
        {
          "acoustic_entropy": 6.277418613433838,
          "acoustic_entropy_side": 6.156445503234863,
          "hz": 2524.2759484456974
        },
        {
          "acoustic_entropy": 6.369074821472168,
          "acoustic_entropy_side": 6.255215644836426,
          "hz": 2809.813997359896
        },
        {
          "acoustic_entropy": 6.323629856109619,
          "acoustic_entropy_side": 6.201655387878418,
          "hz": 3120.6389567871424
        },
        {
          "acoustic_entropy": 6.218299388885498,
          "acoustic_entropy_side": 6.1715850830078125,
          "hz": 3458.990205492291
        },
        {
          "acoustic_entropy": 6.2011284828186035,
          "acoustic_entropy_side": 6.176115036010742,
          "hz": 3827.305438964164
        },
        {
          "acoustic_entropy": 6.2621917724609375,
          "acoustic_entropy_side": 6.219517230987549,
          "hz": 4228.238232109126
        },
        {
          "acoustic_entropy": 6.2215352058410645,
          "acoustic_entropy_side": 6.210387229919434,
          "hz": 4664.6771572759235
        },
        {
          "acoustic_entropy": 6.1749114990234375,
          "acoustic_entropy_side": 6.186460018157959,
          "hz": 5139.766595350093
        },
        {
          "acoustic_entropy": 6.149873733520508,
          "acoustic_entropy_side": 6.175561904907227,
          "hz": 5656.929389854203
        },
        {
          "acoustic_entropy": 6.186334609985352,
          "acoustic_entropy_side": 6.179824352264404,
          "hz": 6219.891507268283
        },
        {
          "acoustic_entropy": 6.1616010665893555,
          "acoustic_entropy_side": 6.181180477142334,
          "hz": 6832.70888123896
        },
        {
          "acoustic_entropy": 6.104943752288818,
          "acoustic_entropy_side": 6.17997932434082,
          "hz": 7499.796634079867
        },
        {
          "acoustic_entropy": 6.132917404174805,
          "acoustic_entropy_side": 6.179476261138916,
          "hz": 8225.96088609342
        },
        {
          "acoustic_entropy": 6.150383949279785,
          "acoustic_entropy_side": 6.178475379943848,
          "hz": 9016.43338188839
        },
        {
          "acoustic_entropy": 6.149393558502197,
          "acoustic_entropy_side": 6.179359436035156,
          "hz": 9876.909183162974
        },
        {
          "acoustic_entropy": 6.1310906410217285,
          "acoustic_entropy_side": 6.17720365524292,
          "hz": 10813.587699516042
        },
        {
          "acoustic_entropy": 6.142094135284424,
          "acoustic_entropy_side": 6.177770137786865,
          "hz": 11833.21735289826
        },
        {
          "acoustic_entropy": 6.156210422515869,
          "acoustic_entropy_side": 6.179638862609863,
          "hz": 12943.144197493959
        },
        {
          "acoustic_entropy": 6.146538257598877,
          "acoustic_entropy_side": 6.1799445152282715,
          "hz": 14151.364845322005
        },
        {
          "acoustic_entropy": 6.125011444091797,
          "acoustic_entropy_side": 6.177484512329102,
          "hz": 15466.58407886509
        },
        {
          "acoustic_entropy": 6.05659294128418,
          "acoustic_entropy_side": 6.172614574432373,
          "hz": 16898.27756580493
        },
        {
          "acoustic_entropy": 6.125704288482666,
          "acoustic_entropy_side": 6.17655086517334,
          "hz": 18456.760127700032
        },
        {
          "acoustic_entropy": 6.167672634124756,
          "acoustic_entropy_side": 6.178757667541504,
          "hz": 20153.260054456492
        },
        {
          "acoustic_entropy": 6.178096771240234,
          "acoustic_entropy_side": 6.178970813751221,
          "hz": 22000.00000000001
        }
      ],
      "diff_acoustic_entropy": 6.246491432189941,
      "sn": 6
    },
    {
      "acoustic_entropy": 9.589485168457031,
      "acoustic_entropy_mono": 9.82693099975586,
      "band_eliminated_acoustic_entropies": [
        {
          "acoustic_entropy": 9.20677661895752,
          "acoustic_entropy_side": 9.588769912719727,
          "hz": 129.47220167065723
        },
        {
          "acoustic_entropy": 9.473058700561523,
          "acoustic_entropy_side": 9.570907592773438,
          "hz": 202.92927478742237
        },
        {
          "acoustic_entropy": 10.220108032226562,
          "acoustic_entropy_side": 9.598552703857422,
          "hz": 282.89161906338205
        },
        {
          "acoustic_entropy": 9.603964805603027,
          "acoustic_entropy_side": 9.606124877929688,
          "hz": 369.9353335868758
        },
        {
          "acoustic_entropy": 9.631683349609375,
          "acoustic_entropy_side": 9.728744506835938,
          "hz": 464.6875360973435
        },
        {
          "acoustic_entropy": 9.467273712158203,
          "acoustic_entropy_side": 9.4992036819458,
          "hz": 567.8308811364784
        },
        {
          "acoustic_entropy": 9.88451862335205,
          "acoustic_entropy_side": 9.288973808288574,
          "hz": 680.1084783214808
        },
        {
          "acoustic_entropy": 9.568138122558594,
          "acoustic_entropy_side": 9.471264839172363,
          "hz": 802.3292461747484
        },
        {
          "acoustic_entropy": 10.08120346069336,
          "acoustic_entropy_side": 9.502490997314453,
          "hz": 935.3737400823702
        },
        {
          "acoustic_entropy": 9.218887329101562,
          "acoustic_entropy_side": 9.683963775634766,
          "hz": 1080.2004963696966
        },
        {
          "acoustic_entropy": 9.557534217834473,
          "acoustic_entropy_side": 9.180742263793945,
          "hz": 1237.8529382007157
        },
        {
          "acoustic_entropy": 9.544726371765137,
          "acoustic_entropy_side": 9.619738578796387,
          "hz": 1409.4668930556702
        },
        {
          "acoustic_entropy": 9.584137916564941,
          "acoustic_entropy_side": 9.60743522644043,
          "hz": 1596.2787759475705
        },
        {
          "acoustic_entropy": 9.407748222351074,
          "acoustic_entropy_side": 9.546183586120605,
          "hz": 1799.6344973346393
        },
        {
          "acoustic_entropy": 9.4221773147583,
          "acoustic_entropy_side": 9.712841987609863,
          "hz": 2020.9991599069049
        },
        {
          "acoustic_entropy": 9.489065170288086,
          "acoustic_entropy_side": 9.550102233886719,
          "hz": 2261.9676141086993
        },
        {
          "acoustic_entropy": 8.950194358825684,
          "acoustic_entropy_side": 9.438899993896484,
          "hz": 2524.2759484456974
        },
        {
          "acoustic_entropy": 9.406587600708008,
          "acoustic_entropy_side": 9.410049438476562,
          "hz": 2809.813997359896
        },
        {
          "acoustic_entropy": 9.445660591125488,
          "acoustic_entropy_side": 9.580288887023926,
          "hz": 3120.6389567871424
        },
        {
          "acoustic_entropy": 9.36137866973877,
          "acoustic_entropy_side": 9.595052719116211,
          "hz": 3458.990205492291
        },
        {
          "acoustic_entropy": 9.47315502166748,
          "acoustic_entropy_side": 9.570943832397461,
          "hz": 3827.305438964164
        },
        {
          "acoustic_entropy": 9.529568672180176,
          "acoustic_entropy_side": 9.5208158493042,
          "hz": 4228.238232109126
        },
        {
          "acoustic_entropy": 9.512639999389648,
          "acoustic_entropy_side": 9.536226272583008,
          "hz": 4664.6771572759235
        },
        {
          "acoustic_entropy": 9.548018455505371,
          "acoustic_entropy_side": 9.553398132324219,
          "hz": 5139.766595350093
        },
        {
          "acoustic_entropy": 9.693592071533203,
          "acoustic_entropy_side": 9.599937438964844,
          "hz": 5656.929389854203
        },
        {
          "acoustic_entropy": 9.71894359588623,
          "acoustic_entropy_side": 9.59000301361084,
          "hz": 6219.891507268283
        },
        {
          "acoustic_entropy": 9.664291381835938,
          "acoustic_entropy_side": 9.593071937561035,
          "hz": 6832.70888123896
        },
        {
          "acoustic_entropy": 9.596611976623535,
          "acoustic_entropy_side": 9.587431907653809,
          "hz": 7499.796634079867
        },
        {
          "acoustic_entropy": 9.582764625549316,
          "acoustic_entropy_side": 9.567732810974121,
          "hz": 8225.96088609342
        },
        {
          "acoustic_entropy": 9.656970977783203,
          "acoustic_entropy_side": 9.573857307434082,
          "hz": 9016.43338188839
        },
        {
          "acoustic_entropy": 9.679276466369629,
          "acoustic_entropy_side": 9.590764999389648,
          "hz": 9876.909183162974
        },
        {
          "acoustic_entropy": 9.52694034576416,
          "acoustic_entropy_side": 9.616072654724121,
          "hz": 10813.587699516042
        },
        {
          "acoustic_entropy": 9.656503677368164,
          "acoustic_entropy_side": 9.624889373779297,
          "hz": 11833.21735289826
        },
        {
          "acoustic_entropy": 9.703336715698242,
          "acoustic_entropy_side": 9.620119094848633,
          "hz": 12943.144197493959
        },
        {
          "acoustic_entropy": 9.756183624267578,
          "acoustic_entropy_side": 9.630414009094238,
          "hz": 14151.364845322005
        },
        {
          "acoustic_entropy": 9.786613464355469,
          "acoustic_entropy_side": 9.632314682006836,
          "hz": 15466.58407886509
        },
        {
          "acoustic_entropy": 9.521099090576172,
          "acoustic_entropy_side": 9.594939231872559,
          "hz": 16898.27756580493
        },
        {
          "acoustic_entropy": 9.664966583251953,
          "acoustic_entropy_side": 9.60726547241211,
          "hz": 18456.760127700032
        },
        {
          "acoustic_entropy": 9.68527603149414,
          "acoustic_entropy_side": 9.607110023498535,
          "hz": 20153.260054456492
        },
        {
          "acoustic_entropy": 9.609793663024902,
          "acoustic_entropy_side": 9.591859817504883,
          "hz": 22000.00000000001
        }
      ],
      "diff_acoustic_entropy": 9.485177040100098,
      "sn": 12
    },
    {
      "acoustic_entropy": 13.372196197509766,
      "acoustic_entropy_mono": 13.423503875732422,
      "band_eliminated_acoustic_entropies": [
        {
          "acoustic_entropy": 13.314493179321289,
          "acoustic_entropy_side": 13.369568824768066,
          "hz": 129.47220167065723
        },
        {
          "acoustic_entropy": 14.993797302246094,
          "acoustic_entropy_side": 13.77877426147461,
          "hz": 202.92927478742237
        },
        {
          "acoustic_entropy": 14.427785873413086,
          "acoustic_entropy_side": 13.843718528747559,
          "hz": 282.89161906338205
        },
        {
          "acoustic_entropy": 13.657369613647461,
          "acoustic_entropy_side": 13.731324195861816,
          "hz": 369.9353335868758
        },
        {
          "acoustic_entropy": 14.464463233947754,
          "acoustic_entropy_side": 14.623464584350586,
          "hz": 464.6875360973435
        },
        {
          "acoustic_entropy": 13.021079063415527,
          "acoustic_entropy_side": 13.122775077819824,
          "hz": 567.8308811364784
        },
        {
          "acoustic_entropy": 14.477143287658691,
          "acoustic_entropy_side": 13.500529289245605,
          "hz": 680.1084783214808
        },
        {
          "acoustic_entropy": 13.622612953186035,
          "acoustic_entropy_side": 13.525077819824219,
          "hz": 802.3292461747484
        },
        {
          "acoustic_entropy": 13.643356323242188,
          "acoustic_entropy_side": 14.035797119140625,
          "hz": 935.3737400823702
        },
        {
          "acoustic_entropy": 13.984659194946289,
          "acoustic_entropy_side": 13.215592384338379,
          "hz": 1080.2004963696966
        },
        {
          "acoustic_entropy": 13.728174209594727,
          "acoustic_entropy_side": 13.677196502685547,
          "hz": 1237.8529382007157
        },
        {
          "acoustic_entropy": 13.392352104187012,
          "acoustic_entropy_side": 13.629461288452148,
          "hz": 1409.4668930556702
        },
        {
          "acoustic_entropy": 13.634384155273438,
          "acoustic_entropy_side": 13.35059928894043,
          "hz": 1596.2787759475705
        },
        {
          "acoustic_entropy": 13.592926025390625,
          "acoustic_entropy_side": 13.438257217407227,
          "hz": 1799.6344973346393
        },
        {
          "acoustic_entropy": 13.333061218261719,
          "acoustic_entropy_side": 13.311234474182129,
          "hz": 2020.9991599069049
        },
        {
          "acoustic_entropy": 13.421356201171875,
          "acoustic_entropy_side": 13.379438400268555,
          "hz": 2261.9676141086993
        },
        {
          "acoustic_entropy": 13.563180923461914,
          "acoustic_entropy_side": 13.340907096862793,
          "hz": 2524.2759484456974
        },
        {
          "acoustic_entropy": 13.484148025512695,
          "acoustic_entropy_side": 13.457815170288086,
          "hz": 2809.813997359896
        },
        {
          "acoustic_entropy": 13.575943946838379,
