{
  "acoustic_entropy": 113.29399871826172,
  "bands": [
    {
      "high_freq": 148.1999969482422,
      "loudness": -57.23985290527344,
      "loudness_range": 32.29322052001953,
      "mid_mean": -56.22025680541992,
      "mid_to_side_loudness": -17.385990142822266,
      "mid_to_side_loudness_range": 11.88212776184082,
      "side_mean": -65.72340393066406
    },
    {
      "high_freq": 392.3793640136719,
      "loudness": -33.48183822631836,
      "loudness_range": 19.990917205810547,
      "low_freq": 148.1999969482422,
      "mid_mean": -30.184040069580078,
      "mid_to_side_loudness": -16.11515235900879,
      "mid_to_side_loudness_range": 13.859624862670898,
      "side_mean": -50.7822151184082
    },
    {
      "high_freq": 794.6976318359375,
      "loudness": -35.20273208618164,
      "loudness_range": 23.15326690673828,
      "low_freq": 392.3793640136719,
      "mid_mean": -31.88570785522461,
      "mid_to_side_loudness": -15.078730583190918,
      "mid_to_side_loudness_range": 12.495941162109375,
      "side_mean": -50.75236129760742
    },
    {
      "high_freq": 1457.5709228515625,
      "loudness": -38.19178771972656,
      "loudness_range": 24.318328857421875,
      "low_freq": 794.6976318359375,
      "mid_mean": -35.664710998535156,
      "mid_to_side_loudness": -13.867722511291504,
      "mid_to_side_loudness_range": 14.6524658203125,
      "side_mean": -53.779720306396484
    },
    {
      "high_freq": 2549.74365234375,
      "loudness": -41.0984992980957,
      "loudness_range": 41.01512145996094,
      "low_freq": 1457.5709228515625,
      "mid_mean": -41.938323974609375,
      "mid_to_side_loudness": -12.09390640258789,
      "mid_to_side_loudness_range": 15.52932357788086,
      "side_mean": -55.794708251953125
    },
    {
      "high_freq": 4349.24462890625,
      "loudness": -52.210811614990234,
      "loudness_range": 43.038307189941406,
      "low_freq": 2549.74365234375,
      "mid_mean": -52.4747200012207,
      "mid_to_side_loudness": -12.980673789978027,
      "mid_to_side_loudness_range": 12.977426528930664,
      "side_mean": -60.885650634765625
    },
    {
      "high_freq": 7314.1640625,
      "loudness": -65.62108612060547,
      "loudness_range": 26.86520767211914,
      "low_freq": 4349.24462890625,
      "mid_mean": -62.31013488769531,
      "mid_to_side_loudness": -14.890142440795898,
      "mid_to_side_loudness_range": 12.235494613647461,
      "side_mean": -68.53266906738281
    },
    {
      "high_freq": 12199.2666015625,
      "loudness": -80.3691635131836,
      "loudness_range": 12.212104797363281,
      "low_freq": 7314.1640625,
      "mid_mean": -69.08969116210938,
      "mid_to_side_loudness": -8.329521179199219,
      "mid_to_side_loudness_range": 11.257606506347656,
      "side_mean": -69.90397644042969
    },
    {
      "loudness": 0,
      "loudness_range": 0,
      "low_freq": 12199.2666015625,
      "mid_mean": -69.77787017822266,
      "mid_to_side_loudness": -1.1145906448364258,
      "mid_to_side_loudness_range": 2.3204827308654785,
      "side_mean": -69.83269500732422
    }
  ],
  "bands_short": [
    {
      "high_freq": 148.1999969482422,
      "loudness": -60.97112274169922,
      "loudness_range": 33.64021682739258,
      "mid_mean": -59.20884323120117,
      "mid_to_side_loudness": -16.61286163330078,
      "mid_to_side_loudness_range": 20.177860260009766,
      "side_mean": -66.83892059326172
    },
    {
      "high_freq": 392.3793640136719,
      "loudness": -35.40733337402344,
      "loudness_range": 21.473804473876953,
      "low_freq": 148.1999969482422,
      "mid_mean": -32.188575744628906,
      "mid_to_side_loudness": -15.180890083312988,
      "mid_to_side_loudness_range": 17.08270263671875,
      "side_mean": -51.64597702026367
    },
    {
      "high_freq": 794.6976318359375,
      "loudness": -34.546905517578125,
      "loudness_range": 23.184165954589844,
      "low_freq": 392.3793640136719,
      "mid_mean": -31.247451782226562,
      "mid_to_side_loudness": -15.59295654296875,
      "mid_to_side_loudness_range": 15.034911155700684,
      "side_mean": -50.69734573364258
    },
    {
      "high_freq": 1457.5709228515625,
      "loudness": -38.31093215942383,
      "loudness_range": 23.900583267211914,
      "low_freq": 794.6976318359375,
      "mid_mean": -36.07530975341797,
      "mid_to_side_loudness": -13.764046669006348,
      "mid_to_side_loudness_range": 16.600982666015625,
      "side_mean": -53.960350036621094
    },
    {
      "high_freq": 2549.74365234375,
      "loudness": -42.45661163330078,
      "loudness_range": 43.43463897705078,
      "low_freq": 1457.5709228515625,
      "mid_mean": -42.73899459838867,
      "mid_to_side_loudness": -11.59293270111084,
      "mid_to_side_loudness_range": 15.619012832641602,
      "side_mean": -56.15452575683594
    },
    {
      "high_freq": 4349.24462890625,
      "loudness": -53.11292266845703,
      "loudness_range": 41.320343017578125,
      "low_freq": 2549.74365234375,
      "mid_mean": -53.20158004760742,
      "mid_to_side_loudness": -12.106733322143555,
      "mid_to_side_loudness_range": 13.494034767150879,
      "side_mean": -61.146270751953125
    },
    {
      "high_freq": 7314.1640625,
      "loudness": -66.39720916748047,
      "loudness_range": 25.54796600341797,
      "low_freq": 4349.24462890625,
      "mid_mean": -62.889381408691406,
      "mid_to_side_loudness": -14.066651344299316,
      "mid_to_side_loudness_range": 11.493857383728027,
      "side_mean": -68.57500457763672
    },
    {
      "high_freq": 12199.2666015625,
      "loudness": -80.68229675292969,
      "loudness_range": 10.681709289550781,
      "low_freq": 7314.1640625,
      "mid_mean": -69.1768569946289,
      "mid_to_side_loudness": -7.934852600097656,
      "mid_to_side_loudness_range": 8.822300910949707,
      "side_mean": -69.90369415283203
    },
    {
      "loudness": 0,
      "loudness_range": 0,
      "low_freq": 12199.2666015625,
      "mid_mean": -69.77659606933594,
      "mid_to_side_loudness": -1.1139013767242432,
      "mid_to_side_loudness_range": 3.3105387687683105,
      "side_mean": -69.83195495605469
    }
  ],
  "bandwidth": 835.5992431640625,
  "channels": 2,
  "covariance": [
    [
      148.846923828125,
      72.81572723388672,
      48.315284729003906,
      105.62081909179688,
      63.269954681396484,
      107.6624755859375,
      16.498144149780273,
      67.7882308959961,
      -24.548816680908203,
      24.67210578918457,
      6.3766045570373535,
      -14.565980911254883,
      7.2701826095581055,
      -2.266080141067505,
      1.8486371040344238,
      0.2205604910850525,
      0.9264507293701172,
      0.3781915307044983
    ],
    [
      72.81572723388672,
      43.611854553222656,
      28.659374237060547,
      48.65243911743164,
      36.88380813598633,
      50.4302978515625,
      10.40323257446289,
      28.437410354614258,
      -14.1493501663208,
      3.8349719047546387,
      -11.451286315917969,
      -16.30411720275879,
      -4.298314094543457,
      -3.1539063453674316,
      -0.11947551369667053,
      0.06534065306186676,
      0.42171233892440796,
      0.1159420907497406
    ],
    [
      48.315284729003906,
      28.659374237060547,
      54.040252685546875,
      47.96147155761719,
      29.019630432128906,
      33.18669509887695,
      30.938446044921875,
      31.999832153320312,
      32.76718521118164,
      26.813039779663086,
      12.151670455932617,
      5.052873611450195,
      4.232111930847168,
      -0.4365833103656769,
      0.32903653383255005,
      0.0023755482397973537,
      0.1790749728679657,
      -0.0015273098833858967
    ],
    [
      105.62081909179688,
      48.65243911743164,
      47.96147155761719,
      126.5372543334961,
      44.92053985595703,
      111.12226867675781,
      26.140216827392578,
      93.18063354492188,
      22.282724380493164,
      72.2728042602539,
      70.1524887084961,
      31.598257064819336,
      31.82965087890625,
      4.513857364654541,
      4.260669231414795,
      0.32772693037986755,
      1.009192943572998,
      0.5448212623596191
    ],
    [
      63.269954681396484,
      36.88380813598633,
      29.019630432128906,
      44.92053985595703,
      67.64837646484375,
      61.87018966674805,
      15.87585163116455,
      29.89114761352539,
      -8.032754898071289,
      -1.1538982391357422,
      -19.37679100036621,
      -20.49403953552246,
      -5.3585686683654785,
      -3.8836448192596436,
      0.08825496584177017,
      -0.0013325269101187587,
      0.3891369700431824,
      -0.008835443295538425
    ],
    [
      107.6624755859375,
      50.4302978515625,
      33.18669509887695,
      111.12226867675781,
      61.87018966674805,
      130.98501586914062,
      16.17327308654785,
      87.8052749633789,
      -6.114297866821289,
      53.92962646484375,
      46.592891693115234,
      16.746702194213867,
      22.517322540283203,
      2.5251283645629883,
      3.487715244293213,
      0.33332574367523193,
      1.1140936613082886,
      0.5521205067634583
    ],
    [
      16.498144149780273,
      10.40323257446289,
      30.938446044921875,
      26.140216827392578,
      15.87585163116455,
      16.17327308654785,
      87.9010238647461,
      69.1238021850586,
      105.29627990722656,
      88.00164794921875,
      87.456298828125,
      66.21104431152344,
      37.35389709472656,
      11.973628997802734,
      4.573259353637695,
      0.06485740095376968,
      0.1578216701745987,
      0.021636972203850746
    ],
    [
      67.7882308959961,
      28.437410354614258,
      31.999832153320312,
      93.18063354492188,
      29.89114761352539,
      87.8052749633789,
      69.1238021850586,
      124.18854522705078,
      99.12140655517578,
      122.95528411865234,
      125.49531555175781,
      83.0743637084961,
      53.78377914428711,
      14.347664833068848,
      6.711760520935059,
      0.32690542936325073,
      0.7883930802345276,
      0.4772128164768219
    ],
    [
      -24.548816680908203,
      -14.1493501663208,
      32.76718521118164,
      22.282724380493164,
      -8.032754898071289,
      -6.114297866821289,
      105.29627990722656,
      99.12140655517578,
      242.11416625976562,
      194.52574157714844,
      211.2173309326172,
      161.40223693847656,
      96.4581069946289,
      32.265533447265625,
      12.828185081481934,
      0.1812114417552948,
      0.05575297027826309,
      0.04031769186258316
    ],
    [
      24.67210578918457,
      3.8349719047546387,
      26.813039779663086,
      72.2728042602539,
      -1.1538982391357422,
      53.92962646484375,
      88.00164794921875,
      122.95528411865234,
      194.52574157714844,
      187.04534912109375,
      194.42071533203125,
      144.95692443847656,
      84.89861297607422,
      27.520233154296875,
      10.05448055267334,
      0.3643413484096527,
      0.5888598561286926,
      0.4369906485080719
    ],
    [
      6.3766045570373535,
      -11.451286315917969,
      12.151670455932617,
      70.1524887084961,
      -19.37679100036621,
      46.592891693115234,
      87.456298828125,
      125.49531555175781,
      211.2173309326172,
      194.42071533203125,
      241.17076110839844,
      167.4720001220703,
      109.43206024169922,
      32.193641662597656,
      13.907402038574219,
      0.4240723252296448,
      0.5778802037239075,
      0.5274818539619446
    ],
    [
      -14.565980911254883,
      -16.30411720275879,
      5.052873611450195,
      31.598257064819336,
      -20.49403953552246,
      16.746702194213867,
      66.21104431152344,
      83.0743637084961,
      161.40223693847656,
      144.95692443847656,
      167.4720001220703,
      131.96578979492188,
      73.79055786132812,
      26.275924682617188,
      8.563924789428711,
      0.26618167757987976,
      0.22634483873844147,
      0.2868337631225586
    ],
    [
      7.2701826095581055,
      -4.298314094543457,
      4.232111930847168,
      31.82965087890625,
      -5.3585686683654785,
      22.517322540283203,
      37.35389709472656,
      53.78377914428711,
      96.4581069946289,
      84.89861297607422,
      109.43206024169922,
      73.79055786132812,
      59.9899787902832,
      17.686649322509766,
      8.890853881835938,
      0.2146717756986618,
      0.27967479825019836,
      0.2298402339220047
    ],
    [
      -2.266080141067505,
      -3.1539063453674316,
      -0.4365833103656769,
      4.513857364654541,
      -3.8836448192596436,
      2.5251283645629883,
      11.973628997802734,
      14.347664833068848,
      32.265533447265625,
      27.520233154296875,
      32.193641662597656,
      26.275924682617188,
      17.686649322509766,
      8.047080993652344,
      2.382333517074585,
      0.06964585185050964,
      0.03220463544130325,
      0.047815293073654175
    ],
    [
      1.8486371040344238,
      -0.11947551369667053,
      0.32903653383255005,
      4.260669231414795,
      0.08825496584177017,
      3.487715244293213,
      4.573259353637695,
      6.711760520935059,
      12.828185081481934,
      10.05448055267334,
      13.907402038574219,
      8.563924789428711,
      8.890853881835938,
      2.382333517074585,
      2.016179084777832,
      0.03211084380745888,
      0.04915894195437431,
      0.02668222226202488
    ],
    [
      0.2205604910850525,
      0.06534065306186676,
      0.0023755482397973537,
      0.32772693037986755,
      -0.0013325269101187587,
      0.33332574367523193,
      0.06485740095376968,
      0.32690542936325073,
      0.1812114417552948,
      0.3643413484096527,
      0.4240723252296448,
      0.26618167757987976,
      0.2146717756986618,
      0.06964585185050964,
      0.03211084380745888,
      0.002097038784995675,
      0.004104801919311285,
      0.0028165995609015226
    ],
    [
      0.9264507293701172,
      0.42171233892440796,
      0.1790749728679657,
      1.009192943572998,
      0.3891369700431824,
      1.1140936613082886,
      0.1578216701745987,
      0.7883930802345276,
      0.05575297027826309,
      0.5888598561286926,
      0.5778802037239075,
      0.22634483873844147,
      0.27967479825019836,
      0.03220463544130325,
      0.04915894195437431,
      0.004104801919311285,
      0.015243054367601871,
      0.0065057226456701756
    ],
    [
      0.3781915307044983,
      0.1159420907497406,
      -0.0015273098833858967,
      0.5448212623596191,
      -0.008835443295538425,
      0.5521205067634583,
      0.021636972203850746,
      0.4772128164768219,
      0.04031769186258316,
      0.4369906485080719,
      0.5274818539619446,
      0.2868337631225586,
      0.2298402339220047,
      0.047815293073654175,
      0.02668222226202488,
      0.0028165995609015226,
      0.0065057226456701756,
      0.004963739309459925
    ]
  ],
  "covariance_short": [
    [
      119.5391845703125,
      49.055450439453125,
      44.72063446044922,
      83.61710357666016,
      54.02555847167969,
      93.16529083251953,
      15.529401779174805,
      54.2025260925293,
      -24.826663970947266,
      13.667032241821289,
      -0.42529892921447754,
      -17.73702049255371,
      4.784391403198242,
      -3.0066890716552734,
      1.6058692932128906,
      0.1675652414560318,
      0.7654551863670349,
      0.2931526005268097
    ],
    [
      49.055450439453125,
      29.895851135253906,
      23.631389617919922,
      35.883052825927734,
      27.131580352783203,
      39.32294464111328,
      10.245955467224121,
      22.586627960205078,
      -9.43563175201416,
      2.8755040168762207,
      -7.3453688621521,
      -11.994403839111328,
      -1.8245211839675903,
      -2.2663931846618652,
      0.1504175215959549,
      0.04696972668170929,
      0.3170548379421234,
      0.08548939973115921
    ],
    [
      44.72063446044922,
      23.631389617919922,
      64.31436920166016,
      47.028194427490234,
      29.265893936157227,
      34.04033279418945,
      28.490520477294922,
      32.73042678833008,
      29.379344940185547,
      24.496234893798828,
      8.216167449951172,
      2.241084337234497,
      1.9321707487106323,
      -0.7796745300292969,
      0.06972455978393555,
      0.002326460788026452,
      0.18953807651996613,
      -0.0026817871257662773
    ],
    [
      83.61710357666016,
      35.883052825927734,
      47.028194427490234,
      120.67071533203125,
      43.093570709228516,
      108.9005126953125,
      25.990314483642578,
      89.67302703857422,
      21.734661102294922,
      67.40158081054688,
      64.60556030273438,
      29.23448944091797,
      28.894262313842773,
      4.263802528381348,
      3.9148199558258057,
      0.3144401013851166,
      0.9723868370056152,
      0.5185884237289429
    ],
    [
      54.02555847167969,
      27.131580352783203,
      29.265893936157227,
      43.093570709228516,
      68.58792114257812,
      60.58726119995117,
      21.117441177368164,
      30.646175384521484,
      -5.422119617462158,
      0.14328929781913757,
      -15.898326873779297,
      -18.60020637512207,
      -3.441718101501465,
      -3.620983600616455,
      0.34113839268684387,
      -0.005243855062872171,
      0.39082831144332886,
      -0.013105916790664196
    ],
    [
      93.16529083251953,
      39.32294464111328,
      34.04033279418945,
      108.9005126953125,
      60.58726119995117,
      136.55770874023438,
      23.372163772583008,
      90.24182891845703,
      -4.6360602378845215,
      53.061485290527344,
      45.620704650878906,
      15.697714805603027,
      21.793621063232422,
      2.3548314571380615,
      3.2872800827026367,
      0.3304857015609741,
      1.122112512588501,
      0.5512003898620605
    ],
    [
      15.529401779174805,
      10.245955467224121,
      28.490520477294922,
      25.990314483642578,
      21.117441177368164,
      23.372163772583008,
      95.53053283691406,
      71.65254211425781,
      105.42826080322266,
      86.3840103149414,
      84.1937026977539,
      63.586185455322266,
      33.040218353271484,
      11.178589820861816,
      3.685943841934204,
      0.06540347635746002,
      0.18329119682312012,
      0.017608871683478355
    ],
    [
      54.2025260925293,
      22.586627960205078,
      32.73042678833008,
      89.67302703857422,
      30.646175384521484,
      90.24182891845703,
      71.65254211425781,
      125.4249038696289,
      97.64950561523438,
      119.06751251220703,
      118.66069030761719,
      79.51603698730469,
      47.37668228149414,
      13.475051879882812,
      5.3455729484558105,
      0.3225071132183075,
      0.7901459336280823,
      0.4714002013206482
    ],
    [
      -24.826663970947266,
      -9.43563175201416,
      29.379344940185547,
      21.734661102294922,
      -5.422119617462158,
      -4.6360602378845215,
      105.42826080322266,
      97.64950561523438,
      240.75579833984375,
      187.9233856201172,
      201.53868103027344,
      155.2845001220703,
      86.04248046875,
      30.794858932495117,
      10.541358947753906,
      0.18894752860069275,
      0.07742687314748764,
      0.040290869772434235
    ],
    [
      13.667032241821289,
      2.8755040168762207,
      24.496234893798828,
      67.40158081054688,
      0.14328929781913757,
      53.061485290527344,
      86.3840103149414,
      119.06751251220703,
      187.9233856201172,
      181.80130004882812,
      181.898193359375,
      138.9406280517578,
      73.52532958984375,
      26.22964096069336,
      7.850275039672852,
      0.363013356924057,
      0.5700085759162903,
      0.42606639862060547
    ],
    [
      -0.42529892921447754,
      -7.3453688621521,
      8.216167449951172,
      64.60556030273438,
      -15.898326873779297,
      45.620704650878906,
      84.1937026977539,
      118.66069030761719,
      201.53868103027344,
      181.898193359375,
      224.14715576171875,
      155.4515380859375,
      96.29176330566406,
      29.920753479003906,
      11.741652488708496,
      0.4108045995235443,
      0.5745059847831726,
      0.505830705165863
    ],
    [
      -17.73702049255371,
      -11.994403839111328,
      2.241084337234497,
      29.23448944091797,
      -18.60020637512207,
      15.697714805603027,
      63.586185455322266,
      79.51603698730469,
      155.2845001220703,
      138.9406280517578,
      155.4515380859375,
      127.85796356201172,
      63.617191314697266,
      25.505626678466797,
      6.329841136932373,
      0.2709118723869324,
      0.21839539706707,
      0.27927365899086
    ],
    [
      4.784391403198242,
      -1.8245211839675903,
      1.9321707487106323,
      28.894262313842773,
      -3.441718101501465,
      21.793621063232422,
      33.040218353271484,
      47.37668228149414,
      86.04248046875,
      73.52532958984375,
      96.29176330566406,
      63.617191314697266,
      53.05166244506836,
      15.729236602783203,
      7.713724136352539,
      0.2047683596611023,
      0.2839345633983612,
      0.21218697726726532
    ],
    [
      -3.0066890716552734,
      -2.2663931846618652,
      -0.7796745300292969,
      4.263802528381348,
      -3.620983600616455,
      2.3548314571380615,
      11.178589820861816,
      13.475051879882812,
      30.794858932495117,
      26.22964096069336,
      29.920753479003906,
      25.505626678466797,
      15.729236602783203,
      8.130260467529297,
      1.6728763580322266,
      0.07569756358861923,
      0.032479189336299896,
      0.04679643362760544
    ],
    [
      1.6058692932128906,
      0.1504175215959549,
      0.06972455978393555,
      3.9148199558258057,
      0.34113839268684387,
      3.2872800827026367,
      3.685943841934204,
      5.3455729484558105,
      10.541358947753906,
      7.850275039672852,
      11.741652488708496,
      6.329841136932373,
      7.713724136352539,
      1.6728763580322266,
      1.9646852016448975,
      0.026153981685638428,
      0.053703680634498596,
      0.02344677969813347
    ],
    [
      0.1675652414560318,
      0.04696972668170929,
      0.002326460788026452,
      0.3144401013851166,
      -0.005243855062872171,
      0.3304857015609741,
      0.06540347635746002,
      0.3225071132183075,
      0.18894752860069275,
      0.363013356924057,
      0.4108045995235443,
      0.2709118723869324,
      0.2047683596611023,
      0.07569756358861923,
      0.026153981685638428,
      0.0024294420145452023,
      0.00412009609863162,
      0.0028341677971184254
    ],
    [
      0.7654551863670349,
      0.3170548379421234,
      0.18953807651996613,
      0.9723868370056152,
      0.39082831144332886,
      1.122112512588501,
      0.18329119682312012,
      0.7901459336280823,
      0.07742687314748764,
      0.5700085759162903,
      0.5745059847831726,
      0.21839539706707,
      0.2839345633983612,
      0.032479189336299896,
      0.053703680634498596,
      0.00412009609863162,
      0.016564466059207916,
      0.006575888022780418
    ],
    [
      0.2931526005268097,
      0.08548939973115921,
      -0.0026817871257662773,
      0.5185884237289429,
      -0.013105916790664196,
      0.5512003898620605,
      0.017608871683478355,
      0.4714002013206482,
      0.040290869772434235,
      0.42606639862060547,
      0.505830705165863,
      0.27927365899086,
      0.21218697726726532,
      0.04679643362760544,
      0.02344677969813347,
      0.0028341677971184254,
      0.006575888022780418,
      0.005413892213255167
    ]
  ],
  "damage": -13.790571212768555,
  "diff_bandwidth": 900.8263549804688,
  "dissonance": 6.74604987421257,
  "drr": 4.411036014556885,
  "dynamics": 5.632696628570557,
  "format": 1245190,
  "frames": 3048384,
  "loudness": -22.290142059326172,
  "loudness_range": 19.89190673828125,
  "loudness_range_short": 20.707664489746094,
  "lowpass_true_peak_15khz": -4.494053840637207,
  "mastering3_acoustic_entropies": [
    {
      "acoustic_entropy": 10.794672012329102,
      "acoustic_entropy_mono": 10.697449684143066,
      "band_eliminated_acoustic_entropies": [
        {
          "acoustic_entropy": 10.795156478881836,
          "acoustic_entropy_side": 10.794672012329102,
          "hz": 129.47220167065723
        },
        {
          "acoustic_entropy": 10.825682640075684,
          "acoustic_entropy_side": 10.79470157623291,
          "hz": 202.92927478742237
        },
        {
          "acoustic_entropy": 10.632793426513672,
          "acoustic_entropy_side": 10.794493675231934,
          "hz": 282.89161906338205
        },
        {
          "acoustic_entropy": 10.485156059265137,
          "acoustic_entropy_side": 10.79232120513916,
          "hz": 369.9353335868758
        },
        {
          "acoustic_entropy": 10.6277437210083,
          "acoustic_entropy_side": 10.727110862731934,
          "hz": 464.6875360973435
        },
        {
          "acoustic_entropy": 10.385147094726562,
          "acoustic_entropy_side": 10.788031578063965,
          "hz": 567.8308811364784
        },
        {
          "acoustic_entropy": 9.968594551086426,
          "acoustic_entropy_side": 10.881196022033691,
          "hz": 680.1084783214808
        },
        {
          "acoustic_entropy": 10.73568058013916,
          "acoustic_entropy_side": 10.822495460510254,
          "hz": 802.3292461747484
        },
        {
          "acoustic_entropy": 10.782526969909668,
          "acoustic_entropy_side": 10.786880493164062,
          "hz": 935.3737400823702
        },
        {
          "acoustic_entropy": 10.290843963623047,
          "acoustic_entropy_side": 10.754708290100098,
          "hz": 1080.2004963696966
        },
        {
          "acoustic_entropy": 10.784639358520508,
          "acoustic_entropy_side": 10.781672477722168,
          "hz": 1237.8529382007157
        },
        {
          "acoustic_entropy": 10.70936107635498,
          "acoustic_entropy_side": 10.81761360168457,
          "hz": 1409.4668930556702
        },
        {
          "acoustic_entropy": 11.324854850769043,
          "acoustic_entropy_side": 10.802653312683105,
          "hz": 1596.2787759475705
        },
        {
          "acoustic_entropy": 11.022723197937012,
          "acoustic_entropy_side": 10.787601470947266,
          "hz": 1799.6344973346393
        },
        {
          "acoustic_entropy": 9.333623886108398,
          "acoustic_entropy_side": 10.784110069274902,
          "hz": 2020.9991599069049
        },
        {
          "acoustic_entropy": 10.886367797851562,
          "acoustic_entropy_side": 10.939187049865723,
          "hz": 2261.9676141086993
        },
        {
          "acoustic_entropy": 10.131436347961426,
          "acoustic_entropy_side": 10.756983757019043,
          "hz": 2524.2759484456974
        },
        {
          "acoustic_entropy": 10.628064155578613,
          "acoustic_entropy_side": 10.792237281799316,
          "hz": 2809.813997359896
        },
        {
          "acoustic_entropy": 10.899348258972168,
          "acoustic_entropy_side": 10.895411491394043,
          "hz": 3120.6389567871424
        },
        {
          "acoustic_entropy": 10.547629356384277,
          "acoustic_entropy_side": 10.878463745117188,
          "hz": 3458.990205492291
        },
        {
          "acoustic_entropy": 10.816305160522461,
          "acoustic_entropy_side": 10.795358657836914,
          "hz": 3827.305438964164
        },
        {
          "acoustic_entropy": 10.811952590942383,
          "acoustic_entropy_side": 10.794721603393555,
          "hz": 4228.238232109126
        },
        {
          "acoustic_entropy": 10.813547134399414,
          "acoustic_entropy_side": 10.79468822479248,
          "hz": 4664.6771572759235
        },
        {
          "acoustic_entropy": 10.814698219299316,
          "acoustic_entropy_side": 10.794678688049316,
          "hz": 5139.766595350093
        },
        {
          "acoustic_entropy": 10.804491996765137,
          "acoustic_entropy_side": 10.794675827026367,
          "hz": 5656.929389854203
        },
        {
          "acoustic_entropy": 10.796814918518066,
          "acoustic_entropy_side": 10.794672012329102,
          "hz": 6219.891507268283
        },
        {
          "acoustic_entropy": 10.794937133789062,
          "acoustic_entropy_side": 10.794672012329102,
          "hz": 6832.70888123896
        },
        {
          "acoustic_entropy": 10.794715881347656,
          "acoustic_entropy_side": 10.794672012329102,
          "hz": 7499.796634079867
        },
        {
          "acoustic_entropy": 10.794685363769531,
          "acoustic_entropy_side": 10.794672012329102,
          "hz": 8225.96088609342
        },
        {
          "acoustic_entropy": 10.794673919677734,
          "acoustic_entropy_side": 10.794672012329102,
          "hz": 9016.43338188839
        },
        {
          "acoustic_entropy": 10.794672012329102,
          "acoustic_entropy_side": 10.794672012329102,
          "hz": 9876.909183162974
        },
        {
          "acoustic_entropy": 10.794672012329102,
          "acoustic_entropy_side": 10.794672012329102,
          "hz": 10813.587699516042
        },
        {
          "acoustic_entropy": 10.794672012329102,
          "acoustic_entropy_side": 10.794672012329102,
          "hz": 11833.21735289826
        },
        {
          "acoustic_entropy": 10.794672012329102,
          "acoustic_entropy_side": 10.794672012329102,
          "hz": 12943.144197493959
        },
        {
          "acoustic_entropy": 10.794672012329102,
          "acoustic_entropy_side": 10.794672012329102,
          "hz": 14151.364845322005
        },
        {
          "acoustic_entropy": 10.794672012329102,
          "acoustic_entropy_side": 10.794672012329102,
          "hz": 15466.58407886509
        },
        {
          "acoustic_entropy": 10.794672012329102,
          "acoustic_entropy_side": 10.794672012329102,
          "hz": 16898.27756580493
        },
        {
          "acoustic_entropy": 10.794672012329102,
          "acoustic_entropy_side": 10.794672012329102,
          "hz": 18456.760127700032
        },
        {
          "acoustic_entropy": 10.794672012329102,
          "acoustic_entropy_side": 10.794672012329102,
          "hz": 20153.260054456492
        },
        {
          "acoustic_entropy": 10.794672012329102,
          "acoustic_entropy_side": 10.794672012329102,
          "hz": 22000.00000000001
        }
      ],
      "diff_acoustic_entropy": 5.512381076812744,
      "sn": 6
    },
    {
      "acoustic_entropy": 13.265639305114746,
      "acoustic_entropy_mono": 12.412575721740723,
      "band_eliminated_acoustic_entropies": [
        {
          "acoustic_entropy": 13.253853797912598,
          "acoustic_entropy_side": 13.265608787536621,
          "hz": 129.47220167065723
        },
        {
          "acoustic_entropy": 12.98985767364502,
          "acoustic_entropy_side": 13.262460708618164,
          "hz": 202.92927478742237
        },
        {
          "acoustic_entropy": 12.913326263427734,
          "acoustic_entropy_side": 13.225549697875977,
          "hz": 282.89161906338205
        },
        {
          "acoustic_entropy": 13.515074729919434,
          "acoustic_entropy_side": 13.19544792175293,
          "hz": 369.9353335868758
        },
        {
          "acoustic_entropy": 13.310702323913574,
          "acoustic_entropy_side": 13.115339279174805,
          "hz": 464.6875360973435
        },
        {
          "acoustic_entropy": 14.066033363342285,
          "acoustic_entropy_side": 13.356149673461914,
          "hz": 567.8308811364784
        },
        {
          "acoustic_entropy": 14.041937828063965,
          "acoustic_entropy_side": 13.569483757019043,
          "hz": 680.1084783214808
        },
        {
          "acoustic_entropy": 13.284483909606934,
          "acoustic_entropy_side": 13.466650009155273,
          "hz": 802.3292461747484
        },
        {
          "acoustic_entropy": 13.15736198425293,
          "acoustic_entropy_side": 13.122283935546875,
          "hz": 935.3737400823702
        },
        {
          "acoustic_entropy": 12.68115234375,
          "acoustic_entropy_side": 13.051982879638672,
          "hz": 1080.2004963696966
        },
        {
          "acoustic_entropy": 13.293310165405273,
          "acoustic_entropy_side": 13.123437881469727,
          "hz": 1237.8529382007157
        },
        {
          "acoustic_entropy": 13.61130142211914,
          "acoustic_entropy_side": 13.460827827453613,
          "hz": 1409.4668930556702
        },
        {
          "acoustic_entropy": 14.031648635864258,
          "acoustic_entropy_side": 13.214302062988281,
          "hz": 1596.2787759475705
        },
        {
          "acoustic_entropy": 14.075884819030762,
          "acoustic_entropy_side": 13.317916870117188,
          "hz": 1799.6344973346393
        },
        {
          "acoustic_entropy": 12.518213272094727,
          "acoustic_entropy_side": 13.551013946533203,
          "hz": 2020.9991599069049
        },
        {
          "acoustic_entropy": 13.558263778686523,
          "acoustic_entropy_side": 13.283929824829102,
          "hz": 2261.9676141086993
        },
        {
          "acoustic_entropy": 12.672317504882812,
          "acoustic_entropy_side": 12.852408409118652,
          "hz": 2524.2759484456974
        },
        {
          "acoustic_entropy": 13.39346694946289,
          "acoustic_entropy_side": 13.445975303649902,
          "hz": 2809.813997359896
        },
        {
          "acoustic_entropy": 13.039003372192383,
          "acoustic_entropy_side": 13.448921203613281,
          "hz": 3120.6389567871424
        },
        {
          "acoustic_entropy": 12.987258911132812,
          "acoustic_entropy_side": 13.26364803314209,
          "hz": 3458.990205492291
        },
        {
          "acoustic_entropy": 13.421603202819824,
          "acoustic_entropy_side": 13.270042419433594,
          "hz": 3827.305438964164
        },
        {
          "acoustic_entropy": 13.305240631103516,
          "acoustic_entropy_side": 13.266006469726562,
          "hz": 4228.238232109126
        },
        {
          "acoustic_entropy": 13.274148941040039,
          "acoustic_entropy_side": 13.265607833862305,
          "hz": 4664.6771572759235
        },
        {
          "acoustic_entropy": 13.305557250976562,
          "acoustic_entropy_side": 13.26561164855957,
          "hz": 5139.766595350093
        },
        {
          "acoustic_entropy": 13.291280746459961,
          "acoustic_entropy_side": 13.265612602233887,
          "hz": 5656.929389854203
        },
        {
          "acoustic_entropy": 13.27377700805664,
          "acoustic_entropy_side": 13.265636444091797,
          "hz": 6219.891507268283
        },
        {
          "acoustic_entropy": 13.268265724182129,
          "acoustic_entropy_side": 13.265639305114746,
          "hz": 6832.70888123896
        },
        {
          "acoustic_entropy": 13.266181945800781,
          "acoustic_entropy_side": 13.265639305114746,
          "hz": 7499.796634079867
        },
        {
          "acoustic_entropy": 13.265807151794434,
          "acoustic_entropy_side": 13.265639305114746,
          "hz": 8225.96088609342
        },
        {
          "acoustic_entropy": 13.265654563903809,
          "acoustic_entropy_side": 13.265639305114746,
          "hz": 9016.43338188839
        },
        {
          "acoustic_entropy": 13.265640258789062,
          "acoustic_entropy_side": 13.265639305114746,
          "hz": 9876.909183162974
        },
        {
          "acoustic_entropy": 13.265639305114746,
          "acoustic_entropy_side": 13.265639305114746,
          "hz": 10813.587699516042
        },
        {
          "acoustic_entropy": 13.265639305114746,
          "acoustic_entropy_side": 13.265639305114746,
          "hz": 11833.21735289826
        },
        {
          "acoustic_entropy": 13.265639305114746,
          "acoustic_entropy_side": 13.265639305114746,
          "hz": 12943.144197493959
        },
        {
          "acoustic_entropy": 13.265639305114746,
          "acoustic_entropy_side": 13.265639305114746,
          "hz": 14151.364845322005
        },
        {
          "acoustic_entropy": 13.265639305114746,
          "acoustic_entropy_side": 13.265639305114746,
          "hz": 15466.58407886509
        },
        {
          "acoustic_entropy": 13.265639305114746,
          "acoustic_entropy_side": 13.265639305114746,
          "hz": 16898.27756580493
        },
        {
          "acoustic_entropy": 13.265639305114746,
          "acoustic_entropy_side": 13.265639305114746,
          "hz": 18456.760127700032
        },
        {
          "acoustic_entropy": 13.265639305114746,
          "acoustic_entropy_side": 13.265639305114746,
          "hz": 20153.260054456492
        },
        {
          "acoustic_entropy": 13.265639305114746,
          "acoustic_entropy_side": 13.265639305114746,
          "hz": 22000.00000000001
        }
      ],
      "diff_acoustic_entropy": 6.534748077392578,
      "sn": 12
    },
    {
      "acoustic_entropy": 17.933509826660156,
      "acoustic_entropy_mono": 15.803572654724121,
      "band_eliminated_acoustic_entropies": [
        {
          "acoustic_entropy": 18.00335693359375,
          "acoustic_entropy_side": 17.93341827392578,
          "hz": 129.47220167065723
        },
        {
          "acoustic_entropy": 18.292163848876953,
          "acoustic_entropy_side": 17.930017471313477,
          "hz": 202.92927478742237
        },
        {
          "acoustic_entropy": 18.494247436523438,
          "acoustic_entropy_side": 17.937591552734375,
          "hz": 282.89161906338205
        },
        {
          "acoustic_entropy": 18.30959701538086,
          "acoustic_entropy_side": 18.1276912689209,
          "hz": 369.9353335868758
        },
        {
          "acoustic_entropy": 18.983375549316406,
          "acoustic_entropy_side": 18.034717559814453,
          "hz": 464.6875360973435
        },
        {
          "acoustic_entropy": 18.393348693847656,
          "acoustic_entropy_side": 18.067724227905273,
          "hz": 567.8308811364784
        },
        {
          "acoustic_entropy": 18.816503524780273,
          "acoustic_entropy_side": 18.44097900390625,
          "hz": 680.1084783214808
        },
        {
          "acoustic_entropy": 17.837627410888672,
          "acoustic_entropy_side": 18.01499366760254,
          "hz": 802.3292461747484
        },
        {
          "acoustic_entropy": 18.208141326904297,
          "acoustic_entropy_side": 17.62075424194336,
          "hz": 935.3737400823702
        },
        {
          "acoustic_entropy": 18.531341552734375,
          "acoustic_entropy_side": 17.83359146118164,
          "hz": 1080.2004963696966
        },
        {
          "acoustic_entropy": 17.840526580810547,
          "acoustic_entropy_side": 17.569076538085938,
          "hz": 1237.8529382007157
        },
        {
          "acoustic_entropy": 17.635454177856445,
          "acoustic_entropy_side": 17.971174240112305,
          "hz": 1409.4668930556702
        },
        {
          "acoustic_entropy": 17.915454864501953,
          "acoustic_entropy_side": 18.064167022705078,
          "hz": 1596.2787759475705
        },
        {
          "acoustic_entropy": 17.631603240966797,
          "acoustic_entropy_side": 17.958784103393555,
          "hz": 1799.6344973346393
        },
        {
          "acoustic_entropy": 17.164735794067383,
          "acoustic_entropy_side": 17.650020599365234,
          "hz": 2020.9991599069049
        },
        {
          "acoustic_entropy": 17.245532989501953,
          "acoustic_entropy_side": 17.456188201904297,
          "hz": 2261.9676141086993
        },
        {
          "acoustic_entropy": 17.003097534179688,
