{
  "acoustic_entropy": 140.8957061767578,
  "bands": [
    {
      "high_freq": 148.1999969482422,
      "loudness": -28.473180770874023,
      "loudness_range": 22.382383346557617,
      "mid_mean": -24.801525115966797,
      "mid_to_side_loudness": -32.069541931152344,
      "mid_to_side_loudness_range": 3.286336898803711,
      "side_mean": -56.47541046142578
    },
    {
      "high_freq": 392.3793640136719,
      "loudness": -28.39484214782715,
      "loudness_range": 11.790010452270508,
      "low_freq": 148.1999969482422,
      "mid_mean": -24.698640823364258,
      "mid_to_side_loudness": -29.331188201904297,
      "mid_to_side_loudness_range": 5.5989837646484375,
      "side_mean": -54.11379623413086
    },
    {
      "high_freq": 794.6976318359375,
      "loudness": -26.124347686767578,
      "loudness_range": 14.820249557495117,
      "low_freq": 392.3793640136719,
      "mid_mean": -22.449726104736328,
      "mid_to_side_loudness": -27.786388397216797,
      "mid_to_side_loudness_range": 6.9694976806640625,
      "side_mean": -50.641685485839844
    },
    {
      "high_freq": 1457.5709228515625,
      "loudness": -31.548419952392578,
      "loudness_range": 19.395395278930664,
      "low_freq": 794.6976318359375,
      "mid_mean": -27.931381225585938,
      "mid_to_side_loudness": -24.708606719970703,
      "mid_to_side_loudness_range": 8.000574111938477,
      "side_mean": -53.13655471801758
    },
    {
      "high_freq": 2549.74365234375,
      "loudness": -35.53765869140625,
      "loudness_range": 25.72928237915039,
      "low_freq": 1457.5709228515625,
      "mid_mean": -31.952295303344727,
      "mid_to_side_loudness": -24.66361427307129,
      "mid_to_side_loudness_range": 7.403751373291016,
      "side_mean": -56.81917190551758
    },
    {
      "high_freq": 4349.24462890625,
      "loudness": -44.36509704589844,
      "loudness_range": 29.067651748657227,
      "low_freq": 2549.74365234375,
      "mid_mean": -40.8361930847168,
      "mid_to_side_loudness": -24.5725154876709,
      "mid_to_side_loudness_range": 8.693035125732422,
      "side_mean": -63.37035369873047
    },
    {
      "high_freq": 7314.1640625,
      "loudness": -53.913265228271484,
      "loudness_range": 39.537010192871094,
      "low_freq": 4349.24462890625,
      "mid_mean": -53.648895263671875,
      "mid_to_side_loudness": -25.15443992614746,
      "mid_to_side_loudness_range": 11.025728225708008,
      "side_mean": -67.03125
    },
    {
      "high_freq": 12199.2666015625,
      "loudness": -62.818050384521484,
      "loudness_range": 32.42446517944336,
      "low_freq": 7314.1640625,
      "mid_mean": -62.51251220703125,
      "mid_to_side_loudness": -26.729312896728516,
      "mid_to_side_loudness_range": 17.75465202331543,
      "side_mean": -69.62381744384766
    },
    {
      "loudness": -73.95478820800781,
      "loudness_range": 23.50055694580078,
      "low_freq": 12199.2666015625,
      "mid_mean": -67.35678100585938,
      "mid_to_side_loudness": -41.647125244140625,
      "mid_to_side_loudness_range": 35.131988525390625,
      "side_mean": -69.93061828613281
    }
  ],
  "bands_short": [
    {
      "high_freq": 148.1999969482422,
      "loudness": -30.441627502441406,
      "loudness_range": 24.41166877746582,
      "mid_mean": -26.773578643798828,
      "mid_to_side_loudness": -31.979103088378906,
      "mid_to_side_loudness_range": 8.040655136108398,
      "side_mean": -58.495277404785156
    },
    {
      "high_freq": 392.3793640136719,
      "loudness": -28.72618293762207,
      "loudness_range": 14.377344131469727,
      "low_freq": 148.1999969482422,
      "mid_mean": -25.0416316986084,
      "mid_to_side_loudness": -29.547035217285156,
      "mid_to_side_loudness_range": 8.883094787597656,
      "side_mean": -54.620052337646484
    },
    {
      "high_freq": 794.6976318359375,
      "loudness": -27.992536544799805,
      "loudness_range": 19.71666717529297,
      "low_freq": 392.3793640136719,
      "mid_mean": -24.33298683166504,
      "mid_to_side_loudness": -27.667879104614258,
      "mid_to_side_loudness_range": 13.447599411010742,
      "side_mean": -52.28102493286133
    },
    {
      "high_freq": 1457.5709228515625,
      "loudness": -32.29617691040039,
      "loudness_range": 24.40203857421875,
      "low_freq": 794.6976318359375,
      "mid_mean": -28.685104370117188,
      "mid_to_side_loudness": -23.631553649902344,
      "mid_to_side_loudness_range": 17.335338592529297,
      "side_mean": -52.71873474121094
    },
    {
      "high_freq": 2549.74365234375,
      "loudness": -38.09779739379883,
      "loudness_range": 30.57760238647461,
      "low_freq": 1457.5709228515625,
      "mid_mean": -34.56138610839844,
      "mid_to_side_loudness": -23.241024017333984,
      "mid_to_side_loudness_range": 17.04083251953125,
      "side_mean": -57.72867965698242
    },
    {
      "high_freq": 4349.24462890625,
      "loudness": -46.682987213134766,
      "loudness_range": 33.265865325927734,
      "low_freq": 2549.74365234375,
      "mid_mean": -43.6978874206543,
      "mid_to_side_loudness": -22.75441551208496,
      "mid_to_side_loudness_range": 17.5614013671875,
      "side_mean": -63.85306167602539
    },
    {
      "high_freq": 7314.1640625,
      "loudness": -55.54582214355469,
      "loudness_range": 41.05620574951172,
      "low_freq": 4349.24462890625,
      "mid_mean": -56.1477165222168,
      "mid_to_side_loudness": -23.232168197631836,
      "mid_to_side_loudness_range": 19.467445373535156,
      "side_mean": -67.31809997558594
    },
    {
      "high_freq": 12199.2666015625,
      "loudness": -63.705284118652344,
      "loudness_range": 33.06791687011719,
      "low_freq": 7314.1640625,
      "mid_mean": -63.90334701538086,
      "mid_to_side_loudness": -24.9149227142334,
      "mid_to_side_loudness_range": 21.168262481689453,
      "side_mean": -69.66815948486328
    },
    {
      "loudness": -73.490478515625,
      "loudness_range": 24.98617172241211,
      "low_freq": 12199.2666015625,
      "mid_mean": -67.7865219116211,
      "mid_to_side_loudness": -52.286781311035156,
      "mid_to_side_loudness_range": 37.41051483154297,
      "side_mean": -69.97541046142578
    }
  ],
  "bandwidth": 564.5293579101562,
  "channels": 2,
  "covariance": [
    [
      49.39105224609375,
      38.981346130371094,
      11.536069869995117,
      10.45543098449707,
      11.908803939819336,
      15.584705352783203,
      13.776285171508789,
      18.988449096679688,
      9.007890701293945,
      15.6398286819458,
      7.081788539886475,
      10.385555267333984,
      25.85000228881836,
      3.800187349319458,
      10.086834907531738,
      0.1163364052772522,
      2.5041117668151855,
      0.2418331503868103
    ],
    [
      38.981346130371094,
      34.61003875732422,
      8.538125991821289,
      10.122023582458496,
      8.855768203735352,
      14.67440414428711,
      10.93125057220459,
      17.189735412597656,
      7.624218463897705,
      14.157392501831055,
      6.631842613220215,
      9.33147144317627,
      23.273008346557617,
      3.5636146068573,
      9.270926475524902,
      0.1644168347120285,
      2.4174230098724365,
      0.22742959856987
    ],
    [
      11.536069869995117,
      8.538125991821289,
      20.914865493774414,
      20.089326858520508,
      10.623465538024902,
      13.597982406616211,
      8.136134147644043,
      13.255912780761719,
      5.164373397827148,
      10.662768363952637,
      -0.9568294286727905,
      2.397399425506592,
      8.681258201599121,
      -1.484724998474121,
      2.0335710048675537,
      -0.6364451050758362,
      -0.6885579228401184,
      -0.08143124729394913
    ],
    [
      10.45543098449707,
      10.122023582458496,
      20.089326858520508,
      25.470727920532227,
      9.571456909179688,
      16.960861206054688,
      8.011175155639648,
      15.9467134475708,
      4.444094657897949,
      12.222567558288574,
      -2.1804823875427246,
      2.7963013648986816,
      9.807350158691406,
      -1.1740878820419312,
      2.572472095489502,
      -0.5598931312561035,
      -0.522550106048584,
      -0.12255843728780746
    ],
    [
      11.908803939819336,
      8.855768203735352,
      10.623465538024902,
      9.571456909179688,
      30.710838317871094,
      27.522218704223633,
      27.314916610717773,
      26.858322143554688,
      25.758502960205078,
      27.211894989013672,
      22.34327507019043,
      17.42487907409668,
      39.51871109008789,
      9.583122253417969,
      21.54469871520996,
      1.3776283264160156,
      8.618852615356445,
      0.16685351729393005
    ],
    [
      15.584705352783203,
      14.67440414428711,
      13.597982406616211,
      16.960861206054688,
      27.522218704223633,
      36.38923263549805,
      25.776687622070312,
      33.53985595703125,
      22.09978485107422,
      29.904603958129883,
      18.244916915893555,
      17.81938934326172,
      41.366607666015625,
      9.252655029296875,
      21.02813720703125,
      1.2921924591064453,
      8.092069625854492,
      0.08403149247169495
    ],
    [
      13.776285171508789,
      10.93125057220459,
      8.136134147644043,
      8.011175155639648,
      27.314916610717773,
      25.776687622070312,
      51.78115463256836,
      43.28248977661133,
      50.26941680908203,
      46.6125602722168,
      50.592315673828125,
      35.37571334838867,
      77.38196563720703,
      22.279069900512695,
      45.81022262573242,
      2.947333335876465,
      18.654788970947266,
      0.48353311419487
    ],
    [
      18.988449096679688,
      17.189735412597656,
      13.255912780761719,
      15.9467134475708,
      26.858322143554688,
      33.53985595703125,
      43.28248977661133,
      50.948638916015625,
      43.6658821105957,
      49.95465087890625,
      44.22962951660156,
      35.88454818725586,
      75.77238464355469,
      21.69999885559082,
      43.8582649230957,
      2.785940408706665,
      17.510452270507812,
      0.43758198618888855
    ],
    [
      9.007890701293945,
      7.624218463897705,
      5.164373397827148,
      4.444094657897949,
      25.758502960205078,
      22.09978485107422,
      50.26941680908203,
      43.6658821105957,
      78.99864959716797,
      69.29244995117188,
      77.5751724243164,
      53.66984939575195,
      110.64230346679688,
      37.280338287353516,
      72.52007293701172,
      5.536774635314941,
      30.632051467895508,
      0.9281539916992188
    ],
    [
      15.6398286819458,
      14.157392501831055,
      10.662768363952637,
      12.222567558288574,
      27.211894989013672,
      29.904603958129883,
      46.6125602722168,
      49.95465087890625,
      69.29244995117188,
      73.06396484375,
      70.57771301269531,
      53.58335876464844,
      107.11724853515625,
      36.23076629638672,
      68.72819519042969,
      5.323183536529541,
      28.941913604736328,
      0.9140434861183167
    ],
    [
      7.081788539886475,
      6.631842613220215,
      -0.9568294286727905,
      -2.1804823875427246,
      22.34327507019043,
      18.244916915893555,
      50.592315673828125,
      44.22962951660156,
      77.5751724243164,
      70.57771301269531,
      94.95658111572266,
      62.40119934082031,
      124.1136474609375,
      43.28496170043945,
      81.94593048095703,
      6.6911234855651855,
      35.28446960449219,
      1.2325032949447632
    ],
    [
      10.385555267333984,
      9.33147144317627,
      2.397399425506592,
      2.7963013648986816,
      17.42487907409668,
      17.81938934326172,
      35.37571334838867,
      35.88454818725586,
      53.66984939575195,
      53.58335876464844,
      62.40119934082031,
      46.699806213378906,
      87.14412689208984,
      32.226104736328125,
      57.99530792236328,
      5.049267768859863,
      25.361204147338867,
      0.8949623107910156
    ],
    [
      25.85000228881836,
      23.273008346557617,
      8.681258201599121,
      9.807350158691406,
      39.51871109008789,
      41.366607666015625,
      77.38196563720703,
      75.77238464355469,
      110.64230346679688,
      107.11724853515625,
      124.1136474609375,
      87.14412689208984,
      189.12289428710938,
      64.05116271972656,
      120.25916290283203,
      9.822490692138672,
      51.2981071472168,
      1.7081924676895142
    ],
    [
      3.800187349319458,
      3.5636146068573,
      -1.484724998474121,
      -1.1740878820419312,
      9.583122253417969,
      9.252655029296875,
      22.279069900512695,
      21.69999885559082,
      37.280338287353516,
      36.23076629638672,
      43.28496170043945,
      32.226104736328125,
      64.05116271972656,
      28.750276565551758,
      45.70805358886719,
      5.079509735107422,
      22.26464080810547,
      0.8157325983047485
    ],
    [
      10.086834907531738,
      9.270926475524902,
      2.0335710048675537,
      2.572472095489502,
      21.54469871520996,
      21.02813720703125,
      45.81022262573242,
      43.8582649230957,
      72.52007293701172,
      68.72819519042969,
      81.94593048095703,
      57.99530792236328,
      120.25916290283203,
      45.70805358886719,
      84.34152221679688,
      7.816006660461426,
      37.41621017456055,
      1.1417529582977295
    ],
    [
      0.1163364052772522,
      0.1644168347120285,
      -0.6364451050758362,
      -0.5598931312561035,
      1.3776283264160156,
      1.2921924591064453,
      2.947333335876465,
      2.785940408706665,
      5.536774635314941,
      5.323183536529541,
      6.6911234855651855,
      5.049267768859863,
      9.822490692138672,
      5.079509735107422,
      7.816006660461426,
      1.5482664108276367,
      4.19947624206543,
      0.33586758375167847
    ],
    [
      2.5041117668151855,
      2.4174230098724365,
      -0.6885579228401184,
      -0.522550106048584,
      8.618852615356445,
      8.092069625854492,
      18.654788970947266,
      17.510452270507812,
      30.632051467895508,
      28.941913604736328,
      35.28446960449219,
      25.361204147338867,
      51.2981071472168,
      22.26464080810547,
      37.41621017456055,
      4.19947624206543,
      19.22171974182129,
      0.715141236782074
    ],
    [
      0.2418331503868103,
      0.22742959856987,
      -0.08143124729394913,
      -0.12255843728780746,
      0.16685351729393005,
      0.08403149247169495,
      0.48353311419487,
      0.43758198618888855,
      0.9281539916992188,
      0.9140434861183167,
      1.2325032949447632,
      0.8949623107910156,
      1.7081924676895142,
      0.8157325983047485,
      1.1417529582977295,
      0.33586758375167847,
      0.715141236782074,
      0.4678896367549896
    ]
  ],
  "covariance_short": [
    [
      63.163211822509766,
      45.91466522216797,
      17.02335548400879,
      13.80837345123291,
      7.856181621551514,
      9.589746475219727,
      9.58501148223877,
      13.4583740234375,
      6.164787292480469,
      9.044879913330078,
      3.4802701473236084,
      5.139503479003906,
      12.971048355102539,
      0.9576725959777832,
      3.8217928409576416,
      -0.27373042702674866,
      0.4172641634941101,
      0.03286070004105568
    ],
    [
      45.91466522216797,
      43.42101287841797,
      14.437559127807617,
      13.604954719543457,
      8.764004707336426,
      12.302114486694336,
      10.639581680297852,
      15.437747955322266,
      8.622987747192383,
      11.647616386413574,
      7.00691032409668,
      7.15814733505249,
      17.417407989501953,
      2.303971290588379,
      6.226597785949707,
      -0.013295061886310577,
      1.4456788301467896,
      0.06789796054363251
    ],
    [
      17.02335548400879,
      14.437559127807617,
      27.618688583374023,
      22.221837997436523,
      14.623897552490234,
      14.622758865356445,
      13.745079040527344,
      14.623330116271973,
      11.23233699798584,
      11.74109172821045,
      6.113816738128662,
      4.131101131439209,
      12.453194618225098,
      -0.7173659205436707,
      3.647636890411377,
      -0.5089628100395203,
      -0.001956935040652752,
      -0.009032717905938625
    ],
    [
      13.80837345123291,
      13.604954719543457,
      22.221837997436523,
      28.345476150512695,
      11.860424995422363,
      17.946590423583984,
      10.708857536315918,
      16.64314842224121,
      7.723454475402832,
      12.559139251708984,
      2.2313828468322754,
      3.886103868484497,
      11.090330123901367,
      -0.6191083192825317,
      3.383345365524292,
      -0.411260724067688,
      0.10857045650482178,
      -0.013041628524661064
    ],
    [
      7.856181621551514,
      8.764004707336426,
      14.623897552490234,
      11.860424995422363,
      47.71803665161133,
      33.47080993652344,
      42.99150848388672,
      31.524431228637695,
      45.4620475769043,
      34.7631721496582,
      42.52347183227539,
      22.708829879760742,
      52.727943420410156,
      12.358654975891113,
      28.323139190673828,
      1.7578130960464478,
      11.342982292175293,
      0.10874377936124802
    ],
    [
      9.589746475219727,
      12.302114486694336,
      14.622758865356445,
      17.946590423583984,
      33.47080993652344,
      43.8321533203125,
      29.96877670288086,
      34.71360778808594,
      31.21038246154785,
      33.601741790771484,
      28.56263542175293,
      20.702665328979492,
      43.927860260009766,
      10.645525932312012,
      22.364124298095703,
      1.5003985166549683,
      8.759096145629883,
      0.08916550874710083
    ],
    [
      9.58501148223877,
      10.639581680297852,
      13.745079040527344,
      10.708857536315918,
      42.99150848388672,
      29.96877670288086,
      70.31519317626953,
      44.24919509887695,
      65.56317138671875,
      46.04796600341797,
      64.57341003417969,
      33.30879211425781,
      80.34046936035156,
      20.064855575561523,
      44.85035705566406,
      2.5582778453826904,
      18.534595489501953,
      0.2201901525259018
    ],
    [
      13.4583740234375,
      15.437747955322266,
      14.623330116271973,
      16.64314842224121,
      31.524431228637695,
      34.71360778808594,
      44.24919509887695,
      55.37155532836914,
      43.520957946777344,
      46.79038619995117,
      42.566871643066406,
      32.27755355834961,
      63.56654357910156,
      18.434814453125,
      34.087066650390625,
      2.2702059745788574,
      13.72012996673584,
      0.17561663687229156
    ],
    [
      6.164787292480469,
      8.622987747192383,
      11.23233699798584,
      7.723454475402832,
      45.4620475769043,
      31.21038246154785,
      65.56317138671875,
      43.520957946777344,
      103.97225189208984,
      72.47588348388672,
      99.31502532958984,
      54.05035400390625,
      121.17198181152344,
      36.75233459472656,
      74.99980163574219,
      5.406846523284912,
      32.21513366699219,
      0.42871204018592834
    ],
    [
      9.044879913330078,
      11.647616386413574,
      11.74109172821045,
      12.559139251708984,
      34.7631721496582,
      33.601741790771484,
      46.04796600341797,
      46.79038619995117,
      72.47588348388672,
      74.9958267211914,
      73.79158782958984,
      51.958335876464844,
      97.87979125976562,
      34.554752349853516,
      59.28608703613281,
      4.909984111785889,
      25.190547943115234,
      0.33478227257728577
    ],
    [
      3.4802701473236084,
      7.00691032409668,
      6.113816738128662,
      2.2313828468322754,
      42.52347183227539,
      28.56263542175293,
      64.57341003417969,
      42.566871643066406,
      99.31502532958984,
      73.79158782958984,
      123.16984558105469,
      62.53498077392578,
      135.95228576660156,
      42.277286529541016,
      83.92000579833984,
      6.382320404052734,
      36.2563362121582,
      0.5237855315208435
    ],
    [
      5.139503479003906,
      7.15814733505249,
      4.131101131439209,
      3.886103868484497,
      22.708829879760742,
      20.702665328979492,
      33.30879211425781,
      32.27755355834961,
      54.05035400390625,
      51.958335876464844,
      62.53498077392578,
      45.57148361206055,
      78.2900390625,
      30.102432250976562,
      49.130271911621094,
      4.5770649909973145,
      21.58679962158203,
      0.33291542530059814
    ],
    [
      12.971048355102539,
      17.417407989501953,
      12.453194618225098,
      11.090330123901367,
      52.727943420410156,
      43.927860260009766,
      80.34046936035156,
      63.56654357910156,
      121.17198181152344,
      97.87979125976562,
      135.95228576660156,
      78.2900390625,
      179.2899932861328,
      57.63697814941406,
      109.87115478515625,
      8.824347496032715,
      48.134429931640625,
      0.6668599843978882
    ],
    [
      0.9576725959777832,
      2.303971290588379,
      -0.7173659205436707,
      -0.6191083192825317,
      12.358654975891113,
      10.645525932312012,
      20.064855575561523,
      18.434814453125,
      36.75233459472656,
      34.554752349853516,
      42.277286529541016,
      30.102432250976562,
      57.63697814941406,
      27.568078994750977,
      39.33424377441406,
      4.681002616882324,
      19.317392349243164,
      0.31190744042396545
    ],
    [
      3.8217928409576416,
      6.226597785949707,
      3.647636890411377,
      3.383345365524292,
      28.323139190673828,
      22.364124298095703,
      44.85035705566406,
      34.087066650390625,
      74.99980163574219,
      59.28608703613281,
      83.92000579833984,
      49.130271911621094,
      109.87115478515625,
      39.33424377441406,
      76.3021240234375,
      6.748055934906006,
      34.72736740112305,
      0.42637181282043457
    ],
    [
      -0.27373042702674866,
      -0.013295061886310577,
      -0.5089628100395203,
      -0.411260724067688,
      1.7578130960464478,
      1.5003985166549683,
      2.5582778453826904,
      2.2702059745788574,
      5.406846523284912,
      4.909984111785889,
      6.382320404052734,
      4.5770649909973145,
      8.824347496032715,
      4.681002616882324,
      6.748055934906006,
      1.5130568742752075,
      3.591881513595581,
      0.20018590986728668
    ],
    [
      0.4172641634941101,
      1.4456788301467896,
      -0.001956935040652752,
      0.10857045650482178,
      11.342982292175293,
      8.759096145629883,
      18.534595489501953,
      13.72012996673584,
      32.21513366699219,
      25.190547943115234,
      36.2563362121582,
      21.58679962158203,
      48.134429931640625,
      19.317392349243164,
      34.72736740112305,
      3.591881513595581,
      18.441112518310547,
      0.34031394124031067
    ],
    [
      0.03286070004105568,
      0.06789796054363251,
      -0.009032717905938625,
      -0.013041628524661064,
      0.10874377936124802,
      0.08916550874710083,
      0.2201901525259018,
      0.17561663687229156,
      0.42871204018592834,
      0.33478227257728577,
      0.5237855315208435,
      0.33291542530059814,
      0.6668599843978882,
      0.31190744042396545,
      0.42637181282043457,
      0.20018590986728668,
      0.34031394124031067,
      0.26058700680732727
    ]
  ],
  "damage": -10.2031831741333,
  "diff_bandwidth": 589.384765625,
  "dissonance": 5.225614020010445,
  "drr": 11.44930648803711,
  "dynamics": 3.3665871620178223,
  "format": 1245190,
  "frames": 9928640,
  "loudness": -16.131710052490234,
  "loudness_range": 9.020021438598633,
  "loudness_range_short": 14.657411575317383,
  "lowpass_true_peak_15khz": -2.141201972961426,
  "mastering3_acoustic_entropies": [
    {
      "acoustic_entropy": 11.254234313964844,
      "acoustic_entropy_mono": 11.256101608276367,
      "band_eliminated_acoustic_entropies": [
        {
          "acoustic_entropy": 11.072352409362793,
          "acoustic_entropy_side": 11.25423526763916,
          "hz": 129.47220167065723
        },
        {
          "acoustic_entropy": 10.076258659362793,
          "acoustic_entropy_side": 11.254240989685059,
          "hz": 202.92927478742237
        },
        {
          "acoustic_entropy": 11.3460054397583,
          "acoustic_entropy_side": 11.254237174987793,
          "hz": 282.89161906338205
        },
        {
          "acoustic_entropy": 10.53087043762207,
          "acoustic_entropy_side": 11.254240989685059,
          "hz": 369.9353335868758
        },
        {
          "acoustic_entropy": 10.904942512512207,
          "acoustic_entropy_side": 11.254079818725586,
          "hz": 464.6875360973435
        },
        {
          "acoustic_entropy": 11.116080284118652,
          "acoustic_entropy_side": 11.254294395446777,
          "hz": 567.8308811364784
        },
        {
          "acoustic_entropy": 10.784588813781738,
          "acoustic_entropy_side": 11.253644943237305,
          "hz": 680.1084783214808
        },
        {
          "acoustic_entropy": 10.690217018127441,
          "acoustic_entropy_side": 11.252870559692383,
          "hz": 802.3292461747484
        },
        {
          "acoustic_entropy": 10.684229850769043,
          "acoustic_entropy_side": 11.253881454467773,
          "hz": 935.3737400823702
        },
        {
          "acoustic_entropy": 10.09294605255127,
          "acoustic_entropy_side": 11.254206657409668,
          "hz": 1080.2004963696966
        },
        {
          "acoustic_entropy": 9.925583839416504,
          "acoustic_entropy_side": 11.255148887634277,
          "hz": 1237.8529382007157
        },
        {
          "acoustic_entropy": 9.510541915893555,
          "acoustic_entropy_side": 11.255683898925781,
          "hz": 1409.4668930556702
        },
        {
          "acoustic_entropy": 10.633468627929688,
          "acoustic_entropy_side": 11.254389762878418,
          "hz": 1596.2787759475705
        },
        {
          "acoustic_entropy": 10.422476768493652,
          "acoustic_entropy_side": 11.255247116088867,
          "hz": 1799.6344973346393
        },
        {
          "acoustic_entropy": 10.786415100097656,
          "acoustic_entropy_side": 11.254652976989746,
          "hz": 2020.9991599069049
        },
        {
          "acoustic_entropy": 10.790294647216797,
          "acoustic_entropy_side": 11.254181861877441,
          "hz": 2261.9676141086993
        },
        {
          "acoustic_entropy": 10.908785820007324,
          "acoustic_entropy_side": 11.2542724609375,
          "hz": 2524.2759484456974
        },
        {
          "acoustic_entropy": 11.024965286254883,
          "acoustic_entropy_side": 11.254114151000977,
          "hz": 2809.813997359896
        },
        {
          "acoustic_entropy": 11.083182334899902,
          "acoustic_entropy_side": 11.254249572753906,
          "hz": 3120.6389567871424
        },
        {
          "acoustic_entropy": 11.280424118041992,
          "acoustic_entropy_side": 11.254241943359375,
          "hz": 3458.990205492291
        },
        {
          "acoustic_entropy": 11.213460922241211,
          "acoustic_entropy_side": 11.254231452941895,
          "hz": 3827.305438964164
        },
        {
          "acoustic_entropy": 11.199435234069824,
          "acoustic_entropy_side": 11.254237174987793,
          "hz": 4228.238232109126
        },
        {
          "acoustic_entropy": 11.13609504699707,
          "acoustic_entropy_side": 11.25423812866211,
          "hz": 4664.6771572759235
        },
        {
          "acoustic_entropy": 11.074429512023926,
          "acoustic_entropy_side": 11.254242897033691,
          "hz": 5139.766595350093
        },
        {
          "acoustic_entropy": 11.056397438049316,
          "acoustic_entropy_side": 11.25426197052002,
          "hz": 5656.929389854203
        },
        {
          "acoustic_entropy": 11.116405487060547,
          "acoustic_entropy_side": 11.254228591918945,
          "hz": 6219.891507268283
        },
        {
          "acoustic_entropy": 11.182720184326172,
          "acoustic_entropy_side": 11.254233360290527,
          "hz": 6832.70888123896
        },
        {
          "acoustic_entropy": 11.24191665649414,
          "acoustic_entropy_side": 11.254234313964844,
          "hz": 7499.796634079867
        },
        {
          "acoustic_entropy": 11.250456809997559,
          "acoustic_entropy_side": 11.254234313964844,
          "hz": 8225.96088609342
        },
        {
          "acoustic_entropy": 11.25090217590332,
          "acoustic_entropy_side": 11.254234313964844,
          "hz": 9016.43338188839
        },
        {
          "acoustic_entropy": 11.250636100769043,
          "acoustic_entropy_side": 11.254234313964844,
          "hz": 9876.909183162974
        },
        {
          "acoustic_entropy": 11.252577781677246,
          "acoustic_entropy_side": 11.254234313964844,
          "hz": 10813.587699516042
        },
        {
          "acoustic_entropy": 11.256020545959473,
          "acoustic_entropy_side": 11.254234313964844,
          "hz": 11833.21735289826
        },
        {
          "acoustic_entropy": 11.254142761230469,
          "acoustic_entropy_side": 11.254234313964844,
          "hz": 12943.144197493959
        },
        {
          "acoustic_entropy": 11.254191398620605,
          "acoustic_entropy_side": 11.254234313964844,
          "hz": 14151.364845322005
        },
        {
          "acoustic_entropy": 11.25419807434082,
          "acoustic_entropy_side": 11.254234313964844,
          "hz": 15466.58407886509
        },
        {
          "acoustic_entropy": 11.254222869873047,
          "acoustic_entropy_side": 11.254234313964844,
          "hz": 16898.27756580493
        },
        {
          "acoustic_entropy": 11.254231452941895,
          "acoustic_entropy_side": 11.254234313964844,
          "hz": 18456.760127700032
        },
        {
          "acoustic_entropy": 11.254230499267578,
          "acoustic_entropy_side": 11.254234313964844,
          "hz": 20153.260054456492
        },
        {
          "acoustic_entropy": 11.254234313964844,
          "acoustic_entropy_side": 11.254234313964844,
          "hz": 22000.00000000001
        }
      ],
      "diff_acoustic_entropy": 9.684192657470703,
      "sn": 6
    },
    {
      "acoustic_entropy": 15.118037223815918,
      "acoustic_entropy_mono": 15.099983215332031,
      "band_eliminated_acoustic_entropies": [
        {
          "acoustic_entropy": 15.096694946289062,
          "acoustic_entropy_side": 15.118043899536133,
          "hz": 129.47220167065723
        },
        {
          "acoustic_entropy": 14.203786849975586,
          "acoustic_entropy_side": 15.118134498596191,
          "hz": 202.92927478742237
        },
        {
          "acoustic_entropy": 15.187799453735352,
          "acoustic_entropy_side": 15.118040084838867,
          "hz": 282.89161906338205
        },
        {
          "acoustic_entropy": 14.473258972167969,
          "acoustic_entropy_side": 15.117802619934082,
          "hz": 369.9353335868758
        },
        {
          "acoustic_entropy": 15.21406078338623,
          "acoustic_entropy_side": 15.11722469329834,
          "hz": 464.6875360973435
        },
        {
          "acoustic_entropy": 14.956351280212402,
          "acoustic_entropy_side": 15.118844032287598,
          "hz": 567.8308811364784
        },
        {
          "acoustic_entropy": 14.668709754943848,
          "acoustic_entropy_side": 15.114134788513184,
          "hz": 680.1084783214808
        },
        {
          "acoustic_entropy": 14.783177375793457,
          "acoustic_entropy_side": 15.113338470458984,
          "hz": 802.3292461747484
        },
        {
          "acoustic_entropy": 14.689920425415039,
          "acoustic_entropy_side": 15.120966911315918,
          "hz": 935.3737400823702
        },
        {
          "acoustic_entropy": 14.18485164642334,
          "acoustic_entropy_side": 15.118075370788574,
          "hz": 1080.2004963696966
        },
        {
          "acoustic_entropy": 13.921252250671387,
          "acoustic_entropy_side": 15.11948013305664,
          "hz": 1237.8529382007157
        },
        {
          "acoustic_entropy": 13.696434020996094,
          "acoustic_entropy_side": 15.119572639465332,
          "hz": 1409.4668930556702
        },
        {
          "acoustic_entropy": 14.735835075378418,
          "acoustic_entropy_side": 15.119329452514648,
          "hz": 1596.2787759475705
        },
        {
          "acoustic_entropy": 14.498281478881836,
          "acoustic_entropy_side": 15.108793258666992,
          "hz": 1799.6344973346393
        },
        {
          "acoustic_entropy": 14.482332229614258,
          "acoustic_entropy_side": 15.124771118164062,
          "hz": 2020.9991599069049
        },
        {
          "acoustic_entropy": 14.783031463623047,
          "acoustic_entropy_side": 15.11931037902832,
          "hz": 2261.9676141086993
        },
        {
          "acoustic_entropy": 14.469057083129883,
          "acoustic_entropy_side": 15.11600112915039,
          "hz": 2524.2759484456974
        },
        {
          "acoustic_entropy": 14.759272575378418,
          "acoustic_entropy_side": 15.118109703063965,
          "hz": 2809.813997359896
        },
        {
          "acoustic_entropy": 15.328710556030273,
          "acoustic_entropy_side": 15.118935585021973,
          "hz": 3120.6389567871424
        },
        {
          "acoustic_entropy": 14.845292091369629,
          "acoustic_entropy_side": 15.118054389953613,
          "hz": 3458.990205492291
        },
        {
          "acoustic_entropy": 14.991955757141113,
          "acoustic_entropy_side": 15.11793041229248,
          "hz": 3827.305438964164
        },
        {
          "acoustic_entropy": 14.906499862670898,
          "acoustic_entropy_side": 15.117928504943848,
          "hz": 4228.238232109126
        },
        {
          "acoustic_entropy": 14.853351593017578,
          "acoustic_entropy_side": 15.117741584777832,
          "hz": 4664.6771572759235
        },
        {
          "acoustic_entropy": 14.860114097595215,
          "acoustic_entropy_side": 15.117828369140625,
          "hz": 5139.766595350093
        },
        {
          "acoustic_entropy": 14.836594581604004,
          "acoustic_entropy_side": 15.118057250976562,
          "hz": 5656.929389854203
        },
        {
          "acoustic_entropy": 14.799129486083984,
          "acoustic_entropy_side": 15.117961883544922,
          "hz": 6219.891507268283
        },
        {
          "acoustic_entropy": 14.903128623962402,
          "acoustic_entropy_side": 15.118029594421387,
          "hz": 6832.70888123896
        },
        {
          "acoustic_entropy": 15.063353538513184,
          "acoustic_entropy_side": 15.118036270141602,
          "hz": 7499.796634079867
        },
        {
          "acoustic_entropy": 15.087257385253906,
          "acoustic_entropy_side": 15.118037223815918,
          "hz": 8225.96088609342
        },
        {
          "acoustic_entropy": 15.080252647399902,
          "acoustic_entropy_side": 15.118037223815918,
          "hz": 9016.43338188839
        },
        {
          "acoustic_entropy": 15.06447696685791,
          "acoustic_entropy_side": 15.118037223815918,
          "hz": 9876.909183162974
        },
        {
          "acoustic_entropy": 15.041608810424805,
          "acoustic_entropy_side": 15.118036270141602,
          "hz": 10813.587699516042
        },
        {
          "acoustic_entropy": 15.096354484558105,
          "acoustic_entropy_side": 15.118037223815918,
          "hz": 11833.21735289826
        },
        {
          "acoustic_entropy": 15.116539001464844,
          "acoustic_entropy_side": 15.118037223815918,
          "hz": 12943.144197493959
        },
        {
          "acoustic_entropy": 15.117947578430176,
          "acoustic_entropy_side": 15.118037223815918,
          "hz": 14151.364845322005
        },
        {
          "acoustic_entropy": 15.118128776550293,
          "acoustic_entropy_side": 15.118037223815918,
          "hz": 15466.58407886509
        },
        {
          "acoustic_entropy": 15.118349075317383,
          "acoustic_entropy_side": 15.118037223815918,
          "hz": 16898.27756580493
        },
        {
          "acoustic_entropy": 15.11807918548584,
          "acoustic_entropy_side": 15.118038177490234,
          "hz": 18456.760127700032
        },
        {
          "acoustic_entropy": 15.118155479431152,
          "acoustic_entropy_side": 15.118038177490234,
          "hz": 20153.260054456492
        },
        {
          "acoustic_entropy": 15.11804485321045,
          "acoustic_entropy_side": 15.118038177490234,
          "hz": 22000.00000000001
        }
      ],
      "diff_acoustic_entropy": 12.772095680236816,
      "sn": 12
    },
    {
      "acoustic_entropy": 17.458120346069336,
      "acoustic_entropy_mono": 18.14402961730957,
      "band_eliminated_acoustic_entropies": [
        {
          "acoustic_entropy": 17.414859771728516,
          "acoustic_entropy_side": 17.458276748657227,
          "hz": 129.47220167065723
        },
        {
          "acoustic_entropy": 17.499650955200195,
          "acoustic_entropy_side": 17.455812454223633,
          "hz": 202.92927478742237
        },
        {
          "acoustic_entropy": 17.539127349853516,
          "acoustic_entropy_side": 17.4548397064209,
          "hz": 282.89161906338205
        },
        {
          "acoustic_entropy": 18.281505584716797,
          "acoustic_entropy_side": 17.464435577392578,
          "hz": 369.9353335868758
        },
        {
          "acoustic_entropy": 18.56892204284668,
          "acoustic_entropy_side": 17.54650115966797,
          "hz": 464.6875360973435
        },
        {
          "acoustic_entropy": 17.493534088134766,
          "acoustic_entropy_side": 17.53193473815918,
          "hz": 567.8308811364784
        },
        {
          "acoustic_entropy": 17.25702667236328,
          "acoustic_entropy_side": 17.43523597717285,
          "hz": 680.1084783214808
        },
        {
          "acoustic_entropy": 18.326683044433594,
          "acoustic_entropy_side": 17.496063232421875,
          "hz": 802.3292461747484
        },
        {
          "acoustic_entropy": 17.737957000732422,
          "acoustic_entropy_side": 17.40982437133789,
          "hz": 935.3737400823702
        },
        {
          "acoustic_entropy": 17.39712905883789,
          "acoustic_entropy_side": 17.549917221069336,
          "hz": 1080.2004963696966
        },
        {
          "acoustic_entropy": 17.176633834838867,
          "acoustic_entropy_side": 17.494001388549805,
          "hz": 1237.8529382007157
        },
        {
          "acoustic_entropy": 16.409231185913086,
          "acoustic_entropy_side": 17.83354949951172,
          "hz": 1409.4668930556702
        },
        {
          "acoustic_entropy": 17.43559455871582,
          "acoustic_entropy_side": 17.581348419189453,
          "hz": 1596.2787759475705
        },
        {
          "acoustic_entropy": 16.95838737487793,
          "acoustic_entropy_side": 17.60335922241211,
          "hz": 1799.6344973346393
        },
        {
          "acoustic_entropy": 17.14723014831543,
          "acoustic_entropy_side": 17.497947692871094,
          "hz": 2020.9991599069049
        },
        {
          "acoustic_entropy": 17.010648727416992,
          "acoustic_entropy_side": 17.609848022460938,
          "hz": 2261.9676141086993
        },
        {
          "acoustic_entropy": 17.51930046081543,
          "acoustic_entropy_side": 17.673669815063477,
          "hz": 2524.2759484456974
        },
        {
          "acoustic_entropy": 17.328367233276367,
          "acoustic_entropy_side": 17.60662078857422,
