{
  "acoustic_entropy": 135.4796600341797,
  "bands": [
    {
      "high_freq": 148.1999969482422,
      "loudness": -51.2265510559082,
      "loudness_range": 24.737071990966797,
      "mid_mean": -50.60267639160156,
      "mid_to_side_loudness": -5.035824775695801,
      "mid_to_side_loudness_range": 6.251742839813232,
      "side_mean": -54.8967399597168
    },
    {
      "high_freq": 392.3793640136719,
      "loudness": -30.397789001464844,
      "loudness_range": 13.675222396850586,
      "low_freq": 148.1999969482422,
      "mid_mean": -28.801958084106445,
      "mid_to_side_loudness": -2.707265853881836,
      "mid_to_side_loudness_range": 9.352934837341309,
      "side_mean": -31.95651626586914
    },
    {
      "high_freq": 794.6976318359375,
      "loudness": -35.905704498291016,
      "loudness_range": 17.068883895874023,
      "low_freq": 392.3793640136719,
      "mid_mean": -33.835845947265625,
      "mid_to_side_loudness": -5.011679649353027,
      "mid_to_side_loudness_range": 10.533808708190918,
      "side_mean": -38.65994644165039
    },
    {
      "high_freq": 1457.5709228515625,
      "loudness": -45.097999572753906,
      "loudness_range": 16.818824768066406,
      "low_freq": 794.6976318359375,
      "mid_mean": -43.32861328125,
      "mid_to_side_loudness": -3.612156629562378,
      "mid_to_side_loudness_range": 7.118414402008057,
      "side_mean": -47.1912727355957
    },
    {
      "high_freq": 2549.74365234375,
      "loudness": -48.472564697265625,
      "loudness_range": 14.915641784667969,
      "low_freq": 1457.5709228515625,
      "mid_mean": -46.885318756103516,
      "mid_to_side_loudness": -3.0510175228118896,
      "mid_to_side_loudness_range": 7.754168510437012,
      "side_mean": -51.78385543823242
    },
    {
      "high_freq": 4349.24462890625,
      "loudness": -54.29582595825195,
      "loudness_range": 20.48516082763672,
      "low_freq": 2549.74365234375,
      "mid_mean": -53.81110382080078,
      "mid_to_side_loudness": -2.557887554168701,
      "mid_to_side_loudness_range": 7.1108527183532715,
      "side_mean": -56.1141471862793
    },
    {
      "high_freq": 7314.1640625,
      "loudness": -47.525482177734375,
      "loudness_range": 32.518611907958984,
      "low_freq": 4349.24462890625,
      "mid_mean": -51.9161491394043,
      "mid_to_side_loudness": -1.4478840827941895,
      "mid_to_side_loudness_range": 5.294866561889648,
      "side_mean": -53.035850524902344
    },
    {
      "high_freq": 12199.2666015625,
      "loudness": -44.63179397583008,
      "loudness_range": 20.908443450927734,
      "low_freq": 7314.1640625,
      "mid_mean": -55.91450500488281,
      "mid_to_side_loudness": -0.8808127641677856,
      "mid_to_side_loudness_range": 3.1155195236206055,
      "side_mean": -56.42116928100586
    },
    {
      "loudness": -65.69418334960938,
      "loudness_range": 22.50658416748047,
      "low_freq": 12199.2666015625,
      "mid_mean": -63.0118408203125,
      "mid_to_side_loudness": -0.1801965981721878,
      "mid_to_side_loudness_range": 0.6647081971168518,
      "side_mean": -63.121395111083984
    }
  ],
  "bands_short": [
    {
      "high_freq": 148.1999969482422,
      "loudness": -52.96070861816406,
      "loudness_range": 23.78466796875,
      "mid_mean": -52.2973747253418,
      "mid_to_side_loudness": -4.942162036895752,
      "mid_to_side_loudness_range": 11.112244606018066,
      "side_mean": -56.40126037597656
    },
    {
      "high_freq": 392.3793640136719,
      "loudness": -31.504940032958984,
      "loudness_range": 14.221721649169922,
      "low_freq": 148.1999969482422,
      "mid_mean": -30.179519653320312,
      "mid_to_side_loudness": -2.6112563610076904,
      "mid_to_side_loudness_range": 12.021890640258789,
      "side_mean": -33.13011169433594
    },
    {
      "high_freq": 794.6976318359375,
      "loudness": -35.17349624633789,
      "loudness_range": 18.386503219604492,
      "low_freq": 392.3793640136719,
      "mid_mean": -33.173866271972656,
      "mid_to_side_loudness": -4.731212139129639,
      "mid_to_side_loudness_range": 13.291641235351562,
      "side_mean": -38.05638122558594
    },
    {
      "high_freq": 1457.5709228515625,
      "loudness": -45.92048263549805,
      "loudness_range": 19.197494506835938,
      "low_freq": 794.6976318359375,
      "mid_mean": -44.37314224243164,
      "mid_to_side_loudness": -3.144676923751831,
      "mid_to_side_loudness_range": 10.074285507202148,
      "side_mean": -50.271732330322266
    },
    {
      "high_freq": 2549.74365234375,
      "loudness": -49.639732360839844,
      "loudness_range": 17.753238677978516,
      "low_freq": 1457.5709228515625,
      "mid_mean": -50.08294677734375,
      "mid_to_side_loudness": -2.8394362926483154,
      "mid_to_side_loudness_range": 9.979997634887695,
      "side_mean": -52.800453186035156
    },
    {
      "high_freq": 4349.24462890625,
      "loudness": -55.55915069580078,
      "loudness_range": 22.985504150390625,
      "low_freq": 2549.74365234375,
      "mid_mean": -55.090599060058594,
      "mid_to_side_loudness": -2.206747531890869,
      "mid_to_side_loudness_range": 8.486568450927734,
      "side_mean": -57.084163665771484
    },
    {
      "high_freq": 7314.1640625,
      "loudness": -48.473201751708984,
      "loudness_range": 35.22301483154297,
      "low_freq": 4349.24462890625,
      "mid_mean": -53.368194580078125,
      "mid_to_side_loudness": -0.6452639698982239,
      "mid_to_side_loudness_range": 6.142681121826172,
      "side_mean": -54.32809066772461
    },
    {
      "high_freq": 12199.2666015625,
      "loudness": -46.798362731933594,
      "loudness_range": 23.245346069335938,
      "low_freq": 7314.1640625,
      "mid_mean": -57.401580810546875,
      "mid_to_side_loudness": -0.7190011739730835,
      "mid_to_side_loudness_range": 2.9296040534973145,
      "side_mean": -57.825439453125
    },
    {
      "loudness": -67.39212036132812,
      "loudness_range": 24.026084899902344,
      "low_freq": 12199.2666015625,
      "mid_mean": -64.30345153808594,
      "mid_to_side_loudness": -0.1707911342382431,
      "mid_to_side_loudness_range": 1.5179402828216553,
      "side_mean": -64.4098129272461
    }
  ],
  "bandwidth": 491.5069580078125,
  "channels": 2,
  "covariance": [
    [
      107.74232482910156,
      94.28817749023438,
      8.522274017333984,
      7.541238307952881,
      -15.602660179138184,
      -10.150430679321289,
      -10.3436918258667,
      -9.208672523498535,
      14.43904972076416,
      34.335227966308594,
      41.70806121826172,
      25.335256576538086,
      19.475318908691406,
      10.300561904907227,
      7.101963520050049,
      2.236797332763672,
      1.6608006954193115,
      1.2020260095596313
    ],
    [
      94.28817749023438,
      85.84234619140625,
      7.922844886779785,
      7.65181827545166,
      -14.36021614074707,
      -8.05754566192627,
      -9.344162940979004,
      -5.559814453125,
      14.187019348144531,
      28.108348846435547,
      32.08139419555664,
      17.81650161743164,
      6.567212104797363,
      -1.9835938215255737,
      -3.7655012607574463,
      -8.164434432983398,
      -3.1655073165893555,
      -3.5285840034484863
    ],
    [
      8.522274017333984,
      7.922844886779785,
      29.516956329345703,
      20.88681411743164,
      19.736528396606445,
      17.17011833190918,
      19.514698028564453,
      22.95997428894043,
      22.538488388061523,
      17.721725463867188,
      13.628894805908203,
      8.807848930358887,
      -3.011404514312744,
      -4.276419639587402,
      -6.951826095581055,
      -7.750855922698975,
      -3.9853596687316895,
      -4.091732501983643
    ],
    [
      7.541238307952881,
      7.65181827545166,
      20.88681411743164,
      27.33274269104004,
      13.963580131530762,
      14.867145538330078,
      15.538723945617676,
      20.16792106628418,
      21.802534103393555,
      19.28914451599121,
      15.727803230285645,
      13.429631233215332,
      5.955170631408691,
      5.557253837585449,
      1.8460643291473389,
      1.3639779090881348,
      0.869952917098999,
      0.7213631868362427
    ],
    [
      -15.602660179138184,
      -14.36021614074707,
      19.736528396606445,
      13.963580131530762,
      44.077735900878906,
      32.75120162963867,
      32.62544631958008,
      29.983875274658203,
      21.53742218017578,
      20.287532806396484,
      4.394002914428711,
      3.2299373149871826,
      -20.50619125366211,
      -19.97882652282715,
      -21.631736755371094,
      -21.270092010498047,
      -10.395780563354492,
      -10.317136764526367
    ],
    [
      -10.150430679321289,
      -8.05754566192627,
      17.17011833190918,
      14.867145538330078,
      32.75120162963867,
      33.84333801269531,
      26.309049606323242,
      28.132747650146484,
      18.352876663208008,
      17.940845489501953,
      4.227146625518799,
      4.05607271194458,
      -17.459951400756836,
      -17.18535041809082,
      -18.74787139892578,
      -18.650720596313477,
      -8.92234992980957,
      -8.893733024597168
    ],
    [
      -10.3436918258667,
      -9.344162940979004,
      19.514698028564453,
      15.538723945617676,
      32.62544631958008,
      26.309049606323242,
      37.737335205078125,
      32.456783294677734,
      26.673585891723633,
      23.193809509277344,
      10.599445343017578,
      7.5305681228637695,
      -14.78973388671875,
      -15.227831840515137,
      -18.33084487915039,
      -18.61008644104004,
      -9.849940299987793,
      -9.79865837097168
    ],
    [
      -9.208672523498535,
      -5.559814453125,
      22.95997428894043,
      20.16792106628418,
      29.983875274658203,
      28.132747650146484,
      32.456783294677734,
      43.52506637573242,
      29.144208908081055,
      26.727733612060547,
      8.69324016571045,
      7.382509231567383,
      -17.20016098022461,
      -17.55493927001953,
      -20.01435089111328,
      -20.212993621826172,
      -9.45669937133789,
      -9.439066886901855
    ],
    [
      14.43904972076416,
      14.187019348144531,
      22.538488388061523,
      21.802534103393555,
      21.53742218017578,
      18.352876663208008,
      26.673585891723633,
      29.144208908081055,
      39.6091423034668,
      30.54729461669922,
      23.345195770263672,
      16.17618751525879,
      -5.828731536865234,
      -8.6357421875,
      -12.746542930603027,
      -14.299765586853027,
      -6.089976787567139,
      -6.220958709716797
    ],
    [
      34.335227966308594,
      28.108348846435547,
      17.721725463867188,
      19.28914451599121,
      20.287532806396484,
      17.940845489501953,
      23.193809509277344,
      26.727733612060547,
      30.54729461669922,
      58.60227584838867,
      46.838199615478516,
      41.32612991333008,
      35.61690902709961,
      33.25483322143555,
      24.979528427124023,
      23.813121795654297,
      13.577943801879883,
      13.334851264953613
    ],
    [
      41.70806121826172,
      32.08139419555664,
      13.628894805908203,
      15.727803230285645,
      4.394002914428711,
      4.227146625518799,
      10.599445343017578,
      8.69324016571045,
      23.345195770263672,
      46.838199615478516,
      63.98970413208008,
      55.42051315307617,
      82.90485382080078,
      79.93119812011719,
      68.46064758300781,
      66.58586883544922,
      33.10585403442383,
      32.53545379638672
    ],
    [
      25.335256576538086,
      17.81650161743164,
      8.807848930358887,
      13.429631233215332,
      3.2299373149871826,
      4.05607271194458,
      7.5305681228637695,
      7.382509231567383,
      16.17618751525879,
      41.32612991333008,
      55.42051315307617,
      53.368133544921875,
      85.45507049560547,
      84.91858673095703,
      73.49193572998047,
      72.89291381835938,
      36.39458084106445,
      35.93898010253906
    ],
    [
      19.475318908691406,
      6.567212104797363,
      -3.011404514312744,
      5.955170631408691,
      -20.50619125366211,
      -17.459951400756836,
      -14.78973388671875,
      -17.20016098022461,
      -5.828731536865234,
      35.61690902709961,
      82.90485382080078,
      85.45507049560547,
      199.12074279785156,
      202.36151123046875,
      182.85665893554688,
      183.904052734375,
      88.6441650390625,
      87.78119659423828
    ],
    [
      10.300561904907227,
      -1.9835938215255737,
      -4.276419639587402,
      5.557253837585449,
      -19.97882652282715,
      -17.18535041809082,
      -15.227831840515137,
      -17.55493927001953,
      -8.6357421875,
      33.25483322143555,
      79.93119812011719,
      84.91858673095703,
      202.36151123046875,
      208.23040771484375,
      188.07192993164062,
      190.38790893554688,
      91.6194076538086,
      90.85517883300781
    ],
    [
      7.101963520050049,
      -3.7655012607574463,
      -6.951826095581055,
      1.8460643291473389,
      -21.631736755371094,
      -18.74787139892578,
      -18.33084487915039,
      -20.01435089111328,
      -12.746542930603027,
      24.979528427124023,
      68.46064758300781,
      73.49193572998047,
      182.85665893554688,
      188.07192993164062,
      173.14071655273438,
      175.1485595703125,
      85.16223907470703,
      84.4211654663086
    ],
    [
      2.236797332763672,
      -8.164434432983398,
      -7.750855922698975,
      1.3639779090881348,
      -21.270092010498047,
      -18.650720596313477,
      -18.61008644104004,
      -20.212993621826172,
      -14.299765586853027,
      23.813121795654297,
      66.58586883544922,
      72.89291381835938,
      183.904052734375,
      190.38790893554688,
      175.1485595703125,
      178.0511474609375,
      86.63370513916016,
      85.97553253173828
    ],
    [
      1.6608006954193115,
      -3.1655073165893555,
      -3.9853596687316895,
      0.869952917098999,
      -10.395780563354492,
      -8.92234992980957,
      -9.849940299987793,
      -9.45669937133789,
      -6.089976787567139,
      13.577943801879883,
      33.10585403442383,
      36.39458084106445,
      88.6441650390625,
      91.6194076538086,
      85.16223907470703,
      86.63370513916016,
      45.326011657714844,
      45.02853775024414
    ],
    [
      1.2020260095596313,
      -3.5285840034484863,
      -4.091732501983643,
      0.7213631868362427,
      -10.317136764526367,
      -8.893733024597168,
      -9.79865837097168,
      -9.439066886901855,
      -6.220958709716797,
      13.334851264953613,
      32.53545379638672,
      35.93898010253906,
      87.78119659423828,
      90.85517883300781,
      84.4211654663086,
      85.97553253173828,
      45.02853775024414,
      44.7757568359375
    ]
  ],
  "covariance_short": [
    [
      93.95895385742188,
      79.93999481201172,
      12.607176780700684,
      9.856489181518555,
      -14.412748336791992,
      -9.5850248336792,
      -5.161944389343262,
      33.06982421875,
      46.43975067138672,
      31.662565231323242,
      34.43218994140625,
      21.447900772094727,
      9.029022216796875,
      2.846247434616089,
      -1.2872354984283447,
      -4.166503429412842,
      -0.720258891582489,
      -1.0105053186416626
    ],
    [
      79.93999481201172,
      78.14221954345703,
      12.557815551757812,
      10.824691772460938,
      -13.881364822387695,
      -8.159011840820312,
      -4.555654048919678,
      28.230127334594727,
      39.301334381103516,
      26.013259887695312,
      26.7589168548584,
      15.12192153930664,
      -0.9639205932617188,
      -6.621465682983398,
      -9.16909122467041,
      -11.793527603149414,
      -3.636540174484253,
      -3.8526573181152344
    ],
    [
      12.607176780700684,
      12.557815551757812,
      34.31193542480469,
      21.449739456176758,
      20.203998565673828,
      18.79269027709961,
      22.820722579956055,
      25.56055450439453,
      25.292667388916016,
      19.479690551757812,
      15.032001495361328,
      10.495162963867188,
      -7.937666893005371,
      -9.627481460571289,
      -11.747611045837402,
      -12.521550178527832,
      -5.057048797607422,
      -5.212954998016357
    ],
    [
      9.856489181518555,
      10.824691772460938,
      21.449739456176758,
      31.772693634033203,
      16.021398544311523,
      19.00028419494629,
      18.20421028137207,
      25.952007293701172,
      23.619609832763672,
      20.49846649169922,
      15.508040428161621,
      13.216934204101562,
      0.22075894474983215,
      -0.5584519505500793,
      -3.573532819747925,
      -4.03478479385376,
      -1.4601043462753296,
      -1.5935214757919312
    ],
    [
      -14.412748336791992,
      -13.881364822387695,
      20.203998565673828,
      16.021398544311523,
      49.252140045166016,
      36.6693000793457,
      36.43942642211914,
      33.558475494384766,
      25.88546371459961,
      24.728742599487305,
      9.576461791992188,
      9.074371337890625,
      -16.604562759399414,
      -16.43566131591797,
      -17.869245529174805,
      -17.60882568359375,
      -7.572893142700195,
      -7.474114418029785
    ],
    [
      -9.5850248336792,
      -8.159011840820312,
      18.79269027709961,
      19.00028419494629,
      36.6693000793457,
      44.68096160888672,
      31.61802101135254,
      33.708473205566406,
      23.19606590270996,
      23.05109405517578,
      8.008817672729492,
      7.797888278961182,
      -15.278595924377441,
      -15.136441230773926,
      -16.625232696533203,
      -16.449060440063477,
      -6.686488151550293,
      -6.633940696716309
    ],
    [
      -5.161944389343262,
      -4.555654048919678,
      22.820722579956055,
      18.20421028137207,
      36.43942642211914,
      31.61802101135254,
      50.08816909790039,
      40.69694519042969,
      35.14546585083008,
      29.641496658325195,
      14.604925155639648,
      10.594334602355957,
      -22.660627365112305,
      -23.83077621459961,
      -26.098337173461914,
      -26.55777359008789,
      -11.761619567871094,
      -11.716524124145508
    ],
    [
      33.06982421875,
      28.230127334594727,
      25.56055450439453,
      25.952007293701172,
      33.558475494384766,
      33.708473205566406,
      40.69694519042969,
      91.23033142089844,
      76.40735626220703,
      66.65657043457031,
      42.73924255371094,
      36.689239501953125,
      8.401790618896484,
      5.5252580642700195,
      -0.24384677410125732,
      -1.3572466373443604,
      2.93448543548584,
      2.7497963905334473
    ],
    [
      46.43975067138672,
      39.301334381103516,
      25.292667388916016,
      23.619609832763672,
      25.88546371459961,
      23.19606590270996,
      35.14546585083008,
      76.40735626220703,
      83.27183532714844,
      67.01648712158203,
      54.97490310668945,
      44.197845458984375,
      22.621440887451172,
      17.86333656311035,
      9.32522964477539,
      7.321401596069336,
      6.51131010055542,
      6.180090427398682
    ],
    [
      31.662565231323242,
      26.013259887695312,
      19.479690551757812,
      20.49846649169922,
      24.728742599487305,
      23.05109405517578,
      29.641496658325195,
      66.65657043457031,
      67.01648712158203,
      61.821022033691406,
      48.01224136352539,
      42.52802276611328,
      30.345905303955078,
      27.603107452392578,
      19.107572555541992,
      17.923263549804688,
      10.888879776000977,
      10.636714935302734
    ],
    [
      34.43218994140625,
      26.7589168548584,
      15.032001495361328,
      15.508040428161621,
      9.576461791992188,
      8.008817672729492,
      14.604925155639648,
      42.73924255371094,
      54.97490310668945,
      48.01224136352539,
      67.39627075195312,
      58.491859436035156,
      78.69039154052734,
      74.8984603881836,
      62.14703369140625,
      60.290061950683594,
      28.640213012695312,
      27.972000122070312
    ],
    [
      21.447900772094727,
      15.12192153930664,
      10.495162963867188,
      13.216934204101562,
      9.074371337890625,
      7.797888278961182,
      10.594334602355957,
      36.689239501953125,
      44.197845458984375,
      42.52802276611328,
      58.491859436035156,
      57.12582778930664,
      81.99015045166016,
      80.29415130615234,
      67.65431213378906,
      66.7433090209961,
      31.75301742553711,
      31.202163696289062
    ],
    [
      9.029022216796875,
      -0.9639205932617188,
      -7.937666893005371,
      0.22075894474983215,
      -16.604562759399414,
      -15.278595924377441,
      -22.660627365112305,
      8.401790618896484,
      22.621440887451172,
      30.345905303955078,
      78.69039154052734,
      81.99015045166016,
      188.53598022460938,
      187.9447784423828,
      166.8564910888672,
      166.26026916503906,
      73.208251953125,
      72.16470336914062
    ],
    [
      2.846247434616089,
      -6.621465682983398,
      -9.627481460571289,
      -0.5584519505500793,
      -16.43566131591797,
      -15.136441230773926,
      -23.83077621459961,
      5.5252580642700195,
      17.86333656311035,
      27.603107452392578,
      74.8984603881836,
      80.29415130615234,
      187.9447784423828,
      190.65391540527344,
      169.0312042236328,
      169.36907958984375,
      74.5440902709961,
      73.59916687011719
    ],
    [
      -1.2872354984283447,
      -9.16909122467041,
      -11.747611045837402,
      -3.573532819747925,
      -17.869245529174805,
      -16.625232696533203,
      -26.098337173461914,
      -0.24384677410125732,
      9.32522964477539,
      19.107572555541992,
      62.14703369140625,
      67.65431213378906,
      166.8564910888672,
      169.0312042236328,
      155.1251678466797,
      155.23040771484375,
      69.5728988647461,
      68.66300964355469
    ],
    [
      -4.166503429412842,
      -11.793527603149414,
      -12.521550178527832,
      -4.03478479385376,
      -17.60882568359375,
      -16.449060440063477,
      -26.55777359008789,
      -1.3572466373443604,
      7.321401596069336,
      17.923263549804688,
      60.290061950683594,
      66.7433090209961,
      166.26026916503906,
      169.36907958984375,
      155.23040771484375,
      156.2348175048828,
      70.05297088623047,
      69.23318481445312
    ],
    [
      -0.720258891582489,
      -3.636540174484253,
      -5.057048797607422,
      -1.4601043462753296,
      -7.572893142700195,
      -6.686488151550293,
      -11.761619567871094,
      2.93448543548584,
      6.51131010055542,
      10.888879776000977,
      28.640213012695312,
      31.75301742553711,
      73.208251953125,
      74.5440902709961,
      69.5728988647461,
      70.05297088623047,
      37.35161590576172,
      36.96295928955078
    ],
    [
      -1.0105053186416626,
      -3.8526573181152344,
      -5.212954998016357,
      -1.5935214757919312,
      -7.474114418029785,
      -6.633940696716309,
      -11.716524124145508,
      2.7497963905334473,
      6.180090427398682,
      10.636714935302734,
      27.972000122070312,
      31.202163696289062,
      72.16470336914062,
      73.59916687011719,
      68.66300964355469,
      69.23318481445312,
      36.96295928955078,
      36.70026779174805
    ]
  ],
  "damage": -15.76419448852539,
  "diff_bandwidth": 513.7410278320312,
  "dissonance": 5.457918194267583,
  "drr": 6.5159711837768555,
  "dynamics": 4.028845310211182,
  "format": 1245190,
  "frames": 3240896,
  "loudness": -24.553442001342773,
  "loudness_range": 11.303018569946289,
  "loudness_range_short": 12.662248611450195,
  "lowpass_true_peak_15khz": -5.697787284851074,
  "mastering3_acoustic_entropies": [
    {
      "acoustic_entropy": 7.487667560577393,
      "acoustic_entropy_mono": 8.369382858276367,
      "band_eliminated_acoustic_entropies": [
        {
          "acoustic_entropy": 7.489505767822266,
          "acoustic_entropy_side": 7.488287925720215,
          "hz": 129.47220167065723
        },
        {
          "acoustic_entropy": 7.8015666007995605,
          "acoustic_entropy_side": 7.723808288574219,
          "hz": 202.92927478742237
        },
        {
          "acoustic_entropy": 7.767801284790039,
          "acoustic_entropy_side": 7.535622596740723,
          "hz": 282.89161906338205
        },
        {
          "acoustic_entropy": 8.267101287841797,
          "acoustic_entropy_side": 7.966280460357666,
          "hz": 369.9353335868758
        },
        {
          "acoustic_entropy": 8.018583297729492,
          "acoustic_entropy_side": 7.9008564949035645,
          "hz": 464.6875360973435
        },
        {
          "acoustic_entropy": 7.78939151763916,
          "acoustic_entropy_side": 7.540189266204834,
          "hz": 567.8308811364784
        },
        {
          "acoustic_entropy": 8.216972351074219,
          "acoustic_entropy_side": 7.439786434173584,
          "hz": 680.1084783214808
        },
        {
          "acoustic_entropy": 7.9616570472717285,
          "acoustic_entropy_side": 7.48496675491333,
          "hz": 802.3292461747484
        },
        {
          "acoustic_entropy": 7.72987174987793,
          "acoustic_entropy_side": 7.536161422729492,
          "hz": 935.3737400823702
        },
        {
          "acoustic_entropy": 7.613326072692871,
          "acoustic_entropy_side": 7.5209736824035645,
          "hz": 1080.2004963696966
        },
        {
          "acoustic_entropy": 7.545668125152588,
          "acoustic_entropy_side": 7.495611190795898,
          "hz": 1237.8529382007157
        },
        {
          "acoustic_entropy": 7.622415065765381,
          "acoustic_entropy_side": 7.553133010864258,
          "hz": 1409.4668930556702
        },
        {
          "acoustic_entropy": 7.802224636077881,
          "acoustic_entropy_side": 7.554989814758301,
          "hz": 1596.2787759475705
        },
        {
          "acoustic_entropy": 7.615912437438965,
          "acoustic_entropy_side": 7.5157294273376465,
          "hz": 1799.6344973346393
        },
        {
          "acoustic_entropy": 7.618795871734619,
          "acoustic_entropy_side": 7.5140910148620605,
          "hz": 2020.9991599069049
        },
        {
          "acoustic_entropy": 7.592370510101318,
          "acoustic_entropy_side": 7.521790027618408,
          "hz": 2261.9676141086993
        },
        {
          "acoustic_entropy": 7.553892612457275,
          "acoustic_entropy_side": 7.503137588500977,
          "hz": 2524.2759484456974
        },
        {
          "acoustic_entropy": 7.55623722076416,
          "acoustic_entropy_side": 7.494292259216309,
          "hz": 2809.813997359896
        },
        {
          "acoustic_entropy": 7.549253463745117,
          "acoustic_entropy_side": 7.4937944412231445,
          "hz": 3120.6389567871424
        },
        {
          "acoustic_entropy": 7.537843227386475,
          "acoustic_entropy_side": 7.492673397064209,
          "hz": 3458.990205492291
        },
        {
          "acoustic_entropy": 7.533951759338379,
          "acoustic_entropy_side": 7.490138530731201,
          "hz": 3827.305438964164
        },
        {
          "acoustic_entropy": 7.506625652313232,
          "acoustic_entropy_side": 7.488433361053467,
          "hz": 4228.238232109126
        },
        {
          "acoustic_entropy": 7.495694160461426,
          "acoustic_entropy_side": 7.488028049468994,
          "hz": 4664.6771572759235
        },
        {
          "acoustic_entropy": 7.531973838806152,
          "acoustic_entropy_side": 7.478215217590332,
          "hz": 5139.766595350093
        },
        {
          "acoustic_entropy": 8.05105209350586,
          "acoustic_entropy_side": 7.832670211791992,
          "hz": 5656.929389854203
        },
        {
          "acoustic_entropy": 7.763962745666504,
          "acoustic_entropy_side": 7.602879047393799,
          "hz": 6219.891507268283
        },
        {
          "acoustic_entropy": 7.80005407333374,
          "acoustic_entropy_side": 7.65397834777832,
          "hz": 6832.70888123896
        },
        {
          "acoustic_entropy": 7.926037788391113,
          "acoustic_entropy_side": 7.954956531524658,
          "hz": 7499.796634079867
        },
        {
          "acoustic_entropy": 7.603115558624268,
          "acoustic_entropy_side": 7.496784687042236,
          "hz": 8225.96088609342
        },
        {
          "acoustic_entropy": 7.485212802886963,
          "acoustic_entropy_side": 7.486659526824951,
          "hz": 9016.43338188839
        },
        {
          "acoustic_entropy": 7.48374605178833,
          "acoustic_entropy_side": 7.485879898071289,
          "hz": 9876.909183162974
        },
        {
          "acoustic_entropy": 7.692739486694336,
          "acoustic_entropy_side": 7.558201313018799,
          "hz": 10813.587699516042
        },
        {
          "acoustic_entropy": 8.065016746520996,
          "acoustic_entropy_side": 7.879361152648926,
          "hz": 11833.21735289826
        },
        {
          "acoustic_entropy": 7.805102348327637,
          "acoustic_entropy_side": 7.637848854064941,
          "hz": 12943.144197493959
        },
        {
          "acoustic_entropy": 7.486749649047852,
          "acoustic_entropy_side": 7.4873247146606445,
          "hz": 14151.364845322005
        },
        {
          "acoustic_entropy": 7.488119125366211,
          "acoustic_entropy_side": 7.487917900085449,
          "hz": 15466.58407886509
        },
        {
          "acoustic_entropy": 7.4876322746276855,
          "acoustic_entropy_side": 7.487654209136963,
          "hz": 16898.27756580493
        },
        {
          "acoustic_entropy": 7.487663745880127,
          "acoustic_entropy_side": 7.4876708984375,
          "hz": 18456.760127700032
        },
        {
          "acoustic_entropy": 7.487790584564209,
          "acoustic_entropy_side": 7.487720966339111,
          "hz": 20153.260054456492
        },
        {
          "acoustic_entropy": 7.487667083740234,
          "acoustic_entropy_side": 7.487668037414551,
          "hz": 22000.00000000001
        }
      ],
      "diff_acoustic_entropy": 5.437196731567383,
      "sn": 6
    },
    {
      "acoustic_entropy": 12.644830703735352,
      "acoustic_entropy_mono": 10.501172065734863,
      "band_eliminated_acoustic_entropies": [
        {
          "acoustic_entropy": 12.656576156616211,
          "acoustic_entropy_side": 12.653250694274902,
          "hz": 129.47220167065723
        },
        {
          "acoustic_entropy": 12.78165340423584,
          "acoustic_entropy_side": 12.631768226623535,
          "hz": 202.92927478742237
        },
        {
          "acoustic_entropy": 10.817073822021484,
          "acoustic_entropy_side": 11.729735374450684,
          "hz": 282.89161906338205
        },
        {
          "acoustic_entropy": 12.105626106262207,
          "acoustic_entropy_side": 13.038522720336914,
          "hz": 369.9353335868758
        },
        {
          "acoustic_entropy": 11.664847373962402,
          "acoustic_entropy_side": 12.283966064453125,
          "hz": 464.6875360973435
        },
        {
          "acoustic_entropy": 11.701736450195312,
          "acoustic_entropy_side": 12.310487747192383,
          "hz": 567.8308811364784
        },
        {
          "acoustic_entropy": 12.788496971130371,
          "acoustic_entropy_side": 12.676997184753418,
          "hz": 680.1084783214808
        },
        {
          "acoustic_entropy": 12.000221252441406,
          "acoustic_entropy_side": 12.471817970275879,
          "hz": 802.3292461747484
        },
        {
          "acoustic_entropy": 13.146627426147461,
          "acoustic_entropy_side": 12.614924430847168,
          "hz": 935.3737400823702
        },
        {
          "acoustic_entropy": 12.377591133117676,
          "acoustic_entropy_side": 12.598953247070312,
          "hz": 1080.2004963696966
        },
        {
          "acoustic_entropy": 12.576289176940918,
          "acoustic_entropy_side": 12.614155769348145,
          "hz": 1237.8529382007157
        },
        {
          "acoustic_entropy": 12.359658241271973,
          "acoustic_entropy_side": 12.548013687133789,
          "hz": 1409.4668930556702
        },
        {
          "acoustic_entropy": 12.521997451782227,
          "acoustic_entropy_side": 12.732231140136719,
          "hz": 1596.2787759475705
        },
        {
          "acoustic_entropy": 12.333918571472168,
          "acoustic_entropy_side": 12.606986999511719,
          "hz": 1799.6344973346393
        },
        {
          "acoustic_entropy": 12.298445701599121,
          "acoustic_entropy_side": 12.624603271484375,
          "hz": 2020.9991599069049
        },
        {
          "acoustic_entropy": 12.381010055541992,
          "acoustic_entropy_side": 12.646448135375977,
          "hz": 2261.9676141086993
        },
        {
          "acoustic_entropy": 12.606026649475098,
          "acoustic_entropy_side": 12.685811042785645,
          "hz": 2524.2759484456974
        },
        {
          "acoustic_entropy": 12.638514518737793,
          "acoustic_entropy_side": 12.662985801696777,
          "hz": 2809.813997359896
        },
        {
          "acoustic_entropy": 12.477546691894531,
          "acoustic_entropy_side": 12.617568969726562,
          "hz": 3120.6389567871424
        },
        {
          "acoustic_entropy": 12.512524604797363,
          "acoustic_entropy_side": 12.63784122467041,
          "hz": 3458.990205492291
        },
        {
          "acoustic_entropy": 12.503771781921387,
          "acoustic_entropy_side": 12.642786026000977,
          "hz": 3827.305438964164
        },
        {
          "acoustic_entropy": 12.577849388122559,
          "acoustic_entropy_side": 12.641424179077148,
          "hz": 4228.238232109126
        },
        {
          "acoustic_entropy": 12.571113586425781,
          "acoustic_entropy_side": 12.63107681274414,
          "hz": 4664.6771572759235
        },
        {
          "acoustic_entropy": 12.589423179626465,
          "acoustic_entropy_side": 12.626681327819824,
          "hz": 5139.766595350093
        },
        {
          "acoustic_entropy": 11.902779579162598,
          "acoustic_entropy_side": 12.537470817565918,
          "hz": 5656.929389854203
        },
        {
          "acoustic_entropy": 12.590699195861816,
          "acoustic_entropy_side": 12.627227783203125,
          "hz": 6219.891507268283
        },
        {
          "acoustic_entropy": 12.533745765686035,
          "acoustic_entropy_side": 12.61660385131836,
          "hz": 6832.70888123896
        },
        {
          "acoustic_entropy": 12.268369674682617,
          "acoustic_entropy_side": 12.449424743652344,
          "hz": 7499.796634079867
        },
        {
          "acoustic_entropy": 12.624639511108398,
          "acoustic_entropy_side": 12.641436576843262,
          "hz": 8225.96088609342
        },
        {
          "acoustic_entropy": 12.644521713256836,
          "acoustic_entropy_side": 12.64596939086914,
          "hz": 9016.43338188839
        },
        {
          "acoustic_entropy": 12.644630432128906,
          "acoustic_entropy_side": 12.646355628967285,
          "hz": 9876.909183162974
        },
        {
          "acoustic_entropy": 12.60299015045166,
          "acoustic_entropy_side": 12.631800651550293,
          "hz": 10813.587699516042
        },
        {
          "acoustic_entropy": 12.050321578979492,
          "acoustic_entropy_side": 12.54215145111084,
          "hz": 11833.21735289826
        },
        {
          "acoustic_entropy": 12.417890548706055,
          "acoustic_entropy_side": 12.57690715789795,
          "hz": 12943.144197493959
        },
        {
          "acoustic_entropy": 12.6571044921875,
          "acoustic_entropy_side": 12.652219772338867,
          "hz": 14151.364845322005
        },
        {
          "acoustic_entropy": 12.658513069152832,
          "acoustic_entropy_side": 12.652971267700195,
          "hz": 15466.58407886509
        },
        {
          "acoustic_entropy": 12.645072937011719,
          "acoustic_entropy_side": 12.644915580749512,
          "hz": 16898.27756580493
        },
        {
          "acoustic_entropy": 12.644791603088379,
          "acoustic_entropy_side": 12.6447172164917,
          "hz": 18456.760127700032
        },
        {
          "acoustic_entropy": 12.650882720947266,
          "acoustic_entropy_side": 12.647855758666992,
          "hz": 20153.260054456492
        },
        {
          "acoustic_entropy": 12.64494514465332,
          "acoustic_entropy_side": 12.644880294799805,
          "hz": 22000.00000000001
        }
      ],
      "diff_acoustic_entropy": 7.765298366546631,
      "sn": 12
    },
    {
      "acoustic_entropy": 15.930015563964844,
      "acoustic_entropy_mono": 15.035382270812988,
      "band_eliminated_acoustic_entropies": [
        {
          "acoustic_entropy": 16.070444107055664,
          "acoustic_entropy_side": 16.12826156616211,
          "hz": 129.47220167065723
        },
        {
          "acoustic_entropy": 16.268583297729492,
          "acoustic_entropy_side": 16.019454956054688,
          "hz": 202.92927478742237
        },
        {
          "acoustic_entropy": 16.746726989746094,
          "acoustic_entropy_side": 16.569108963012695,
          "hz": 282.89161906338205
        },
        {
          "acoustic_entropy": 16.93413543701172,
          "acoustic_entropy_side": 16.581527709960938,
          "hz": 369.9353335868758
        },
        {
          "acoustic_entropy": 16.28479766845703,
          "acoustic_entropy_side": 16.471336364746094,
          "hz": 464.6875360973435
        },
        {
          "acoustic_entropy": 16.693510055541992,
          "acoustic_entropy_side": 16.76625633239746,
          "hz": 567.8308811364784
        },
        {
          "acoustic_entropy": 17.15732192993164,
          "acoustic_entropy_side": 16.25351333618164,
          "hz": 680.1084783214808
        },
        {
          "acoustic_entropy": 17.353565216064453,
          "acoustic_entropy_side": 16.707544326782227,
          "hz": 802.3292461747484
        },
        {
          "acoustic_entropy": 16.597078323364258,
          "acoustic_entropy_side": 16.628713607788086,
          "hz": 935.3737400823702
        },
        {
          "acoustic_entropy": 16.79882049560547,
          "acoustic_entropy_side": 16.258420944213867,
          "hz": 1080.2004963696966
        },
        {
          "acoustic_entropy": 16.730485916137695,
          "acoustic_entropy_side": 16.32758903503418,
          "hz": 1237.8529382007157
        },
        {
          "acoustic_entropy": 16.449079513549805,
          "acoustic_entropy_side": 16.135364532470703,
          "hz": 1409.4668930556702
        },
        {
          "acoustic_entropy": 17.19219970703125,
          "acoustic_entropy_side": 16.58246421813965,
          "hz": 1596.2787759475705
        },
        {
          "acoustic_entropy": 16.336854934692383,
          "acoustic_entropy_side": 15.869680404663086,
          "hz": 1799.6344973346393
        },
        {
          "acoustic_entropy": 16.041841506958008,
          "acoustic_entropy_side": 15.897811889648438,
          "hz": 2020.9991599069049
        },
        {
          "acoustic_entropy": 16.284778594970703,
          "acoustic_entropy_side": 16.083921432495117,
          "hz": 2261.9676141086993
        },
        {
          "acoustic_entropy": 16.00486946105957,
          "acoustic_entropy_side": 16.01162338256836,
          "hz": 2524.2759484456974
        },
        {
          "acoustic_entropy": 16.254497528076172,
          "acoustic_entropy_side": 15.869256019592285,
          "hz": 2809.813997359896
