{
  "acoustic_entropy": 231.83358764648438,
  "bands": [
    {
      "high_freq": 148.1999969482422,
      "loudness": -23.521276473999023,
      "loudness_range": 11.002862930297852,
      "mid_mean": -19.981536865234375,
      "mid_to_side_loudness": -17.623729705810547,
      "mid_to_side_loudness_range": 13.673140525817871,
      "side_mean": -37.76385498046875
    },
    {
      "high_freq": 392.3793640136719,
      "loudness": -21.625484466552734,
      "loudness_range": 7.529029846191406,
      "low_freq": 148.1999969482422,
      "mid_mean": -18.7954158782959,
      "mid_to_side_loudness": -7.4390950202941895,
      "mid_to_side_loudness_range": 7.655072212219238,
      "side_mean": -26.17167091369629
    },
    {
      "high_freq": 794.6976318359375,
      "loudness": -23.554821014404297,
      "loudness_range": 12.423856735229492,
      "low_freq": 392.3793640136719,
      "mid_mean": -21.3182315826416,
      "mid_to_side_loudness": -4.727784633636475,
      "mid_to_side_loudness_range": 8.655954360961914,
      "side_mean": -26.11280632019043
    },
    {
      "high_freq": 1457.5709228515625,
      "loudness": -25.867229461669922,
      "loudness_range": 15.372316360473633,
      "low_freq": 794.6976318359375,
      "mid_mean": -23.581220626831055,
      "mid_to_side_loudness": -5.1008100509643555,
      "mid_to_side_loudness_range": 10.505778312683105,
      "side_mean": -28.787776947021484
    },
    {
      "high_freq": 2549.74365234375,
      "loudness": -26.390682220458984,
      "loudness_range": 12.42867660522461,
      "low_freq": 1457.5709228515625,
      "mid_mean": -23.887367248535156,
      "mid_to_side_loudness": -5.836044788360596,
      "mid_to_side_loudness_range": 9.056596755981445,
      "side_mean": -29.89306640625
    },
    {
      "high_freq": 4349.24462890625,
      "loudness": -26.148563385009766,
      "loudness_range": 12.255630493164062,
      "low_freq": 2549.74365234375,
      "mid_mean": -23.516456604003906,
      "mid_to_side_loudness": -6.222553730010986,
      "mid_to_side_loudness_range": 8.159896850585938,
      "side_mean": -29.83047103881836
    },
    {
      "high_freq": 7314.1640625,
      "loudness": -29.4344539642334,
      "loudness_range": 11.665538787841797,
      "low_freq": 4349.24462890625,
      "mid_mean": -26.938444137573242,
      "mid_to_side_loudness": -5.902239799499512,
      "mid_to_side_loudness_range": 9.03491497039795,
      "side_mean": -32.89786911010742
    },
    {
      "high_freq": 12199.2666015625,
      "loudness": -32.49093246459961,
      "loudness_range": 12.50704574584961,
      "low_freq": 7314.1640625,
      "mid_mean": -29.817594528198242,
      "mid_to_side_loudness": -6.884588718414307,
      "mid_to_side_loudness_range": 10.710576057434082,
      "side_mean": -36.89838409423828
    },
    {
      "loudness": -36.76836395263672,
      "loudness_range": 12.113008499145508,
      "low_freq": 12199.2666015625,
      "mid_mean": -34.21233367919922,
      "mid_to_side_loudness": -5.808004856109619,
      "mid_to_side_loudness_range": 7.496306419372559,
      "side_mean": -40.15727233886719
    }
  ],
  "bands_short": [
    {
      "high_freq": 148.1999969482422,
      "loudness": -26.796384811401367,
      "loudness_range": 17.638755798339844,
      "mid_mean": -23.338687896728516,
      "mid_to_side_loudness": -17.396324157714844,
      "mid_to_side_loudness_range": 18.095596313476562,
      "side_mean": -40.90113830566406
    },
    {
      "high_freq": 392.3793640136719,
      "loudness": -21.577213287353516,
      "loudness_range": 9.426530838012695,
      "low_freq": 148.1999969482422,
      "mid_mean": -18.72966194152832,
      "mid_to_side_loudness": -8.208727836608887,
      "mid_to_side_loudness_range": 11.227993965148926,
      "side_mean": -26.892425537109375
    },
    {
      "high_freq": 794.6976318359375,
      "loudness": -24.50565528869629,
      "loudness_range": 14.560789108276367,
      "low_freq": 392.3793640136719,
      "mid_mean": -22.561176300048828,
      "mid_to_side_loudness": -4.331744194030762,
      "mid_to_side_loudness_range": 11.981208801269531,
      "side_mean": -26.961122512817383
    },
    {
      "high_freq": 1457.5709228515625,
      "loudness": -25.793773651123047,
      "loudness_range": 17.678695678710938,
      "low_freq": 794.6976318359375,
      "mid_mean": -23.772096633911133,
      "mid_to_side_loudness": -4.755679130554199,
      "mid_to_side_loudness_range": 13.37280559539795,
      "side_mean": -28.644668579101562
    },
    {
      "high_freq": 2549.74365234375,
      "loudness": -27.387922286987305,
      "loudness_range": 15.707265853881836,
      "low_freq": 1457.5709228515625,
      "mid_mean": -25.114727020263672,
      "mid_to_side_loudness": -5.404961109161377,
      "mid_to_side_loudness_range": 11.568028450012207,
      "side_mean": -30.66300392150879
    },
    {
      "high_freq": 4349.24462890625,
      "loudness": -27.206708908081055,
      "loudness_range": 16.49530601501465,
      "low_freq": 2549.74365234375,
      "mid_mean": -24.782209396362305,
      "mid_to_side_loudness": -5.811278343200684,
      "mid_to_side_loudness_range": 10.722982406616211,
      "side_mean": -30.680768966674805
    },
    {
      "high_freq": 7314.1640625,
      "loudness": -30.925657272338867,
      "loudness_range": 16.608142852783203,
      "low_freq": 4349.24462890625,
      "mid_mean": -28.624549865722656,
      "mid_to_side_loudness": -5.350811004638672,
      "mid_to_side_loudness_range": 10.630319595336914,
      "side_mean": -34.07024383544922
    },
    {
      "high_freq": 12199.2666015625,
      "loudness": -34.22824478149414,
      "loudness_range": 18.163894653320312,
      "low_freq": 7314.1640625,
      "mid_mean": -31.738235473632812,
      "mid_to_side_loudness": -6.6219916343688965,
      "mid_to_side_loudness_range": 13.203535079956055,
      "side_mean": -38.73486328125
    },
    {
      "loudness": -40.923126220703125,
      "loudness_range": 23.377513885498047,
      "low_freq": 12199.2666015625,
      "mid_mean": -38.57974624633789,
      "mid_to_side_loudness": -5.691271781921387,
      "mid_to_side_loudness_range": 10.563122749328613,
      "side_mean": -44.308570861816406
    }
  ],
  "bandwidth": 577.205322265625,
  "channels": 2,
  "covariance": [
    [
      20.46141815185547,
      11.389235496520996,
      6.100298881530762,
      4.893453598022461,
      4.5659027099609375,
      4.6709980964660645,
      5.556041240692139,
      5.001927852630615,
      6.307238578796387,
      5.236271858215332,
      6.249133586883545,
      4.677675247192383,
      6.0438923835754395,
      4.522221565246582,
      6.629016399383545,
      5.216355800628662,
      7.225724697113037,
      5.368740558624268
    ],
    [
      11.389235496520996,
      22.54911994934082,
      7.471743583679199,
      6.644392967224121,
      7.716653823852539,
      6.43769645690918,
      7.619266986846924,
      6.3749494552612305,
      7.5208611488342285,
      6.24646520614624,
      7.0791544914245605,
      6.081716060638428,
      8.171306610107422,
      7.602784633636475,
      8.759150505065918,
      7.122549057006836,
      5.290966033935547,
      4.855448246002197
    ],
    [
      6.100298881530762,
      7.471743583679199,
      14.812345504760742,
      9.711798667907715,
      9.623259544372559,
      7.410151958465576,
      7.964008808135986,
      6.351193904876709,
      7.5346360206604,
      4.581676483154297,
      9.043477058410645,
      5.931222438812256,
      10.083925247192383,
      6.469407081604004,
      12.031976699829102,
      7.389781951904297,
      9.472909927368164,
      8.41528606414795
    ],
    [
      4.893453598022461,
      6.644392967224121,
      9.711798667907715,
      12.823101997375488,
      9.17158031463623,
      8.767560005187988,
      8.15882682800293,
      8.06263256072998,
      7.404077529907227,
      6.4069719314575195,
      8.687861442565918,
      7.609014987945557,
      8.71557331085205,
      8.254668235778809,
      9.991731643676758,
      8.173250198364258,
      8.468563079833984,
      7.734313488006592
    ],
    [
      4.5659027099609375,
      7.716653823852539,
      9.623259544372559,
      9.17158031463623,
      24.72697639465332,
      17.819217681884766,
      20.29237937927246,
      17.114938735961914,
      16.25295639038086,
      12.736929893493652,
      16.58980941772461,
      13.695556640625,
      15.63652229309082,
      14.12038803100586,
      18.95005989074707,
      15.25718879699707,
      13.523118019104004,
      13.039222717285156
    ],
    [
      4.6709980964660645,
      6.43769645690918,
      7.410151958465576,
      8.767560005187988,
      17.819217681884766,
      20.73798370361328,
      16.447376251220703,
      18.79010009765625,
      14.316017150878906,
      16.047069549560547,
      14.566527366638184,
      16.23603630065918,
      13.894609451293945,
      17.113510131835938,
      14.67538070678711,
      17.450496673583984,
      12.206425666809082,
      13.791495323181152
    ],
    [
      5.556041240692139,
      7.619266986846924,
      7.964008808135986,
      8.15882682800293,
      20.29237937927246,
      16.447376251220703,
      31.68921661376953,
      21.58439064025879,
      21.110769271850586,
      14.710731506347656,
      15.09952163696289,
      13.4022798538208,
      14.543542861938477,
      13.515824317932129,
      16.806739807128906,
      14.412351608276367,
      13.775667190551758,
      13.385147094726562
    ],
    [
      5.001927852630615,
      6.3749494552612305,
      6.351193904876709,
      8.06263256072998,
      17.114938735961914,
      18.79010009765625,
      21.58439064025879,
      26.497577667236328,
      16.899415969848633,
      19.60066032409668,
      15.160183906555176,
      18.107421875,
      14.50723648071289,
      18.37666893005371,
      14.120015144348145,
      18.41483497619629,
      12.5625638961792,
      14.55495548248291
    ],
    [
      6.307238578796387,
      7.5208611488342285,
      7.5346360206604,
      7.404077529907227,
      16.25295639038086,
      14.316017150878906,
      21.110769271850586,
      16.899415969848633,
      22.788454055786133,
      16.692222595214844,
      15.400558471679688,
      15.232817649841309,
      14.923772811889648,
      14.692166328430176,
      15.01630973815918,
      13.979981422424316,
      11.884730339050293,
      12.021190643310547
    ],
    [
      5.236271858215332,
      6.24646520614624,
      4.581676483154297,
      6.4069719314575195,
      12.736929893493652,
      16.047069549560547,
      14.710731506347656,
      19.60066032409668,
      16.692222595214844,
      23.47211265563965,
      14.95987606048584,
      20.626800537109375,
      14.559017181396484,
      20.09900665283203,
      11.134353637695312,
      17.915922164916992,
      10.444783210754395,
      13.245196342468262
    ],
    [
      6.249133586883545,
      7.0791544914245605,
      9.043477058410645,
      8.687861442565918,
      16.58980941772461,
      14.566527366638184,
      15.09952163696289,
      15.160183906555176,
      15.400558471679688,
      14.95987606048584,
      22.042322158813477,
      18.193004608154297,
      17.66400146484375,
      17.004371643066406,
      17.40617561340332,
      15.741817474365234,
      12.777031898498535,
      13.193305015563965
    ],
    [
      4.677675247192383,
      6.081716060638428,
      5.931222438812256,
      7.609014987945557,
      13.695556640625,
      16.23603630065918,
      13.4022798538208,
      18.107421875,
      15.232817649841309,
      20.626800537109375,
      18.193004608154297,
      24.206850051879883,
      16.283588409423828,
      22.67662811279297,
      13.140304565429688,
      19.793617248535156,
      10.651311874389648,
      13.78512191772461
    ],
    [
      6.0438923835754395,
      8.171306610107422,
      10.083925247192383,
      8.71557331085205,
      15.63652229309082,
      13.894609451293945,
      14.543542861938477,
      14.50723648071289,
      14.923772811889648,
      14.559017181396484,
      17.66400146484375,
      16.283588409423828,
      21.188121795654297,
      17.962926864624023,
      19.273767471313477,
      17.267162322998047,
      15.957935333251953,
      14.729541778564453
    ],
    [
      4.522221565246582,
      7.602784633636475,
      6.469407081604004,
      8.254668235778809,
      14.12038803100586,
      17.113510131835938,
      13.515824317932129,
      18.37666893005371,
      14.692166328430176,
      20.09900665283203,
      17.004371643066406,
      22.67662811279297,
      17.962926864624023,
      26.233747482299805,
      14.751352310180664,
      23.484451293945312,
      11.820483207702637,
      16.319677352905273
    ],
    [
      6.629016399383545,
      8.759150505065918,
      12.031976699829102,
      9.991731643676758,
      18.95005989074707,
      14.67538070678711,
      16.806739807128906,
      14.120015144348145,
      15.01630973815918,
      11.134353637695312,
      17.40617561340332,
      13.140304565429688,
      19.273767471313477,
      14.751352310180664,
      25.709938049316406,
      17.249616622924805,
      18.340295791625977,
      15.347784042358398
    ],
    [
      5.216355800628662,
      7.122549057006836,
      7.389781951904297,
      8.173250198364258,
      15.25718879699707,
      17.450496673583984,
      14.412351608276367,
      18.41483497619629,
      13.979981422424316,
      17.915922164916992,
      15.741817474365234,
      19.793617248535156,
      17.267162322998047,
      23.484451293945312,
      17.249616622924805,
      25.63233184814453,
      15.033361434936523,
      18.83780288696289
    ],
    [
      7.225724697113037,
      5.290966033935547,
      9.472909927368164,
      8.468563079833984,
      13.523118019104004,
      12.206425666809082,
      13.775667190551758,
      12.5625638961792,
      11.884730339050293,
      10.444783210754395,
      12.777031898498535,
      10.651311874389648,
      15.957935333251953,
      11.820483207702637,
      18.340295791625977,
      15.033361434936523,
      24.618484497070312,
      19.250688552856445
    ],
    [
      5.368740558624268,
      4.855448246002197,
      8.41528606414795,
      7.734313488006592,
      13.039222717285156,
      13.791495323181152,
      13.385147094726562,
      14.55495548248291,
      12.021190643310547,
      13.245196342468262,
      13.193305015563965,
      13.78512191772461,
      14.729541778564453,
      16.319677352905273,
      15.347784042358398,
      18.83780288696289,
      19.250688552856445,
      22.068262100219727
    ]
  ],
  "covariance_short": [
    [
      34.98236846923828,
      18.645959854125977,
      9.824028015136719,
      6.322234153747559,
      8.17870044708252,
      6.776865005493164,
      9.477757453918457,
      7.256994724273682,
      10.350821495056152,
      7.591506004333496,
      11.213489532470703,
      8.37415599822998,
      12.544191360473633,
      9.742818832397461,
      12.904012680053711,
      12.004542350769043,
      19.22536277770996,
      17.639968872070312
    ],
    [
      18.645959854125977,
      38.486732482910156,
      6.764996528625488,
      6.718084335327148,
      8.614611625671387,
      7.3148579597473145,
      8.895829200744629,
      7.490889072418213,
      8.68681812286377,
      7.174183368682861,
      8.966446876525879,
      7.800285816192627,
      11.467425346374512,
      11.263256072998047,
      12.59482192993164,
      12.862874984741211,
      14.431550025939941,
      14.695308685302734
    ],
    [
      9.824028015136719,
      6.764996528625488,
      18.343217849731445,
      10.269124984741211,
      11.00218391418457,
      7.608457088470459,
      9.050021171569824,
      6.969646453857422,
      9.59041690826416,
      5.91477108001709,
      11.885351181030273,
      7.286893844604492,
      13.023764610290527,
      8.562479019165039,
      14.563145637512207,
      10.069310188293457,
      15.53593921661377,
      13.918347358703613
    ],
    [
      6.322234153747559,
      6.718084335327148,
      10.269124984741211,
      18.70962142944336,
      9.60318374633789,
      9.839044570922852,
      8.852845191955566,
      8.309516906738281,
      8.040629386901855,
      7.101292610168457,
      9.55112361907959,
      8.641939163208008,
      10.350205421447754,
      9.80749225616455,
      11.35461711883545,
      9.991827964782715,
      11.339717864990234,
      11.091140747070312
    ],
    [
      8.17870044708252,
      8.614611625671387,
      11.00218391418457,
      9.60318374633789,
      34.010372161865234,
      20.74388885498047,
      25.88330078125,
      21.042139053344727,
      21.843141555786133,
      16.65396499633789,
      23.891071319580078,
      18.449024200439453,
      23.748817443847656,
      20.04417610168457,
      27.291454315185547,
      22.986209869384766,
      26.629648208618164,
      25.346973419189453
    ],
    [
      6.776865005493164,
      7.3148579597473145,
      7.608457088470459,
      9.839044570922852,
      20.74388885498047,
      26.422590255737305,
      19.87864875793457,
      21.50637435913086,
      17.373050689697266,
      18.2587833404541,
      17.505069732666016,
      18.7549991607666,
      17.34480094909668,
      20.124252319335938,
      18.543254852294922,
      21.86968231201172,
      19.88150978088379,
      21.76152801513672
    ],
    [
      9.477757453918457,
      8.895829200744629,
      9.050021171569824,
      8.852845191955566,
      25.88330078125,
      19.87864875793457,
      41.55540084838867,
      25.706918716430664,
      28.48137855529785,
      19.156620025634766,
      22.628175735473633,
      17.975299835205078,
      22.60935401916504,
      19.092832565307617,
      25.20557975769043,
      21.568164825439453,
      26.218311309814453,
      24.763832092285156
    ],
    [
      7.256994724273682,
      7.490889072418213,
      6.969646453857422,
      8.309516906738281,
      21.042139053344727,
      21.50637435913086,
      25.706918716430664,
      33.67824172973633,
      21.151935577392578,
      23.287410736083984,
      19.59349822998047,
      21.926681518554688,
      19.43450355529785,
      23.08207893371582,
      19.490081787109375,
      24.731151580810547,
      21.911787033081055,
      24.34174346923828
    ],
    [
      10.350821495056152,
      8.68681812286377,
      9.59041690826416,
      8.040629386901855,
      21.843141555786133,
      17.373050689697266,
      28.48137855529785,
      21.151935577392578,
      35.60433578491211,
      23.697471618652344,
      25.59946060180664,
      21.775110244750977,
      24.796377182006836,
      22.360074996948242,
      24.31722068786621,
      23.067014694213867,
      27.328210830688477,
      27.239879608154297
    ],
    [
      7.591506004333496,
      7.174183368682861,
      5.91477108001709,
      7.101292610168457,
      16.65396499633789,
      18.2587833404541,
      19.156620025634766,
      23.287410736083984,
      23.697471618652344,
      31.761587142944336,
      21.548479080200195,
      26.546247482299805,
      20.85045623779297,
      27.076444625854492,
      17.010934829711914,
      26.34894561767578,
      21.989151000976562,
      26.5643253326416
    ],
    [
      11.213489532470703,
      8.966446876525879,
      11.885351181030273,
      9.55112361907959,
      23.891071319580078,
      17.505069732666016,
      22.628175735473633,
      19.59349822998047,
      25.59946060180664,
      21.548479080200195,
      36.72620391845703,
      26.785707473754883,
      30.670652389526367,
      26.29189682006836,
      29.49165153503418,
      26.70301628112793,
      31.145788192749023,
      31.14501190185547
    ],
    [
      8.37415599822998,
      7.800285816192627,
      7.286893844604492,
      8.641939163208008,
      18.449024200439453,
      18.7549991607666,
      17.975299835205078,
      21.926681518554688,
      21.775110244750977,
      26.546247482299805,
      26.785707473754883,
      33.63896179199219,
      24.6297550201416,
      31.43134307861328,
      20.59476661682129,
      30.183860778808594,
      25.44584083557129,
      31.008258819580078
    ],
    [
      12.544191360473633,
      11.467425346374512,
      13.023764610290527,
      10.350205421447754,
      23.748817443847656,
      17.34480094909668,
      22.60935401916504,
      19.43450355529785,
      24.796377182006836,
      20.85045623779297,
      30.670652389526367,
      24.6297550201416,
      37.573116302490234,
      29.433292388916016,
      35.230224609375,
      30.8034610748291,
      39.30133819580078,
      37.04074478149414
    ],
    [
      9.742818832397461,
      11.263256072998047,
      8.562479019165039,
      9.80749225616455,
      20.04417610168457,
      20.124252319335938,
      19.092832565307617,
      23.08207893371582,
      22.360074996948242,
      27.076444625854492,
      26.29189682006836,
      31.43134307861328,
      29.433292388916016,
      39.19388961791992,
      25.410884857177734,
      37.99479675292969,
      31.77260971069336,
      39.75773620605469
    ],
    [
      12.904012680053711,
      12.59482192993164,
      14.563145637512207,
      11.35461711883545,
      27.291454315185547,
      18.543254852294922,
      25.20557975769043,
      19.490081787109375,
      24.31722068786621,
      17.010934829711914,
      29.49165153503418,
      20.59476661682129,
      35.230224609375,
      25.410884857177734,
      48.33720397949219,
      32.476165771484375,
      46.647220611572266,
      38.595829010009766
    ],
    [
      12.004542350769043,
      12.862874984741211,
      10.069310188293457,
      9.991827964782715,
      22.986209869384766,
      21.86968231201172,
      21.568164825439453,
      24.731151580810547,
      23.067014694213867,
      26.34894561767578,
      26.70301628112793,
      30.183860778808594,
      30.8034610748291,
      37.99479675292969,
      32.476165771484375,
      47.31998825073242,
      39.82759094238281,
      47.459312438964844
    ],
    [
      19.22536277770996,
      14.431550025939941,
      15.53593921661377,
      11.339717864990234,
      26.629648208618164,
      19.88150978088379,
      26.218311309814453,
      21.911787033081055,
      27.328210830688477,
      21.989151000976562,
      31.145788192749023,
      25.44584083557129,
      39.30133819580078,
      31.77260971069336,
      46.647220611572266,
      39.82759094238281,
      67.88409423828125,
      59.134212493896484
    ],
    [
      17.639968872070312,
      14.695308685302734,
      13.918347358703613,
      11.091140747070312,
      25.346973419189453,
      21.76152801513672,
      24.763832092285156,
      24.34174346923828,
      27.239879608154297,
      26.5643253326416,
      31.14501190185547,
      31.008258819580078,
      37.04074478149414,
      39.75773620605469,
      38.595829010009766,
      47.459312438964844,
      59.134212493896484,
      71.68254852294922
    ]
  ],
  "damage": -8.586905479431152,
  "diff_bandwidth": 562.114013671875,
  "dissonance": 8.77599903997626,
  "drr": 6.5020856857299805,
  "dynamics": 2.7855052947998047,
  "format": 1245190,
  "frames": 12992448,
  "loudness": -11.697251319885254,
  "loudness_range": 6.826725959777832,
  "loudness_range_short": 9.98306655883789,
  "lowpass_true_peak_15khz": 0.6697054505348206,
  "mastering3_acoustic_entropies": [
    {
      "acoustic_entropy": 5.945489883422852,
      "acoustic_entropy_mono": 6.228494167327881,
      "band_eliminated_acoustic_entropies": [
        {
          "acoustic_entropy": 5.8233842849731445,
          "acoustic_entropy_side": 5.944592475891113,
          "hz": 129.47220167065723
        },
        {
          "acoustic_entropy": 6.116640567779541,
          "acoustic_entropy_side": 5.945470809936523,
          "hz": 202.92927478742237
        },
        {
          "acoustic_entropy": 6.3543477058410645,
          "acoustic_entropy_side": 5.973471164703369,
          "hz": 282.89161906338205
        },
        {
          "acoustic_entropy": 5.7193074226379395,
          "acoustic_entropy_side": 5.874317169189453,
          "hz": 369.9353335868758
        },
        {
          "acoustic_entropy": 5.581145286560059,
          "acoustic_entropy_side": 5.982279300689697,
          "hz": 464.6875360973435
        },
        {
          "acoustic_entropy": 5.981100559234619,
          "acoustic_entropy_side": 6.046473979949951,
          "hz": 567.8308811364784
        },
        {
          "acoustic_entropy": 5.694336891174316,
          "acoustic_entropy_side": 5.928499221801758,
          "hz": 680.1084783214808
        },
        {
          "acoustic_entropy": 6.091546058654785,
          "acoustic_entropy_side": 5.763167858123779,
          "hz": 802.3292461747484
        },
        {
          "acoustic_entropy": 6.109642028808594,
          "acoustic_entropy_side": 5.991307258605957,
          "hz": 935.3737400823702
        },
        {
          "acoustic_entropy": 5.469605445861816,
          "acoustic_entropy_side": 5.902696132659912,
          "hz": 1080.2004963696966
        },
        {
          "acoustic_entropy": 5.863894462585449,
          "acoustic_entropy_side": 6.014431476593018,
          "hz": 1237.8529382007157
        },
        {
          "acoustic_entropy": 6.029043674468994,
          "acoustic_entropy_side": 5.9760918617248535,
          "hz": 1409.4668930556702
        },
        {
          "acoustic_entropy": 5.928033351898193,
          "acoustic_entropy_side": 5.954862117767334,
          "hz": 1596.2787759475705
        },
        {
          "acoustic_entropy": 6.323210716247559,
          "acoustic_entropy_side": 6.025315284729004,
          "hz": 1799.6344973346393
        },
        {
          "acoustic_entropy": 5.680276870727539,
          "acoustic_entropy_side": 5.983618259429932,
          "hz": 2020.9991599069049
        },
        {
          "acoustic_entropy": 6.179073333740234,
          "acoustic_entropy_side": 5.9294843673706055,
          "hz": 2261.9676141086993
        },
        {
          "acoustic_entropy": 5.981658458709717,
          "acoustic_entropy_side": 5.926628112792969,
          "hz": 2524.2759484456974
        },
        {
          "acoustic_entropy": 6.129570484161377,
          "acoustic_entropy_side": 5.936535835266113,
          "hz": 2809.813997359896
        },
        {
          "acoustic_entropy": 5.782362937927246,
          "acoustic_entropy_side": 5.930685997009277,
          "hz": 3120.6389567871424
        },
        {
          "acoustic_entropy": 5.834585666656494,
          "acoustic_entropy_side": 5.944643974304199,
          "hz": 3458.990205492291
        },
        {
          "acoustic_entropy": 5.891636848449707,
          "acoustic_entropy_side": 5.9551897048950195,
          "hz": 3827.305438964164
        },
        {
          "acoustic_entropy": 6.214885234832764,
          "acoustic_entropy_side": 6.07215690612793,
          "hz": 4228.238232109126
        },
        {
          "acoustic_entropy": 5.910518169403076,
          "acoustic_entropy_side": 5.960439682006836,
          "hz": 4664.6771572759235
        },
        {
          "acoustic_entropy": 6.04398250579834,
          "acoustic_entropy_side": 6.003303050994873,
          "hz": 5139.766595350093
        },
        {
          "acoustic_entropy": 6.044000148773193,
          "acoustic_entropy_side": 5.960320949554443,
          "hz": 5656.929389854203
        },
        {
          "acoustic_entropy": 5.725546836853027,
          "acoustic_entropy_side": 5.9227776527404785,
          "hz": 6219.891507268283
        },
        {
          "acoustic_entropy": 5.5712151527404785,
          "acoustic_entropy_side": 5.9687089920043945,
          "hz": 6832.70888123896
        },
        {
          "acoustic_entropy": 5.862100601196289,
          "acoustic_entropy_side": 5.967473983764648,
          "hz": 7499.796634079867
        },
        {
          "acoustic_entropy": 5.9207048416137695,
          "acoustic_entropy_side": 5.925271987915039,
          "hz": 8225.96088609342
        },
        {
          "acoustic_entropy": 6.113790035247803,
          "acoustic_entropy_side": 5.962641716003418,
          "hz": 9016.43338188839
        },
        {
          "acoustic_entropy": 6.006288051605225,
          "acoustic_entropy_side": 5.919869422912598,
          "hz": 9876.909183162974
        },
        {
          "acoustic_entropy": 6.015594005584717,
          "acoustic_entropy_side": 5.935417652130127,
          "hz": 10813.587699516042
        },
        {
          "acoustic_entropy": 5.980668544769287,
          "acoustic_entropy_side": 5.934535026550293,
          "hz": 11833.21735289826
        },
        {
          "acoustic_entropy": 5.85715913772583,
          "acoustic_entropy_side": 5.934552192687988,
          "hz": 12943.144197493959
        },
        {
          "acoustic_entropy": 5.867568492889404,
          "acoustic_entropy_side": 5.934471607208252,
          "hz": 14151.364845322005
        },
        {
          "acoustic_entropy": 6.038656711578369,
          "acoustic_entropy_side": 5.9279584884643555,
          "hz": 15466.58407886509
        },
        {
          "acoustic_entropy": 6.040349006652832,
          "acoustic_entropy_side": 5.926630973815918,
          "hz": 16898.27756580493
        },
        {
          "acoustic_entropy": 6.009968280792236,
          "acoustic_entropy_side": 5.932138919830322,
          "hz": 18456.760127700032
        },
        {
          "acoustic_entropy": 5.9444780349731445,
          "acoustic_entropy_side": 5.943390369415283,
          "hz": 20153.260054456492
        },
        {
          "acoustic_entropy": 5.943042755126953,
          "acoustic_entropy_side": 5.94534158706665,
          "hz": 22000.00000000001
        }
      ],
      "diff_acoustic_entropy": 5.115179061889648,
      "sn": 6
    },
    {
      "acoustic_entropy": 10.795660972595215,
      "acoustic_entropy_mono": 10.365827560424805,
      "band_eliminated_acoustic_entropies": [
        {
          "acoustic_entropy": 9.807377815246582,
          "acoustic_entropy_side": 10.793336868286133,
          "hz": 129.47220167065723
        },
        {
          "acoustic_entropy": 11.084943771362305,
          "acoustic_entropy_side": 10.825910568237305,
          "hz": 202.92927478742237
        },
        {
          "acoustic_entropy": 11.623449325561523,
          "acoustic_entropy_side": 11.155450820922852,
          "hz": 282.89161906338205
        },
        {
          "acoustic_entropy": 10.83919620513916,
          "acoustic_entropy_side": 10.897130966186523,
          "hz": 369.9353335868758
        },
        {
          "acoustic_entropy": 10.342666625976562,
          "acoustic_entropy_side": 10.636090278625488,
          "hz": 464.6875360973435
        },
        {
          "acoustic_entropy": 10.1459379196167,
          "acoustic_entropy_side": 10.702012062072754,
          "hz": 567.8308811364784
        },
        {
          "acoustic_entropy": 10.023195266723633,
          "acoustic_entropy_side": 10.888245582580566,
          "hz": 680.1084783214808
        },
        {
          "acoustic_entropy": 11.26925277709961,
          "acoustic_entropy_side": 10.955911636352539,
          "hz": 802.3292461747484
        },
        {
          "acoustic_entropy": 10.31856632232666,
          "acoustic_entropy_side": 10.851395606994629,
          "hz": 935.3737400823702
        },
        {
          "acoustic_entropy": 11.335457801818848,
          "acoustic_entropy_side": 10.677294731140137,
          "hz": 1080.2004963696966
        },
        {
          "acoustic_entropy": 10.420652389526367,
          "acoustic_entropy_side": 10.629644393920898,
          "hz": 1237.8529382007157
        },
        {
          "acoustic_entropy": 10.646058082580566,
          "acoustic_entropy_side": 10.744902610778809,
          "hz": 1409.4668930556702
        },
        {
          "acoustic_entropy": 10.895676612854004,
          "acoustic_entropy_side": 10.655608177185059,
          "hz": 1596.2787759475705
        },
        {
          "acoustic_entropy": 10.93844985961914,
          "acoustic_entropy_side": 10.721783638000488,
          "hz": 1799.6344973346393
        },
        {
          "acoustic_entropy": 10.688116073608398,
          "acoustic_entropy_side": 10.930985450744629,
          "hz": 2020.9991599069049
        },
        {
          "acoustic_entropy": 10.568562507629395,
          "acoustic_entropy_side": 10.801656723022461,
          "hz": 2261.9676141086993
        },
        {
          "acoustic_entropy": 10.535808563232422,
          "acoustic_entropy_side": 10.785202980041504,
          "hz": 2524.2759484456974
        },
        {
          "acoustic_entropy": 10.617661476135254,
          "acoustic_entropy_side": 10.794502258300781,
          "hz": 2809.813997359896
        },
        {
          "acoustic_entropy": 10.62342643737793,
          "acoustic_entropy_side": 10.724339485168457,
          "hz": 3120.6389567871424
        },
        {
          "acoustic_entropy": 10.854317665100098,
          "acoustic_entropy_side": 10.809139251708984,
          "hz": 3458.990205492291
        },
        {
          "acoustic_entropy": 10.818918228149414,
          "acoustic_entropy_side": 10.897028923034668,
          "hz": 3827.305438964164
        },
        {
          "acoustic_entropy": 10.479853630065918,
          "acoustic_entropy_side": 10.644935607910156,
          "hz": 4228.238232109126
        },
        {
          "acoustic_entropy": 10.860811233520508,
          "acoustic_entropy_side": 10.749058723449707,
          "hz": 4664.6771572759235
        },
        {
          "acoustic_entropy": 10.559659957885742,
          "acoustic_entropy_side": 10.70141315460205,
          "hz": 5139.766595350093
        },
        {
          "acoustic_entropy": 10.701842308044434,
          "acoustic_entropy_side": 10.653993606567383,
          "hz": 5656.929389854203
        },
        {
          "acoustic_entropy": 10.703169822692871,
          "acoustic_entropy_side": 10.581254005432129,
          "hz": 6219.891507268283
        },
        {
          "acoustic_entropy": 10.460461616516113,
          "acoustic_entropy_side": 10.464900016784668,
          "hz": 6832.70888123896
        },
        {
          "acoustic_entropy": 10.615836143493652,
          "acoustic_entropy_side": 10.446654319763184,
          "hz": 7499.796634079867
        },
        {
          "acoustic_entropy": 10.721426010131836,
          "acoustic_entropy_side": 10.54075813293457,
          "hz": 8225.96088609342
        },
        {
          "acoustic_entropy": 10.949440956115723,
          "acoustic_entropy_side": 10.681424140930176,
          "hz": 9016.43338188839
        },
        {
          "acoustic_entropy": 11.050708770751953,
          "acoustic_entropy_side": 10.81013298034668,
          "hz": 9876.909183162974
        },
        {
          "acoustic_entropy": 11.320775985717773,
          "acoustic_entropy_side": 10.842056274414062,
          "hz": 10813.587699516042
        },
        {
          "acoustic_entropy": 11.014250755310059,
          "acoustic_entropy_side": 10.841943740844727,
          "hz": 11833.21735289826
        },
        {
          "acoustic_entropy": 10.798114776611328,
          "acoustic_entropy_side": 10.820819854736328,
          "hz": 12943.144197493959
        },
        {
          "acoustic_entropy": 10.662720680236816,
          "acoustic_entropy_side": 10.805581092834473,
          "hz": 14151.364845322005
        },
        {
          "acoustic_entropy": 10.93144702911377,
          "acoustic_entropy_side": 10.81698989868164,
          "hz": 15466.58407886509
        },
        {
          "acoustic_entropy": 10.817596435546875,
          "acoustic_entropy_side": 10.734225273132324,
          "hz": 16898.27756580493
        },
        {
          "acoustic_entropy": 10.749460220336914,
          "acoustic_entropy_side": 10.80565357208252,
          "hz": 18456.760127700032
        },
        {
          "acoustic_entropy": 10.783758163452148,
          "acoustic_entropy_side": 10.791152000427246,
          "hz": 20153.260054456492
        },
        {
          "acoustic_entropy": 10.781026840209961,
          "acoustic_entropy_side": 10.795586585998535,
          "hz": 22000.00000000001
        }
      ],
      "diff_acoustic_entropy": 9.308377265930176,
      "sn": 12
    },
    {
      "acoustic_entropy": 15.352476119995117,
      "acoustic_entropy_mono": 14.157370567321777,
      "band_eliminated_acoustic_entropies": [
        {
          "acoustic_entropy": 12.754131317138672,
          "acoustic_entropy_side": 15.17323112487793,
          "hz": 129.47220167065723
        },
        {
          "acoustic_entropy": 16.129314422607422,
          "acoustic_entropy_side": 15.40220832824707,
          "hz": 202.92927478742237
        },
        {
          "acoustic_entropy": 14.941313743591309,
          "acoustic_entropy_side": 15.745864868164062,
          "hz": 282.89161906338205
        },
        {
          "acoustic_entropy": 15.140748977661133,
          "acoustic_entropy_side": 15.86165714263916,
          "hz": 369.9353335868758
        },
        {
          "acoustic_entropy": 14.697770118713379,
          "acoustic_entropy_side": 14.996580123901367,
          "hz": 464.6875360973435
        },
        {
          "acoustic_entropy": 15.120116233825684,
          "acoustic_entropy_side": 15.28140926361084,
          "hz": 567.8308811364784
        },
        {
          "acoustic_entropy": 14.685747146606445,
          "acoustic_entropy_side": 15.495061874389648,
          "hz": 680.1084783214808
        },
        {
          "acoustic_entropy": 14.917759895324707,
          "acoustic_entropy_side": 14.865184783935547,
          "hz": 802.3292461747484
        },
        {
          "acoustic_entropy": 14.77997875213623,
          "acoustic_entropy_side": 15.161197662353516,
          "hz": 935.3737400823702
        },
        {
          "acoustic_entropy": 15.32414436340332,
          "acoustic_entropy_side": 15.145933151245117,
          "hz": 1080.2004963696966
        },
        {
          "acoustic_entropy": 15.26284408569336,
          "acoustic_entropy_side": 15.030972480773926,
          "hz": 1237.8529382007157
        },
        {
          "acoustic_entropy": 15.483132362365723,
          "acoustic_entropy_side": 15.449637413024902,
          "hz": 1409.4668930556702
        },
        {
          "acoustic_entropy": 15.740486145019531,
          "acoustic_entropy_side": 15.813441276550293,
          "hz": 1596.2787759475705
        },
        {
          "acoustic_entropy": 15.811433792114258,
          "acoustic_entropy_side": 15.24006175994873,
          "hz": 1799.6344973346393
        },
        {
          "acoustic_entropy": 16.12714385986328,
          "acoustic_entropy_side": 15.307538986206055,
          "hz": 2020.9991599069049
        },
        {
          "acoustic_entropy": 15.167149543762207,
          "acoustic_entropy_side": 15.087407112121582,
          "hz": 2261.9676141086993
        },
        {
          "acoustic_entropy": 15.306333541870117,
          "acoustic_entropy_side": 15.327034950256348,
          "hz": 2524.2759484456974
        },
        {
          "acoustic_entropy": 15.256827354431152,
          "acoustic_entropy_side": 15.475600242614746,
          "hz": 2809.813997359896
        },
        {
          "acoustic_entropy": 15.44178295135498,
          "acoustic_entropy_side": 14.966825485229492,
