{
  "acoustic_entropy": 81.14933013916016,
  "bands": [
    {
      "high_freq": 148.1999969482422,
      "loudness": -32.02570724487305,
      "loudness_range": 9.126453399658203,
      "mid_mean": -57.46997833251953,
      "mid_to_side_loudness": -33.962947845458984,
      "mid_to_side_loudness_range": 3.467653274536133,
      "side_mean": -67.77740478515625
    },
    {
      "high_freq": 392.3793640136719,
      "loudness": -28.403902053833008,
      "loudness_range": 9.335268020629883,
      "low_freq": 148.1999969482422,
      "mid_mean": -58.22276306152344,
      "mid_to_side_loudness": -50.43851089477539,
      "mid_to_side_loudness_range": 36.42538833618164,
      "side_mean": -67.06793212890625
    },
    {
      "high_freq": 794.6976318359375,
      "loudness": -33.19133377075195,
      "loudness_range": 17.575321197509766,
      "low_freq": 392.3793640136719,
      "mid_mean": -59.99662780761719,
      "mid_to_side_loudness": -34.5927848815918,
      "mid_to_side_loudness_range": 8.377750396728516,
      "side_mean": -67.91535949707031
    },
    {
      "high_freq": 1457.5709228515625,
      "loudness": -35.83993911743164,
      "loudness_range": 24.831398010253906,
      "low_freq": 794.6976318359375,
      "mid_mean": -60.74170684814453,
      "mid_to_side_loudness": -37.1651611328125,
      "mid_to_side_loudness_range": 14.443046569824219,
      "side_mean": -68.45600891113281
    },
    {
      "high_freq": 2549.74365234375,
      "loudness": -37.99909210205078,
      "loudness_range": 15.275449752807617,
      "low_freq": 1457.5709228515625,
      "mid_mean": -60.63039016723633,
      "mid_to_side_loudness": -47.99738693237305,
      "mid_to_side_loudness_range": 22.32677459716797,
      "side_mean": -69.69576263427734
    },
    {
      "high_freq": 4349.24462890625,
      "loudness": -39.62246322631836,
      "loudness_range": 16.496192932128906,
      "low_freq": 2549.74365234375,
      "mid_mean": -60.917659759521484,
      "mid_to_side_loudness": -48.620933532714844,
      "mid_to_side_loudness_range": 25.384910583496094,
      "side_mean": -69.75604248046875
    },
    {
      "high_freq": 7314.1640625,
      "loudness": -47.65333938598633,
      "loudness_range": 25.996021270751953,
      "low_freq": 4349.24462890625,
      "mid_mean": -62.44591522216797,
      "mid_to_side_loudness": -61.97940444946289,
      "mid_to_side_loudness_range": 34.889015197753906,
      "side_mean": -69.9204330444336
    },
    {
      "high_freq": 12199.2666015625,
      "loudness": -52.381107330322266,
      "loudness_range": 16.917964935302734,
      "low_freq": 7314.1640625,
      "mid_mean": -63.17051696777344,
      "mid_to_side_loudness": -44.32973098754883,
      "mid_to_side_loudness_range": 22.03561782836914,
      "side_mean": -69.99996948242188
    },
    {
      "loudness": -71.78199005126953,
      "loudness_range": 20.962066650390625,
      "low_freq": 12199.2666015625,
      "mid_mean": -64.73152160644531,
      "mid_to_side_loudness": -44.43941116333008,
      "mid_to_side_loudness_range": 15.282829284667969,
      "side_mean": -69.99996185302734
    }
  ],
  "bands_short": [
    {
      "high_freq": 148.1999969482422,
      "loudness": -35.95270538330078,
      "loudness_range": 24.200605392456055,
      "mid_mean": -59.797332763671875,
      "mid_to_side_loudness": -34.34082794189453,
      "mid_to_side_loudness_range": 10.908279418945312,
      "side_mean": -68.56534576416016
    },
    {
      "high_freq": 392.3793640136719,
      "loudness": -30.433914184570312,
      "loudness_range": 24.34539031982422,
      "low_freq": 148.1999969482422,
      "mid_mean": -60.014930725097656,
      "mid_to_side_loudness": -51.24526596069336,
      "mid_to_side_loudness_range": 32.83094024658203,
      "side_mean": -67.67759704589844
    },
    {
      "high_freq": 794.6976318359375,
      "loudness": -37.30775833129883,
      "loudness_range": 30.523666381835938,
      "low_freq": 392.3793640136719,
      "mid_mean": -62.311336517333984,
      "mid_to_side_loudness": -36.4443473815918,
      "mid_to_side_loudness_range": 24.767438888549805,
      "side_mean": -68.5842056274414
    },
    {
      "high_freq": 1457.5709228515625,
      "loudness": -42.038333892822266,
      "loudness_range": 34.403724670410156,
      "low_freq": 794.6976318359375,
      "mid_mean": -63.36885452270508,
      "mid_to_side_loudness": -40.96893310546875,
      "mid_to_side_loudness_range": 25.348339080810547,
      "side_mean": -69.18016052246094
    },
    {
      "high_freq": 2549.74365234375,
      "loudness": -41.81785202026367,
      "loudness_range": 25.078960418701172,
      "low_freq": 1457.5709228515625,
      "mid_mean": -62.74826431274414,
      "mid_to_side_loudness": -53.71318817138672,
      "mid_to_side_loudness_range": 35.50066375732422,
      "side_mean": -69.83442687988281
    },
    {
      "high_freq": 4349.24462890625,
      "loudness": -43.8175048828125,
      "loudness_range": 28.548120498657227,
      "low_freq": 2549.74365234375,
      "mid_mean": -63.052101135253906,
      "mid_to_side_loudness": -56.06547927856445,
      "mid_to_side_loudness_range": 37.80184555053711,
      "side_mean": -69.86491394042969
    },
    {
      "high_freq": 7314.1640625,
      "loudness": -52.981109619140625,
      "loudness_range": 30.427757263183594,
      "low_freq": 4349.24462890625,
      "mid_mean": -64.65361785888672,
      "mid_to_side_loudness": -62.64830017089844,
      "mid_to_side_loudness_range": 37.604061126708984,
      "side_mean": -69.96553802490234
    },
    {
      "high_freq": 12199.2666015625,
      "loudness": -60.05427932739258,
      "loudness_range": 33.20229721069336,
      "low_freq": 7314.1640625,
      "mid_mean": -64.67047882080078,
      "mid_to_side_loudness": -52.2005500793457,
      "mid_to_side_loudness_range": 35.37434005737305,
      "side_mean": -69.99996948242188
    },
    {
      "loudness": -73.11302947998047,
      "loudness_range": 20.468639373779297,
      "low_freq": 12199.2666015625,
      "mid_mean": -65.82304382324219,
      "mid_to_side_loudness": -50.668331146240234,
      "mid_to_side_loudness_range": 34.027496337890625,
      "side_mean": -69.99996185302734
    }
  ],
  "bandwidth": 495.8336486816406,
  "channels": 2,
  "covariance": [
    [
      297.5928649902344,
      69.06600189208984,
      330.2342224121094,
      91.16657257080078,
      292.3583068847656,
      64.64122772216797,
      272.57159423828125,
      48.06855010986328,
      264.9073791503906,
      9.077215194702148,
      250.71348571777344,
      7.813974380493164,
      190.92599487304688,
      2.534842014312744,
      149.39849853515625,
      -6.221445073606446e-05,
      100.36971282958984,
      -0.00032488597207702696
    ],
    [
      69.06600189208984,
      17.42469596862793,
      77.15184020996094,
      22.863981246948242,
      68.93184661865234,
      15.672008514404297,
      64.61324310302734,
      11.842217445373535,
      61.16979217529297,
      2.0556538105010986,
      58.10171890258789,
      2.085280179977417,
      42.896148681640625,
      0.6066529750823975,
      34.62852096557617,
      -5.665262051479658e-06,
      23.737594604492188,
      -6.935560668352991e-05
    ],
    [
      330.2342224121094,
      77.15184020996094,
      367.78106689453125,
      102.08605194091797,
      325.8606262207031,
      72.05976104736328,
      304.0912170410156,
      53.57451248168945,
      294.259521484375,
      10.127409934997559,
      278.4311828613281,
      8.69711971282959,
      211.18101501464844,
      2.802008867263794,
      166.04342651367188,
      -6.364883302012458e-05,
      111.83750915527344,
      -0.00035598123213276267
    ],
    [
      91.16657257080078,
      22.863981246948242,
      102.08605194091797,
      30.334617614746094,
      91.52204895019531,
      21.027240753173828,
      85.80082702636719,
      15.771961212158203,
      81.00206756591797,
      2.782902956008911,
      76.6799545288086,
      2.7386953830718994,
      56.99453353881836,
      0.8454222679138184,
      45.9933967590332,
      -4.533821538643679e-06,
      31.604663848876953,
      -9.103222691919655e-05
    ],
    [
      292.3583068847656,
      68.93184661865234,
      325.8606262207031,
      91.52204895019531,
      299.6480712890625,
      70.37767791748047,
      281.6374816894531,
      53.56871795654297,
      261.4466857910156,
      9.07424545288086,
      245.9903106689453,
      7.682051658630371,
      188.24330139160156,
      2.7367444038391113,
      146.15921020507812,
      -4.102917228010483e-05,
      99.48118591308594,
      -0.0003080066526308656
    ],
    [
      64.64122772216797,
      15.672008514404297,
      72.05976104736328,
      21.027240753173828,
      70.37767791748047,
      18.85462760925293,
      67.49567413330078,
      15.046530723571777,
      58.16033935546875,
      1.8454855680465698,
      54.12541198730469,
      1.900700569152832,
      42.48472595214844,
      0.7766680121421814,
      32.38521194458008,
      1.489467081228213e-06,
      22.75063133239746,
      -6.401765131158754e-05
    ],
    [
      272.57159423828125,
      64.61324310302734,
      304.0912170410156,
      85.80082702636719,
      281.6374816894531,
      67.49567413330078,
      268.20947265625,
      52.77121353149414,
      244.8731231689453,
      8.385697364807129,
      230.32205200195312,
      7.411716461181641,
      176.9116973876953,
      2.805036783218384,
      136.5392608642578,
      -3.9605729398317635e-05,
      93.56485748291016,
      -0.0002877692459151149
    ],
    [
      48.06855010986328,
      11.842217445373535,
      53.57451248168945,
      15.771961212158203,
      53.56871795654297,
      15.046530723571777,
      52.77121353149414,
      13.233105659484863,
      43.80048370361328,
      1.3195527791976929,
      40.708866119384766,
      1.6078954935073853,
      31.22152328491211,
      0.6151689291000366,
      23.76617431640625,
      -1.6444930679426761e-06,
      16.666810989379883,
      -4.793264815816656e-05
    ],
    [
      264.9073791503906,
      61.16979217529297,
      294.259521484375,
      81.00206756591797,
      261.4466857910156,
      58.16033935546875,
      244.8731231689453,
      43.80048370361328,
      244.979736328125,
      9.491826057434082,
      230.17080688476562,
      7.125924110412598,
      177.31146240234375,
      2.6028714179992676,
      137.6884307861328,
      -5.657499059452675e-05,
      91.65349578857422,
      -0.0002895153593271971
    ],
    [
      9.077215194702148,
      2.0556538105010986,
      10.127409934997559,
      2.782902956008911,
      9.07424545288086,
      1.8454855680465698,
      8.385697364807129,
      1.3195527791976929,
      9.491826057434082,
      1.1205371618270874,
      8.194880485534668,
      0.15923695266246796,
      6.145727157592773,
      0.025246908888220787,
      4.585657596588135,
      -2.131368319169269e-06,
      2.7249701023101807,
      -9.599768418411259e-06
    ],
    [
      250.71348571777344,
      58.10171890258789,
      278.4311828613281,
      76.6799545288086,
      245.9903106689453,
      54.12541198730469,
      230.32205200195312,
      40.708866119384766,
      230.17080688476562,
      8.194880485534668,
      220.63990783691406,
      7.3433661460876465,
      168.78369140625,
      2.6073241233825684,
      131.711669921875,
      -5.40002656634897e-05,
      87.3312759399414,
      -0.0002740583731792867
    ],
    [
      7.813974380493164,
      2.085280179977417,
      8.69711971282959,
      2.7386953830718994,
      7.682051658630371,
      1.900700569152832,
      7.411716461181641,
      1.6078954935073853,
      7.125924110412598,
      0.15923695266246796,
      7.3433661460876465,
      0.767772912979126,
      4.582116603851318,
      -0.007870365865528584,
      3.4057247638702393,
      1.0437321407152922e-06,
      2.1433849334716797,
      -7.416128028125968e-06
    ],
    [
      190.92599487304688,
      42.896148681640625,
      211.18101501464844,
      56.99453353881836,
      188.24330139160156,
      42.48472595214844,
      176.9116973876953,
      31.22152328491211,
      177.31146240234375,
      6.145727157592773,
      168.78369140625,
      4.582116603851318,
      141.72084045410156,
      2.769747257232666,
      107.09648132324219,
      -4.546280251815915e-05,
      72.8930892944336,
      -0.0002132842637365684
    ],
    [
      2.534842014312744,
      0.6066529750823975,
      2.802008867263794,
      0.8454222679138184,
      2.7367444038391113,
      0.7766680121421814,
      2.805036783218384,
      0.6151689291000366,
      2.6028714179992676,
      0.025246908888220787,
      2.6073241233825684,
      -0.007870365865528584,
      2.769747257232666,
      0.3497348129749298,
      2.0533735752105713,
      3.108295913989423e-07,
      1.7114770412445068,
      -2.1645405468007084e-06
    ],
    [
      149.39849853515625,
      34.62852096557617,
      166.04342651367188,
      45.9933967590332,
      146.15921020507812,
      32.38521194458008,
      136.5392608642578,
      23.76617431640625,
      137.6884307861328,
      4.585657596588135,
      131.711669921875,
      3.4057247638702393,
      107.09648132324219,
      2.0533735752105713,
      86.82685852050781,
      -2.7480760763864964e-05,
      58.64599609375,
      -0.00016158180369529873
    ],
    [
      -6.221445073606446e-05,
      -5.665262051479658e-06,
      -6.364883302012458e-05,
      -4.533821538643679e-06,
      -4.102917228010483e-05,
      1.489467081228213e-06,
      -3.9605729398317635e-05,
      -1.6444930679426761e-06,
      -5.657499059452675e-05,
      -2.131368319169269e-06,
      -5.40002656634897e-05,
      1.0437321407152922e-06,
      -4.546280251815915e-05,
      3.108295913989423e-07,
      -2.7480760763864964e-05,
      6.070032032567951e-09,
      -1.5010928109404631e-05,
      3.2212803535713874e-09
    ],
    [
      100.36971282958984,
      23.737594604492188,
      111.83750915527344,
      31.604663848876953,
      99.48118591308594,
      22.75063133239746,
      93.56485748291016,
      16.666810989379883,
      91.65349578857422,
      2.7249701023101807,
      87.3312759399414,
      2.1433849334716797,
      72.8930892944336,
      1.7114770412445068,
      58.64599609375,
      -1.5010928109404631e-05,
      41.62126159667969,
      -0.00010659285180736333
    ],
    [
      -0.00032488597207702696,
      -6.935560668352991e-05,
      -0.00035598123213276267,
      -9.103222691919655e-05,
      -0.0003080066526308656,
      -6.401765131158754e-05,
      -0.0002877692459151149,
      -4.793264815816656e-05,
      -0.0002895153593271971,
      -9.599768418411259e-06,
      -0.0002740583731792867,
      -7.416128028125968e-06,
      -0.0002132842637365684,
      -2.1645405468007084e-06,
      -0.00016158180369529873,
      3.2212803535713874e-09,
      -0.00010659285180736333,
      1.037739849607533e-08
    ]
  ],
  "covariance_short": [
    [
      228.4188690185547,
      47.399559020996094,
      262.74139404296875,
      72.67079162597656,
      211.795654296875,
      43.51387405395508,
      177.88877868652344,
      23.926048278808594,
      181.2672119140625,
      4.892057418823242,
      167.17161560058594,
      4.292354106903076,
      104.12288665771484,
      0.9434884786605835,
      84.70248413085938,
      1.3900787052989472e-05,
      50.45294952392578,
      -0.00024702976224943995
    ],
    [
      47.399559020996094,
      12.353342056274414,
      53.75898361206055,
      17.08515739440918,
      44.28490447998047,
      9.773370742797852,
      37.38713455200195,
      5.062661647796631,
      35.44144821166992,
      0.9171076416969299,
      32.97340774536133,
      1.0251296758651733,
      18.896482467651367,
      0.03375561535358429,
      15.75690746307373,
      1.8868036931962706e-05,
      9.11057186126709,
      -4.2377076169941574e-05
    ],
    [
      262.74139404296875,
      53.75898361206055,
      314.8834533691406,
      87.80647277832031,
      257.4721984863281,
      54.271175384521484,
      219.06466674804688,
      31.146678924560547,
      218.72544860839844,
      6.038658618927002,
      198.12973022460938,
      5.058335304260254,
      124.87617492675781,
      0.886931300163269,
      102.08222961425781,
      1.5764609997859225e-05,
      61.14083480834961,
      -0.0002937436511274427
    ],
    [
      72.67079162597656,
      17.08515739440918,
      87.80647277832031,
      27.941085815429688,
      74.29917907714844,
      17.286602020263672,
      63.34214782714844,
      9.685203552246094,
      58.15005874633789,
      1.791677713394165,
      52.384674072265625,
      1.6581013202667236,
      30.337114334106445,
      0.027725355699658394,
      25.521690368652344,
      3.017871677002404e-05,
      14.661641120910645,
      -6.85341510688886e-05
    ],
    [
      211.795654296875,
      44.28490447998047,
      257.4721984863281,
      74.29917907714844,
      226.62155151367188,
      53.01332473754883,
      196.61573791503906,
      32.46017074584961,
      185.30072021484375,
      5.205827713012695,
      167.67884826660156,
      4.630787372589111,
      104.94442749023438,
      0.5967273712158203,
      85.7914810180664,
      5.057606176706031e-05,
      50.85804748535156,
      -0.00022746824834030122
    ],
    [
      43.51387405395508,
      9.773370742797852,
      54.271175384521484,
      17.286602020263672,
      53.01332473754883,
      16.3222713470459,
      47.69261932373047,
      10.724778175354004,
      38.02923583984375,
      1.0266553163528442,
      34.38164138793945,
      1.2486810684204102,
      20.098939895629883,
      0.014667390845716,
      16.32032585144043,
      3.9317535993177444e-05,
      8.755536079406738,
      -3.913189721060917e-05
    ],
    [
      177.88877868652344,
      37.38713455200195,
      219.06466674804688,
      63.34214782714844,
      196.61573791503906,
      47.69261932373047,
      181.51690673828125,
      32.593421936035156,
      164.04232788085938,
      4.2411675453186035,
      146.6582489013672,
      4.26438570022583,
      94.5286636352539,
      0.5242189764976501,
      77.64448547363281,
      4.799291127710603e-05,
      46.85355758666992,
      -0.000196623062947765
    ],
    [
      23.926048278808594,
      5.062661647796631,
      31.146678924560547,
      9.685203552246094,
      32.46017074584961,
      10.724778175354004,
      32.593421936035156,
      10.121222496032715,
      22.50641441345215,
      0.5437272191047668,
      20.33416748046875,
      1.0196994543075562,
      11.858189582824707,
      -0.027513140812516212,
      10.117840766906738,
      2.646978282427881e-05,
      4.934765815734863,
      -2.228588709840551e-05
    ],
    [
      181.2672119140625,
      35.44144821166992,
      218.72544860839844,
      58.15005874633789,
      185.30072021484375,
      38.02923583984375,
      164.04232788085938,
      22.50641441345215,
      185.4051513671875,
      5.777125835418701,
      168.24862670898438,
      3.929215908050537,
      114.98165130615234,
      1.1685961484909058,
      93.01982879638672,
      -6.683988431177568e-06,
      58.51981735229492,
      -0.0002188534999731928
    ],
    [
      4.892057418823242,
      0.9171076416969299,
      6.038658618927002,
      1.791677713394165,
      5.205827713012695,
      1.0266553163528442,
      4.2411675453186035,
      0.5437272191047668,
      5.777125835418701,
      1.171730875968933,
      4.734066963195801,
      0.1706024557352066,
      2.456766366958618,
      -0.005649557337164879,
      1.8876930475234985,
      1.55968621129432e-06,
      1.0251924991607666,
      -4.959714715369046e-06
    ],
    [
      167.17161560058594,
      32.97340774536133,
      198.12973022460938,
      52.384674072265625,
      167.67884826660156,
      34.38164138793945,
      146.6582489013672,
      20.33416748046875,
      168.24862670898438,
      4.734066963195801,
      166.483154296875,
      4.7375993728637695,
      114.09989929199219,
      1.33939790725708,
      91.8182601928711,
      3.821122845693026e-06,
      57.63880157470703,
      -0.00020250464149285108
    ],
    [
      4.292354106903076,
      1.0251296758651733,
      5.058335304260254,
      1.6581013202667236,
      4.630787372589111,
      1.2486810684204102,
      4.26438570022583,
      1.0196994543075562,
      3.929215908050537,
      0.1706024557352066,
      4.7375993728637695,
      0.948691725730896,
      2.326279640197754,
      -0.0045527685433626175,
      1.7890626192092896,
      3.069245167353074e-06,
      0.9337291121482849,
      -3.89281012758147e-06
    ],
    [
      104.12288665771484,
      18.896482467651367,
      124.87617492675781,
      30.337114334106445,
      104.94442749023438,
      20.098939895629883,
      94.5286636352539,
      11.858189582824707,
      114.98165130615234,
      2.456766366958618,
      114.09989929199219,
      2.326279640197754,
      91.12003326416016,
      1.4075456857681274,
      70.6988525390625,
      -2.44651673710905e-05,
      47.03704833984375,
      -0.00014353840379044414
    ],
    [
      0.9434884786605835,
      0.03375561535358429,
      0.886931300163269,
      0.027725355699658394,
      0.5967273712158203,
      0.014667390845716,
      0.5242189764976501,
      -0.027513140812516212,
      1.1685961484909058,
      -0.005649557337164879,
      1.33939790725708,
      -0.0045527685433626175,
      1.4075456857681274,
      0.3248606324195862,
      0.9440599083900452,
      -1.1298750450805528e-06,
      0.8523176908493042,
      -1.2003982874375652e-06
    ],
    [
      84.70248413085938,
      15.75690746307373,
      102.08222961425781,
      25.521690368652344,
      85.7914810180664,
      16.32032585144043,
      77.64448547363281,
      10.117840766906738,
      93.01982879638672,
      1.8876930475234985,
      91.8182601928711,
      1.7890626192092896,
      70.6988525390625,
      0.9440599083900452,
      60.557411193847656,
      -2.1363570340326987e-05,
      39.65632629394531,
      -0.0001160639149020426
    ],
    [
      1.3900787052989472e-05,
      1.8868036931962706e-05,
      1.5764609997859225e-05,
      3.017871677002404e-05,
      5.057606176706031e-05,
      3.9317535993177444e-05,
      4.799291127710603e-05,
      2.646978282427881e-05,
      -6.683988431177568e-06,
      1.55968621129432e-06,
      3.821122845693026e-06,
      3.069245167353074e-06,
      -2.44651673710905e-05,
      -1.1298750450805528e-06,
      -2.1363570340326987e-05,
      1.72628507044692e-08,
      -2.3915532437968068e-05,
      4.626550254016593e-09
    ],
    [
      50.45294952392578,
      9.11057186126709,
      61.14083480834961,
      14.661641120910645,
      50.85804748535156,
      8.755536079406738,
      46.85355758666992,
      4.934765815734863,
      58.51981735229492,
      1.0251924991607666,
      57.63880157470703,
      0.9337291121482849,
      47.03704833984375,
      0.8523176908493042,
      39.65632629394531,
      -2.3915532437968068e-05,
      28.543420791625977,
      -7.464599912054837e-05
    ],
    [
      -0.00024702976224943995,
      -4.2377076169941574e-05,
      -0.0002937436511274427,
      -6.85341510688886e-05,
      -0.00022746824834030122,
      -3.913189721060917e-05,
      -0.000196623062947765,
      -2.228588709840551e-05,
      -0.0002188534999731928,
      -4.959714715369046e-06,
      -0.00020250464149285108,
      -3.89281012758147e-06,
      -0.00014353840379044414,
      -1.2003982874375652e-06,
      -0.0001160639149020426,
      4.626550254016593e-09,
      -7.464599912054837e-05,
      2.078284033757427e-08
    ]
  ],
  "damage": -20.76426124572754,
  "diff_bandwidth": 510.08355712890625,
  "dissonance": 9.01264794409029,
  "drr": 5.065052032470703,
  "dynamics": 14.546136856079102,
  "format": 1245190,
  "frames": 749568,
  "loudness": -26.58072853088379,
  "loudness_range": 49.19318389892578,
  "loudness_range_short": 50.229331970214844,
  "lowpass_true_peak_15khz": -4.854546546936035,
  "mastering3_acoustic_entropies": [
    {
      "acoustic_entropy": 5.0863261222839355,
      "acoustic_entropy_mono": 5.086183071136475,
      "band_eliminated_acoustic_entropies": [
        {
          "acoustic_entropy": 5.098094940185547,
          "acoustic_entropy_side": 5.0863261222839355,
          "hz": 129.47220167065723
        },
        {
          "acoustic_entropy": 5.008110046386719,
          "acoustic_entropy_side": 5.08632755279541,
          "hz": 202.92927478742237
        },
        {
          "acoustic_entropy": 4.915809631347656,
          "acoustic_entropy_side": 5.086337566375732,
          "hz": 282.89161906338205
        },
        {
          "acoustic_entropy": 5.00759220123291,
          "acoustic_entropy_side": 5.086328029632568,
          "hz": 369.9353335868758
        },
        {
          "acoustic_entropy": 5.041543006896973,
          "acoustic_entropy_side": 5.08632230758667,
          "hz": 464.6875360973435
        },
        {
          "acoustic_entropy": 5.070116996765137,
          "acoustic_entropy_side": 5.086310863494873,
          "hz": 567.8308811364784
        },
        {
          "acoustic_entropy": 5.005679130554199,
          "acoustic_entropy_side": 5.086318492889404,
          "hz": 680.1084783214808
        },
        {
          "acoustic_entropy": 5.0298309326171875,
          "acoustic_entropy_side": 5.086312770843506,
          "hz": 802.3292461747484
        },
        {
          "acoustic_entropy": 4.96231746673584,
          "acoustic_entropy_side": 5.08627462387085,
          "hz": 935.3737400823702
        },
        {
          "acoustic_entropy": 4.957881927490234,
          "acoustic_entropy_side": 5.0862603187561035,
          "hz": 1080.2004963696966
        },
        {
          "acoustic_entropy": 5.0114569664001465,
          "acoustic_entropy_side": 5.086296081542969,
          "hz": 1237.8529382007157
        },
        {
          "acoustic_entropy": 5.181276321411133,
          "acoustic_entropy_side": 5.0863237380981445,
          "hz": 1409.4668930556702
        },
        {
          "acoustic_entropy": 5.288123607635498,
          "acoustic_entropy_side": 5.086327075958252,
          "hz": 1596.2787759475705
        },
        {
          "acoustic_entropy": 5.203732490539551,
          "acoustic_entropy_side": 5.086328029632568,
          "hz": 1799.6344973346393
        },
        {
          "acoustic_entropy": 5.25196647644043,
          "acoustic_entropy_side": 5.086325645446777,
          "hz": 2020.9991599069049
        },
        {
          "acoustic_entropy": 5.267344951629639,
          "acoustic_entropy_side": 5.0863261222839355,
          "hz": 2261.9676141086993
        },
        {
          "acoustic_entropy": 5.18666934967041,
          "acoustic_entropy_side": 5.0863261222839355,
          "hz": 2524.2759484456974
        },
        {
          "acoustic_entropy": 5.038592338562012,
          "acoustic_entropy_side": 5.08632755279541,
          "hz": 2809.813997359896
        },
        {
          "acoustic_entropy": 5.106093883514404,
          "acoustic_entropy_side": 5.086328029632568,
          "hz": 3120.6389567871424
        },
        {
          "acoustic_entropy": 5.086461067199707,
          "acoustic_entropy_side": 5.0863261222839355,
          "hz": 3458.990205492291
        },
        {
          "acoustic_entropy": 5.085318565368652,
          "acoustic_entropy_side": 5.0863261222839355,
          "hz": 3827.305438964164
        },
        {
          "acoustic_entropy": 5.063645362854004,
          "acoustic_entropy_side": 5.0863261222839355,
          "hz": 4228.238232109126
        },
        {
          "acoustic_entropy": 5.0822954177856445,
          "acoustic_entropy_side": 5.0863261222839355,
          "hz": 4664.6771572759235
        },
        {
          "acoustic_entropy": 5.079718112945557,
          "acoustic_entropy_side": 5.0863261222839355,
          "hz": 5139.766595350093
        },
        {
          "acoustic_entropy": 5.043586730957031,
          "acoustic_entropy_side": 5.0863261222839355,
          "hz": 5656.929389854203
        },
        {
          "acoustic_entropy": 5.194122314453125,
          "acoustic_entropy_side": 5.086326599121094,
          "hz": 6219.891507268283
        },
        {
          "acoustic_entropy": 5.170424938201904,
          "acoustic_entropy_side": 5.0863261222839355,
          "hz": 6832.70888123896
        },
        {
          "acoustic_entropy": 5.169754505157471,
          "acoustic_entropy_side": 5.0863261222839355,
          "hz": 7499.796634079867
        },
        {
          "acoustic_entropy": 5.184317588806152,
          "acoustic_entropy_side": 5.0863261222839355,
          "hz": 8225.96088609342
        },
        {
          "acoustic_entropy": 5.12110710144043,
          "acoustic_entropy_side": 5.0863261222839355,
          "hz": 9016.43338188839
        },
        {
          "acoustic_entropy": 5.096135139465332,
          "acoustic_entropy_side": 5.0863261222839355,
          "hz": 9876.909183162974
        },
        {
          "acoustic_entropy": 5.095499038696289,
          "acoustic_entropy_side": 5.0863261222839355,
          "hz": 10813.587699516042
        },
        {
          "acoustic_entropy": 5.100718021392822,
          "acoustic_entropy_side": 5.0863261222839355,
          "hz": 11833.21735289826
        },
        {
          "acoustic_entropy": 5.099367141723633,
          "acoustic_entropy_side": 5.0863261222839355,
          "hz": 12943.144197493959
        },
        {
          "acoustic_entropy": 5.106355667114258,
          "acoustic_entropy_side": 5.0863261222839355,
          "hz": 14151.364845322005
        },
        {
          "acoustic_entropy": 5.109897613525391,
          "acoustic_entropy_side": 5.0863261222839355,
          "hz": 15466.58407886509
        },
        {
          "acoustic_entropy": 5.089645862579346,
          "acoustic_entropy_side": 5.0863261222839355,
          "hz": 16898.27756580493
        },
        {
          "acoustic_entropy": 5.0863728523254395,
          "acoustic_entropy_side": 5.0863261222839355,
          "hz": 18456.760127700032
        },
        {
          "acoustic_entropy": 5.0863261222839355,
          "acoustic_entropy_side": 5.0863261222839355,
          "hz": 20153.260054456492
        },
        {
          "acoustic_entropy": 5.0863261222839355,
          "acoustic_entropy_side": 5.0863261222839355,
          "hz": 22000.00000000001
        }
      ],
      "diff_acoustic_entropy": 6.417293548583984,
      "sn": 6
    },
    {
      "acoustic_entropy": 6.905517101287842,
      "acoustic_entropy_mono": 6.904962539672852,
      "band_eliminated_acoustic_entropies": [
        {
          "acoustic_entropy": 7.021852493286133,
          "acoustic_entropy_side": 6.905520439147949,
          "hz": 129.47220167065723
        },
        {
          "acoustic_entropy": 6.9246506690979,
          "acoustic_entropy_side": 6.905590534210205,
          "hz": 202.92927478742237
        },
        {
          "acoustic_entropy": 6.8967366218566895,
          "acoustic_entropy_side": 6.905767917633057,
          "hz": 282.89161906338205
        },
        {
          "acoustic_entropy": 6.964151859283447,
          "acoustic_entropy_side": 6.9055681228637695,
          "hz": 369.9353335868758
        },
        {
          "acoustic_entropy": 6.836416244506836,
          "acoustic_entropy_side": 6.905510425567627,
          "hz": 464.6875360973435
        },
        {
          "acoustic_entropy": 6.9738359451293945,
          "acoustic_entropy_side": 6.905630111694336,
          "hz": 567.8308811364784
        },
        {
          "acoustic_entropy": 6.915539741516113,
          "acoustic_entropy_side": 6.905364990234375,
          "hz": 680.1084783214808
        },
        {
          "acoustic_entropy": 6.924539089202881,
          "acoustic_entropy_side": 6.905307769775391,
          "hz": 802.3292461747484
        },
        {
          "acoustic_entropy": 6.896164417266846,
          "acoustic_entropy_side": 6.904980659484863,
          "hz": 935.3737400823702
        },
        {
          "acoustic_entropy": 6.966970443725586,
          "acoustic_entropy_side": 6.905181884765625,
          "hz": 1080.2004963696966
        },
        {
          "acoustic_entropy": 6.984023094177246,
          "acoustic_entropy_side": 6.905447006225586,
          "hz": 1237.8529382007157
        },
        {
          "acoustic_entropy": 6.95159912109375,
          "acoustic_entropy_side": 6.905511379241943,
          "hz": 1409.4668930556702
        },
        {
          "acoustic_entropy": 6.9984211921691895,
          "acoustic_entropy_side": 6.905550479888916,
          "hz": 1596.2787759475705
        },
        {
          "acoustic_entropy": 7.02588415145874,
          "acoustic_entropy_side": 6.905557155609131,
          "hz": 1799.6344973346393
        },
        {
          "acoustic_entropy": 6.885810375213623,
          "acoustic_entropy_side": 6.905521392822266,
          "hz": 2020.9991599069049
        },
        {
          "acoustic_entropy": 6.927277565002441,
          "acoustic_entropy_side": 6.905516624450684,
          "hz": 2261.9676141086993
        },
        {
          "acoustic_entropy": 6.881525039672852,
          "acoustic_entropy_side": 6.905519008636475,
          "hz": 2524.2759484456974
        },
        {
          "acoustic_entropy": 6.591023921966553,
          "acoustic_entropy_side": 6.905503273010254,
          "hz": 2809.813997359896
        },
        {
          "acoustic_entropy": 6.834699630737305,
          "acoustic_entropy_side": 6.905494213104248,
          "hz": 3120.6389567871424
        },
        {
          "acoustic_entropy": 6.822292804718018,
          "acoustic_entropy_side": 6.905517101287842,
          "hz": 3458.990205492291
        },
        {
          "acoustic_entropy": 6.745214462280273,
          "acoustic_entropy_side": 6.905517101287842,
          "hz": 3827.305438964164
        },
        {
          "acoustic_entropy": 6.830414295196533,
          "acoustic_entropy_side": 6.905517101287842,
          "hz": 4228.238232109126
        },
        {
          "acoustic_entropy": 6.914086818695068,
          "acoustic_entropy_side": 6.905517101287842,
          "hz": 4664.6771572759235
        },
        {
          "acoustic_entropy": 7.011194705963135,
          "acoustic_entropy_side": 6.905517101287842,
          "hz": 5139.766595350093
        },
        {
          "acoustic_entropy": 6.865657329559326,
          "acoustic_entropy_side": 6.905514717102051,
          "hz": 5656.929389854203
        },
        {
          "acoustic_entropy": 6.873746395111084,
          "acoustic_entropy_side": 6.9055094718933105,
          "hz": 6219.891507268283
        },
        {
          "acoustic_entropy": 6.77667760848999,
          "acoustic_entropy_side": 6.905517101287842,
          "hz": 6832.70888123896
        },
        {
          "acoustic_entropy": 6.78356409072876,
          "acoustic_entropy_side": 6.905517101287842,
          "hz": 7499.796634079867
        },
        {
          "acoustic_entropy": 6.706658840179443,
          "acoustic_entropy_side": 6.905517101287842,
          "hz": 8225.96088609342
        },
        {
          "acoustic_entropy": 6.7240190505981445,
          "acoustic_entropy_side": 6.905517101287842,
          "hz": 9016.43338188839
        },
        {
          "acoustic_entropy": 6.777100086212158,
          "acoustic_entropy_side": 6.905517101287842,
          "hz": 9876.909183162974
        },
        {
          "acoustic_entropy": 6.825708866119385,
          "acoustic_entropy_side": 6.905517101287842,
          "hz": 10813.587699516042
        },
        {
          "acoustic_entropy": 6.796760082244873,
          "acoustic_entropy_side": 6.905517101287842,
          "hz": 11833.21735289826
        },
        {
          "acoustic_entropy": 6.779177665710449,
          "acoustic_entropy_side": 6.905517101287842,
          "hz": 12943.144197493959
        },
        {
          "acoustic_entropy": 6.7778778076171875,
          "acoustic_entropy_side": 6.905517101287842,
          "hz": 14151.364845322005
        },
        {
          "acoustic_entropy": 6.732457160949707,
          "acoustic_entropy_side": 6.905517101287842,
          "hz": 15466.58407886509
        },
        {
          "acoustic_entropy": 6.868710994720459,
          "acoustic_entropy_side": 6.905517101287842,
          "hz": 16898.27756580493
        },
        {
          "acoustic_entropy": 6.904265880584717,
          "acoustic_entropy_side": 6.905517101287842,
          "hz": 18456.760127700032
        },
        {
          "acoustic_entropy": 6.905517101287842,
          "acoustic_entropy_side": 6.905517101287842,
          "hz": 20153.260054456492
        },
        {
          "acoustic_entropy": 6.905517101287842,
          "acoustic_entropy_side": 6.905517101287842,
          "hz": 22000.00000000001
        }
      ],
      "diff_acoustic_entropy": 7.970886707305908,
      "sn": 12
    },
    {
      "acoustic_entropy": 9.490525245666504,
      "acoustic_entropy_mono": 9.467498779296875,
      "band_eliminated_acoustic_entropies": [
        {
          "acoustic_entropy": 9.491047859191895,
          "acoustic_entropy_side": 9.490958213806152,
          "hz": 129.47220167065723
        },
        {
          "acoustic_entropy": 9.396583557128906,
          "acoustic_entropy_side": 9.494193077087402,
          "hz": 202.92927478742237
        },
        {
          "acoustic_entropy": 9.262442588806152,
          "acoustic_entropy_side": 9.499951362609863,
          "hz": 282.89161906338205
        },
        {
          "acoustic_entropy": 9.420305252075195,
          "acoustic_entropy_side": 9.488993644714355,
          "hz": 369.9353335868758
        },
        {
          "acoustic_entropy": 9.430157661437988,
          "acoustic_entropy_side": 9.492629051208496,
          "hz": 464.6875360973435
        },
        {
          "acoustic_entropy": 9.559792518615723,
          "acoustic_entropy_side": 9.502029418945312,
          "hz": 567.8308811364784
        },
        {
          "acoustic_entropy": 9.482324600219727,
          "acoustic_entropy_side": 9.482117652893066,
          "hz": 680.1084783214808
        },
        {
          "acoustic_entropy": 9.533522605895996,
          "acoustic_entropy_side": 9.477128028869629,
          "hz": 802.3292461747484
        },
        {
          "acoustic_entropy": 9.40068531036377,
          "acoustic_entropy_side": 9.46429443359375,
          "hz": 935.3737400823702
        },
        {
          "acoustic_entropy": 9.477555274963379,
          "acoustic_entropy_side": 9.479623794555664,
          "hz": 1080.2004963696966
        },
        {
          "acoustic_entropy": 9.597830772399902,
          "acoustic_entropy_side": 9.488692283630371,
          "hz": 1237.8529382007157
        },
        {
          "acoustic_entropy": 9.450108528137207,
          "acoustic_entropy_side": 9.488082885742188,
          "hz": 1409.4668930556702
        },
        {
          "acoustic_entropy": 9.048273086547852,
          "acoustic_entropy_side": 9.49341106414795,
          "hz": 1596.2787759475705
        },
        {
          "acoustic_entropy": 9.563410758972168,
          "acoustic_entropy_side": 9.497081756591797,
          "hz": 1799.6344973346393
        },
        {
          "acoustic_entropy": 9.572322845458984,
          "acoustic_entropy_side": 9.491644859313965,
          "hz": 2020.9991599069049
        },
        {
