{
  "acoustic_entropy": 205.94097900390625,
  "bands": [
    {
      "high_freq": 148.1999969482422,
      "loudness": -58.403289794921875,
      "loudness_range": 25.82122802734375,
      "mid_mean": -57.27555847167969,
      "mid_to_side_loudness": -0.7510600090026855,
      "mid_to_side_loudness_range": 13.20500659942627,
      "side_mean": -57.66920852661133
    },
    {
      "high_freq": 392.3793640136719,
      "loudness": -39.403656005859375,
      "loudness_range": 21.60636329650879,
      "low_freq": 148.1999969482422,
      "mid_mean": -37.79749298095703,
      "mid_to_side_loudness": -2.6686928272247314,
      "mid_to_side_loudness_range": 9.405678749084473,
      "side_mean": -40.62703323364258
    },
    {
      "high_freq": 794.6976318359375,
      "loudness": -42.1595573425293,
      "loudness_range": 16.795761108398438,
      "low_freq": 392.3793640136719,
      "mid_mean": -41.193851470947266,
      "mid_to_side_loudness": -1.0132712125778198,
      "mid_to_side_loudness_range": 8.075303077697754,
      "side_mean": -42.22270202636719
    },
    {
      "high_freq": 1457.5709228515625,
      "loudness": -46.20254898071289,
      "loudness_range": 18.850780487060547,
      "low_freq": 794.6976318359375,
      "mid_mean": -44.91572952270508,
      "mid_to_side_loudness": -1.6599814891815186,
      "mid_to_side_loudness_range": 6.608992576599121,
      "side_mean": -46.635623931884766
    },
    {
      "high_freq": 2549.74365234375,
      "loudness": -45.494869232177734,
      "loudness_range": 19.269535064697266,
      "low_freq": 1457.5709228515625,
      "mid_mean": -44.13473129272461,
      "mid_to_side_loudness": -1.722791075706482,
      "mid_to_side_loudness_range": 5.0970306396484375,
      "side_mean": -45.96566390991211
    },
    {
      "high_freq": 4349.24462890625,
      "loudness": -50.25533676147461,
      "loudness_range": 23.028026580810547,
      "low_freq": 2549.74365234375,
      "mid_mean": -49.17442321777344,
      "mid_to_side_loudness": -2.0174384117126465,
      "mid_to_side_loudness_range": 5.457375526428223,
      "side_mean": -51.374046325683594
    },
    {
      "high_freq": 7314.1640625,
      "loudness": -58.83079528808594,
      "loudness_range": 25.927677154541016,
      "low_freq": 4349.24462890625,
      "mid_mean": -57.12347412109375,
      "mid_to_side_loudness": -1.4645270109176636,
      "mid_to_side_loudness_range": 4.876758575439453,
      "side_mean": -58.404720306396484
    },
    {
      "high_freq": 12199.2666015625,
      "loudness": -68.15555572509766,
      "loudness_range": 22.561954498291016,
      "low_freq": 7314.1640625,
      "mid_mean": -64.06632995605469,
      "mid_to_side_loudness": -1.0877050161361694,
      "mid_to_side_loudness_range": 4.174289703369141,
      "side_mean": -64.82310485839844
    },
    {
      "loudness": -75.12199401855469,
      "loudness_range": 7.659141540527344,
      "low_freq": 12199.2666015625,
      "mid_mean": -68.21959686279297,
      "mid_to_side_loudness": -2.065121650695801,
      "mid_to_side_loudness_range": 1.6149624586105347,
      "side_mean": -68.74102020263672
    }
  ],
  "bands_short": [
    {
      "high_freq": 148.1999969482422,
      "loudness": -62.388916015625,
      "loudness_range": 21.685195922851562,
      "mid_mean": -60.26873016357422,
      "mid_to_side_loudness": -2.318275213241577,
      "mid_to_side_loudness_range": 13.784796714782715,
      "side_mean": -61.89208984375
    },
    {
      "high_freq": 392.3793640136719,
      "loudness": -40.63905715942383,
      "loudness_range": 23.323835372924805,
      "low_freq": 148.1999969482422,
      "mid_mean": -39.279239654541016,
      "mid_to_side_loudness": -2.420123338699341,
      "mid_to_side_loudness_range": 12.076484680175781,
      "side_mean": -41.830204010009766
    },
    {
      "high_freq": 794.6976318359375,
      "loudness": -41.42904281616211,
      "loudness_range": 17.271167755126953,
      "low_freq": 392.3793640136719,
      "mid_mean": -40.40999221801758,
      "mid_to_side_loudness": -1.4280285835266113,
      "mid_to_side_loudness_range": 10.723146438598633,
      "side_mean": -41.869598388671875
    },
    {
      "high_freq": 1457.5709228515625,
      "loudness": -46.299922943115234,
      "loudness_range": 19.46285629272461,
      "low_freq": 794.6976318359375,
      "mid_mean": -45.19137954711914,
      "mid_to_side_loudness": -1.5336060523986816,
      "mid_to_side_loudness_range": 9.645552635192871,
      "side_mean": -46.801082611083984
    },
    {
      "high_freq": 2549.74365234375,
      "loudness": -46.105560302734375,
      "loudness_range": 19.919986724853516,
      "low_freq": 1457.5709228515625,
      "mid_mean": -44.90369415283203,
      "mid_to_side_loudness": -1.6466403007507324,
      "mid_to_side_loudness_range": 7.938301086425781,
      "side_mean": -46.70978927612305
    },
    {
      "high_freq": 4349.24462890625,
      "loudness": -49.88714599609375,
      "loudness_range": 22.613262176513672,
      "low_freq": 2549.74365234375,
      "mid_mean": -48.95098114013672,
      "mid_to_side_loudness": -2.002967119216919,
      "mid_to_side_loudness_range": 7.992323875427246,
      "side_mean": -51.25068664550781
    },
    {
      "high_freq": 7314.1640625,
      "loudness": -59.182674407958984,
      "loudness_range": 26.20767593383789,
      "low_freq": 4349.24462890625,
      "mid_mean": -57.52457809448242,
      "mid_to_side_loudness": -1.382683515548706,
      "mid_to_side_loudness_range": 7.014749526977539,
      "side_mean": -58.73085403442383
    },
    {
      "high_freq": 12199.2666015625,
      "loudness": -68.47959899902344,
      "loudness_range": 22.59770965576172,
      "low_freq": 7314.1640625,
      "mid_mean": -64.29243469238281,
      "mid_to_side_loudness": -1.0267014503479004,
      "mid_to_side_loudness_range": 5.523683071136475,
      "side_mean": -65.00350189208984
    },
    {
      "loudness": -75.23699951171875,
      "loudness_range": 7.747856140136719,
      "low_freq": 12199.2666015625,
      "mid_mean": -68.2656478881836,
      "mid_to_side_loudness": -1.9668283462524414,
      "mid_to_side_loudness_range": 2.5169739723205566,
      "side_mean": -68.75495910644531
    }
  ],
  "bandwidth": 542.4317016601562,
  "channels": 2,
  "covariance": [
    [
      51.986534118652344,
      57.23939514160156,
      20.060989379882812,
      17.94627571105957,
      10.481623649597168,
      12.01362133026123,
      8.487910270690918,
      8.069398880004883,
      5.916378974914551,
      6.005764007568359,
      7.55707311630249,
      9.188985824584961,
      9.050692558288574,
      8.962347030639648,
      6.7266740798950195,
      6.095562934875488,
      1.908789873123169,
      1.7566859722137451
    ],
    [
      57.23939514160156,
      78.96305084228516,
      25.7222957611084,
      23.784595489501953,
      12.931288719177246,
      15.648664474487305,
      11.563711166381836,
      11.224096298217773,
      8.213021278381348,
      8.18192195892334,
      10.174703598022461,
      11.847885131835938,
      10.634858131408691,
      10.417810440063477,
      8.301372528076172,
      7.508372783660889,
      2.104079008102417,
      2.0049631595611572
    ],
    [
      20.060989379882812,
      25.7222957611084,
      57.95991134643555,
      49.2275390625,
      23.318157196044922,
      26.039133071899414,
      26.386598587036133,
      26.753223419189453,
      26.116525650024414,
      26.9544677734375,
      30.462657928466797,
      29.766536712646484,
      27.772254943847656,
      26.748943328857422,
      18.907175064086914,
      17.59515953063965,
      4.678181171417236,
      4.078887462615967
    ],
    [
      17.94627571105957,
      23.784595489501953,
      49.2275390625,
      53.935848236083984,
      22.932435989379883,
      25.48615074157715,
      25.71405029296875,
      26.962505340576172,
      25.76287269592285,
      26.77259063720703,
      30.110187530517578,
      30.100553512573242,
      27.709476470947266,
      26.95609474182129,
      18.706098556518555,
      17.54926872253418,
      4.665875434875488,
      4.07874870300293
    ],
    [
      10.481623649597168,
      12.931288719177246,
      23.318157196044922,
      22.932435989379883,
      34.21137237548828,
      31.49984359741211,
      27.404706954956055,
      26.592477798461914,
      26.897201538085938,
      28.6340274810791,
      30.23004913330078,
      29.395381927490234,
      26.354707717895508,
      25.417741775512695,
      15.89724349975586,
      14.95158863067627,
      3.2043793201446533,
      2.785433292388916
    ],
    [
      12.01362133026123,
      15.648664474487305,
      26.039133071899414,
      25.48615074157715,
      31.49984359741211,
      36.8135871887207,
      27.399551391601562,
      26.571929931640625,
      26.237985610961914,
      28.166486740112305,
      29.491989135742188,
      29.055200576782227,
      25.443248748779297,
      24.60797119140625,
      15.700410842895508,
      14.79069995880127,
      3.3818979263305664,
      2.9820213317871094
    ],
    [
      8.487910270690918,
      11.563711166381836,
      26.386598587036133,
      25.71405029296875,
      27.404706954956055,
      27.399551391601562,
      45.89323806762695,
      41.57577133178711,
      37.672271728515625,
      39.728153228759766,
      45.04656219482422,
      43.480167388916016,
      39.30388259887695,
      37.411285400390625,
      25.351341247558594,
      23.007394790649414,
      5.061657428741455,
      4.438267230987549
    ],
    [
      8.069398880004883,
      11.224096298217773,
      26.753223419189453,
      26.962505340576172,
      26.592477798461914,
      26.571929931640625,
      41.57577133178711,
      43.89279556274414,
      36.99536895751953,
      39.135162353515625,
      45.848419189453125,
      44.491416931152344,
      39.40330505371094,
      37.655479431152344,
      25.395830154418945,
      23.02479362487793,
      5.084949970245361,
      4.478699684143066
    ],
    [
      5.916378974914551,
      8.213021278381348,
      26.116525650024414,
      25.76287269592285,
      26.897201538085938,
      26.237985610961914,
      37.672271728515625,
      36.99536895751953,
      47.45725631713867,
      45.65537643432617,
      50.68545150756836,
      48.403507232666016,
      45.454071044921875,
      42.8421516418457,
      29.256406784057617,
      26.40206527709961,
      5.377205848693848,
      4.696460247039795
    ],
    [
      6.005764007568359,
      8.18192195892334,
      26.9544677734375,
      26.77259063720703,
      28.6340274810791,
      28.166486740112305,
      39.728153228759766,
      39.135162353515625,
      45.65537643432617,
      48.63955307006836,
      52.3659553527832,
      50.497314453125,
      46.81568908691406,
      44.5728645324707,
      29.739574432373047,
      27.02096939086914,
      5.530307292938232,
      4.849007606506348
    ],
    [
      7.55707311630249,
      10.174703598022461,
      30.462657928466797,
      30.110187530517578,
      30.23004913330078,
      29.491989135742188,
      45.04656219482422,
      45.848419189453125,
      50.68545150756836,
      52.3659553527832,
      70.03826904296875,
      64.92839050292969,
      59.64270782470703,
      56.06519317626953,
      37.74089813232422,
      33.608097076416016,
      6.803048610687256,
      5.913683891296387
    ],
    [
      9.188985824584961,
      11.847885131835938,
      29.766536712646484,
      30.100553512573242,
      29.395381927490234,
      29.055200576782227,
      43.480167388916016,
      44.491416931152344,
      48.403507232666016,
      50.497314453125,
      64.92839050292969,
      66.7891616821289,
      59.12997817993164,
      56.2835807800293,
      37.13764953613281,
      33.338172912597656,
      6.835855484008789,
      5.9779839515686035
    ],
    [
      9.050692558288574,
      10.634858131408691,
      27.772254943847656,
      27.709476470947266,
      26.354707717895508,
      25.443248748779297,
      39.30388259887695,
      39.40330505371094,
      45.454071044921875,
      46.81568908691406,
      59.64270782470703,
      59.12997817993164,
      63.15182113647461,
      59.015907287597656,
      38.946556091308594,
      34.915225982666016,
      7.511551856994629,
      6.48569917678833
    ],
    [
      8.962347030639648,
      10.417810440063477,
      26.748943328857422,
      26.95609474182129,
      25.417741775512695,
      24.60797119140625,
      37.411285400390625,
      37.655479431152344,
      42.8421516418457,
      44.5728645324707,
      56.06519317626953,
      56.2835807800293,
      59.015907287597656,
      57.530574798583984,
      37.225013732910156,
      33.756927490234375,
      7.319759845733643,
      6.358409404754639
    ],
    [
      6.7266740798950195,
      8.301372528076172,
      18.907175064086914,
      18.706098556518555,
      15.89724349975586,
      15.700410842895508,
      25.351341247558594,
      25.395830154418945,
      29.256406784057617,
      29.739574432373047,
      37.74089813232422,
      37.13764953613281,
      38.946556091308594,
      37.225013732910156,
      29.087034225463867,
      25.848878860473633,
      5.9381327629089355,
      5.166648864746094
    ],
    [
      6.095562934875488,
      7.508372783660889,
      17.59515953063965,
      17.54926872253418,
      14.95158863067627,
      14.79069995880127,
      23.007394790649414,
      23.02479362487793,
      26.40206527709961,
      27.02096939086914,
      33.608097076416016,
      33.338172912597656,
      34.915225982666016,
      33.756927490234375,
      25.848878860473633,
      24.08587074279785,
      5.4139933586120605,
      4.715814590454102
    ],
    [
      1.908789873123169,
      2.104079008102417,
      4.678181171417236,
      4.665875434875488,
      3.2043793201446533,
      3.3818979263305664,
      5.061657428741455,
      5.084949970245361,
      5.377205848693848,
      5.530307292938232,
      6.803048610687256,
      6.835855484008789,
      7.511551856994629,
      7.319759845733643,
      5.9381327629089355,
      5.4139933586120605,
      1.9391560554504395,
      1.6357704401016235
    ],
    [
      1.7566859722137451,
      2.0049631595611572,
      4.078887462615967,
      4.07874870300293,
      2.785433292388916,
      2.9820213317871094,
      4.438267230987549,
      4.478699684143066,
      4.696460247039795,
      4.849007606506348,
      5.913683891296387,
      5.9779839515686035,
      6.48569917678833,
      6.358409404754639,
      5.166648864746094,
      4.715814590454102,
      1.6357704401016235,
      1.4343798160552979
    ]
  ],
  "covariance_short": [
    [
      34.81112289428711,
      31.74371337890625,
      19.173709869384766,
      17.96518898010254,
      10.362510681152344,
      10.680845260620117,
      7.576383590698242,
      8.002288818359375,
      6.307640075683594,
      6.59784460067749,
      7.446915626525879,
      8.702699661254883,
      8.871772766113281,
      8.566230773925781,
      5.864765167236328,
      5.693090438842773,
      1.9201077222824097,
      1.6863006353378296
    ],
    [
      31.74371337890625,
      43.1961555480957,
      19.833389282226562,
      20.29755401611328,
      10.367427825927734,
      11.16721248626709,
      7.288937568664551,
      7.860601902008057,
      6.021738529205322,
      6.2793660163879395,
      7.59576416015625,
      8.51737117767334,
      8.562663078308105,
      8.247591972351074,
      6.0303497314453125,
      5.864742755889893,
      1.9486991167068481,
      1.7571897506713867
    ],
    [
      19.173709869384766,
      19.833389282226562,
      67.5572280883789,
      54.92983627319336,
      26.571327209472656,
      27.62012481689453,
      28.236326217651367,
      28.46369171142578,
      27.078256607055664,
      28.092315673828125,
      29.87638282775879,
      30.05249786376953,
      28.22138214111328,
      27.237810134887695,
      18.960498809814453,
      17.63080596923828,
      4.655130386352539,
      4.107344627380371
    ],
    [
      17.96518898010254,
      20.29755401611328,
      54.92983627319336,
      63.60802459716797,
      25.41937255859375,
      27.18653678894043,
      27.576139450073242,
      28.641183853149414,
      26.602678298950195,
      27.903053283691406,
      29.866411209106445,
      30.429466247558594,
      28.156505584716797,
      27.481298446655273,
      18.893970489501953,
      17.66497039794922,
      4.682069301605225,
      4.138889312744141
    ],
    [
      10.362510681152344,
      10.367427825927734,
      26.571327209472656,
      25.41937255859375,
      38.76411819458008,
      32.315887451171875,
      27.422773361206055,
      26.525209426879883,
      26.87777328491211,
      28.32310676574707,
      27.79546546936035,
      28.144357681274414,
      25.390459060668945,
      24.429018020629883,
      15.065098762512207,
      14.226346015930176,
      3.193786859512329,
      2.774548292160034
    ],
    [
      10.680845260620117,
      11.16721248626709,
      27.62012481689453,
      27.18653678894043,
      32.315887451171875,
      40.1695671081543,
      27.058961868286133,
      26.357078552246094,
      25.95713996887207,
      27.734600067138672,
      26.81357192993164,
      27.564420700073242,
      24.513446807861328,
      23.70768928527832,
      14.730048179626465,
      13.996626853942871,
      3.2483551502227783,
      2.872603416442871
    ],
    [
      7.576383590698242,
      7.288937568664551,
      28.236326217651367,
      27.576139450073242,
      27.422773361206055,
      27.058961868286133,
      49.051177978515625,
      41.8074951171875,
      38.40544891357422,
      40.46726989746094,
      44.76253128051758,
      44.52116775512695,
      39.9080924987793,
      37.8469352722168,
      25.03932762145996,
      22.76473617553711,
      4.960217475891113,
      4.3532514572143555
    ],
    [
      8.002288818359375,
      7.860601902008057,
      28.46369171142578,
      28.641183853149414,
      26.525209426879883,
      26.357078552246094,
      41.8074951171875,
      46.80290222167969,
      36.858192443847656,
      39.201507568359375,
      44.646541595458984,
      44.77736282348633,
      39.1961784362793,
      37.6018180847168,
      24.73359489440918,
      22.55323600769043,
      4.931304931640625,
      4.356357097625732
    ],
    [
      6.307640075683594,
      6.021738529205322,
      27.078256607055664,
      26.602678298950195,
      26.87777328491211,
      25.95713996887207,
      38.40544891357422,
      36.858192443847656,
      51.941261291503906,
      47.26103210449219,
      50.09764099121094,
      48.004581451416016,
      45.67429733276367,
      42.99384689331055,
      28.71295738220215,
      26.03537368774414,
      5.323878288269043,
      4.658778190612793
    ],
    [
      6.59784460067749,
      6.2793660163879395,
      28.092315673828125,
      27.903053283691406,
      28.32310676574707,
      27.734600067138672,
      40.46726989746094,
      39.201507568359375,
      47.26103210449219,
      52.534278869628906,
      51.16278839111328,
      50.13216781616211,
      46.7083740234375,
      44.433780670166016,
      29.022661209106445,
      26.479175567626953,
      5.4401350021362305,
      4.781256198883057
    ],
    [
      7.446915626525879,
      7.59576416015625,
      29.87638282775879,
      29.866411209106445,
      27.79546546936035,
      26.81357192993164,
      44.76253128051758,
      44.646541595458984,
      50.09764099121094,
      51.16278839111328,
      70.07599639892578,
      63.293678283691406,
      57.69486618041992,
      54.0372428894043,
      36.207454681396484,
      32.18733215332031,
      6.538933753967285,
      5.726481914520264
    ],
    [
      8.702699661254883,
      8.51737117767334,
      30.05249786376953,
      30.429466247558594,
      28.144357681274414,
      27.564420700073242,
      44.52116775512695,
      44.77736282348633,
      48.004581451416016,
      50.13216781616211,
      63.293678283691406,
      68.78064727783203,
      58.07160568237305,
      55.22604751586914,
      35.83549880981445,
      32.19586944580078,
      6.5570387840271,
      5.780808925628662
    ],
    [
      8.871772766113281,
      8.562663078308105,
      28.22138214111328,
      28.156505584716797,
      25.390459060668945,
      24.513446807861328,
      39.9080924987793,
      39.1961784362793,
      45.67429733276367,
      46.7083740234375,
      57.69486618041992,
      58.07160568237305,
      63.927391052246094,
      58.362361907958984,
      38.071266174316406,
      34.05451965332031,
      7.346560001373291,
      6.384378433227539
    ],
    [
      8.566230773925781,
      8.247591972351074,
      27.237810134887695,
      27.481298446655273,
      24.429018020629883,
      23.70768928527832,
      37.8469352722168,
      37.6018180847168,
      42.99384689331055,
      44.433780670166016,
      54.0372428894043,
      55.22604751586914,
      58.362361907958984,
      57.873809814453125,
      36.05836486816406,
      32.725318908691406,
      7.106637477874756,
      6.211178779602051
    ],
    [
      5.864765167236328,
      6.0303497314453125,
      18.960498809814453,
      18.893970489501953,
      15.065098762512207,
      14.730048179626465,
      25.03932762145996,
      24.73359489440918,
      28.71295738220215,
      29.022661209106445,
      36.207454681396484,
      35.83549880981445,
      38.071266174316406,
      36.05836486816406,
      28.90169906616211,
      25.142745971679688,
      5.786735534667969,
      5.048648357391357
    ],
    [
      5.693090438842773,
      5.864742755889893,
      17.63080596923828,
      17.66497039794922,
      14.226346015930176,
      13.996626853942871,
      22.76473617553711,
      22.55323600769043,
      26.03537368774414,
      26.479175567626953,
      32.18733215332031,
      32.19586944580078,
      34.05451965332031,
      32.725318908691406,
      25.142745971679688,
      23.810894012451172,
      5.264163970947266,
      4.6067986488342285
    ],
    [
      1.9201077222824097,
      1.9486991167068481,
      4.655130386352539,
      4.682069301605225,
      3.193786859512329,
      3.2483551502227783,
      4.960217475891113,
      4.931304931640625,
      5.323878288269043,
      5.4401350021362305,
      6.538933753967285,
      6.5570387840271,
      7.346560001373291,
      7.106637477874756,
      5.786735534667969,
      5.264163970947266,
      2.0076489448547363,
      1.6414849758148193
    ],
    [
      1.6863006353378296,
      1.7571897506713867,
      4.107344627380371,
      4.138889312744141,
      2.774548292160034,
      2.872603416442871,
      4.3532514572143555,
      4.356357097625732,
      4.658778190612793,
      4.781256198883057,
      5.726481914520264,
      5.780808925628662,
      6.384378433227539,
      6.211178779602051,
      5.048648357391357,
      4.6067986488342285,
      1.6414849758148193,
      1.505411982536316
    ]
  ],
  "damage": -20.611331939697266,
  "diff_bandwidth": 618.9561157226562,
  "dissonance": 3.8096371581557396,
  "drr": -2.500488519668579,
  "dynamics": 5.361762046813965,
  "format": 1245190,
  "frames": 36775872,
  "loudness": -31.357484817504883,
  "loudness_range": 16.894433975219727,
  "loudness_range_short": 17.476383209228516,
  "lowpass_true_peak_15khz": -3.6426522731781006,
  "mastering3_acoustic_entropies": [
    {
      "acoustic_entropy": 7.021018028259277,
      "acoustic_entropy_mono": 7.534719944000244,
      "band_eliminated_acoustic_entropies": [
        {
          "acoustic_entropy": 7.019598007202148,
          "acoustic_entropy_side": 7.020628452301025,
          "hz": 129.47220167065723
        },
        {
          "acoustic_entropy": 6.7046332359313965,
          "acoustic_entropy_side": 6.95630407333374,
          "hz": 202.92927478742237
        },
        {
          "acoustic_entropy": 6.180287837982178,
          "acoustic_entropy_side": 7.016814708709717,
          "hz": 282.89161906338205
        },
        {
          "acoustic_entropy": 7.024600028991699,
          "acoustic_entropy_side": 6.868250846862793,
          "hz": 369.9353335868758
        },
        {
          "acoustic_entropy": 8.129318237304688,
          "acoustic_entropy_side": 7.995051383972168,
          "hz": 464.6875360973435
        },
        {
          "acoustic_entropy": 6.937117576599121,
          "acoustic_entropy_side": 6.765758991241455,
          "hz": 567.8308811364784
        },
        {
          "acoustic_entropy": 7.948061943054199,
          "acoustic_entropy_side": 7.635761260986328,
          "hz": 680.1084783214808
        },
        {
          "acoustic_entropy": 7.041378498077393,
          "acoustic_entropy_side": 6.713642120361328,
          "hz": 802.3292461747484
        },
        {
          "acoustic_entropy": 7.363689422607422,
          "acoustic_entropy_side": 6.928613185882568,
          "hz": 935.3737400823702
        },
        {
          "acoustic_entropy": 7.256208419799805,
          "acoustic_entropy_side": 6.980352401733398,
          "hz": 1080.2004963696966
        },
        {
          "acoustic_entropy": 7.090640068054199,
          "acoustic_entropy_side": 7.090290546417236,
          "hz": 1237.8529382007157
        },
        {
          "acoustic_entropy": 7.057313442230225,
          "acoustic_entropy_side": 7.182328701019287,
          "hz": 1409.4668930556702
        },
        {
          "acoustic_entropy": 6.567631244659424,
          "acoustic_entropy_side": 6.865187644958496,
          "hz": 1596.2787759475705
        },
        {
          "acoustic_entropy": 7.044020652770996,
          "acoustic_entropy_side": 6.995943546295166,
          "hz": 1799.6344973346393
        },
        {
          "acoustic_entropy": 6.847666263580322,
          "acoustic_entropy_side": 6.915081977844238,
          "hz": 2020.9991599069049
        },
        {
          "acoustic_entropy": 6.972208023071289,
          "acoustic_entropy_side": 7.217618465423584,
          "hz": 2261.9676141086993
        },
        {
          "acoustic_entropy": 6.4792866706848145,
          "acoustic_entropy_side": 6.985199928283691,
          "hz": 2524.2759484456974
        },
        {
          "acoustic_entropy": 6.909000873565674,
          "acoustic_entropy_side": 7.067670822143555,
          "hz": 2809.813997359896
        },
        {
          "acoustic_entropy": 6.927390098571777,
          "acoustic_entropy_side": 6.985332489013672,
          "hz": 3120.6389567871424
        },
        {
          "acoustic_entropy": 6.97266149520874,
          "acoustic_entropy_side": 6.959512710571289,
          "hz": 3458.990205492291
        },
        {
          "acoustic_entropy": 7.0950493812561035,
          "acoustic_entropy_side": 7.30570125579834,
          "hz": 3827.305438964164
        },
        {
          "acoustic_entropy": 6.794936656951904,
          "acoustic_entropy_side": 6.912035942077637,
          "hz": 4228.238232109126
        },
        {
          "acoustic_entropy": 7.000727653503418,
          "acoustic_entropy_side": 7.019466400146484,
          "hz": 4664.6771572759235
        },
        {
          "acoustic_entropy": 7.1253485679626465,
          "acoustic_entropy_side": 7.143182754516602,
          "hz": 5139.766595350093
        },
        {
          "acoustic_entropy": 6.994855880737305,
          "acoustic_entropy_side": 7.018228054046631,
          "hz": 5656.929389854203
        },
        {
          "acoustic_entropy": 7.0624308586120605,
          "acoustic_entropy_side": 7.039058208465576,
          "hz": 6219.891507268283
        },
        {
          "acoustic_entropy": 7.049737453460693,
          "acoustic_entropy_side": 7.03900671005249,
          "hz": 6832.70888123896
        },
        {
          "acoustic_entropy": 7.035818576812744,
          "acoustic_entropy_side": 7.030862808227539,
          "hz": 7499.796634079867
        },
        {
          "acoustic_entropy": 7.031299591064453,
          "acoustic_entropy_side": 7.026262283325195,
          "hz": 8225.96088609342
        },
        {
          "acoustic_entropy": 7.0289306640625,
          "acoustic_entropy_side": 7.023838996887207,
          "hz": 9016.43338188839
        },
        {
          "acoustic_entropy": 7.026778221130371,
          "acoustic_entropy_side": 7.02391242980957,
          "hz": 9876.909183162974
        },
        {
          "acoustic_entropy": 7.022583484649658,
          "acoustic_entropy_side": 7.021547317504883,
          "hz": 10813.587699516042
        },
        {
          "acoustic_entropy": 7.022236347198486,
          "acoustic_entropy_side": 7.021453857421875,
          "hz": 11833.21735289826
        },
        {
          "acoustic_entropy": 7.02146577835083,
          "acoustic_entropy_side": 7.0211501121521,
          "hz": 12943.144197493959
        },
        {
          "acoustic_entropy": 7.021145820617676,
          "acoustic_entropy_side": 7.021052837371826,
          "hz": 14151.364845322005
        },
        {
          "acoustic_entropy": 7.021057605743408,
          "acoustic_entropy_side": 7.021030426025391,
          "hz": 15466.58407886509
        },
        {
          "acoustic_entropy": 7.021027088165283,
          "acoustic_entropy_side": 7.021020889282227,
          "hz": 16898.27756580493
        },
        {
          "acoustic_entropy": 7.02102518081665,
          "acoustic_entropy_side": 7.021019458770752,
          "hz": 18456.760127700032
        },
        {
          "acoustic_entropy": 7.021019458770752,
          "acoustic_entropy_side": 7.021018981933594,
          "hz": 20153.260054456492
        },
        {
          "acoustic_entropy": 7.021017551422119,
          "acoustic_entropy_side": 7.021018028259277,
          "hz": 22000.00000000001
        }
      ],
      "diff_acoustic_entropy": 1.9020646810531616,
      "sn": 6
    },
    {
      "acoustic_entropy": 12.242807388305664,
      "acoustic_entropy_mono": 12.809731483459473,
      "band_eliminated_acoustic_entropies": [
        {
          "acoustic_entropy": 12.240472793579102,
          "acoustic_entropy_side": 12.236037254333496,
          "hz": 129.47220167065723
        },
        {
          "acoustic_entropy": 12.312520980834961,
          "acoustic_entropy_side": 12.153419494628906,
          "hz": 202.92927478742237
        },
        {
          "acoustic_entropy": 11.282955169677734,
          "acoustic_entropy_side": 12.301822662353516,
          "hz": 282.89161906338205
        },
        {
          "acoustic_entropy": 12.215751647949219,
          "acoustic_entropy_side": 12.781743049621582,
          "hz": 369.9353335868758
        },
        {
          "acoustic_entropy": 13.291543960571289,
          "acoustic_entropy_side": 13.1768217086792,
          "hz": 464.6875360973435
        },
        {
          "acoustic_entropy": 12.694777488708496,
          "acoustic_entropy_side": 12.529197692871094,
          "hz": 567.8308811364784
        },
        {
          "acoustic_entropy": 12.170003890991211,
          "acoustic_entropy_side": 13.008337020874023,
          "hz": 680.1084783214808
        },
        {
          "acoustic_entropy": 12.180477142333984,
          "acoustic_entropy_side": 12.048035621643066,
          "hz": 802.3292461747484
        },
        {
          "acoustic_entropy": 12.267120361328125,
          "acoustic_entropy_side": 11.71692180633545,
          "hz": 935.3737400823702
        },
        {
          "acoustic_entropy": 12.576703071594238,
          "acoustic_entropy_side": 12.747909545898438,
          "hz": 1080.2004963696966
        },
        {
          "acoustic_entropy": 13.175034523010254,
          "acoustic_entropy_side": 12.276742935180664,
          "hz": 1237.8529382007157
        },
        {
          "acoustic_entropy": 12.239526748657227,
          "acoustic_entropy_side": 11.550102233886719,
          "hz": 1409.4668930556702
        },
        {
          "acoustic_entropy": 11.672147750854492,
          "acoustic_entropy_side": 11.910825729370117,
          "hz": 1596.2787759475705
        },
        {
          "acoustic_entropy": 12.5525484085083,
          "acoustic_entropy_side": 12.133247375488281,
          "hz": 1799.6344973346393
        },
        {
          "acoustic_entropy": 12.750821113586426,
          "acoustic_entropy_side": 13.028785705566406,
          "hz": 2020.9991599069049
        },
        {
          "acoustic_entropy": 12.670352935791016,
          "acoustic_entropy_side": 12.463773727416992,
          "hz": 2261.9676141086993
        },
        {
          "acoustic_entropy": 11.44564437866211,
          "acoustic_entropy_side": 12.411487579345703,
          "hz": 2524.2759484456974
        },
        {
          "acoustic_entropy": 12.620168685913086,
          "acoustic_entropy_side": 12.171271324157715,
          "hz": 2809.813997359896
        },
        {
          "acoustic_entropy": 12.459546089172363,
          "acoustic_entropy_side": 12.155294418334961,
          "hz": 3120.6389567871424
        },
        {
          "acoustic_entropy": 12.296232223510742,
          "acoustic_entropy_side": 12.147787094116211,
          "hz": 3458.990205492291
        },
        {
          "acoustic_entropy": 11.829219818115234,
          "acoustic_entropy_side": 12.701237678527832,
          "hz": 3827.305438964164
        },
        {
          "acoustic_entropy": 11.980830192565918,
          "acoustic_entropy_side": 12.103209495544434,
          "hz": 4228.238232109126
        },
        {
          "acoustic_entropy": 12.245891571044922,
          "acoustic_entropy_side": 12.331056594848633,
          "hz": 4664.6771572759235
        },
        {
          "acoustic_entropy": 12.75373649597168,
          "acoustic_entropy_side": 12.60977840423584,
          "hz": 5139.766595350093
        },
        {
          "acoustic_entropy": 12.165948867797852,
          "acoustic_entropy_side": 12.178114891052246,
          "hz": 5656.929389854203
        },
        {
          "acoustic_entropy": 12.427061080932617,
          "acoustic_entropy_side": 12.319804191589355,
          "hz": 6219.891507268283
        },
        {
          "acoustic_entropy": 12.132301330566406,
          "acoustic_entropy_side": 12.198028564453125,
          "hz": 6832.70888123896
        },
        {
          "acoustic_entropy": 12.302456855773926,
          "acoustic_entropy_side": 12.282940864562988,
          "hz": 7499.796634079867
        },
        {
          "acoustic_entropy": 12.238941192626953,
          "acoustic_entropy_side": 12.25401496887207,
          "hz": 8225.96088609342
        },
        {
          "acoustic_entropy": 12.272041320800781,
          "acoustic_entropy_side": 12.258441925048828,
          "hz": 9016.43338188839
        },
        {
          "acoustic_entropy": 12.295154571533203,
          "acoustic_entropy_side": 12.26298713684082,
          "hz": 9876.909183162974
        },
        {
          "acoustic_entropy": 12.259490013122559,
          "acoustic_entropy_side": 12.249102592468262,
          "hz": 10813.587699516042
        },
        {
          "acoustic_entropy": 12.260031700134277,
          "acoustic_entropy_side": 12.248403549194336,
          "hz": 11833.21735289826
        },
        {
          "acoustic_entropy": 12.250885009765625,
          "acoustic_entropy_side": 12.244919776916504,
          "hz": 12943.144197493959
        },
        {
          "acoustic_entropy": 12.245892524719238,
          "acoustic_entropy_side": 12.24364185333252,
          "hz": 14151.364845322005
        },
        {
          "acoustic_entropy": 12.243709564208984,
          "acoustic_entropy_side": 12.243042945861816,
          "hz": 15466.58407886509
        },
        {
          "acoustic_entropy": 12.24294376373291,
          "acoustic_entropy_side": 12.242840766906738,
          "hz": 16898.27756580493
        },
        {
          "acoustic_entropy": 12.24289321899414,
          "acoustic_entropy_side": 12.242831230163574,
          "hz": 18456.760127700032
        },
        {
          "acoustic_entropy": 12.242837905883789,
          "acoustic_entropy_side": 12.242816925048828,
          "hz": 20153.260054456492
        },
        {
          "acoustic_entropy": 12.242807388305664,
          "acoustic_entropy_side": 12.242807388305664,
          "hz": 22000.00000000001
        }
      ],
      "diff_acoustic_entropy": 4.1451334953308105,
      "sn": 12
    },
    {
      "acoustic_entropy": 20.370010375976562,
      "acoustic_entropy_mono": 20.12811279296875,
      "band_eliminated_acoustic_entropies": [
        {
          "acoustic_entropy": 20.372514724731445,
          "acoustic_entropy_side": 20.358205795288086,
          "hz": 129.47220167065723
        },
        {
          "acoustic_entropy": 20.985218048095703,
          "acoustic_entropy_side": 20.593454360961914,
          "hz": 202.92927478742237
        },
        {
          "acoustic_entropy": 21.16543960571289,
          "acoustic_entropy_side": 20.2722225189209,
          "hz": 282.89161906338205
        },
        {
          "acoustic_entropy": 19.82051658630371,
          "acoustic_entropy_side": 20.478717803955078,
          "hz": 369.9353335868758
        },
        {
          "acoustic_entropy": 20.282752990722656,
          "acoustic_entropy_side": 20.83583641052246,
          "hz": 464.6875360973435
        },
        {
          "acoustic_entropy": 20.51516342163086,
          "acoustic_entropy_side": 20.522891998291016,
          "hz": 567.8308811364784
        },
        {
          "acoustic_entropy": 19.40540313720703,
          "acoustic_entropy_side": 21.248798370361328,
          "hz": 680.1084783214808
        },
        {
          "acoustic_entropy": 20.59528350830078,
          "acoustic_entropy_side": 20.437538146972656,
          "hz": 802.3292461747484
        },
        {
          "acoustic_entropy": 20.061199188232422,
          "acoustic_entropy_side": 20.451738357543945,
          "hz": 935.3737400823702
        },
        {
          "acoustic_entropy": 21.046463012695312,
          "acoustic_entropy_side": 20.48880386352539,
          "hz": 1080.2004963696966
        },
        {
          "acoustic_entropy": 19.103748321533203,
          "acoustic_entropy_side": 19.28082847595215,
          "hz": 1237.8529382007157
        },
        {
          "acoustic_entropy": 20.633289337158203,
          "acoustic_entropy_side": 20.235414505004883,
          "hz": 1409.4668930556702
        },
        {
          "acoustic_entropy": 20.916969299316406,
          "acoustic_entropy_side": 20.40435791015625,
          "hz": 1596.2787759475705
        },
        {
          "acoustic_entropy": 19.61170196533203,
          "acoustic_entropy_side": 20.59185218811035,
          "hz": 1799.6344973346393
        },
        {
          "acoustic_entropy": 20.1666202545166,
          "acoustic_entropy_side": 20.278478622436523,
          "hz": 2020.9991599069049
        },
        {
          "acoustic_entropy": 20.433700561523438,
          "acoustic_entropy_side": 20.72412872314453,
          "hz": 2261.9676141086993
        },
        {
          "acoustic_entropy": 19.455657958984375,
          "acoustic_entropy_side": 21.237573623657227,
          "hz": 2524.2759484456974
        },
        {
          "acoustic_entropy": 20.786752700805664,
          "acoustic_entropy_side": 21.703025817871094,
          "hz": 2809.813997359896
        },
        {
          "acoustic_entropy": 19.46944808959961,
          "acoustic_entropy_side": 19.53618049621582,
          "hz": 3120.6389567871424
        },
        {
