{
  "acoustic_entropy": 214.95034790039062,
  "bands": [
    {
      "high_freq": 148.1999969482422,
      "loudness": -19.08268928527832,
      "loudness_range": 8.075721740722656,
      "mid_mean": -15.565695762634277,
      "mid_to_side_loudness": -21.617029190063477,
      "mid_to_side_loudness_range": 23.995128631591797,
      "side_mean": -38.15681457519531
    },
    {
      "high_freq": 392.3793640136719,
      "loudness": -20.042177200317383,
      "loudness_range": 8.202777862548828,
      "low_freq": 148.1999969482422,
      "mid_mean": -17.215316772460938,
      "mid_to_side_loudness": -7.40240478515625,
      "mid_to_side_loudness_range": 8.47438907623291,
      "side_mean": -24.731443405151367
    },
    {
      "high_freq": 794.6976318359375,
      "loudness": -23.452669143676758,
      "loudness_range": 12.093805313110352,
      "low_freq": 392.3793640136719,
      "mid_mean": -21.121294021606445,
      "mid_to_side_loudness": -5.087493896484375,
      "mid_to_side_loudness_range": 8.1849946975708,
      "side_mean": -26.22098159790039
    },
    {
      "high_freq": 1457.5709228515625,
      "loudness": -25.051809310913086,
      "loudness_range": 11.546768188476562,
      "low_freq": 794.6976318359375,
      "mid_mean": -22.684234619140625,
      "mid_to_side_loudness": -5.180482864379883,
      "mid_to_side_loudness_range": 6.313884735107422,
      "side_mean": -27.7159423828125
    },
    {
      "high_freq": 2549.74365234375,
      "loudness": -24.27781105041504,
      "loudness_range": 10.974048614501953,
      "low_freq": 1457.5709228515625,
      "mid_mean": -22.083539962768555,
      "mid_to_side_loudness": -4.639532089233398,
      "mid_to_side_loudness_range": 6.186079978942871,
      "side_mean": -26.53810691833496
    },
    {
      "high_freq": 4349.24462890625,
      "loudness": -23.522470474243164,
      "loudness_range": 9.495901107788086,
      "low_freq": 2549.74365234375,
      "mid_mean": -21.338346481323242,
      "mid_to_side_loudness": -4.634629249572754,
      "mid_to_side_loudness_range": 6.036563396453857,
      "side_mean": -25.744192123413086
    },
    {
      "high_freq": 7314.1640625,
      "loudness": -23.267681121826172,
      "loudness_range": 7.956155776977539,
      "low_freq": 4349.24462890625,
      "mid_mean": -21.201332092285156,
      "mid_to_side_loudness": -4.074480056762695,
      "mid_to_side_loudness_range": 5.97622013092041,
      "side_mean": -25.19215965270996
    },
    {
      "high_freq": 12199.2666015625,
      "loudness": -24.027973175048828,
      "loudness_range": 6.619041442871094,
      "low_freq": 7314.1640625,
      "mid_mean": -21.939062118530273,
      "mid_to_side_loudness": -4.02117919921875,
      "mid_to_side_loudness_range": 6.401824474334717,
      "side_mean": -25.88715171813965
    },
    {
      "loudness": -30.643835067749023,
      "loudness_range": 6.7408294677734375,
      "low_freq": 12199.2666015625,
      "mid_mean": -28.194324493408203,
      "mid_to_side_loudness": -5.524661540985107,
      "mid_to_side_loudness_range": 6.878184795379639,
      "side_mean": -33.651817321777344
    }
  ],
  "bands_short": [
    {
      "high_freq": 148.1999969482422,
      "loudness": -21.38762664794922,
      "loudness_range": 16.455223083496094,
      "mid_mean": -18.002443313598633,
      "mid_to_side_loudness": -23.912914276123047,
      "mid_to_side_loudness_range": 31.061307907104492,
      "side_mean": -43.69599151611328
    },
    {
      "high_freq": 392.3793640136719,
      "loudness": -21.381811141967773,
      "loudness_range": 16.142616271972656,
      "low_freq": 148.1999969482422,
      "mid_mean": -18.722414016723633,
      "mid_to_side_loudness": -7.5513386726379395,
      "mid_to_side_loudness_range": 13.85340404510498,
      "side_mean": -26.47274398803711
    },
    {
      "high_freq": 794.6976318359375,
      "loudness": -24.55703353881836,
      "loudness_range": 15.402729034423828,
      "low_freq": 392.3793640136719,
      "mid_mean": -22.411191940307617,
      "mid_to_side_loudness": -5.038877010345459,
      "mid_to_side_loudness_range": 11.1360445022583,
      "side_mean": -27.489818572998047
    },
    {
      "high_freq": 1457.5709228515625,
      "loudness": -26.045507431030273,
      "loudness_range": 16.493629455566406,
      "low_freq": 794.6976318359375,
      "mid_mean": -23.91616439819336,
      "mid_to_side_loudness": -4.853869438171387,
      "mid_to_side_loudness_range": 9.863704681396484,
      "side_mean": -28.628280639648438
    },
    {
      "high_freq": 2549.74365234375,
      "loudness": -25.59395980834961,
      "loudness_range": 15.855632781982422,
      "low_freq": 1457.5709228515625,
      "mid_mean": -23.50612449645996,
      "mid_to_side_loudness": -4.557491302490234,
      "mid_to_side_loudness_range": 8.88529109954834,
      "side_mean": -27.889400482177734
    },
    {
      "high_freq": 4349.24462890625,
      "loudness": -24.918092727661133,
      "loudness_range": 15.401571273803711,
      "low_freq": 2549.74365234375,
      "mid_mean": -22.82644271850586,
      "mid_to_side_loudness": -4.493673801422119,
      "mid_to_side_loudness_range": 8.424782752990723,
      "side_mean": -27.126436233520508
    },
    {
      "high_freq": 7314.1640625,
      "loudness": -25.1170597076416,
      "loudness_range": 15.887289047241211,
      "low_freq": 4349.24462890625,
      "mid_mean": -23.149044036865234,
      "mid_to_side_loudness": -4.083508491516113,
      "mid_to_side_loudness_range": 8.629666328430176,
      "side_mean": -27.088106155395508
    },
    {
      "high_freq": 12199.2666015625,
      "loudness": -25.9055118560791,
      "loudness_range": 15.685176849365234,
      "low_freq": 7314.1640625,
      "mid_mean": -24.047025680541992,
      "mid_to_side_loudness": -3.7951619625091553,
      "mid_to_side_loudness_range": 8.70419979095459,
      "side_mean": -27.765117645263672
    },
    {
      "loudness": -33.112430572509766,
      "loudness_range": 17.834888458251953,
      "low_freq": 12199.2666015625,
      "mid_mean": -30.993833541870117,
      "mid_to_side_loudness": -4.918815612792969,
      "mid_to_side_loudness_range": 9.51952838897705,
      "side_mean": -35.834800720214844
    }
  ],
  "bandwidth": 638.6414184570312,
  "channels": 2,
  "covariance": [
    [
      22.215923309326172,
      7.389022350311279,
      11.79357624053955,
      10.109823226928711,
      9.589701652526855,
      8.22010612487793,
      7.3845906257629395,
      5.854878902435303,
      6.003457546234131,
      3.7664732933044434,
      7.244384765625,
      5.664864540100098,
      8.249003410339355,
      7.450004577636719,
      7.3057427406311035,
      6.463351726531982,
      6.090467929840088,
      5.072835922241211
    ],
    [
      7.389022350311279,
      50.17193603515625,
      11.707706451416016,
      18.2303409576416,
      7.318968772888184,
      13.205422401428223,
      12.429402351379395,
      16.681196212768555,
      9.412694931030273,
      13.533838272094727,
      10.652585983276367,
      13.506227493286133,
      11.778414726257324,
      13.061467170715332,
      9.881949424743652,
      11.448921203613281,
      7.959316253662109,
      10.42621898651123
    ],
    [
      11.79357624053955,
      11.707706451416016,
      16.950138092041016,
      13.9081392288208,
      9.276542663574219,
      9.51451587677002,
      9.437206268310547,
      8.467451095581055,
      8.139760971069336,
      6.928486347198486,
      8.648027420043945,
      7.75610876083374,
      10.058408737182617,
      9.267167091369629,
      9.093717575073242,
      7.891688823699951,
      7.205345630645752,
      6.807118892669678
    ],
    [
      10.109823226928711,
      18.2303409576416,
      13.9081392288208,
      21.964635848999023,
      10.887457847595215,
      14.873865127563477,
      12.19983196258545,
      13.446234703063965,
      11.479777336120605,
      12.855109214782715,
      11.350895881652832,
      11.957293510437012,
      11.079825401306152,
      11.430553436279297,
      8.68539810180664,
      8.968786239624023,
      6.819590091705322,
      7.407746315002441
    ],
    [
      9.589701652526855,
      7.318968772888184,
      9.276542663574219,
      10.887457847595215,
      22.23122787475586,
      18.847267150878906,
      14.446105003356934,
      11.51333999633789,
      12.504599571228027,
      9.996164321899414,
      12.23718547821045,
      10.052911758422852,
      9.540566444396973,
      8.517409324645996,
      7.346176624298096,
      6.044457912445068,
      4.869529724121094,
      4.0221028327941895
    ],
    [
      8.22010612487793,
      13.205422401428223,
      9.51451587677002,
      14.873865127563477,
      18.847267150878906,
      26.11163330078125,
      16.46450424194336,
      17.20204734802246,
      15.199729919433594,
      16.617393493652344,
      14.825277328491211,
      15.325364112854004,
      10.584657669067383,
      10.477466583251953,
      7.0763020515441895,
      7.13798713684082,
      4.759446144104004,
      5.01352596282959
    ],
    [
      7.3845906257629395,
      12.429402351379395,
      9.437206268310547,
      12.19983196258545,
      14.446105003356934,
      16.46450424194336,
      23.06626319885254,
      19.332202911376953,
      15.779840469360352,
      13.676331520080566,
      16.980451583862305,
      14.076340675354004,
      12.616788864135742,
      10.455918312072754,
      8.684298515319824,
      7.117888927459717,
      6.629992961883545,
      6.133818626403809
    ],
    [
      5.854878902435303,
      16.681196212768555,
      8.467451095581055,
      13.446234703063965,
      11.51333999633789,
      17.20204734802246,
      19.332202911376953,
      22.82562828063965,
      14.066112518310547,
      16.604211807250977,
      15.215254783630371,
      15.963021278381348,
      12.03555679321289,
      11.513258934020996,
      8.113236427307129,
      7.824544429779053,
      6.17645263671875,
      6.807377338409424
    ],
    [
      6.003457546234131,
      9.412694931030273,
      8.139760971069336,
      11.479777336120605,
      12.504599571228027,
      15.199729919433594,
      15.779840469360352,
      14.066112518310547,
      19.868881225585938,
      17.044620513916016,
      17.321962356567383,
      14.464484214782715,
      11.591866493225098,
      10.253643035888672,
      7.5579376220703125,
      6.636664867401123,
      5.596920967102051,
      5.151212692260742
    ],
    [
      3.7664732933044434,
      13.533838272094727,
      6.928486347198486,
      12.855109214782715,
      9.996164321899414,
      16.617393493652344,
      13.676331520080566,
      16.604211807250977,
      17.044620513916016,
      21.420677185058594,
      15.095938682556152,
      17.041229248046875,
      10.705260276794434,
      11.372793197631836,
      6.772763729095459,
      7.614383220672607,
      4.789560794830322,
      5.9590606689453125
    ],
    [
      7.244384765625,
      10.652585983276367,
      8.648027420043945,
      11.350895881652832,
      12.23718547821045,
      14.825277328491211,
      16.980451583862305,
      15.215254783630371,
      17.321962356567383,
      15.095938682556152,
      19.495830535888672,
      15.699617385864258,
      13.440167427062988,
      11.693323135375977,
      9.568546295166016,
      8.178047180175781,
      7.656479358673096,
      6.942128658294678
    ],
    [
      5.664864540100098,
      13.506227493286133,
      7.75610876083374,
      11.957293510437012,
      10.052911758422852,
      15.325364112854004,
      14.076340675354004,
      15.963021278381348,
      14.464484214782715,
      17.041229248046875,
      15.699617385864258,
      18.14228630065918,
      11.795734405517578,
      12.573380470275879,
      8.198559761047363,
      9.328388214111328,
      6.2309980392456055,
      7.732846736907959
    ],
    [
      8.249003410339355,
      11.778414726257324,
      10.058408737182617,
      11.079825401306152,
      9.540566444396973,
      10.584657669067383,
      12.616788864135742,
      12.03555679321289,
      11.591866493225098,
      10.705260276794434,
      13.440167427062988,
      11.795734405517578,
      16.277957916259766,
      13.475126266479492,
      12.475489616394043,
      10.446202278137207,
      10.457332611083984,
      9.308392524719238
    ],
    [
      7.450004577636719,
      13.061467170715332,
      9.267167091369629,
      11.430553436279297,
      8.517409324645996,
      10.477466583251953,
      10.455918312072754,
      11.513258934020996,
      10.253643035888672,
      11.372793197631836,
      11.693323135375977,
      12.573380470275879,
      13.475126266479492,
      16.206897735595703,
      11.135923385620117,
      13.049365997314453,
      8.510503768920898,
      10.970884323120117
    ],
    [
      7.3057427406311035,
      9.881949424743652,
      9.093717575073242,
      8.68539810180664,
      7.346176624298096,
      7.0763020515441895,
      8.684298515319824,
      8.113236427307129,
      7.5579376220703125,
      6.772763729095459,
      9.568546295166016,
      8.198559761047363,
      12.475489616394043,
      11.135923385620117,
      14.338107109069824,
      11.851131439208984,
      11.692252159118652,
      10.542779922485352
    ],
    [
      6.463351726531982,
      11.448921203613281,
      7.891688823699951,
      8.968786239624023,
      6.044457912445068,
      7.13798713684082,
      7.117888927459717,
      7.824544429779053,
      6.636664867401123,
      7.614383220672607,
      8.178047180175781,
      9.328388214111328,
      10.446202278137207,
      13.049365997314453,
      11.851131439208984,
      14.78215503692627,
      8.797194480895996,
      12.169727325439453
    ],
    [
      6.090467929840088,
      7.959316253662109,
      7.205345630645752,
      6.819590091705322,
      4.869529724121094,
      4.759446144104004,
      6.629992961883545,
      6.17645263671875,
      5.596920967102051,
      4.789560794830322,
      7.656479358673096,
      6.2309980392456055,
      10.457332611083984,
      8.510503768920898,
      11.692252159118652,
      8.797194480895996,
      14.685468673706055,
      10.591443061828613
    ],
    [
      5.072835922241211,
      10.42621898651123,
      6.807118892669678,
      7.407746315002441,
      4.0221028327941895,
      5.01352596282959,
      6.133818626403809,
      6.807377338409424,
      5.151212692260742,
      5.9590606689453125,
      6.942128658294678,
      7.732846736907959,
      9.308392524719238,
      10.970884323120117,
      10.542779922485352,
      12.169727325439453,
      10.591443061828613,
      14.265491485595703
    ]
  ],
  "covariance_short": [
    [
      42.894535064697266,
      10.167625427246094,
      16.169340133666992,
      10.557802200317383,
      10.334829330444336,
      8.965618133544922,
      6.798793315887451,
      5.646795749664307,
      5.9510393142700195,
      4.221950531005859,
      8.116081237792969,
      6.41713809967041,
      10.14803695678711,
      8.683829307556152,
      10.842963218688965,
      9.888214111328125,
      10.51422119140625,
      9.637133598327637
    ],
    [
      10.167625427246094,
      69.2747573852539,
      19.615480422973633,
      25.14410972595215,
      10.877822875976562,
      14.806629180908203,
      17.293197631835938,
      19.84783363342285,
      14.000070571899414,
      16.764802932739258,
      15.843185424804688,
      17.967594146728516,
      19.5916748046875,
      22.30722999572754,
      20.938627243041992,
      22.83310890197754,
      19.58148765563965,
      21.795982360839844
    ],
    [
      16.169340133666992,
      19.615480422973633,
      35.774444580078125,
      23.704870223999023,
      15.755455017089844,
      14.134001731872559,
      15.630753517150879,
      13.100966453552246,
      15.306299209594727,
      12.166138648986816,
      16.620121002197266,
      14.146597862243652,
      19.16543960571289,
      17.477323532104492,
      19.199430465698242,
      17.12216567993164,
      19.154680252075195,
      16.942073822021484
    ],
    [
      10.557802200317383,
      25.14410972595215,
      23.704870223999023,
      38.375099182128906,
      15.66336727142334,
      19.86435890197754,
      18.428308486938477,
      18.96819305419922,
      19.046377182006836,
      19.481653213500977,
      18.6401424407959,
      18.74687385559082,
      17.731830596923828,
      18.099376678466797,
      15.337409973144531,
      15.603631019592285,
      14.178889274597168,
      14.124868392944336
    ],
    [
      10.334829330444336,
      10.877822875976562,
      15.755455017089844,
      15.66336727142334,
      36.30072784423828,
      27.57139778137207,
      23.899911880493164,
      18.186811447143555,
      21.514144897460938,
      16.98944091796875,
      20.652408599853516,
      16.644311904907227,
      16.353485107421875,
      13.521893501281738,
      12.621040344238281,
      10.48609447479248,
      10.690999031066895,
      8.91061782836914
    ],
    [
      8.965618133544922,
      14.806629180908203,
      14.134001731872559,
      19.86435890197754,
      27.57139778137207,
      37.833778381347656,
      24.696853637695312,
      24.091447830200195,
      23.15544891357422,
      23.522159576416016,
      21.847463607788086,
      21.766788482666016,
      16.755544662475586,
      16.406898498535156,
      12.345459938049316,
      12.183879852294922,
      10.482437133789062,
      9.93527889251709
    ],
    [
      6.798793315887451,
      17.293197631835938,
      15.630753517150879,
      18.428308486938477,
      23.899911880493164,
      24.696853637695312,
      41.27101135253906,
      31.846817016601562,
      27.85206413269043,
      24.62680435180664,
      28.118549346923828,
      24.137020111083984,
      22.37562370300293,
      19.668853759765625,
      16.58780860900879,
      14.270817756652832,
      16.26347541809082,
      13.99081039428711
    ],
    [
      5.646795749664307,
      19.84783363342285,
      13.100966453552246,
      18.96819305419922,
      18.186811447143555,
      24.091447830200195,
      31.846817016601562,
      37.547813415527344,
      24.037343978881836,
      26.651653289794922,
      24.759252548217773,
      26.01240348815918,
      20.64997100830078,
      21.32266616821289,
      15.713906288146973,
      15.64982795715332,
      15.399018287658691,
      14.952686309814453
    ],
    [
      5.9510393142700195,
      14.000070571899414,
      15.306299209594727,
      19.046377182006836,
      21.514144897460938,
      23.15544891357422,
      27.85206413269043,
      24.037343978881836,
      38.0782470703125,
      31.908498764038086,
      31.049636840820312,
      27.116430282592773,
      23.629169464111328,
      21.545757293701172,
      17.203433990478516,
      15.352448463439941,
      16.779006958007812,
      14.409622192382812
    ],
    [
      4.221950531005859,
      16.764802932739258,
      12.166138648986816,
      19.481653213500977,
      16.98944091796875,
      23.522159576416016,
      24.62680435180664,
      26.651653289794922,
      31.908498764038086,
      37.934913635253906,
      28.170024871826172,
      30.4030704498291,
      21.70180892944336,
      24.054574966430664,
      16.139739990234375,
      17.394489288330078,
      15.542251586914062,
      15.900084495544434
    ],
    [
      8.116081237792969,
      15.843185424804688,
      16.620121002197266,
      18.6401424407959,
      20.652408599853516,
      21.847463607788086,
      28.118549346923828,
      24.759252548217773,
      31.049636840820312,
      28.170024871826172,
      36.010311126708984,
      30.12839698791504,
      28.150419235229492,
      25.481266021728516,
      21.990886688232422,
      19.322633743286133,
      21.911052703857422,
      18.832738876342773
    ],
    [
      6.41713809967041,
      17.967594146728516,
      14.146597862243652,
      18.74687385559082,
      16.644311904907227,
      21.766788482666016,
      24.137020111083984,
      26.01240348815918,
      27.116430282592773,
      30.4030704498291,
      30.12839698791504,
      34.90364456176758,
      25.266183853149414,
      28.53264045715332,
      20.267229080200195,
      22.289934158325195,
      19.675445556640625,
      20.734066009521484
    ],
    [
      10.14803695678711,
      19.5916748046875,
      19.16543960571289,
      17.731830596923828,
      16.353485107421875,
      16.755544662475586,
      22.37562370300293,
      20.64997100830078,
      23.629169464111328,
      21.70180892944336,
      28.150419235229492,
      25.266183853149414,
      35.85600662231445,
      31.247859954833984,
      31.010591506958008,
      26.304431915283203,
      31.03482437133789,
      26.30315589904785
    ],
    [
      8.683829307556152,
      22.30722999572754,
      17.477323532104492,
      18.099376678466797,
      13.521893501281738,
      16.406898498535156,
      19.668853759765625,
      21.32266616821289,
      21.545757293701172,
      24.054574966430664,
      25.481266021728516,
      28.53264045715332,
      31.247859954833984,
      37.72203826904297,
      28.69084358215332,
      32.1219482421875,
      27.68210792541504,
      29.880388259887695
    ],
    [
      10.842963218688965,
      20.938627243041992,
      19.199430465698242,
      15.337409973144531,
      12.621040344238281,
      12.345459938049316,
      16.58780860900879,
      15.713906288146973,
      17.203433990478516,
      16.139739990234375,
      21.990886688232422,
      20.267229080200195,
      31.010591506958008,
      28.69084358215332,
      36.01337432861328,
      30.850339889526367,
      35.1073112487793,
      30.446672439575195
    ],
    [
      9.888214111328125,
      22.83310890197754,
      17.12216567993164,
      15.603631019592285,
      10.48609447479248,
      12.183879852294922,
      14.270817756652832,
      15.64982795715332,
      15.352448463439941,
      17.394489288330078,
      19.322633743286133,
      22.289934158325195,
      26.304431915283203,
      32.1219482421875,
      30.850339889526367,
      38.17355728149414,
      28.34868621826172,
      33.78548812866211
    ],
    [
      10.51422119140625,
      19.58148765563965,
      19.154680252075195,
      14.178889274597168,
      10.690999031066895,
      10.482437133789062,
      16.26347541809082,
      15.399018287658691,
      16.779006958007812,
      15.542251586914062,
      21.911052703857422,
      19.675445556640625,
      31.03482437133789,
      27.68210792541504,
      35.1073112487793,
      28.34868621826172,
      45.16263198852539,
      34.455204010009766
    ],
    [
      9.637133598327637,
      21.795982360839844,
      16.942073822021484,
      14.124868392944336,
      8.91061782836914,
      9.93527889251709,
      13.99081039428711,
      14.952686309814453,
      14.409622192382812,
      15.900084495544434,
      18.832738876342773,
      20.734066009521484,
      26.30315589904785,
      29.880388259887695,
      30.446672439575195,
      33.78548812866211,
      34.455204010009766,
      39.28911209106445
    ]
  ],
  "damage": -5.019904136657715,
  "diff_bandwidth": 611.7737426757812,
  "dissonance": 11.06204242785218,
  "drr": 16.67395782470703,
  "dynamics": 2.4550981521606445,
  "format": 1245190,
  "frames": 10007488,
  "loudness": -9.208529472351074,
  "loudness_range": 4.650168418884277,
  "loudness_range_short": 10.053790092468262,
  "lowpass_true_peak_15khz": 1.8398587703704834,
  "mastering3_acoustic_entropies": [
    {
      "acoustic_entropy": 4.655881404876709,
      "acoustic_entropy_mono": 5.3376078605651855,
      "band_eliminated_acoustic_entropies": [
        {
          "acoustic_entropy": 4.632071018218994,
          "acoustic_entropy_side": 4.655767917633057,
          "hz": 129.47220167065723
        },
        {
          "acoustic_entropy": 5.1607842445373535,
          "acoustic_entropy_side": 4.632692813873291,
          "hz": 202.92927478742237
        },
        {
          "acoustic_entropy": 5.316146373748779,
          "acoustic_entropy_side": 4.605637550354004,
          "hz": 282.89161906338205
        },
        {
          "acoustic_entropy": 5.010478496551514,
          "acoustic_entropy_side": 4.845215320587158,
          "hz": 369.9353335868758
        },
        {
          "acoustic_entropy": 4.748865604400635,
          "acoustic_entropy_side": 4.696985721588135,
          "hz": 464.6875360973435
        },
        {
          "acoustic_entropy": 5.349496364593506,
          "acoustic_entropy_side": 4.8793134689331055,
          "hz": 567.8308811364784
        },
        {
          "acoustic_entropy": 4.958168029785156,
          "acoustic_entropy_side": 4.764809608459473,
          "hz": 680.1084783214808
        },
        {
          "acoustic_entropy": 4.651269912719727,
          "acoustic_entropy_side": 4.522257328033447,
          "hz": 802.3292461747484
        },
        {
          "acoustic_entropy": 4.969740390777588,
          "acoustic_entropy_side": 4.816501617431641,
          "hz": 935.3737400823702
        },
        {
          "acoustic_entropy": 4.943869590759277,
          "acoustic_entropy_side": 4.88624906539917,
          "hz": 1080.2004963696966
        },
        {
          "acoustic_entropy": 5.020787715911865,
          "acoustic_entropy_side": 4.739527225494385,
          "hz": 1237.8529382007157
        },
        {
          "acoustic_entropy": 5.012969493865967,
          "acoustic_entropy_side": 4.984304428100586,
          "hz": 1409.4668930556702
        },
        {
          "acoustic_entropy": 5.153294086456299,
          "acoustic_entropy_side": 4.946764945983887,
          "hz": 1596.2787759475705
        },
        {
          "acoustic_entropy": 4.686182975769043,
          "acoustic_entropy_side": 4.813750743865967,
          "hz": 1799.6344973346393
        },
        {
          "acoustic_entropy": 5.024121284484863,
          "acoustic_entropy_side": 4.78199577331543,
          "hz": 2020.9991599069049
        },
        {
          "acoustic_entropy": 4.741049289703369,
          "acoustic_entropy_side": 4.625236511230469,
          "hz": 2261.9676141086993
        },
        {
          "acoustic_entropy": 4.611568927764893,
          "acoustic_entropy_side": 4.669486999511719,
          "hz": 2524.2759484456974
        },
        {
          "acoustic_entropy": 4.685497283935547,
          "acoustic_entropy_side": 4.684078216552734,
          "hz": 2809.813997359896
        },
        {
          "acoustic_entropy": 4.72528076171875,
          "acoustic_entropy_side": 4.6700568199157715,
          "hz": 3120.6389567871424
        },
        {
          "acoustic_entropy": 4.617671966552734,
          "acoustic_entropy_side": 4.6676106452941895,
          "hz": 3458.990205492291
        },
        {
          "acoustic_entropy": 4.668418884277344,
          "acoustic_entropy_side": 4.690892219543457,
          "hz": 3827.305438964164
        },
        {
          "acoustic_entropy": 4.683516502380371,
          "acoustic_entropy_side": 4.69383430480957,
          "hz": 4228.238232109126
        },
        {
          "acoustic_entropy": 4.666590213775635,
          "acoustic_entropy_side": 4.682925701141357,
          "hz": 4664.6771572759235
        },
        {
          "acoustic_entropy": 4.587230682373047,
          "acoustic_entropy_side": 4.651390075683594,
          "hz": 5139.766595350093
        },
        {
          "acoustic_entropy": 4.640655517578125,
          "acoustic_entropy_side": 4.681370735168457,
          "hz": 5656.929389854203
        },
        {
          "acoustic_entropy": 4.660315036773682,
          "acoustic_entropy_side": 4.676120758056641,
          "hz": 6219.891507268283
        },
        {
          "acoustic_entropy": 4.621088027954102,
          "acoustic_entropy_side": 4.680357933044434,
          "hz": 6832.70888123896
        },
        {
          "acoustic_entropy": 4.5141448974609375,
          "acoustic_entropy_side": 4.669758319854736,
          "hz": 7499.796634079867
        },
        {
          "acoustic_entropy": 4.60914421081543,
          "acoustic_entropy_side": 4.688787937164307,
          "hz": 8225.96088609342
        },
        {
          "acoustic_entropy": 4.648544788360596,
          "acoustic_entropy_side": 4.670355319976807,
          "hz": 9016.43338188839
        },
        {
          "acoustic_entropy": 4.630895137786865,
          "acoustic_entropy_side": 4.656008720397949,
          "hz": 9876.909183162974
        },
        {
          "acoustic_entropy": 4.644195556640625,
          "acoustic_entropy_side": 4.6651692390441895,
          "hz": 10813.587699516042
        },
        {
          "acoustic_entropy": 4.645195484161377,
          "acoustic_entropy_side": 4.661473751068115,
          "hz": 11833.21735289826
        },
        {
          "acoustic_entropy": 4.623964309692383,
          "acoustic_entropy_side": 4.673890590667725,
          "hz": 12943.144197493959
        },
        {
          "acoustic_entropy": 4.623749256134033,
          "acoustic_entropy_side": 4.6978559494018555,
          "hz": 14151.364845322005
        },
        {
          "acoustic_entropy": 4.595495223999023,
          "acoustic_entropy_side": 4.68535041809082,
          "hz": 15466.58407886509
        },
        {
          "acoustic_entropy": 4.648221492767334,
          "acoustic_entropy_side": 4.657064437866211,
          "hz": 16898.27756580493
        },
        {
          "acoustic_entropy": 4.655331134796143,
          "acoustic_entropy_side": 4.6557464599609375,
          "hz": 18456.760127700032
        },
        {
          "acoustic_entropy": 4.645703315734863,
          "acoustic_entropy_side": 4.657423496246338,
          "hz": 20153.260054456492
        },
        {
          "acoustic_entropy": 4.651363849639893,
          "acoustic_entropy_side": 4.656808853149414,
          "hz": 22000.00000000001
        }
      ],
      "diff_acoustic_entropy": 6.325531959533691,
      "sn": 6
    },
    {
      "acoustic_entropy": 7.5824360847473145,
      "acoustic_entropy_mono": 7.902033805847168,
      "band_eliminated_acoustic_entropies": [
        {
          "acoustic_entropy": 7.402557849884033,
          "acoustic_entropy_side": 7.585474014282227,
          "hz": 129.47220167065723
        },
        {
          "acoustic_entropy": 7.880288124084473,
          "acoustic_entropy_side": 7.554331302642822,
          "hz": 202.92927478742237
        },
        {
          "acoustic_entropy": 8.499072074890137,
          "acoustic_entropy_side": 7.830925464630127,
          "hz": 282.89161906338205
        },
        {
          "acoustic_entropy": 7.995539665222168,
          "acoustic_entropy_side": 7.795141220092773,
          "hz": 369.9353335868758
        },
        {
          "acoustic_entropy": 7.491002559661865,
          "acoustic_entropy_side": 7.43880558013916,
          "hz": 464.6875360973435
        },
        {
          "acoustic_entropy": 8.301287651062012,
          "acoustic_entropy_side": 7.704113960266113,
          "hz": 567.8308811364784
        },
        {
          "acoustic_entropy": 8.098438262939453,
          "acoustic_entropy_side": 7.7519850730896,
          "hz": 680.1084783214808
        },
        {
          "acoustic_entropy": 7.9427409172058105,
          "acoustic_entropy_side": 7.726692199707031,
          "hz": 802.3292461747484
        },
        {
          "acoustic_entropy": 7.762201309204102,
          "acoustic_entropy_side": 7.752323627471924,
          "hz": 935.3737400823702
        },
        {
          "acoustic_entropy": 7.69620943069458,
          "acoustic_entropy_side": 7.578441143035889,
          "hz": 1080.2004963696966
        },
        {
          "acoustic_entropy": 7.950952529907227,
          "acoustic_entropy_side": 7.668792724609375,
          "hz": 1237.8529382007157
        },
        {
          "acoustic_entropy": 7.68161678314209,
          "acoustic_entropy_side": 7.614915370941162,
          "hz": 1409.4668930556702
        },
        {
          "acoustic_entropy": 7.7154927253723145,
          "acoustic_entropy_side": 7.44223165512085,
          "hz": 1596.2787759475705
        },
        {
          "acoustic_entropy": 7.356348037719727,
          "acoustic_entropy_side": 7.58133602142334,
          "hz": 1799.6344973346393
        },
        {
          "acoustic_entropy": 7.716497421264648,
          "acoustic_entropy_side": 7.805120944976807,
          "hz": 2020.9991599069049
        },
        {
          "acoustic_entropy": 7.377132415771484,
          "acoustic_entropy_side": 7.358258247375488,
          "hz": 2261.9676141086993
        },
        {
          "acoustic_entropy": 7.676033973693848,
          "acoustic_entropy_side": 7.564815044403076,
          "hz": 2524.2759484456974
        },
        {
          "acoustic_entropy": 7.7127838134765625,
          "acoustic_entropy_side": 7.682279109954834,
          "hz": 2809.813997359896
        },
        {
          "acoustic_entropy": 7.690179347991943,
          "acoustic_entropy_side": 7.626240253448486,
          "hz": 3120.6389567871424
        },
        {
          "acoustic_entropy": 7.4112982749938965,
          "acoustic_entropy_side": 7.451629638671875,
          "hz": 3458.990205492291
        },
        {
          "acoustic_entropy": 7.483712673187256,
          "acoustic_entropy_side": 7.580606937408447,
          "hz": 3827.305438964164
        },
        {
          "acoustic_entropy": 7.390641212463379,
          "acoustic_entropy_side": 7.531200408935547,
          "hz": 4228.238232109126
        },
        {
          "acoustic_entropy": 7.518951892852783,
          "acoustic_entropy_side": 7.483365058898926,
          "hz": 4664.6771572759235
        },
        {
          "acoustic_entropy": 7.493429183959961,
          "acoustic_entropy_side": 7.568000793457031,
          "hz": 5139.766595350093
        },
        {
          "acoustic_entropy": 7.463843822479248,
          "acoustic_entropy_side": 7.539999961853027,
          "hz": 5656.929389854203
        },
        {
          "acoustic_entropy": 7.533689498901367,
          "acoustic_entropy_side": 7.542296886444092,
          "hz": 6219.891507268283
        },
        {
          "acoustic_entropy": 7.492134094238281,
          "acoustic_entropy_side": 7.527209758758545,
          "hz": 6832.70888123896
        },
        {
          "acoustic_entropy": 7.544322967529297,
          "acoustic_entropy_side": 7.614506244659424,
          "hz": 7499.796634079867
        },
        {
          "acoustic_entropy": 7.571294784545898,
          "acoustic_entropy_side": 7.569046497344971,
          "hz": 8225.96088609342
        },
        {
          "acoustic_entropy": 7.674532413482666,
          "acoustic_entropy_side": 7.578964710235596,
          "hz": 9016.43338188839
        },
        {
          "acoustic_entropy": 7.6572651863098145,
          "acoustic_entropy_side": 7.553254127502441,
          "hz": 9876.909183162974
        },
        {
          "acoustic_entropy": 7.672157287597656,
          "acoustic_entropy_side": 7.594715118408203,
          "hz": 10813.587699516042
        },
        {
          "acoustic_entropy": 7.616602897644043,
          "acoustic_entropy_side": 7.574104309082031,
          "hz": 11833.21735289826
        },
        {
          "acoustic_entropy": 7.562278747558594,
          "acoustic_entropy_side": 7.56924295425415,
          "hz": 12943.144197493959
        },
        {
          "acoustic_entropy": 7.6283111572265625,
          "acoustic_entropy_side": 7.695047378540039,
          "hz": 14151.364845322005
        },
        {
          "acoustic_entropy": 7.6704182624816895,
          "acoustic_entropy_side": 7.70273494720459,
          "hz": 15466.58407886509
        },
        {
          "acoustic_entropy": 7.702628135681152,
          "acoustic_entropy_side": 7.639978408813477,
          "hz": 16898.27756580493
        },
        {
          "acoustic_entropy": 7.698925971984863,
          "acoustic_entropy_side": 7.646883964538574,
          "hz": 18456.760127700032
        },
        {
          "acoustic_entropy": 7.6189188957214355,
          "acoustic_entropy_side": 7.6433258056640625,
          "hz": 20153.260054456492
        },
        {
          "acoustic_entropy": 7.593838691711426,
          "acoustic_entropy_side": 7.616120338439941,
          "hz": 22000.00000000001
        }
      ],
      "diff_acoustic_entropy": 9.420140266418457,
      "sn": 12
    },
    {
      "acoustic_entropy": 12.746637344360352,
      "acoustic_entropy_mono": 10.558076858520508,
      "band_eliminated_acoustic_entropies": [
        {
          "acoustic_entropy": 12.904582023620605,
          "acoustic_entropy_side": 12.879631996154785,
          "hz": 129.47220167065723
        },
        {
          "acoustic_entropy": 12.779806137084961,
          "acoustic_entropy_side": 12.81409740447998,
          "hz": 202.92927478742237
        },
        {
          "acoustic_entropy": 13.433062553405762,
          "acoustic_entropy_side": 12.937893867492676,
          "hz": 282.89161906338205
        },
        {
          "acoustic_entropy": 12.749706268310547,
          "acoustic_entropy_side": 12.830094337463379,
          "hz": 369.9353335868758
        },
        {
          "acoustic_entropy": 12.938553810119629,
          "acoustic_entropy_side": 12.840499877929688,
          "hz": 464.6875360973435
        },
        {
          "acoustic_entropy": 13.107175827026367,
          "acoustic_entropy_side": 12.643218040466309,
          "hz": 567.8308811364784
        },
        {
          "acoustic_entropy": 12.061869621276855,
          "acoustic_entropy_side": 12.895125389099121,
          "hz": 680.1084783214808
        },
        {
          "acoustic_entropy": 13.1204833984375,
          "acoustic_entropy_side": 13.027097702026367,
          "hz": 802.3292461747484
        },
        {
          "acoustic_entropy": 12.665617942810059,
          "acoustic_entropy_side": 12.538473129272461,
          "hz": 935.3737400823702
        },
        {
          "acoustic_entropy": 13.12659740447998,
          "acoustic_entropy_side": 12.933271408081055,
          "hz": 1080.2004963696966
        },
        {
          "acoustic_entropy": 13.081574440002441,
          "acoustic_entropy_side": 13.056504249572754,
          "hz": 1237.8529382007157
        },
        {
          "acoustic_entropy": 12.83813190460205,
          "acoustic_entropy_side": 12.784897804260254,
          "hz": 1409.4668930556702
        },
        {
          "acoustic_entropy": 12.646032333374023,
          "acoustic_entropy_side": 12.889772415161133,
          "hz": 1596.2787759475705
        },
        {
          "acoustic_entropy": 12.570948600769043,
          "acoustic_entropy_side": 12.495622634887695,
          "hz": 1799.6344973346393
        },
        {
          "acoustic_entropy": 12.92611312866211,
          "acoustic_entropy_side": 12.85943603515625,
          "hz": 2020.9991599069049
        },
        {
          "acoustic_entropy": 12.705207824707031,
          "acoustic_entropy_side": 12.737486839294434,
          "hz": 2261.9676141086993
        },
        {
          "acoustic_entropy": 12.878678321838379,
          "acoustic_entropy_side": 12.856229782104492,
          "hz": 2524.2759484456974
        },
        {
          "acoustic_entropy": 12.978285789489746,
          "acoustic_entropy_side": 12.907827377319336,
          "hz": 2809.813997359896
        },
        {
          "acoustic_entropy": 12.799351692199707,
