{
  "acoustic_entropy": 216.2564239501953,
  "bands": [
    {
      "high_freq": 148.1999969482422,
      "loudness": -22.283231735229492,
      "loudness_range": 8.344705581665039,
      "mid_mean": -18.802085876464844,
      "mid_to_side_loudness": -14.873058319091797,
      "mid_to_side_loudness_range": 18.215442657470703,
      "side_mean": -34.757240295410156
    },
    {
      "high_freq": 392.3793640136719,
      "loudness": -23.792741775512695,
      "loudness_range": 6.895509719848633,
      "low_freq": 148.1999969482422,
      "mid_mean": -21.509933471679688,
      "mid_to_side_loudness": -4.7440595626831055,
      "mid_to_side_loudness_range": 8.420063972473145,
      "side_mean": -26.295969009399414
    },
    {
      "high_freq": 794.6976318359375,
      "loudness": -24.503995895385742,
      "loudness_range": 9.381935119628906,
      "low_freq": 392.3793640136719,
      "mid_mean": -21.8842716217041,
      "mid_to_side_loudness": -6.405843257904053,
      "mid_to_side_loudness_range": 9.74880599975586,
      "side_mean": -28.3574161529541
    },
    {
      "high_freq": 1457.5709228515625,
      "loudness": -29.814054489135742,
      "loudness_range": 12.660257339477539,
      "low_freq": 794.6976318359375,
      "mid_mean": -27.22365951538086,
      "mid_to_side_loudness": -6.344501972198486,
      "mid_to_side_loudness_range": 10.320760726928711,
      "side_mean": -33.63421630859375
    },
    {
      "high_freq": 2549.74365234375,
      "loudness": -28.297521591186523,
      "loudness_range": 9.805364608764648,
      "low_freq": 1457.5709228515625,
      "mid_mean": -25.735719680786133,
      "mid_to_side_loudness": -6.086841583251953,
      "mid_to_side_loudness_range": 8.995996475219727,
      "side_mean": -31.87677001953125
    },
    {
      "high_freq": 4349.24462890625,
      "loudness": -31.292795181274414,
      "loudness_range": 9.347124099731445,
      "low_freq": 2549.74365234375,
      "mid_mean": -28.605886459350586,
      "mid_to_side_loudness": -6.490017414093018,
      "mid_to_side_loudness_range": 8.202064514160156,
      "side_mean": -35.18039321899414
    },
    {
      "high_freq": 7314.1640625,
      "loudness": -37.3454475402832,
      "loudness_range": 11.085954666137695,
      "low_freq": 4349.24462890625,
      "mid_mean": -34.51213836669922,
      "mid_to_side_loudness": -7.349350452423096,
      "mid_to_side_loudness_range": 8.166126251220703,
      "side_mean": -41.97516632080078
    },
    {
      "high_freq": 12199.2666015625,
      "loudness": -40.97230529785156,
      "loudness_range": 10.885990142822266,
      "low_freq": 7314.1640625,
      "mid_mean": -38.13795471191406,
      "mid_to_side_loudness": -7.205374240875244,
      "mid_to_side_loudness_range": 7.29232120513916,
      "side_mean": -45.49664306640625
    },
    {
      "loudness": -45.12431716918945,
      "loudness_range": 14.544376373291016,
      "low_freq": 12199.2666015625,
      "mid_mean": -42.189849853515625,
      "mid_to_side_loudness": -7.948111534118652,
      "mid_to_side_loudness_range": 8.865015983581543,
      "side_mean": -50.906524658203125
    }
  ],
  "bands_short": [
    {
      "high_freq": 148.1999969482422,
      "loudness": -23.466899871826172,
      "loudness_range": 10.4222412109375,
      "mid_mean": -19.825124740600586,
      "mid_to_side_loudness": -22.658178329467773,
      "mid_to_side_loudness_range": 29.551265716552734,
      "side_mean": -44.824501037597656
    },
    {
      "high_freq": 392.3793640136719,
      "loudness": -23.7191219329834,
      "loudness_range": 8.642288208007812,
      "low_freq": 148.1999969482422,
      "mid_mean": -21.595382690429688,
      "mid_to_side_loudness": -4.5959792137146,
      "mid_to_side_loudness_range": 10.799447059631348,
      "side_mean": -26.239418029785156
    },
    {
      "high_freq": 794.6976318359375,
      "loudness": -24.993560791015625,
      "loudness_range": 11.868768692016602,
      "low_freq": 392.3793640136719,
      "mid_mean": -22.57801628112793,
      "mid_to_side_loudness": -6.07733154296875,
      "mid_to_side_loudness_range": 12.686114311218262,
      "side_mean": -28.753170013427734
    },
    {
      "high_freq": 1457.5709228515625,
      "loudness": -29.927644729614258,
      "loudness_range": 14.052358627319336,
      "low_freq": 794.6976318359375,
      "mid_mean": -27.619543075561523,
      "mid_to_side_loudness": -5.593998908996582,
      "mid_to_side_loudness_range": 12.191207885742188,
      "side_mean": -33.26723861694336
    },
    {
      "high_freq": 2549.74365234375,
      "loudness": -28.8671875,
      "loudness_range": 11.355188369750977,
      "low_freq": 1457.5709228515625,
      "mid_mean": -26.45319938659668,
      "mid_to_side_loudness": -5.741850852966309,
      "mid_to_side_loudness_range": 10.742249488830566,
      "side_mean": -32.24192428588867
    },
    {
      "high_freq": 4349.24462890625,
      "loudness": -31.837377548217773,
      "loudness_range": 12.028945922851562,
      "low_freq": 2549.74365234375,
      "mid_mean": -29.360647201538086,
      "mid_to_side_loudness": -5.94541597366333,
      "mid_to_side_loudness_range": 10.590096473693848,
      "side_mean": -35.375179290771484
    },
    {
      "high_freq": 7314.1640625,
      "loudness": -38.869991302490234,
      "loudness_range": 15.329181671142578,
      "low_freq": 4349.24462890625,
      "mid_mean": -36.36393356323242,
      "mid_to_side_loudness": -6.0663838386535645,
      "mid_to_side_loudness_range": 10.47107219696045,
      "side_mean": -42.57998275756836
    },
    {
      "high_freq": 12199.2666015625,
      "loudness": -43.577308654785156,
      "loudness_range": 18.82720184326172,
      "low_freq": 7314.1640625,
      "mid_mean": -40.867801666259766,
      "mid_to_side_loudness": -6.929308891296387,
      "mid_to_side_loudness_range": 10.46086597442627,
      "side_mean": -48.0115966796875
    },
    {
      "loudness": -50.34547424316406,
      "loudness_range": 25.08094024658203,
      "low_freq": 12199.2666015625,
      "mid_mean": -47.476837158203125,
      "mid_to_side_loudness": -8.235596656799316,
      "mid_to_side_loudness_range": 13.739194869995117,
      "side_mean": -56.02558517456055
    }
  ],
  "bandwidth": 425.96246337890625,
  "channels": 2,
  "covariance": [
    [
      11.595142364501953,
      2.6097567081451416,
      2.175311326980591,
      0.7950483560562134,
      2.105215311050415,
      1.885593295097351,
      4.023845195770264,
      4.131878852844238,
      3.0549986362457275,
      1.847633719444275,
      2.8765158653259277,
      2.7164180278778076,
      2.3165557384490967,
      3.230384349822998,
      1.5818378925323486,
      2.196112632751465,
      -0.46398940682411194,
      1.3339329957962036
    ],
    [
      2.6097567081451416,
      23.049531936645508,
      3.893771171569824,
      2.791710138320923,
      3.1590170860290527,
      2.1376636028289795,
      -2.3550312519073486,
      -0.505386233329773,
      3.362619161605835,
      0.9102455377578735,
      1.823787808418274,
      0.7323071360588074,
      1.6677892208099365,
      2.4202892780303955,
      1.5345510244369507,
      4.138329029083252,
      1.9554046392440796,
      5.931399345397949
    ],
    [
      2.175311326980591,
      3.893771171569824,
      10.498055458068848,
      4.876932144165039,
      5.7588348388671875,
      4.043310642242432,
      -0.7961357235908508,
      0.4445512890815735,
      3.2987892627716064,
      2.044398784637451,
      4.338525772094727,
      1.230413556098938,
      3.4096548557281494,
      1.5418764352798462,
      2.87345814704895,
      3.5791566371917725,
      3.526510715484619,
      5.3115553855896
    ],
    [
      0.7950483560562134,
      2.791710138320923,
      4.876932144165039,
      7.535483360290527,
      3.177915334701538,
      3.169539213180542,
      0.08102382719516754,
      1.4360003471374512,
      1.6443712711334229,
      1.9586173295974731,
      1.594435691833496,
      1.2792588472366333,
      1.8009529113769531,
      1.0023975372314453,
      1.076297402381897,
      1.8923078775405884,
      2.1539530754089355,
      3.9988596439361572
    ],
    [
      2.105215311050415,
      3.1590170860290527,
      5.7588348388671875,
      3.177915334701538,
      16.7786922454834,
      6.901968002319336,
      7.138334274291992,
      3.3773977756500244,
      5.262763023376465,
      2.5774946212768555,
      6.410124778747559,
      2.370474338531494,
      3.856100559234619,
      3.0978188514709473,
      3.6685893535614014,
      5.566049575805664,
      5.7499284744262695,
      6.85441780090332
    ],
    [
      1.885593295097351,
      2.1376636028289795,
      4.043310642242432,
      3.169539213180542,
      6.901968002319336,
      7.42594575881958,
      3.0522663593292236,
      3.436681032180786,
      2.8651180267333984,
      2.7098939418792725,
      3.1569535732269287,
      2.325451612472534,
      2.116692304611206,
      1.9625271558761597,
      1.2953219413757324,
      2.79421067237854,
      2.2214598655700684,
      3.572700262069702
    ],
    [
      4.023845195770264,
      -2.3550312519073486,
      -0.7961357235908508,
      0.08102382719516754,
      7.138334274291992,
      3.0522663593292236,
      22.57573699951172,
      9.414449691772461,
      1.1441643238067627,
      1.190208911895752,
      2.390329122543335,
      2.806256055831909,
      0.33403831720352173,
      3.344309091567993,
      0.3894789218902588,
      3.8961682319641113,
      2.0776660442352295,
      4.135685443878174
    ],
    [
      4.131878852844238,
      -0.505386233329773,
      0.4445512890815735,
      1.4360003471374512,
      3.3773977756500244,
      3.436681032180786,
      9.414449691772461,
      9.810248374938965,
      1.5707216262817383,
      2.9817211627960205,
      2.6707699298858643,
      4.374348163604736,
      1.4282920360565186,
      3.7624127864837646,
      0.23817656934261322,
      2.490438938140869,
      -0.5201879143714905,
      1.5043476819992065
    ],
    [
      3.0549986362457275,
      3.362619161605835,
      3.2987892627716064,
      1.6443712711334229,
      5.262763023376465,
      2.8651180267333984,
      1.1441643238067627,
      1.5707216262817383,
      15.306487083435059,
      5.60436487197876,
      9.103500366210938,
      3.7247002124786377,
      6.664257526397705,
      4.34726095199585,
      5.933419704437256,
      5.9069390296936035,
      6.057521820068359,
      6.327183246612549
    ],
    [
      1.847633719444275,
      0.9102455377578735,
      2.044398784637451,
      1.9586173295974731,
      2.5774946212768555,
      2.7098939418792725,
      1.190208911895752,
      2.9817211627960205,
      5.60436487197876,
      6.571863174438477,
      4.677432060241699,
      4.801487445831299,
      3.9689080715179443,
      4.552986145019531,
      2.62192440032959,
      3.4683773517608643,
      2.0499038696289062,
      3.462151527404785
    ],
    [
      2.8765158653259277,
      1.823787808418274,
      4.338525772094727,
      1.594435691833496,
      6.410124778747559,
      3.1569535732269287,
      2.390329122543335,
      2.6707699298858643,
      9.103500366210938,
      4.677432060241699,
      13.850432395935059,
      6.635562896728516,
      10.460877418518066,
      7.138101577758789,
      8.430804252624512,
      7.413125514984131,
      7.029425144195557,
      7.486538887023926
    ],
    [
      2.7164180278778076,
      0.7323071360588074,
      1.230413556098938,
      1.2792588472366333,
      2.370474338531494,
      2.325451612472534,
      2.806256055831909,
      4.374348163604736,
      3.7247002124786377,
      4.801487445831299,
      6.635562896728516,
      9.120244026184082,
      4.843811511993408,
      7.638927459716797,
      2.5510735511779785,
      4.504876613616943,
      1.0728938579559326,
      3.918408155441284
    ],
    [
      2.3165557384490967,
      1.6677892208099365,
      3.4096548557281494,
      1.8009529113769531,
      3.856100559234619,
      2.116692304611206,
      0.33403831720352173,
      1.4282920360565186,
      6.664257526397705,
      3.9689080715179443,
      10.460877418518066,
      4.843811511993408,
      17.275348663330078,
      8.848725318908691,
      14.44961166381836,
      9.741424560546875,
      12.336959838867188,
      10.018723487854004
    ],
    [
      3.230384349822998,
      2.4202892780303955,
      1.5418764352798462,
      1.0023975372314453,
      3.0978188514709473,
      1.9625271558761597,
      3.344309091567993,
      3.7624127864837646,
      4.34726095199585,
      4.552986145019531,
      7.138101577758789,
      7.638927459716797,
      8.848725318908691,
      11.471169471740723,
      7.444624900817871,
      9.389963150024414,
      6.5601806640625,
      9.153940200805664
    ],
    [
      1.5818378925323486,
      1.5345510244369507,
      2.87345814704895,
      1.076297402381897,
      3.6685893535614014,
      1.2953219413757324,
      0.3894789218902588,
      0.23817656934261322,
      5.933419704437256,
      2.62192440032959,
      8.430804252624512,
      2.5510735511779785,
      14.44961166381836,
      7.444624900817871,
      18.46735954284668,
      12.70458698272705,
      18.165546417236328,
      14.426513671875
    ],
    [
      2.196112632751465,
      4.138329029083252,
      3.5791566371917725,
      1.8923078775405884,
      5.566049575805664,
      2.79421067237854,
      3.8961682319641113,
      2.490438938140869,
      5.9069390296936035,
      3.4683773517608643,
      7.413125514984131,
      4.504876613616943,
      9.741424560546875,
      9.389963150024414,
      12.70458698272705,
      15.732087135314941,
      15.046628952026367,
      18.118141174316406
    ],
    [
      -0.46398940682411194,
      1.9554046392440796,
      3.526510715484619,
      2.1539530754089355,
      5.7499284744262695,
      2.2214598655700684,
      2.0776660442352295,
      -0.5201879143714905,
      6.057521820068359,
      2.0499038696289062,
      7.029425144195557,
      1.0728938579559326,
      12.336959838867188,
      6.5601806640625,
      18.165546417236328,
      15.046628952026367,
      30.762306213378906,
      24.237533569335938
    ],
    [
      1.3339329957962036,
      5.931399345397949,
      5.3115553855896,
      3.9988596439361572,
      6.85441780090332,
      3.572700262069702,
      4.135685443878174,
      1.5043476819992065,
      6.327183246612549,
      3.462151527404785,
      7.486538887023926,
      3.918408155441284,
      10.018723487854004,
      9.153940200805664,
      14.426513671875,
      18.118141174316406,
      24.237533569335938,
      39.069366455078125
    ]
  ],
  "covariance_short": [
    [
      21.42003059387207,
      5.521145820617676,
      3.7201778888702393,
      0.6070238947868347,
      2.941973924636841,
      2.8609845638275146,
      5.768386363983154,
      4.937543869018555,
      4.928102493286133,
      2.9697835445404053,
      4.751547336578369,
      2.719247817993164,
      5.000768184661865,
      3.8179311752319336,
      5.306629180908203,
      5.061566352844238,
      3.1777820587158203,
      2.753182888031006
    ],
    [
      5.521145820617676,
      68.02780151367188,
      14.247109413146973,
      9.087453842163086,
      10.790301322937012,
      6.58555269241333,
      -3.9421722888946533,
      -0.2109900563955307,
      6.926908016204834,
      2.82185697555542,
      6.5446600914001465,
      1.401031732559204,
      4.3416008949279785,
      4.020226955413818,
      5.631446361541748,
      7.469714164733887,
      12.559808731079102,
      11.146829605102539
    ],
    [
      3.7201778888702393,
      14.247109413146973,
      14.822304725646973,
      5.843233108520508,
      6.188248634338379,
      3.809389591217041,
      -0.28370386362075806,
      0.6557431221008301,
      4.095273494720459,
      2.198882818222046,
      4.829880237579346,
      2.010977268218994,
      3.6564371585845947,
      2.420764446258545,
      3.941876173019409,
      4.489579677581787,
      6.798544406890869,
      5.327355861663818
    ],
    [
      0.6070238947868347,
      9.087453842163086,
      5.843233108520508,
      11.105391502380371,
      3.2938146591186523,
      3.121934413909912,
      0.2705913782119751,
      1.3336340188980103,
      2.265049695968628,
      2.3508381843566895,
      2.0380964279174805,
      1.8724106550216675,
      1.9790538549423218,
      1.6393556594848633,
      1.6204452514648438,
      2.0621814727783203,
      5.004817962646484,
      3.1715710163116455
    ],
    [
      2.941973924636841,
      10.790301322937012,
      6.188248634338379,
      3.2938146591186523,
      24.685569763183594,
      8.10666275024414,
      7.853735446929932,
      3.332747220993042,
      7.611141681671143,
      3.708144187927246,
      9.058853149414062,
      3.4436514377593994,
      4.654352188110352,
      3.815824508666992,
      6.446379661560059,
      6.203431606292725,
      10.685914993286133,
      7.168245315551758
    ],
    [
      2.8609845638275146,
      6.58555269241333,
      3.809389591217041,
      3.121934413909912,
      8.10666275024414,
      11.2671537399292,
      3.4151861667633057,
      3.948559045791626,
      3.635505437850952,
      3.3028347492218018,
      3.5258350372314453,
      2.9690732955932617,
      1.9785593748092651,
      2.04426908493042,
      1.4581810235977173,
      2.1329915523529053,
      3.6824488639831543,
      1.8657587766647339
    ],
    [
      5.768386363983154,
      -3.9421722888946533,
      -0.28370386362075806,
      0.2705913782119751,
      7.853735446929932,
      3.4151861667633057,
      27.97608757019043,
      9.699975967407227,
      3.889157772064209,
      2.7441623210906982,
      5.590914249420166,
      4.107207298278809,
      4.069096088409424,
      5.363080024719238,
      4.4996843338012695,
      6.671947002410889,
      7.187964916229248,
      6.547421455383301
    ],
    [
      4.937543869018555,
      -0.2109900563955307,
      0.6557431221008301,
      1.3336340188980103,
      3.332747220993042,
      3.948559045791626,
      9.699975967407227,
      11.607866287231445,
      2.6193175315856934,
      3.526712417602539,
      3.4624600410461426,
      4.623376369476318,
      2.3449764251708984,
      4.034668445587158,
      1.787145733833313,
      3.6702632904052734,
      1.7382522821426392,
      2.415668249130249
    ],
    [
      4.928102493286133,
      6.926908016204834,
      4.095273494720459,
      2.265049695968628,
      7.611141681671143,
      3.635505437850952,
      3.889157772064209,
      2.6193175315856934,
      20.19292449951172,
      7.1941094398498535,
      12.34534740447998,
      5.359008312225342,
      9.976043701171875,
      6.484183311462402,
      11.147546768188477,
      8.626160621643066,
      14.251801490783691,
      8.403488159179688
    ],
    [
      2.9697835445404053,
      2.82185697555542,
      2.198882818222046,
      2.3508381843566895,
      3.708144187927246,
      3.3028347492218018,
      2.7441623210906982,
      3.526712417602539,
      7.1941094398498535,
      9.419632911682129,
      6.412825107574463,
      5.9075608253479,
      5.762094020843506,
      5.943215370178223,
      5.398762226104736,
      5.822567939758301,
      6.646007537841797,
      4.897529125213623
    ],
    [
      4.751547336578369,
      6.5446600914001465,
      4.829880237579346,
      2.0380964279174805,
      9.058853149414062,
      3.5258350372314453,
      5.590914249420166,
      3.4624600410461426,
      12.34534740447998,
      6.412825107574463,
      22.055368423461914,
      9.079875946044922,
      18.22989845275879,
      10.645949363708496,
      18.340621948242188,
      13.090849876403809,
      19.6761417388916,
      13.008996963500977
    ],
    [
      2.719247817993164,
      1.401031732559204,
      2.010977268218994,
      1.8724106550216675,
      3.4436514377593994,
      2.9690732955932617,
      4.107207298278809,
      4.623376369476318,
      5.359008312225342,
      5.9075608253479,
      9.079875946044922,
      11.399678230285645,
      7.957703590393066,
      9.247594833374023,
      6.361915111541748,
      8.054909706115723,
      6.946291446685791,
      6.931911468505859
    ],
    [
      5.000768184661865,
      4.3416008949279785,
      3.6564371585845947,
      1.9790538549423218,
      4.654352188110352,
      1.9785593748092651,
      4.069096088409424,
      2.3449764251708984,
      9.976043701171875,
      5.762094020843506,
      18.22989845275879,
      7.957703590393066,
      31.748332977294922,
      15.250943183898926,
      31.106138229370117,
      20.758943557739258,
      31.348041534423828,
      21.29766082763672
    ],
    [
      3.8179311752319336,
      4.020226955413818,
      2.420764446258545,
      1.6393556594848633,
      3.815824508666992,
      2.04426908493042,
      5.363080024719238,
      4.034668445587158,
      6.484183311462402,
      5.943215370178223,
      10.645949363708496,
      9.247594833374023,
      15.250943183898926,
      17.278783798217773,
      16.127269744873047,
      19.480541229248047,
      18.270793914794922,
      19.85070037841797
    ],
    [
      5.306629180908203,
      5.631446361541748,
      3.941876173019409,
      1.6204452514648438,
      6.446379661560059,
      1.4581810235977173,
      4.4996843338012695,
      1.787145733833313,
      11.147546768188477,
      5.398762226104736,
      18.340621948242188,
      6.361915111541748,
      31.106138229370117,
      16.127269744873047,
      44.470516204833984,
      30.653099060058594,
      45.89630889892578,
      34.734981536865234
    ],
    [
      5.061566352844238,
      7.469714164733887,
      4.489579677581787,
      2.0621814727783203,
      6.203431606292725,
      2.1329915523529053,
      6.671947002410889,
      3.6702632904052734,
      8.626160621643066,
      5.822567939758301,
      13.090849876403809,
      8.054909706115723,
      20.758943557739258,
      19.480541229248047,
      30.653099060058594,
      35.765071868896484,
      36.653282165527344,
      40.558345794677734
    ],
    [
      3.1777820587158203,
      12.559808731079102,
      6.798544406890869,
      5.004817962646484,
      10.685914993286133,
      3.6824488639831543,
      7.187964916229248,
      1.7382522821426392,
      14.251801490783691,
      6.646007537841797,
      19.6761417388916,
      6.946291446685791,
      31.348041534423828,
      18.270793914794922,
      45.89630889892578,
      36.653282165527344,
      70.48303985595703,
      50.66437530517578
    ],
    [
      2.753182888031006,
      11.146829605102539,
      5.327355861663818,
      3.1715710163116455,
      7.168245315551758,
      1.8657587766647339,
      6.547421455383301,
      2.415668249130249,
      8.403488159179688,
      4.897529125213623,
      13.008996963500977,
      6.931911468505859,
      21.29766082763672,
      19.85070037841797,
      34.734981536865234,
      40.558345794677734,
      50.66437530517578,
      60.568382263183594
    ]
  ],
  "damage": -8.360180854797363,
  "diff_bandwidth": 518.7406005859375,
  "dissonance": 6.503312222185572,
  "drr": 0.8394780158996582,
  "dynamics": 2.176635265350342,
  "format": 1245190,
  "frames": 6822564,
  "loudness": -13.957789421081543,
  "loudness_range": 4.594338417053223,
  "loudness_range_short": 6.712436676025391,
  "lowpass_true_peak_15khz": -0.09718067198991776,
  "mastering3_acoustic_entropies": [
    {
      "acoustic_entropy": 7.982144832611084,
      "acoustic_entropy_mono": 8.1029052734375,
      "band_eliminated_acoustic_entropies": [
        {
          "acoustic_entropy": 7.4412031173706055,
          "acoustic_entropy_side": 7.981753826141357,
          "hz": 129.47220167065723
        },
        {
          "acoustic_entropy": 7.000064373016357,
          "acoustic_entropy_side": 7.978200912475586,
          "hz": 202.92927478742237
        },
        {
          "acoustic_entropy": 7.8912482261657715,
          "acoustic_entropy_side": 8.214500427246094,
          "hz": 282.89161906338205
        },
        {
          "acoustic_entropy": 7.792922496795654,
          "acoustic_entropy_side": 8.291950225830078,
          "hz": 369.9353335868758
        },
        {
          "acoustic_entropy": 7.386982440948486,
          "acoustic_entropy_side": 7.999938488006592,
          "hz": 464.6875360973435
        },
        {
          "acoustic_entropy": 8.380742073059082,
          "acoustic_entropy_side": 8.013150215148926,
          "hz": 567.8308811364784
        },
        {
          "acoustic_entropy": 7.81790828704834,
          "acoustic_entropy_side": 8.15977954864502,
          "hz": 680.1084783214808
        },
        {
          "acoustic_entropy": 8.257866859436035,
          "acoustic_entropy_side": 7.96382474899292,
          "hz": 802.3292461747484
        },
        {
          "acoustic_entropy": 7.693309783935547,
          "acoustic_entropy_side": 8.01450252532959,
          "hz": 935.3737400823702
        },
        {
          "acoustic_entropy": 7.087230205535889,
          "acoustic_entropy_side": 7.912460803985596,
          "hz": 1080.2004963696966
        },
        {
          "acoustic_entropy": 7.668414115905762,
          "acoustic_entropy_side": 7.879110813140869,
          "hz": 1237.8529382007157
        },
        {
          "acoustic_entropy": 7.668037414550781,
          "acoustic_entropy_side": 8.120932579040527,
          "hz": 1409.4668930556702
        },
        {
          "acoustic_entropy": 7.727315902709961,
          "acoustic_entropy_side": 8.019364356994629,
          "hz": 1596.2787759475705
        },
        {
          "acoustic_entropy": 7.797341346740723,
          "acoustic_entropy_side": 7.905759811401367,
          "hz": 1799.6344973346393
        },
        {
          "acoustic_entropy": 7.51057767868042,
          "acoustic_entropy_side": 7.930967807769775,
          "hz": 2020.9991599069049
        },
        {
          "acoustic_entropy": 7.76068639755249,
          "acoustic_entropy_side": 7.861328125,
          "hz": 2261.9676141086993
        },
        {
          "acoustic_entropy": 8.101726531982422,
          "acoustic_entropy_side": 8.077985763549805,
          "hz": 2524.2759484456974
        },
        {
          "acoustic_entropy": 7.6340508460998535,
          "acoustic_entropy_side": 8.082493782043457,
          "hz": 2809.813997359896
        },
        {
          "acoustic_entropy": 7.907573699951172,
          "acoustic_entropy_side": 7.992035865783691,
          "hz": 3120.6389567871424
        },
        {
          "acoustic_entropy": 7.728279113769531,
          "acoustic_entropy_side": 7.860330104827881,
          "hz": 3458.990205492291
        },
        {
          "acoustic_entropy": 8.005999565124512,
          "acoustic_entropy_side": 7.869571208953857,
          "hz": 3827.305438964164
        },
        {
          "acoustic_entropy": 7.87299108505249,
          "acoustic_entropy_side": 7.91315221786499,
          "hz": 4228.238232109126
        },
        {
          "acoustic_entropy": 7.721391201019287,
          "acoustic_entropy_side": 7.8894524574279785,
          "hz": 4664.6771572759235
        },
        {
          "acoustic_entropy": 7.960958957672119,
          "acoustic_entropy_side": 7.978572845458984,
          "hz": 5139.766595350093
        },
        {
          "acoustic_entropy": 7.96738338470459,
          "acoustic_entropy_side": 7.978226184844971,
          "hz": 5656.929389854203
        },
        {
          "acoustic_entropy": 7.936594486236572,
          "acoustic_entropy_side": 7.982961654663086,
          "hz": 6219.891507268283
        },
        {
          "acoustic_entropy": 7.881120204925537,
          "acoustic_entropy_side": 7.984032154083252,
          "hz": 6832.70888123896
        },
        {
          "acoustic_entropy": 7.9394211769104,
          "acoustic_entropy_side": 7.982639312744141,
          "hz": 7499.796634079867
        },
        {
          "acoustic_entropy": 7.949230670928955,
          "acoustic_entropy_side": 7.980950832366943,
          "hz": 8225.96088609342
        },
        {
          "acoustic_entropy": 7.9303154945373535,
          "acoustic_entropy_side": 7.97986364364624,
          "hz": 9016.43338188839
        },
        {
          "acoustic_entropy": 7.9229021072387695,
          "acoustic_entropy_side": 7.980426788330078,
          "hz": 9876.909183162974
        },
        {
          "acoustic_entropy": 7.959044933319092,
          "acoustic_entropy_side": 7.981265068054199,
          "hz": 10813.587699516042
        },
        {
          "acoustic_entropy": 7.944942474365234,
          "acoustic_entropy_side": 7.981112480163574,
          "hz": 11833.21735289826
        },
        {
          "acoustic_entropy": 7.939924716949463,
          "acoustic_entropy_side": 7.980717658996582,
          "hz": 12943.144197493959
        },
        {
          "acoustic_entropy": 7.946506977081299,
          "acoustic_entropy_side": 7.980835914611816,
          "hz": 14151.364845322005
        },
        {
          "acoustic_entropy": 7.9034743309021,
          "acoustic_entropy_side": 7.981147766113281,
          "hz": 15466.58407886509
        },
        {
          "acoustic_entropy": 7.922585487365723,
          "acoustic_entropy_side": 7.981776237487793,
          "hz": 16898.27756580493
        },
        {
          "acoustic_entropy": 7.928298473358154,
          "acoustic_entropy_side": 7.981967926025391,
          "hz": 18456.760127700032
        },
        {
          "acoustic_entropy": 7.97765588760376,
          "acoustic_entropy_side": 7.982100486755371,
          "hz": 20153.260054456492
        },
        {
          "acoustic_entropy": 7.981861114501953,
          "acoustic_entropy_side": 7.9821248054504395,
          "hz": 22000.00000000001
        }
      ],
      "diff_acoustic_entropy": 5.237328052520752,
      "sn": 6
    },
    {
      "acoustic_entropy": 12.432950019836426,
      "acoustic_entropy_mono": 12.858863830566406,
      "band_eliminated_acoustic_entropies": [
        {
          "acoustic_entropy": 12.142888069152832,
          "acoustic_entropy_side": 12.432476043701172,
          "hz": 129.47220167065723
        },
        {
          "acoustic_entropy": 11.547231674194336,
          "acoustic_entropy_side": 12.51098346710205,
          "hz": 202.92927478742237
        },
        {
          "acoustic_entropy": 13.507342338562012,
          "acoustic_entropy_side": 13.351202964782715,
          "hz": 282.89161906338205
        },
        {
          "acoustic_entropy": 12.113160133361816,
          "acoustic_entropy_side": 12.834843635559082,
          "hz": 369.9353335868758
        },
        {
          "acoustic_entropy": 11.566508293151855,
          "acoustic_entropy_side": 12.0722074508667,
          "hz": 464.6875360973435
        },
        {
          "acoustic_entropy": 12.49271297454834,
          "acoustic_entropy_side": 12.33565616607666,
          "hz": 567.8308811364784
        },
        {
          "acoustic_entropy": 12.256814002990723,
          "acoustic_entropy_side": 12.041301727294922,
          "hz": 680.1084783214808
        },
        {
          "acoustic_entropy": 12.330595970153809,
          "acoustic_entropy_side": 12.566995620727539,
          "hz": 802.3292461747484
        },
        {
          "acoustic_entropy": 11.983105659484863,
          "acoustic_entropy_side": 12.585386276245117,
          "hz": 935.3737400823702
        },
        {
          "acoustic_entropy": 11.125081062316895,
          "acoustic_entropy_side": 12.547114372253418,
          "hz": 1080.2004963696966
        },
        {
          "acoustic_entropy": 11.583675384521484,
          "acoustic_entropy_side": 12.502266883850098,
          "hz": 1237.8529382007157
        },
        {
          "acoustic_entropy": 11.980315208435059,
          "acoustic_entropy_side": 12.283852577209473,
          "hz": 1409.4668930556702
        },
        {
          "acoustic_entropy": 12.661675453186035,
          "acoustic_entropy_side": 12.454768180847168,
          "hz": 1596.2787759475705
        },
        {
          "acoustic_entropy": 12.48018741607666,
          "acoustic_entropy_side": 12.569101333618164,
          "hz": 1799.6344973346393
        },
        {
          "acoustic_entropy": 12.23132038116455,
          "acoustic_entropy_side": 12.488799095153809,
          "hz": 2020.9991599069049
        },
        {
          "acoustic_entropy": 12.54029369354248,
          "acoustic_entropy_side": 12.762374877929688,
          "hz": 2261.9676141086993
        },
        {
          "acoustic_entropy": 11.608528137207031,
          "acoustic_entropy_side": 12.213601112365723,
          "hz": 2524.2759484456974
        },
        {
          "acoustic_entropy": 11.211576461791992,
          "acoustic_entropy_side": 12.167774200439453,
          "hz": 2809.813997359896
        },
        {
          "acoustic_entropy": 12.861867904663086,
          "acoustic_entropy_side": 12.351529121398926,
          "hz": 3120.6389567871424
        },
        {
          "acoustic_entropy": 11.774160385131836,
          "acoustic_entropy_side": 12.081137657165527,
          "hz": 3458.990205492291
        },
        {
          "acoustic_entropy": 12.029454231262207,
          "acoustic_entropy_side": 12.17499828338623,
          "hz": 3827.305438964164
        },
        {
          "acoustic_entropy": 12.335516929626465,
          "acoustic_entropy_side": 12.104508399963379,
          "hz": 4228.238232109126
        },
        {
          "acoustic_entropy": 12.111363410949707,
          "acoustic_entropy_side": 12.338550567626953,
          "hz": 4664.6771572759235
        },
        {
          "acoustic_entropy": 12.38929271697998,
          "acoustic_entropy_side": 12.365673065185547,
          "hz": 5139.766595350093
        },
        {
          "acoustic_entropy": 12.36201000213623,
          "acoustic_entropy_side": 12.405920028686523,
          "hz": 5656.929389854203
        },
        {
          "acoustic_entropy": 12.536981582641602,
          "acoustic_entropy_side": 12.418612480163574,
          "hz": 6219.891507268283
        },
        {
          "acoustic_entropy": 12.433853149414062,
          "acoustic_entropy_side": 12.423840522766113,
          "hz": 6832.70888123896
        },
        {
          "acoustic_entropy": 12.59695053100586,
          "acoustic_entropy_side": 12.444453239440918,
          "hz": 7499.796634079867
        },
        {
          "acoustic_entropy": 12.434901237487793,
          "acoustic_entropy_side": 12.445042610168457,
          "hz": 8225.96088609342
        },
        {
          "acoustic_entropy": 12.449845314025879,
          "acoustic_entropy_side": 12.453584671020508,
          "hz": 9016.43338188839
        },
        {
          "acoustic_entropy": 12.427437782287598,
          "acoustic_entropy_side": 12.444491386413574,
          "hz": 9876.909183162974
        },
        {
          "acoustic_entropy": 12.471973419189453,
          "acoustic_entropy_side": 12.44188404083252,
          "hz": 10813.587699516042
        },
        {
          "acoustic_entropy": 12.438146591186523,
          "acoustic_entropy_side": 12.437849044799805,
          "hz": 11833.21735289826
        },
        {
          "acoustic_entropy": 12.38229751586914,
          "acoustic_entropy_side": 12.435142517089844,
          "hz": 12943.144197493959
        },
        {
          "acoustic_entropy": 12.359695434570312,
          "acoustic_entropy_side": 12.432875633239746,
          "hz": 14151.364845322005
        },
        {
          "acoustic_entropy": 12.588250160217285,
          "acoustic_entropy_side": 12.440467834472656,
          "hz": 15466.58407886509
        },
        {
          "acoustic_entropy": 12.61353588104248,
          "acoustic_entropy_side": 12.438182830810547,
          "hz": 16898.27756580493
        },
        {
          "acoustic_entropy": 12.365460395812988,
          "acoustic_entropy_side": 12.432204246520996,
          "hz": 18456.760127700032
        },
        {
          "acoustic_entropy": 12.435047149658203,
          "acoustic_entropy_side": 12.432785987854004,
          "hz": 20153.260054456492
        },
        {
          "acoustic_entropy": 12.431571960449219,
          "acoustic_entropy_side": 12.432723045349121,
          "hz": 22000.00000000001
        }
      ],
      "diff_acoustic_entropy": 8.457123756408691,
      "sn": 12
    },
    {
      "acoustic_entropy": 16.25688934326172,
      "acoustic_entropy_mono": 15.770522117614746,
      "band_eliminated_acoustic_entropies": [
        {
          "acoustic_entropy": 16.170217514038086,
          "acoustic_entropy_side": 16.288497924804688,
          "hz": 129.47220167065723
        },
        {
          "acoustic_entropy": 17.712488174438477,
          "acoustic_entropy_side": 16.425708770751953,
          "hz": 202.92927478742237
        },
        {
          "acoustic_entropy": 16.826629638671875,
          "acoustic_entropy_side": 16.933338165283203,
          "hz": 282.89161906338205
        },
        {
          "acoustic_entropy": 16.988985061645508,
          "acoustic_entropy_side": 17.339805603027344,
          "hz": 369.9353335868758
        },
        {
          "acoustic_entropy": 15.987648010253906,
          "acoustic_entropy_side": 15.87486743927002,
          "hz": 464.6875360973435
        },
        {
          "acoustic_entropy": 17.29742431640625,
          "acoustic_entropy_side": 16.266782760620117,
          "hz": 567.8308811364784
        },
        {
          "acoustic_entropy": 15.87382698059082,
          "acoustic_entropy_side": 16.562835693359375,
          "hz": 680.1084783214808
        },
        {
          "acoustic_entropy": 16.443220138549805,
          "acoustic_entropy_side": 16.597097396850586,
          "hz": 802.3292461747484
        },
        {
          "acoustic_entropy": 16.50293731689453,
          "acoustic_entropy_side": 16.713491439819336,
          "hz": 935.3737400823702
        },
        {
          "acoustic_entropy": 15.929699897766113,
          "acoustic_entropy_side": 16.387012481689453,
          "hz": 1080.2004963696966
        },
        {
          "acoustic_entropy": 16.75812530517578,
          "acoustic_entropy_side": 16.32945442199707,
          "hz": 1237.8529382007157
        },
        {
          "acoustic_entropy": 16.709211349487305,
          "acoustic_entropy_side": 16.117334365844727,
          "hz": 1409.4668930556702
        },
        {
          "acoustic_entropy": 15.833151817321777,
          "acoustic_entropy_side": 16.068689346313477,
          "hz": 1596.2787759475705
        },
        {
          "acoustic_entropy": 16.231796264648438,
          "acoustic_entropy_side": 16.17569351196289,
          "hz": 1799.6344973346393
        },
        {
          "acoustic_entropy": 16.427751541137695,
          "acoustic_entropy_side": 16.525175094604492,
          "hz": 2020.9991599069049
        },
        {
          "acoustic_entropy": 16.828821182250977,
          "acoustic_entropy_side": 16.526409149169922,
          "hz": 2261.9676141086993
        },
        {
          "acoustic_entropy": 15.915637016296387,
          "acoustic_entropy_side": 15.954263687133789,
          "hz": 2524.2759484456974
        },
        {
          "acoustic_entropy": 15.414453506469727,
          "acoustic_entropy_side": 16.248701095581055,
          "hz": 2809.813997359896
        },
        {
          "acoustic_entropy": 16.634706497192383,
          "acoustic_entropy_side": 16.06165885925293,
