{
  "acoustic_entropy": 184.15716552734375,
  "bands": [
    {
      "high_freq": 148.1999969482422,
      "loudness": -36.69160842895508,
      "loudness_range": 12.394020080566406,
      "mid_mean": -33.112850189208984,
      "mid_to_side_loudness": -15.580658912658691,
      "mid_to_side_loudness_range": 9.988679885864258,
      "side_mean": -49.2703971862793
    },
    {
      "high_freq": 392.3793640136719,
      "loudness": -29.93644905090332,
      "loudness_range": 12.61573600769043,
      "low_freq": 148.1999969482422,
      "mid_mean": -26.507354736328125,
      "mid_to_side_loudness": -12.30798053741455,
      "mid_to_side_loudness_range": 7.868528366088867,
      "side_mean": -39.06844711303711
    },
    {
      "high_freq": 794.6976318359375,
      "loudness": -33.76068878173828,
      "loudness_range": 12.248577117919922,
      "low_freq": 392.3793640136719,
      "mid_mean": -30.650501251220703,
      "mid_to_side_loudness": -9.035951614379883,
      "mid_to_side_loudness_range": 8.749570846557617,
      "side_mean": -39.984230041503906
    },
    {
      "high_freq": 1457.5709228515625,
      "loudness": -37.93096923828125,
      "loudness_range": 14.824573516845703,
      "low_freq": 794.6976318359375,
      "mid_mean": -34.83573913574219,
      "mid_to_side_loudness": -8.736194610595703,
      "mid_to_side_loudness_range": 8.691797256469727,
      "side_mean": -43.92575454711914
    },
    {
      "high_freq": 2549.74365234375,
      "loudness": -36.16326904296875,
      "loudness_range": 22.514873504638672,
      "low_freq": 1457.5709228515625,
      "mid_mean": -33.30949401855469,
      "mid_to_side_loudness": -7.265115737915039,
      "mid_to_side_loudness_range": 9.02953815460205,
      "side_mean": -41.0316162109375
    },
    {
      "high_freq": 4349.24462890625,
      "loudness": -37.31327438354492,
      "loudness_range": 23.768842697143555,
      "low_freq": 2549.74365234375,
      "mid_mean": -34.61381912231445,
      "mid_to_side_loudness": -6.154176712036133,
      "mid_to_side_loudness_range": 7.19974422454834,
      "side_mean": -41.260231018066406
    },
    {
      "high_freq": 7314.1640625,
      "loudness": -46.28203201293945,
      "loudness_range": 26.387401580810547,
      "low_freq": 4349.24462890625,
      "mid_mean": -44.01808166503906,
      "mid_to_side_loudness": -4.668791770935059,
      "mid_to_side_loudness_range": 5.628771781921387,
      "side_mean": -49.680992126464844
    },
    {
      "high_freq": 12199.2666015625,
      "loudness": -51.72837448120117,
      "loudness_range": 25.36294937133789,
      "low_freq": 7314.1640625,
      "mid_mean": -50.97747802734375,
      "mid_to_side_loudness": -1.3598662614822388,
      "mid_to_side_loudness_range": 4.00136137008667,
      "side_mean": -52.24755096435547
    },
    {
      "loudness": -59.829017639160156,
      "loudness_range": 22.471847534179688,
      "low_freq": 12199.2666015625,
      "mid_mean": -60.54154586791992,
      "mid_to_side_loudness": 3.7104601860046387,
      "mid_to_side_loudness_range": 8.364517211914062,
      "side_mean": -57.1126708984375
    }
  ],
  "bands_short": [
    {
      "high_freq": 148.1999969482422,
      "loudness": -45.124664306640625,
      "loudness_range": 21.536624908447266,
      "mid_mean": -41.6893310546875,
      "mid_to_side_loudness": -15.02895450592041,
      "mid_to_side_loudness_range": 20.77750015258789,
      "side_mean": -56.951663970947266
    },
    {
      "high_freq": 392.3793640136719,
      "loudness": -30.644702911376953,
      "loudness_range": 16.265304565429688,
      "low_freq": 148.1999969482422,
      "mid_mean": -27.282257080078125,
      "mid_to_side_loudness": -11.828632354736328,
      "mid_to_side_loudness_range": 12.872123718261719,
      "side_mean": -39.539161682128906
    },
    {
      "high_freq": 794.6976318359375,
      "loudness": -33.654075622558594,
      "loudness_range": 14.134565353393555,
      "low_freq": 392.3793640136719,
      "mid_mean": -30.58736228942871,
      "mid_to_side_loudness": -8.894278526306152,
      "mid_to_side_loudness_range": 11.778985977172852,
      "side_mean": -39.958831787109375
    },
    {
      "high_freq": 1457.5709228515625,
      "loudness": -38.32524871826172,
      "loudness_range": 16.730558395385742,
      "low_freq": 794.6976318359375,
      "mid_mean": -35.390716552734375,
      "mid_to_side_loudness": -8.07392406463623,
      "mid_to_side_loudness_range": 11.73907470703125,
      "side_mean": -43.96741485595703
    },
    {
      "high_freq": 2549.74365234375,
      "loudness": -36.89456558227539,
      "loudness_range": 22.708528518676758,
      "low_freq": 1457.5709228515625,
      "mid_mean": -34.20823669433594,
      "mid_to_side_loudness": -6.610780239105225,
      "mid_to_side_loudness_range": 11.341533660888672,
      "side_mean": -41.40868377685547
    },
    {
      "high_freq": 4349.24462890625,
      "loudness": -37.817386627197266,
      "loudness_range": 24.139371871948242,
      "low_freq": 2549.74365234375,
      "mid_mean": -35.28632736206055,
      "mid_to_side_loudness": -5.6135735511779785,
      "mid_to_side_loudness_range": 9.683878898620605,
      "side_mean": -41.64811706542969
    },
    {
      "high_freq": 7314.1640625,
      "loudness": -46.9200439453125,
      "loudness_range": 27.91958999633789,
      "low_freq": 4349.24462890625,
      "mid_mean": -44.9817008972168,
      "mid_to_side_loudness": -4.092101097106934,
      "mid_to_side_loudness_range": 6.800914287567139,
      "side_mean": -50.15831756591797
    },
    {
      "high_freq": 12199.2666015625,
      "loudness": -53.1280517578125,
      "loudness_range": 27.9920654296875,
      "low_freq": 7314.1640625,
      "mid_mean": -52.25186538696289,
      "mid_to_side_loudness": -1.1512489318847656,
      "mid_to_side_loudness_range": 5.335677623748779,
      "side_mean": -53.32285690307617
    },
    {
      "loudness": -60.75800323486328,
      "loudness_range": 22.543338775634766,
      "low_freq": 12199.2666015625,
      "mid_mean": -61.25229263305664,
      "mid_to_side_loudness": 3.5740597248077393,
      "mid_to_side_loudness_range": 10.234962463378906,
      "side_mean": -57.964439392089844
    }
  ],
  "bandwidth": 799.2319946289062,
  "channels": 2,
  "covariance": [
    [
      26.079883575439453,
      15.558592796325684,
      20.654294967651367,
      17.573410034179688,
      21.54438591003418,
      19.31325340270996,
      18.91016387939453,
      17.52853012084961,
      15.650882720947266,
      15.831870079040527,
      16.71136474609375,
      18.471952438354492,
      21.553621292114258,
      25.959074020385742,
      26.030803680419922,
      25.665145874023438,
      11.511518478393555,
      17.531625747680664
    ],
    [
      15.558592796325684,
      18.378435134887695,
      13.62936019897461,
      13.204174995422363,
      14.32205581665039,
      14.460579872131348,
      11.727458953857422,
      12.093465805053711,
      10.601396560668945,
      11.383260726928711,
      10.716782569885254,
      12.5668363571167,
      12.90368938446045,
      22.370914459228516,
      21.490108489990234,
      20.935976028442383,
      9.7315092086792,
      14.426761627197266
    ],
    [
      20.654294967651367,
      13.62936019897461,
      28.53730583190918,
      22.14266586303711,
      23.319936752319336,
      21.3443603515625,
      20.678924560546875,
      19.929561614990234,
      17.664051055908203,
      17.86344337463379,
      19.06145668029785,
      20.460466384887695,
      25.19777488708496,
      29.522323608398438,
      29.216318130493164,
      28.838409423828125,
      13.780404090881348,
      20.517162322998047
    ],
    [
      17.573410034179688,
      13.204174995422363,
      22.14266586303711,
      23.07809829711914,
      20.00804328918457,
      20.90269660949707,
      18.501981735229492,
      19.83171844482422,
      16.516860961914062,
      17.187461853027344,
      17.65142822265625,
      19.684247970581055,
      23.325151443481445,
      28.141796112060547,
      27.590606689453125,
      27.518644332885742,
      13.110372543334961,
      19.613311767578125
    ],
    [
      21.54438591003418,
      14.32205581665039,
      23.319936752319336,
      20.00804328918457,
      28.478633880615234,
      23.852481842041016,
      21.616775512695312,
      20.584884643554688,
      21.203405380249023,
      21.094423294067383,
      20.867752075195312,
      23.146833419799805,
      26.360048294067383,
      30.64396858215332,
      30.372907638549805,
      30.038116455078125,
      14.46749210357666,
      21.64264678955078
    ],
    [
      19.31325340270996,
      14.460579872131348,
      21.3443603515625,
      20.90269660949707,
      23.852481842041016,
      29.530485153198242,
      20.478206634521484,
      21.779878616333008,
      20.600078582763672,
      21.456134796142578,
      19.34402084350586,
      22.14482879638672,
      23.593547821044922,
      28.56968879699707,
      27.48143196105957,
      26.91607093811035,
      12.149785041809082,
      18.314775466918945
    ],
    [
      18.91016387939453,
      11.727458953857422,
      20.678924560546875,
      18.501981735229492,
      21.616775512695312,
      20.478206634521484,
      33.166526794433594,
      28.547443389892578,
      25.153749465942383,
      26.73874282836914,
      28.050331115722656,
      30.562576293945312,
      34.266048431396484,
      37.62546157836914,
      34.385536193847656,
      34.74966812133789,
      16.579639434814453,
      25.40360450744629
    ],
    [
      17.52853012084961,
      12.093465805053711,
      19.929561614990234,
      19.83171844482422,
      20.584884643554688,
      21.779878616333008,
      28.547443389892578,
      33.78274917602539,
      24.95840072631836,
      27.24148178100586,
      27.91976547241211,
      32.34105682373047,
      35.3372688293457,
      40.26860427856445,
      36.08222198486328,
      37.247413635253906,
      17.164609909057617,
      26.92609214782715
    ],
    [
      15.650882720947266,
      10.601396560668945,
      17.664051055908203,
      16.516860961914062,
      21.203405380249023,
      20.600078582763672,
      25.153749465942383,
      24.95840072631836,
      50.96142578125,
      50.63279342651367,
      37.32637405395508,
      40.42159652709961,
      44.79204177856445,
      46.90690994262695,
      39.39231872558594,
      40.36825180053711,
      21.551515579223633,
      30.774349212646484
    ],
    [
      15.831870079040527,
      11.383260726928711,
      17.86344337463379,
      17.187461853027344,
      21.094423294067383,
      21.456134796142578,
      26.73874282836914,
      27.24148178100586,
      50.63279342651367,
      61.546443939208984,
      38.24073028564453,
      45.71804428100586,
      48.15838623046875,
      53.217552185058594,
      43.539276123046875,
      44.99222183227539,
      23.591346740722656,
      34.02180099487305
    ],
    [
      16.71136474609375,
      10.716782569885254,
      19.06145668029785,
      17.65142822265625,
      20.867752075195312,
      19.34402084350586,
      28.050331115722656,
      27.91976547241211,
      37.32637405395508,
      38.24073028564453,
      66.76930236816406,
      68.9479751586914,
      56.74467086791992,
      59.54046630859375,
      51.848472595214844,
      53.35774230957031,
      28.631364822387695,
      40.75020217895508
    ],
    [
      18.471952438354492,
      12.5668363571167,
      20.460466384887695,
      19.684247970581055,
      23.146833419799805,
      22.14482879638672,
      30.562576293945312,
      32.34105682373047,
      40.42159652709961,
      45.71804428100586,
      68.9479751586914,
      79.9777603149414,
      61.77284240722656,
      67.91525268554688,
      58.103614807128906,
      60.303524017333984,
      31.235309600830078,
      45.52363586425781
    ],
    [
      21.553621292114258,
      12.90368938446045,
      25.19777488708496,
      23.325151443481445,
      26.360048294067383,
      23.593547821044922,
      34.266048431396484,
      35.3372688293457,
      44.79204177856445,
      48.15838623046875,
      56.74467086791992,
      61.77284240722656,
      82.05347442626953,
      82.4030532836914,
      73.70964050292969,
      75.61327362060547,
      41.71962356567383,
      58.980445861816406
    ],
    [
      25.959074020385742,
      22.370914459228516,
      29.522323608398438,
      28.141796112060547,
      30.64396858215332,
      28.56968879699707,
      37.62546157836914,
      40.26860427856445,
      46.90690994262695,
      53.217552185058594,
      59.54046630859375,
      67.91525268554688,
      82.4030532836914,
      97.97537994384766,
      86.23435974121094,
      88.01622009277344,
      46.2117919921875,
      66.84161376953125
    ],
    [
      26.030803680419922,
      21.490108489990234,
      29.216318130493164,
      27.590606689453125,
      30.372907638549805,
      27.48143196105957,
      34.385536193847656,
      36.08222198486328,
      39.39231872558594,
      43.539276123046875,
      51.848472595214844,
      58.103614807128906,
      73.70964050292969,
      86.23435974121094,
      84.2750473022461,
      84.51531982421875,
      45.428531646728516,
      64.40277862548828
    ],
    [
      25.665145874023438,
      20.935976028442383,
      28.838409423828125,
      27.518644332885742,
      30.038116455078125,
      26.91607093811035,
      34.74966812133789,
      37.247413635253906,
      40.36825180053711,
      44.99222183227539,
      53.35774230957031,
      60.303524017333984,
      75.61327362060547,
      88.01622009277344,
      84.51531982421875,
      86.53252410888672,
      45.41987609863281,
      66.09052276611328
    ],
    [
      11.511518478393555,
      9.7315092086792,
      13.780404090881348,
      13.110372543334961,
      14.46749210357666,
      12.149785041809082,
      16.579639434814453,
      17.164609909057617,
      21.551515579223633,
      23.591346740722656,
      28.631364822387695,
      31.235309600830078,
      41.71962356567383,
      46.2117919921875,
      45.428531646728516,
      45.41987609863281,
      29.119138717651367,
      38.55808639526367
    ],
    [
      17.531625747680664,
      14.426761627197266,
      20.517162322998047,
      19.613311767578125,
      21.64264678955078,
      18.314775466918945,
      25.40360450744629,
      26.92609214782715,
      30.774349212646484,
      34.02180099487305,
      40.75020217895508,
      45.52363586425781,
      58.980445861816406,
      66.84161376953125,
      64.40277862548828,
      66.09052276611328,
      38.55808639526367,
      55.437278747558594
    ]
  ],
  "covariance_short": [
    [
      58.73542022705078,
      18.166139602661133,
      29.273714065551758,
      22.19036865234375,
      23.80341148376465,
      21.81278419494629,
      22.460786819458008,
      22.105945587158203,
      16.210433959960938,
      17.084081649780273,
      17.456579208374023,
      20.485458374023438,
      26.83487319946289,
      31.848432540893555,
      32.45413589477539,
      31.39487075805664,
      13.199118614196777,
      20.723066329956055
    ],
    [
      18.166139602661133,
      25.121370315551758,
      12.70855712890625,
      12.716073036193848,
      11.747884750366211,
      12.2017183303833,
      10.197962760925293,
      11.078166961669922,
      9.09998607635498,
      9.147305488586426,
      8.600168228149414,
      10.535938262939453,
      11.731843948364258,
      18.611557006835938,
      17.833776473999023,
      17.13427734375,
      7.509137153625488,
      11.443647384643555
    ],
    [
      29.273714065551758,
      12.70855712890625,
      38.74850845336914,
      22.93640899658203,
      26.9766902923584,
      21.821910858154297,
      23.5679931640625,
      20.94887924194336,
      18.241575241088867,
      17.858051300048828,
      18.90019416809082,
      21.082664489746094,
      26.926239013671875,
      31.065929412841797,
      31.492965698242188,
      30.35723876953125,
      13.24527359008789,
      20.549104690551758
    ],
    [
      22.19036865234375,
      12.716073036193848,
      22.93640899658203,
      27.388076782226562,
      20.235980987548828,
      22.38671112060547,
      18.997961044311523,
      20.545860290527344,
      16.611019134521484,
      17.66059112548828,
      17.008779525756836,
      19.810190200805664,
      24.39900016784668,
      28.708253860473633,
      28.33023452758789,
      27.591386795043945,
      11.832966804504395,
      18.518911361694336
    ],
    [
      23.80341148376465,
      11.747884750366211,
      26.9766902923584,
      20.235980987548828,
      32.514774322509766,
      22.719783782958984,
      23.839614868164062,
      20.48603630065918,
      22.19522476196289,
      21.455135345458984,
      20.618452072143555,
      23.37127685546875,
      27.254186630249023,
      30.772363662719727,
      31.427217483520508,
      30.326173782348633,
      13.45893383026123,
      20.87253761291504
    ],
    [
      21.81278419494629,
      12.2017183303833,
      21.821910858154297,
      22.38671112060547,
      22.719783782958984,
      31.7098445892334,
      20.923376083374023,
      22.73923683166504,
      19.595869064331055,
      21.228849411010742,
      18.255573272705078,
      21.677444458007812,
      23.96343994140625,
      28.70215606689453,
      27.87096405029297,
      26.8406925201416,
      11.054931640625,
      17.417343139648438
    ],
    [
      22.460786819458008,
      10.197962760925293,
      23.5679931640625,
      18.997961044311523,
      23.839614868164062,
      20.923376083374023,
      39.82063293457031,
      28.4866943359375,
      27.964813232421875,
      27.50006103515625,
      30.033145904541016,
      32.513919830322266,
      38.648677825927734,
      40.636474609375,
      39.67905807495117,
      38.87684631347656,
      17.326404571533203,
      27.281129837036133
    ],
    [
      22.105945587158203,
      11.078166961669922,
      20.94887924194336,
      20.545860290527344,
      20.48603630065918,
      22.73923683166504,
      28.4866943359375,
      36.056907653808594,
      23.97159194946289,
      26.64063835144043,
      27.02203941345215,
      32.14485168457031,
      35.819541931152344,
      40.54977798461914,
      37.40775680541992,
      37.578704833984375,
      15.602295875549316,
      25.606990814208984
    ],
    [
      16.210433959960938,
      9.09998607635498,
      18.241575241088867,
      16.611019134521484,
      22.19522476196289,
      19.595869064331055,
      27.964813232421875,
      23.97159194946289,
      56.470306396484375,
      49.529850006103516,
      39.60920333862305,
      41.631099700927734,
      49.47416305541992,
      49.56226348876953,
      45.88926315307617,
      45.42000961303711,
      22.60688591003418,
      32.952232360839844
    ],
    [
      17.084081649780273,
      9.147305488586426,
      17.858051300048828,
      17.66059112548828,
      21.455135345458984,
      21.228849411010742,
      27.50006103515625,
      26.64063835144043,
      49.529850006103516,
      62.427494049072266,
      36.91781234741211,
      45.736968994140625,
      49.558494567871094,
      53.45267868041992,
      46.00285720825195,
      46.20552444458008,
      22.18012237548828,
      32.77025604248047
    ],
    [
      17.456579208374023,
      8.600168228149414,
      18.90019416809082,
      17.008779525756836,
      20.618452072143555,
      18.255573272705078,
      30.033145904541016,
      27.02203941345215,
      39.60920333862305,
      36.91781234741211,
      69.68750762939453,
      66.91742706298828,
      62.737998962402344,
      61.910491943359375,
      55.89780044555664,
      55.65226745605469,
      27.983827590942383,
      40.30609893798828
    ],
    [
      20.485458374023438,
      10.535938262939453,
      21.082664489746094,
      19.810190200805664,
      23.37127685546875,
      21.677444458007812,
      32.513919830322266,
      32.14485168457031,
      41.631099700927734,
      45.736968994140625,
      66.91742706298828,
      81.01734924316406,
      65.57023620605469,
      70.15470886230469,
      60.1015739440918,
      60.83430862426758,
      28.490093231201172,
      42.76665115356445
    ],
    [
      26.83487319946289,
      11.731843948364258,
      26.926239013671875,
      24.39900016784668,
      27.254186630249023,
      23.96343994140625,
      38.648677825927734,
      35.819541931152344,
      49.47416305541992,
      49.558494567871094,
      62.737998962402344,
      65.57023620605469,
      96.10791015625,
      90.05174255371094,
      84.90116882324219,
      83.99120330810547,
      42.65774917602539,
      62.12839889526367
    ],
    [
      31.848432540893555,
      18.611557006835938,
      31.065929412841797,
      28.708253860473633,
      30.772363662719727,
      28.70215606689453,
      40.636474609375,
      40.54977798461914,
      49.56226348876953,
      53.45267868041992,
      61.910491943359375,
      70.15470886230469,
      90.05174255371094,
      102.6358642578125,
      91.18949127197266,
      91.26839447021484,
      43.48701858520508,
      65.67491149902344
    ],
    [
      32.45413589477539,
      17.833776473999023,
      31.492965698242188,
      28.33023452758789,
      31.427217483520508,
      27.87096405029297,
      39.67905807495117,
      37.40775680541992,
      45.88926315307617,
      46.00285720825195,
      55.89780044555664,
      60.1015739440918,
      84.90116882324219,
      91.18949127197266,
      95.22246551513672,
      92.2143325805664,
      46.576255798339844,
      67.70186614990234
    ],
    [
      31.39487075805664,
      17.13427734375,
      30.35723876953125,
      27.591386795043945,
      30.326173782348633,
      26.8406925201416,
      38.87684631347656,
      37.578704833984375,
      45.42000961303711,
      46.20552444458008,
      55.65226745605469,
      60.83430862426758,
      83.99120330810547,
      91.26839447021484,
      92.2143325805664,
      92.56737518310547,
      44.11805725097656,
      67.79660034179688
    ],
    [
      13.199118614196777,
      7.509137153625488,
      13.24527359008789,
      11.832966804504395,
      13.45893383026123,
      11.054931640625,
      17.326404571533203,
      15.602295875549316,
      22.60688591003418,
      22.18012237548828,
      27.983827590942383,
      28.490093231201172,
      42.65774917602539,
      43.48701858520508,
      46.576255798339844,
      44.11805725097656,
      28.749555587768555,
      36.98871994018555
    ],
    [
      20.723066329956055,
      11.443647384643555,
      20.549104690551758,
      18.518911361694336,
      20.87253761291504,
      17.417343139648438,
      27.281129837036133,
      25.606990814208984,
      32.952232360839844,
      32.77025604248047,
      40.30609893798828,
      42.76665115356445,
      62.12839889526367,
      65.67491149902344,
      67.70186614990234,
      67.79660034179688,
      36.98871994018555,
      56.081260681152344
    ]
  ],
  "damage": -15.787933349609375,
  "diff_bandwidth": 816.045166015625,
  "dissonance": 9.37874856376888,
  "drr": -10.5979585647583,
  "dynamics": 4.252795696258545,
  "format": 1245190,
  "frames": 5203904,
  "loudness": -21.361913681030273,
  "loudness_range": 15.113696098327637,
  "loudness_range_short": 16.11984634399414,
  "lowpass_true_peak_15khz": -3.2803640365600586,
  "mastering3_acoustic_entropies": [
    {
      "acoustic_entropy": 7.597821235656738,
      "acoustic_entropy_mono": 6.949810028076172,
      "band_eliminated_acoustic_entropies": [
        {
          "acoustic_entropy": 7.613644123077393,
          "acoustic_entropy_side": 7.5978217124938965,
          "hz": 129.47220167065723
        },
        {
          "acoustic_entropy": 7.436681747436523,
          "acoustic_entropy_side": 7.597740173339844,
          "hz": 202.92927478742237
        },
        {
          "acoustic_entropy": 7.128381729125977,
          "acoustic_entropy_side": 7.596013069152832,
          "hz": 282.89161906338205
        },
        {
          "acoustic_entropy": 7.611490249633789,
          "acoustic_entropy_side": 7.597472190856934,
          "hz": 369.9353335868758
        },
        {
          "acoustic_entropy": 6.758700847625732,
          "acoustic_entropy_side": 7.624908447265625,
          "hz": 464.6875360973435
        },
        {
          "acoustic_entropy": 7.352179527282715,
          "acoustic_entropy_side": 7.587522983551025,
          "hz": 567.8308811364784
        },
        {
          "acoustic_entropy": 7.118407726287842,
          "acoustic_entropy_side": 7.707274436950684,
          "hz": 680.1084783214808
        },
        {
          "acoustic_entropy": 7.21155309677124,
          "acoustic_entropy_side": 7.692071437835693,
          "hz": 802.3292461747484
        },
        {
          "acoustic_entropy": 7.3413543701171875,
          "acoustic_entropy_side": 7.6026458740234375,
          "hz": 935.3737400823702
        },
        {
          "acoustic_entropy": 7.861233711242676,
          "acoustic_entropy_side": 7.580925941467285,
          "hz": 1080.2004963696966
        },
        {
          "acoustic_entropy": 7.030704975128174,
          "acoustic_entropy_side": 7.50143575668335,
          "hz": 1237.8529382007157
        },
        {
          "acoustic_entropy": 7.885168552398682,
          "acoustic_entropy_side": 7.544643402099609,
          "hz": 1409.4668930556702
        },
        {
          "acoustic_entropy": 8.007394790649414,
          "acoustic_entropy_side": 7.5505828857421875,
          "hz": 1596.2787759475705
        },
        {
          "acoustic_entropy": 7.166927337646484,
          "acoustic_entropy_side": 7.384946346282959,
          "hz": 1799.6344973346393
        },
        {
          "acoustic_entropy": 7.545076847076416,
          "acoustic_entropy_side": 7.525574684143066,
          "hz": 2020.9991599069049
        },
        {
          "acoustic_entropy": 7.694763660430908,
          "acoustic_entropy_side": 7.688758373260498,
          "hz": 2261.9676141086993
        },
        {
          "acoustic_entropy": 7.899959564208984,
          "acoustic_entropy_side": 7.609747409820557,
          "hz": 2524.2759484456974
        },
        {
          "acoustic_entropy": 7.621715068817139,
          "acoustic_entropy_side": 7.48003625869751,
          "hz": 2809.813997359896
        },
        {
          "acoustic_entropy": 8.04525089263916,
          "acoustic_entropy_side": 7.812446594238281,
          "hz": 3120.6389567871424
        },
        {
          "acoustic_entropy": 7.937145233154297,
          "acoustic_entropy_side": 7.880236625671387,
          "hz": 3458.990205492291
        },
        {
          "acoustic_entropy": 7.84380578994751,
          "acoustic_entropy_side": 8.08161735534668,
          "hz": 3827.305438964164
        },
        {
          "acoustic_entropy": 7.395766258239746,
          "acoustic_entropy_side": 7.3487043380737305,
          "hz": 4228.238232109126
        },
        {
          "acoustic_entropy": 7.307591438293457,
          "acoustic_entropy_side": 7.710788726806641,
          "hz": 4664.6771572759235
        },
        {
          "acoustic_entropy": 7.953458786010742,
          "acoustic_entropy_side": 7.694586277008057,
          "hz": 5139.766595350093
        },
        {
          "acoustic_entropy": 7.771345138549805,
          "acoustic_entropy_side": 7.698802947998047,
          "hz": 5656.929389854203
        },
        {
          "acoustic_entropy": 7.62518835067749,
          "acoustic_entropy_side": 7.631687164306641,
          "hz": 6219.891507268283
        },
        {
          "acoustic_entropy": 7.594091415405273,
          "acoustic_entropy_side": 7.619367599487305,
          "hz": 6832.70888123896
        },
        {
          "acoustic_entropy": 7.736912250518799,
          "acoustic_entropy_side": 7.5992937088012695,
          "hz": 7499.796634079867
        },
        {
          "acoustic_entropy": 7.627561569213867,
          "acoustic_entropy_side": 7.640735626220703,
          "hz": 8225.96088609342
        },
        {
          "acoustic_entropy": 7.6793622970581055,
          "acoustic_entropy_side": 7.673295497894287,
          "hz": 9016.43338188839
        },
        {
          "acoustic_entropy": 7.7017645835876465,
          "acoustic_entropy_side": 7.693124771118164,
          "hz": 9876.909183162974
        },
        {
          "acoustic_entropy": 7.667810440063477,
          "acoustic_entropy_side": 7.631420135498047,
          "hz": 10813.587699516042
        },
        {
          "acoustic_entropy": 7.628442764282227,
          "acoustic_entropy_side": 7.6326093673706055,
          "hz": 11833.21735289826
        },
        {
          "acoustic_entropy": 7.644036769866943,
          "acoustic_entropy_side": 7.638908863067627,
          "hz": 12943.144197493959
        },
        {
          "acoustic_entropy": 7.630368232727051,
          "acoustic_entropy_side": 7.625272274017334,
          "hz": 14151.364845322005
        },
        {
          "acoustic_entropy": 7.60662841796875,
          "acoustic_entropy_side": 7.605653285980225,
          "hz": 15466.58407886509
        },
        {
          "acoustic_entropy": 7.602351665496826,
          "acoustic_entropy_side": 7.601964473724365,
          "hz": 16898.27756580493
        },
        {
          "acoustic_entropy": 7.600605487823486,
          "acoustic_entropy_side": 7.600407600402832,
          "hz": 18456.760127700032
        },
        {
          "acoustic_entropy": 7.599867820739746,
          "acoustic_entropy_side": 7.599794864654541,
          "hz": 20153.260054456492
        },
        {
          "acoustic_entropy": 7.598137378692627,
          "acoustic_entropy_side": 7.598132610321045,
          "hz": 22000.00000000001
        }
      ],
      "diff_acoustic_entropy": 3.268828868865967,
      "sn": 6
    },
    {
      "acoustic_entropy": 12.273089408874512,
      "acoustic_entropy_mono": 11.252609252929688,
      "band_eliminated_acoustic_entropies": [
        {
          "acoustic_entropy": 12.264758110046387,
          "acoustic_entropy_side": 12.273077011108398,
          "hz": 129.47220167065723
        },
        {
          "acoustic_entropy": 12.368449211120605,
          "acoustic_entropy_side": 12.272477149963379,
          "hz": 202.92927478742237
        },
        {
          "acoustic_entropy": 11.020246505737305,
          "acoustic_entropy_side": 12.249826431274414,
          "hz": 282.89161906338205
        },
        {
          "acoustic_entropy": 12.502694129943848,
          "acoustic_entropy_side": 12.287009239196777,
          "hz": 369.9353335868758
        },
        {
          "acoustic_entropy": 11.386266708374023,
          "acoustic_entropy_side": 12.205957412719727,
          "hz": 464.6875360973435
        },
        {
          "acoustic_entropy": 12.302254676818848,
          "acoustic_entropy_side": 12.21129035949707,
          "hz": 567.8308811364784
        },
        {
          "acoustic_entropy": 11.61557388305664,
          "acoustic_entropy_side": 12.0466890335083,
          "hz": 680.1084783214808
        },
        {
          "acoustic_entropy": 11.611404418945312,
          "acoustic_entropy_side": 11.524352073669434,
          "hz": 802.3292461747484
        },
        {
          "acoustic_entropy": 12.06454849243164,
          "acoustic_entropy_side": 12.39917278289795,
          "hz": 935.3737400823702
        },
        {
          "acoustic_entropy": 12.727514266967773,
          "acoustic_entropy_side": 12.440216064453125,
          "hz": 1080.2004963696966
        },
        {
          "acoustic_entropy": 11.603069305419922,
          "acoustic_entropy_side": 12.271143913269043,
          "hz": 1237.8529382007157
        },
        {
          "acoustic_entropy": 12.399347305297852,
          "acoustic_entropy_side": 12.351203918457031,
          "hz": 1409.4668930556702
        },
        {
          "acoustic_entropy": 12.84922981262207,
          "acoustic_entropy_side": 12.443252563476562,
          "hz": 1596.2787759475705
        },
        {
          "acoustic_entropy": 11.61811351776123,
          "acoustic_entropy_side": 12.055879592895508,
          "hz": 1799.6344973346393
        },
        {
          "acoustic_entropy": 12.370333671569824,
          "acoustic_entropy_side": 12.399734497070312,
          "hz": 2020.9991599069049
        },
        {
          "acoustic_entropy": 12.405608177185059,
          "acoustic_entropy_side": 12.304956436157227,
          "hz": 2261.9676141086993
        },
        {
          "acoustic_entropy": 12.505292892456055,
          "acoustic_entropy_side": 11.50275707244873,
          "hz": 2524.2759484456974
        },
        {
          "acoustic_entropy": 11.930410385131836,
          "acoustic_entropy_side": 11.90200138092041,
          "hz": 2809.813997359896
        },
        {
          "acoustic_entropy": 12.832612991333008,
          "acoustic_entropy_side": 12.981019973754883,
          "hz": 3120.6389567871424
        },
        {
          "acoustic_entropy": 11.46175765991211,
          "acoustic_entropy_side": 12.27596664428711,
          "hz": 3458.990205492291
        },
        {
          "acoustic_entropy": 12.096637725830078,
          "acoustic_entropy_side": 12.4451322555542,
          "hz": 3827.305438964164
        },
        {
          "acoustic_entropy": 12.015785217285156,
          "acoustic_entropy_side": 12.096658706665039,
          "hz": 4228.238232109126
        },
        {
          "acoustic_entropy": 11.142038345336914,
          "acoustic_entropy_side": 12.173477172851562,
          "hz": 4664.6771572759235
        },
        {
          "acoustic_entropy": 12.645279884338379,
          "acoustic_entropy_side": 12.5078125,
          "hz": 5139.766595350093
        },
        {
          "acoustic_entropy": 12.432369232177734,
          "acoustic_entropy_side": 12.420632362365723,
          "hz": 5656.929389854203
        },
        {
          "acoustic_entropy": 12.482739448547363,
          "acoustic_entropy_side": 12.36424732208252,
          "hz": 6219.891507268283
        },
        {
          "acoustic_entropy": 12.418976783752441,
          "acoustic_entropy_side": 12.3230619430542,
          "hz": 6832.70888123896
        },
        {
          "acoustic_entropy": 12.506266593933105,
          "acoustic_entropy_side": 12.34448528289795,
          "hz": 7499.796634079867
        },
        {
          "acoustic_entropy": 12.47968864440918,
          "acoustic_entropy_side": 12.406270027160645,
          "hz": 8225.96088609342
        },
        {
          "acoustic_entropy": 12.45399284362793,
          "acoustic_entropy_side": 12.412168502807617,
          "hz": 9016.43338188839
        },
        {
          "acoustic_entropy": 12.51301097869873,
          "acoustic_entropy_side": 12.48461627960205,
          "hz": 9876.909183162974
        },
        {
          "acoustic_entropy": 12.490172386169434,
          "acoustic_entropy_side": 12.423541069030762,
          "hz": 10813.587699516042
        },
        {
          "acoustic_entropy": 12.492568969726562,
          "acoustic_entropy_side": 12.414083480834961,
          "hz": 11833.21735289826
        },
        {
          "acoustic_entropy": 12.481145858764648,
          "acoustic_entropy_side": 12.415738105773926,
          "hz": 12943.144197493959
        },
        {
          "acoustic_entropy": 12.38612174987793,
          "acoustic_entropy_side": 12.35444450378418,
          "hz": 14151.364845322005
        },
        {
          "acoustic_entropy": 12.307397842407227,
          "acoustic_entropy_side": 12.303349494934082,
          "hz": 15466.58407886509
        },
        {
          "acoustic_entropy": 12.31968879699707,
          "acoustic_entropy_side": 12.314814567565918,
          "hz": 16898.27756580493
        },
        {
          "acoustic_entropy": 12.35421371459961,
          "acoustic_entropy_side": 12.348138809204102,
          "hz": 18456.760127700032
        },
        {
          "acoustic_entropy": 12.318580627441406,
          "acoustic_entropy_side": 12.316574096679688,
          "hz": 20153.260054456492
        },
        {
          "acoustic_entropy": 12.277604103088379,
          "acoustic_entropy_side": 12.277450561523438,
          "hz": 22000.00000000001
        }
      ],
      "diff_acoustic_entropy": 5.132540225982666,
      "sn": 12
    },
    {
      "acoustic_entropy": 16.429800033569336,
      "acoustic_entropy_mono": 15.195777893066406,
      "band_eliminated_acoustic_entropies": [
        {
          "acoustic_entropy": 16.77558135986328,
          "acoustic_entropy_side": 16.431880950927734,
          "hz": 129.47220167065723
        },
        {
          "acoustic_entropy": 17.271812438964844,
          "acoustic_entropy_side": 16.41392707824707,
          "hz": 202.92927478742237
        },
        {
          "acoustic_entropy": 17.156423568725586,
          "acoustic_entropy_side": 16.489404678344727,
          "hz": 282.89161906338205
        },
        {
          "acoustic_entropy": 17.32032012939453,
          "acoustic_entropy_side": 16.588607788085938,
          "hz": 369.9353335868758
        },
        {
          "acoustic_entropy": 16.804351806640625,
          "acoustic_entropy_side": 16.59061622619629,
          "hz": 464.6875360973435
        },
        {
          "acoustic_entropy": 16.51763916015625,
          "acoustic_entropy_side": 16.202987670898438,
          "hz": 567.8308811364784
        },
        {
          "acoustic_entropy": 16.816884994506836,
          "acoustic_entropy_side": 17.220081329345703,
          "hz": 680.1084783214808
        },
        {
          "acoustic_entropy": 17.495868682861328,
          "acoustic_entropy_side": 17.178897857666016,
          "hz": 802.3292461747484
        },
        {
          "acoustic_entropy": 16.59644889831543,
          "acoustic_entropy_side": 16.993423461914062,
          "hz": 935.3737400823702
        },
        {
          "acoustic_entropy": 16.907896041870117,
          "acoustic_entropy_side": 16.768339157104492,
          "hz": 1080.2004963696966
        },
        {
          "acoustic_entropy": 16.701082229614258,
          "acoustic_entropy_side": 16.375858306884766,
          "hz": 1237.8529382007157
        },
        {
          "acoustic_entropy": 16.39918327331543,
          "acoustic_entropy_side": 16.516691207885742,
          "hz": 1409.4668930556702
        },
        {
          "acoustic_entropy": 16.381412506103516,
          "acoustic_entropy_side": 16.64034080505371,
          "hz": 1596.2787759475705
        },
        {
          "acoustic_entropy": 16.502212524414062,
          "acoustic_entropy_side": 16.75922203063965,
          "hz": 1799.6344973346393
        },
        {
          "acoustic_entropy": 16.029356002807617,
          "acoustic_entropy_side": 16.400985717773438,
          "hz": 2020.9991599069049
        },
        {
          "acoustic_entropy": 16.882137298583984,
          "acoustic_entropy_side": 16.837947845458984,
          "hz": 2261.9676141086993
        },
        {
          "acoustic_entropy": 16.8310604095459,
          "acoustic_entropy_side": 17.162750244140625,
          "hz": 2524.2759484456974
        },
        {
          "acoustic_entropy": 16.81443214416504,
          "acoustic_entropy_side": 17.10749053955078,
          "hz": 2809.813997359896
        },
        {
          "acoustic_entropy": 16.888174057006836,
          "acoustic_entropy_side": 16.953048706054688,
          "hz": 3120.6389567871424
