{
  "acoustic_entropy": 156.71629333496094,
  "bands": [
    {
      "high_freq": 148.1999969482422,
      "loudness": -43.722225189208984,
      "loudness_range": 21.16707992553711,
      "mid_mean": -41.124202728271484,
      "mid_to_side_loudness": -5.930078029632568,
      "mid_to_side_loudness_range": 5.8254499435424805,
      "side_mean": -46.99990463256836
    },
    {
      "high_freq": 392.3793640136719,
      "loudness": -34.08572006225586,
      "loudness_range": 13.567670822143555,
      "low_freq": 148.1999969482422,
      "mid_mean": -32.96162033081055,
      "mid_to_side_loudness": -1.3237693309783936,
      "mid_to_side_loudness_range": 4.9839558601379395,
      "side_mean": -34.122772216796875
    },
    {
      "high_freq": 794.6976318359375,
      "loudness": -32.424686431884766,
      "loudness_range": 16.202152252197266,
      "low_freq": 392.3793640136719,
      "mid_mean": -31.510143280029297,
      "mid_to_side_loudness": -0.5861573815345764,
      "mid_to_side_loudness_range": 3.5003957748413086,
      "side_mean": -32.06694412231445
    },
    {
      "high_freq": 1457.5709228515625,
      "loudness": -40.32216262817383,
      "loudness_range": 15.880226135253906,
      "low_freq": 794.6976318359375,
      "mid_mean": -39.5333137512207,
      "mid_to_side_loudness": -0.27901819348335266,
      "mid_to_side_loudness_range": 2.1942005157470703,
      "side_mean": -39.773258209228516
    },
    {
      "high_freq": 2549.74365234375,
      "loudness": -42.04541015625,
      "loudness_range": 18.48257827758789,
      "low_freq": 1457.5709228515625,
      "mid_mean": -41.3040885925293,
      "mid_to_side_loudness": -0.1934976726770401,
      "mid_to_side_loudness_range": 1.5154173374176025,
      "side_mean": -41.49235534667969
    },
    {
      "high_freq": 4349.24462890625,
      "loudness": -48.29647445678711,
      "loudness_range": 20.453811645507812,
      "low_freq": 2549.74365234375,
      "mid_mean": -47.65000915527344,
      "mid_to_side_loudness": -0.5495346188545227,
      "mid_to_side_loudness_range": 1.4705232381820679,
      "side_mean": -48.22314453125
    },
    {
      "high_freq": 7314.1640625,
      "loudness": -57.8203125,
      "loudness_range": 22.924053192138672,
      "low_freq": 4349.24462890625,
      "mid_mean": -56.44041442871094,
      "mid_to_side_loudness": -0.4340161383152008,
      "mid_to_side_loudness_range": 0.7458925843238831,
      "side_mean": -56.818336486816406
    },
    {
      "high_freq": 12199.2666015625,
      "loudness": -61.07601547241211,
      "loudness_range": 19.676734924316406,
      "low_freq": 7314.1640625,
      "mid_mean": -59.43212890625,
      "mid_to_side_loudness": -0.31740859150886536,
      "mid_to_side_loudness_range": 0.4589613080024719,
      "side_mean": -59.697757720947266
    },
    {
      "loudness": -67.18718719482422,
      "loudness_range": 11.938610076904297,
      "low_freq": 12199.2666015625,
      "mid_mean": -64.32823181152344,
      "mid_to_side_loudness": -0.2977215349674225,
      "mid_to_side_loudness_range": 0.5270724892616272,
      "side_mean": -64.47999572753906
    }
  ],
  "bands_short": [
    {
      "high_freq": 148.1999969482422,
      "loudness": -47.229312896728516,
      "loudness_range": 25.450641632080078,
      "mid_mean": -44.6088752746582,
      "mid_to_side_loudness": -6.647467613220215,
      "mid_to_side_loudness_range": 8.895761489868164,
      "side_mean": -51.488731384277344
    },
    {
      "high_freq": 392.3793640136719,
      "loudness": -34.601959228515625,
      "loudness_range": 14.750408172607422,
      "low_freq": 148.1999969482422,
      "mid_mean": -33.420318603515625,
      "mid_to_side_loudness": -1.513076901435852,
      "mid_to_side_loudness_range": 6.228650093078613,
      "side_mean": -34.770355224609375
    },
    {
      "high_freq": 794.6976318359375,
      "loudness": -33.07793045043945,
      "loudness_range": 18.226879119873047,
      "low_freq": 392.3793640136719,
      "mid_mean": -32.120262145996094,
      "mid_to_side_loudness": -0.7414231300354004,
      "mid_to_side_loudness_range": 4.455754280090332,
      "side_mean": -32.84117889404297
    },
    {
      "high_freq": 1457.5709228515625,
      "loudness": -40.41193389892578,
      "loudness_range": 17.8817195892334,
      "low_freq": 794.6976318359375,
      "mid_mean": -39.71802520751953,
      "mid_to_side_loudness": -0.15517668426036835,
      "mid_to_side_loudness_range": 3.3476085662841797,
      "side_mean": -39.804603576660156
    },
    {
      "high_freq": 2549.74365234375,
      "loudness": -43.44784927368164,
      "loudness_range": 20.904523849487305,
      "low_freq": 1457.5709228515625,
      "mid_mean": -42.71272659301758,
      "mid_to_side_loudness": -0.1907491236925125,
      "mid_to_side_loudness_range": 2.5007200241088867,
      "side_mean": -42.900413513183594
    },
    {
      "high_freq": 4349.24462890625,
      "loudness": -49.43815612792969,
      "loudness_range": 22.256961822509766,
      "low_freq": 2549.74365234375,
      "mid_mean": -48.77630615234375,
      "mid_to_side_loudness": -0.5498785972595215,
      "mid_to_side_loudness_range": 2.5296859741210938,
      "side_mean": -49.32008361816406
    },
    {
      "high_freq": 7314.1640625,
      "loudness": -58.952842712402344,
      "loudness_range": 22.82312774658203,
      "low_freq": 4349.24462890625,
      "mid_mean": -57.483211517333984,
      "mid_to_side_loudness": -0.4122682809829712,
      "mid_to_side_loudness_range": 1.8639190196990967,
      "side_mean": -57.83668899536133
    },
    {
      "high_freq": 12199.2666015625,
      "loudness": -62.07225799560547,
      "loudness_range": 17.436073303222656,
      "low_freq": 7314.1640625,
      "mid_mean": -60.3576545715332,
      "mid_to_side_loudness": -0.3147962987422943,
      "mid_to_side_loudness_range": 1.2977045774459839,
      "side_mean": -60.6163444519043
    },
    {
      "loudness": -67.9032211303711,
      "loudness_range": 10.357845306396484,
      "low_freq": 12199.2666015625,
      "mid_mean": -64.87775421142578,
      "mid_to_side_loudness": -0.29406166076660156,
      "mid_to_side_loudness_range": 1.673701286315918,
      "side_mean": -65.02339172363281
    }
  ],
  "bandwidth": 596.844482421875,
  "channels": 2,
  "covariance": [
    [
      51.23709487915039,
      52.451995849609375,
      7.723026752471924,
      6.4349799156188965,
      8.948180198669434,
      8.341120719909668,
      7.3302717208862305,
      6.935210227966309,
      6.585516452789307,
      6.234246253967285,
      14.942797660827637,
      15.735702514648438,
      26.251083374023438,
      25.98577117919922,
      23.86933708190918,
      23.54779815673828,
      10.967137336730957,
      10.931463241577148
    ],
    [
      52.451995849609375,
      58.379695892333984,
      8.055670738220215,
      6.793979644775391,
      8.620315551757812,
      8.141873359680176,
      7.311429500579834,
      6.811789512634277,
      5.82436990737915,
      5.413416862487793,
      15.716263771057129,
      16.532678604125977,
      28.471975326538086,
      28.15594482421875,
      26.522232055664062,
      26.174598693847656,
      12.238606452941895,
      12.183550834655762
    ],
    [
      7.723026752471924,
      8.055670738220215,
      24.405914306640625,
      23.58769989013672,
      13.539990425109863,
      13.355299949645996,
      15.635744094848633,
      15.620933532714844,
      13.77872371673584,
      13.544440269470215,
      14.926579475402832,
      15.0016508102417,
      4.146119594573975,
      4.035773754119873,
      0.18505330383777618,
      0.21937526762485504,
      0.36290571093559265,
      0.4190759062767029
    ],
    [
      6.4349799156188965,
      6.793979644775391,
      23.58769989013672,
      26.513242721557617,
      14.578889846801758,
      14.481671333312988,
      17.762401580810547,
      17.82718276977539,
      14.993898391723633,
      14.792240142822266,
      14.8567533493042,
      14.871725082397461,
      2.079767942428589,
      1.978212594985962,
      -1.7626774311065674,
      -1.6959779262542725,
      -0.45880699157714844,
      -0.38858991861343384
    ],
    [
      8.948180198669434,
      8.620315551757812,
      13.539990425109863,
      14.578889846801758,
      33.43523025512695,
      32.03276062011719,
      22.856651306152344,
      23.137836456298828,
      21.628141403198242,
      21.82477569580078,
      23.877534866333008,
      23.81129264831543,
      6.606300354003906,
      6.523931980133057,
      -0.23314885795116425,
      -0.18162749707698822,
      -0.14514954388141632,
      -0.04348165914416313
    ],
    [
      8.341120719909668,
      8.141873359680176,
      13.355299949645996,
      14.481671333312988,
      32.03276062011719,
      32.32301712036133,
      22.79924774169922,
      23.047286987304688,
      21.859758377075195,
      21.992162704467773,
      23.855430603027344,
      23.754690170288086,
      5.8184661865234375,
      5.742242336273193,
      -0.8065925240516663,
      -0.7394120097160339,
      -0.3688633143901825,
      -0.26734229922294617
    ],
    [
      7.3302717208862305,
      7.311429500579834,
      15.635744094848633,
      17.762401580810547,
      22.856651306152344,
      22.79924774169922,
      33.36452102661133,
      33.25963592529297,
      27.03516960144043,
      27.143720626831055,
      26.318613052368164,
      26.600900650024414,
      6.174103736877441,
      6.012089252471924,
      -1.5517643690109253,
      -1.457942008972168,
      -0.5392645597457886,
      -0.4101927876472473
    ],
    [
      6.935210227966309,
      6.811789512634277,
      15.620933532714844,
      17.82718276977539,
      23.137836456298828,
      23.047286987304688,
      33.25963592529297,
      34.25935363769531,
      27.843181610107422,
      27.914274215698242,
      26.59721565246582,
      26.832345962524414,
      6.134454250335693,
      5.970287799835205,
      -1.77816641330719,
      -1.678493857383728,
      -0.633007824420929,
      -0.4952361583709717
    ],
    [
      6.585516452789307,
      5.82436990737915,
      13.77872371673584,
      14.993898391723633,
      21.628141403198242,
      21.859758377075195,
      27.03516960144043,
      27.843181610107422,
      40.61637496948242,
      40.7345085144043,
      32.527992248535156,
      32.774452209472656,
      8.451653480529785,
      8.39273738861084,
      -2.4287593364715576,
      -2.302055835723877,
      -1.0798267126083374,
      -0.8928880095481873
    ],
    [
      6.234246253967285,
      5.413416862487793,
      13.544440269470215,
      14.792240142822266,
      21.82477569580078,
      21.992162704467773,
      27.143720626831055,
      27.914274215698242,
      40.7345085144043,
      41.17562484741211,
      32.47465133666992,
      32.611202239990234,
      8.132981300354004,
      8.089616775512695,
      -2.72176194190979,
      -2.59134840965271,
      -1.195426344871521,
      -1.0149062871932983
    ],
    [
      14.942797660827637,
      15.716263771057129,
      14.926579475402832,
      14.8567533493042,
      23.877534866333008,
      23.855430603027344,
      26.318613052368164,
      26.59721565246582,
      32.527992248535156,
      32.47465133666992,
      54.33367919921875,
      54.47144317626953,
      30.717453002929688,
      30.289579391479492,
      13.94048023223877,
      13.848424911499023,
      6.333551406860352,
      6.536978721618652
    ],
    [
      15.735702514648438,
      16.532678604125977,
      15.0016508102417,
      14.871725082397461,
      23.81129264831543,
      23.754690170288086,
      26.600900650024414,
      26.832345962524414,
      32.774452209472656,
      32.611202239990234,
      54.47144317626953,
      55.69560241699219,
      32.20760726928711,
      31.753145217895508,
      15.026844024658203,
      14.92592716217041,
      6.77195405960083,
      7.0452680587768555
    ],
    [
      26.251083374023438,
      28.471975326538086,
      4.146119594573975,
      2.079767942428589,
      6.606300354003906,
      5.8184661865234375,
      6.174103736877441,
      6.134454250335693,
      8.451653480529785,
      8.132981300354004,
      30.717453002929688,
      32.20760726928711,
      58.36033630371094,
      57.54825973510742,
      45.27769088745117,
      44.63991928100586,
      21.221275329589844,
      21.204599380493164
    ],
    [
      25.98577117919922,
      28.15594482421875,
      4.035773754119873,
      1.978212594985962,
      6.523931980133057,
      5.742242336273193,
      6.012089252471924,
      5.970287799835205,
      8.39273738861084,
      8.089616775512695,
      30.289579391479492,
      31.753145217895508,
      57.54825973510742,
      56.80692672729492,
      44.83492660522461,
      44.202213287353516,
      21.020530700683594,
      21.002609252929688
    ],
    [
      23.86933708190918,
      26.522232055664062,
      0.18505330383777618,
      -1.7626774311065674,
      -0.23314885795116425,
      -0.8065925240516663,
      -1.5517643690109253,
      -1.77816641330719,
      -2.4287593364715576,
      -2.72176194190979,
      13.94048023223877,
      15.026844024658203,
      45.27769088745117,
      44.83492660522461,
      43.81021499633789,
      43.163082122802734,
      21.081031799316406,
      20.961774826049805
    ],
    [
      23.54779815673828,
      26.174598693847656,
      0.21937526762485504,
      -1.6959779262542725,
      -0.18162749707698822,
      -0.7394120097160339,
      -1.457942008972168,
      -1.678493857383728,
      -2.302055835723877,
      -2.59134840965271,
      13.848424911499023,
      14.92592716217041,
      44.63991928100586,
      44.202213287353516,
      43.163082122802734,
      42.53908920288086,
      20.78761100769043,
      20.67128562927246
    ],
    [
      10.967137336730957,
      12.238606452941895,
      0.36290571093559265,
      -0.45880699157714844,
      -0.14514954388141632,
      -0.3688633143901825,
      -0.5392645597457886,
      -0.633007824420929,
      -1.0798267126083374,
      -1.195426344871521,
      6.333551406860352,
      6.77195405960083,
      21.221275329589844,
      21.020530700683594,
      21.081031799316406,
      20.78761100769043,
      10.715537071228027,
      10.631752014160156
    ],
    [
      10.931463241577148,
      12.183550834655762,
      0.4190759062767029,
      -0.38858991861343384,
      -0.04348165914416313,
      -0.26734229922294617,
      -0.4101927876472473,
      -0.4952361583709717,
      -0.8928880095481873,
      -1.0149062871932983,
      6.536978721618652,
      7.0452680587768555,
      21.204599380493164,
      21.002609252929688,
      20.961774826049805,
      20.67128562927246,
      10.631752014160156,
      10.578492164611816
    ]
  ],
  "covariance_short": [
    [
      72.63428497314453,
      68.90420532226562,
      12.621776580810547,
      9.934805870056152,
      8.656770706176758,
      9.052789688110352,
      8.303436279296875,
      7.879364013671875,
      7.141390323638916,
      6.758511066436768,
      18.14080047607422,
      18.990211486816406,
      33.195350646972656,
      32.67293930053711,
      27.2578067779541,
      26.824682235717773,
      11.806857109069824,
      11.761947631835938
    ],
    [
      68.90420532226562,
      81.66574096679688,
      12.515613555908203,
      9.591032981872559,
      7.542882442474365,
      8.001689910888672,
      7.332326889038086,
      7.009915351867676,
      5.444948673248291,
      4.9846954345703125,
      19.05689811706543,
      20.00657081604004,
      40.02284240722656,
      39.330833435058594,
      33.09262466430664,
      32.55601501464844,
      14.487857818603516,
      14.569733619689941
    ],
    [
      12.621776580810547,
      12.515613555908203,
      27.691082000732422,
      26.889049530029297,
      15.88355541229248,
      15.726555824279785,
      16.94512367248535,
      16.935598373413086,
      16.63705062866211,
      16.523162841796875,
      15.990863800048828,
      15.93319320678711,
      5.375413417816162,
      5.246426582336426,
      1.3983912467956543,
      1.4303438663482666,
      0.9600825309753418,
      1.0104743242263794
    ],
    [
      9.934805870056152,
      9.591032981872559,
      26.889049530029297,
      31.281986236572266,
      17.281530380249023,
      17.283823013305664,
      19.349716186523438,
      19.51549530029297,
      18.514081954956055,
      18.44936752319336,
      16.891183853149414,
      16.802026748657227,
      3.4047045707702637,
      3.2903354167938232,
      -0.3954862952232361,
      -0.3246522545814514,
      0.2427259385585785,
      0.3080386221408844
    ],
    [
      8.656770706176758,
      7.542882442474365,
      15.88355541229248,
      17.281530380249023,
      40.516815185546875,
      38.594486236572266,
      27.756244659423828,
      28.031007766723633,
      28.33294677734375,
      28.528213500976562,
      30.81483268737793,
      30.587787628173828,
      7.813265323638916,
      7.809420585632324,
      0.12384772300720215,
      0.20475764572620392,
      0.22292494773864746,
      0.33903059363365173
    ],
    [
      9.052789688110352,
      8.001689910888672,
      15.726555824279785,
      17.283823013305664,
      38.594486236572266,
      39.44192886352539,
      27.76947593688965,
      28.07506561279297,
      28.3131103515625,
      28.483015060424805,
      30.938995361328125,
      30.573123931884766,
      7.415287494659424,
      7.411970138549805,
      -0.11489027738571167,
      -0.031097114086151123,
      0.11435095965862274,
      0.23411215841770172
    ],
    [
      8.303436279296875,
      7.332326889038086,
      16.94512367248535,
      19.349716186523438,
      27.756244659423828,
      27.76947593688965,
      39.31758117675781,
      38.86497116088867,
      32.40119934082031,
      32.75535583496094,
      31.81126594543457,
      31.796825408935547,
      7.7184739112854,
      7.614132404327393,
      -0.5358664393424988,
      -0.4289870262145996,
      0.1493728905916214,
      0.2857643961906433
    ],
    [
      7.879364013671875,
      7.009915351867676,
      16.935598373413086,
      19.51549530029297,
      28.031007766723633,
      28.07506561279297,
      38.86497116088867,
      40.67250442504883,
      33.2082633972168,
      33.487239837646484,
      32.39850616455078,
      32.31715393066406,
      8.120742797851562,
      8.011836051940918,
      -0.42132171988487244,
      -0.3148491084575653,
      0.19032061100006104,
      0.3359379768371582
    ],
    [
      7.141390323638916,
      5.444948673248291,
      16.63705062866211,
      18.514081954956055,
      28.33294677734375,
      28.3131103515625,
      32.40119934082031,
      33.2082633972168,
      49.35628128051758,
      49.25955581665039,
      38.120418548583984,
      38.26169967651367,
      8.865817070007324,
      8.935142517089844,
      -1.3465670347213745,
      -1.1909198760986328,
      -0.09108595550060272,
      0.09939631074666977
    ],
    [
      6.758511066436768,
      4.9846954345703125,
      16.523162841796875,
      18.44936752319336,
      28.528213500976562,
      28.483015060424805,
      32.75535583496094,
      33.487239837646484,
      49.25955581665039,
      50.17806625366211,
      38.129005432128906,
      38.169071197509766,
      8.62547779083252,
      8.730185508728027,
      -1.5472309589385986,
      -1.382619023323059,
      -0.1495485007762909,
      0.030968135222792625
    ],
    [
      18.14080047607422,
      19.05689811706543,
      15.990863800048828,
      16.891183853149414,
      30.81483268737793,
      30.938995361328125,
      31.81126594543457,
      32.39850616455078,
      38.120418548583984,
      38.129005432128906,
      60.497947692871094,
      60.09572982788086,
      31.480398178100586,
      31.04544448852539,
      14.525886535644531,
      14.48605728149414,
      7.0273823738098145,
      7.290306568145752
    ],
    [
      18.990211486816406,
      20.00657081604004,
      15.93319320678711,
      16.802026748657227,
      30.587787628173828,
      30.573123931884766,
      31.796825408935547,
      32.31715393066406,
      38.26169967651367,
      38.169071197509766,
      60.09572982788086,
      60.82244873046875,
      32.380340576171875,
      31.940710067749023,
      15.132132530212402,
      15.085436820983887,
      7.259165287017822,
      7.544409275054932
    ],
    [
      33.195350646972656,
      40.02284240722656,
      5.375413417816162,
      3.4047045707702637,
      7.813265323638916,
      7.415287494659424,
      7.7184739112854,
      8.120742797851562,
      8.865817070007324,
      8.62547779083252,
      31.480398178100586,
      32.380340576171875,
      55.68843460083008,
      54.71500778198242,
      40.69353485107422,
      40.12445068359375,
      18.92482566833496,
      18.936317443847656
    ],
    [
      32.67293930053711,
      39.330833435058594,
      5.246426582336426,
      3.2903354167938232,
      7.809420585632324,
      7.411970138549805,
      7.614132404327393,
      8.011836051940918,
      8.935142517089844,
      8.730185508728027,
      31.04544448852539,
      31.940710067749023,
      54.71500778198242,
      54.06355667114258,
      40.17416763305664,
      39.61477279663086,
      18.70247459411621,
      18.713184356689453
    ],
    [
      27.2578067779541,
      33.09262466430664,
      1.3983912467956543,
      -0.3954862952232361,
      0.12384772300720215,
      -0.11489027738571167,
      -0.5358664393424988,
      -0.42132171988487244,
      -1.3465670347213745,
      -1.5472309589385986,
      14.525886535644531,
      15.132132530212402,
      40.69353485107422,
      40.17416763305664,
      37.180145263671875,
      36.58644104003906,
      18.00651741027832,
      17.929000854492188
    ],
    [
      26.824682235717773,
      32.55601501464844,
      1.4303438663482666,
      -0.3246522545814514,
      0.20475764572620392,
      -0.031097114086151123,
      -0.4289870262145996,
      -0.3148491084575653,
      -1.1909198760986328,
      -1.382619023323059,
      14.48605728149414,
      15.085436820983887,
      40.12445068359375,
      39.61477279663086,
      36.58644104003906,
      36.10239028930664,
      17.772584915161133,
      17.697467803955078
    ],
    [
      11.806857109069824,
      14.487857818603516,
      0.9600825309753418,
      0.2427259385585785,
      0.22292494773864746,
      0.11435095965862274,
      0.1493728905916214,
      0.19032061100006104,
      -0.09108595550060272,
      -0.1495485007762909,
      7.0273823738098145,
      7.259165287017822,
      18.92482566833496,
      18.70247459411621,
      18.00651741027832,
      17.772584915161133,
      9.882464408874512,
      9.766057014465332
    ],
    [
      11.761947631835938,
      14.569733619689941,
      1.0104743242263794,
      0.3080386221408844,
      0.33903059363365173,
      0.23411215841770172,
      0.2857643961906433,
      0.3359379768371582,
      0.09939631074666977,
      0.030968135222792625,
      7.290306568145752,
      7.544409275054932,
      18.936317443847656,
      18.713184356689453,
      17.929000854492188,
      17.697467803955078,
      9.766057014465332,
      9.77735424041748
    ]
  ],
  "damage": -16.943416595458984,
  "diff_bandwidth": 632.9281005859375,
  "dissonance": 4.546566454978189,
  "drr": 6.627072811126709,
  "dynamics": 3.7915284633636475,
  "format": 1245190,
  "frames": 9006016,
  "loudness": -24.427818298339844,
  "loudness_range": 10.706108093261719,
  "loudness_range_short": 13.313480377197266,
  "lowpass_true_peak_15khz": -3.337603807449341,
  "mastering3_acoustic_entropies": [
    {
      "acoustic_entropy": 5.177155494689941,
      "acoustic_entropy_mono": 5.07524299621582,
      "band_eliminated_acoustic_entropies": [
        {
          "acoustic_entropy": 5.188723564147949,
          "acoustic_entropy_side": 5.172427177429199,
          "hz": 129.47220167065723
        },
        {
          "acoustic_entropy": 5.250363349914551,
          "acoustic_entropy_side": 5.173523426055908,
          "hz": 202.92927478742237
        },
        {
          "acoustic_entropy": 5.46091365814209,
          "acoustic_entropy_side": 5.253620147705078,
          "hz": 282.89161906338205
        },
        {
          "acoustic_entropy": 5.601994037628174,
          "acoustic_entropy_side": 5.782995700836182,
          "hz": 369.9353335868758
        },
        {
          "acoustic_entropy": 5.821216583251953,
          "acoustic_entropy_side": 5.865255832672119,
          "hz": 464.6875360973435
        },
        {
          "acoustic_entropy": 5.531125545501709,
          "acoustic_entropy_side": 5.216233730316162,
          "hz": 567.8308811364784
        },
        {
          "acoustic_entropy": 5.096565246582031,
          "acoustic_entropy_side": 5.455572605133057,
          "hz": 680.1084783214808
        },
        {
          "acoustic_entropy": 5.250619888305664,
          "acoustic_entropy_side": 5.240324974060059,
          "hz": 802.3292461747484
        },
        {
          "acoustic_entropy": 5.122034549713135,
          "acoustic_entropy_side": 5.197635173797607,
          "hz": 935.3737400823702
        },
        {
          "acoustic_entropy": 4.980759620666504,
          "acoustic_entropy_side": 5.032349109649658,
          "hz": 1080.2004963696966
        },
        {
          "acoustic_entropy": 5.410812854766846,
          "acoustic_entropy_side": 5.285031318664551,
          "hz": 1237.8529382007157
        },
        {
          "acoustic_entropy": 5.383702278137207,
          "acoustic_entropy_side": 5.546367645263672,
          "hz": 1409.4668930556702
        },
        {
          "acoustic_entropy": 5.134519100189209,
          "acoustic_entropy_side": 5.122501850128174,
          "hz": 1596.2787759475705
        },
        {
          "acoustic_entropy": 5.162892818450928,
          "acoustic_entropy_side": 5.275387287139893,
          "hz": 1799.6344973346393
        },
        {
          "acoustic_entropy": 5.285099029541016,
          "acoustic_entropy_side": 5.217308044433594,
          "hz": 2020.9991599069049
        },
        {
          "acoustic_entropy": 5.235254764556885,
          "acoustic_entropy_side": 5.162304401397705,
          "hz": 2261.9676141086993
        },
        {
          "acoustic_entropy": 5.291525840759277,
          "acoustic_entropy_side": 5.2532148361206055,
          "hz": 2524.2759484456974
        },
        {
          "acoustic_entropy": 5.23223876953125,
          "acoustic_entropy_side": 5.149922847747803,
          "hz": 2809.813997359896
        },
        {
          "acoustic_entropy": 5.13834810256958,
          "acoustic_entropy_side": 5.107871055603027,
          "hz": 3120.6389567871424
        },
        {
          "acoustic_entropy": 5.13516902923584,
          "acoustic_entropy_side": 5.14057731628418,
          "hz": 3458.990205492291
        },
        {
          "acoustic_entropy": 5.126051425933838,
          "acoustic_entropy_side": 5.131577014923096,
          "hz": 3827.305438964164
        },
        {
          "acoustic_entropy": 5.204898357391357,
          "acoustic_entropy_side": 5.216868877410889,
          "hz": 4228.238232109126
        },
        {
          "acoustic_entropy": 5.246713161468506,
          "acoustic_entropy_side": 5.19726037979126,
          "hz": 4664.6771572759235
        },
        {
          "acoustic_entropy": 5.157500267028809,
          "acoustic_entropy_side": 5.166711807250977,
          "hz": 5139.766595350093
        },
        {
          "acoustic_entropy": 5.166984558105469,
          "acoustic_entropy_side": 5.172483444213867,
          "hz": 5656.929389854203
        },
        {
          "acoustic_entropy": 5.16909646987915,
          "acoustic_entropy_side": 5.174253463745117,
          "hz": 6219.891507268283
        },
        {
          "acoustic_entropy": 5.166669845581055,
          "acoustic_entropy_side": 5.174062728881836,
          "hz": 6832.70888123896
        },
        {
          "acoustic_entropy": 5.169101715087891,
          "acoustic_entropy_side": 5.174720287322998,
          "hz": 7499.796634079867
        },
        {
          "acoustic_entropy": 5.172611236572266,
          "acoustic_entropy_side": 5.175288200378418,
          "hz": 8225.96088609342
        },
        {
          "acoustic_entropy": 5.1747145652771,
          "acoustic_entropy_side": 5.176035404205322,
          "hz": 9016.43338188839
        },
        {
          "acoustic_entropy": 5.173710823059082,
          "acoustic_entropy_side": 5.176319122314453,
          "hz": 9876.909183162974
        },
        {
          "acoustic_entropy": 5.174107551574707,
          "acoustic_entropy_side": 5.1762566566467285,
          "hz": 10813.587699516042
        },
        {
          "acoustic_entropy": 5.175777435302734,
          "acoustic_entropy_side": 5.17652702331543,
          "hz": 11833.21735289826
        },
        {
          "acoustic_entropy": 5.176524639129639,
          "acoustic_entropy_side": 5.176772594451904,
          "hz": 12943.144197493959
        },
        {
          "acoustic_entropy": 5.176794528961182,
          "acoustic_entropy_side": 5.176967144012451,
          "hz": 14151.364845322005
        },
        {
          "acoustic_entropy": 5.177053451538086,
          "acoustic_entropy_side": 5.177107810974121,
          "hz": 15466.58407886509
        },
        {
          "acoustic_entropy": 5.177138805389404,
          "acoustic_entropy_side": 5.177147388458252,
          "hz": 16898.27756580493
        },
        {
          "acoustic_entropy": 5.1771559715271,
          "acoustic_entropy_side": 5.177155494689941,
          "hz": 18456.760127700032
        },
        {
          "acoustic_entropy": 5.177155494689941,
          "acoustic_entropy_side": 5.177155494689941,
          "hz": 20153.260054456492
        },
        {
          "acoustic_entropy": 5.177155494689941,
          "acoustic_entropy_side": 5.177155494689941,
          "hz": 22000.00000000001
        }
      ],
      "diff_acoustic_entropy": 3.877898693084717,
      "sn": 6
    },
    {
      "acoustic_entropy": 9.67752742767334,
      "acoustic_entropy_mono": 9.579570770263672,
      "band_eliminated_acoustic_entropies": [
        {
          "acoustic_entropy": 9.6044921875,
          "acoustic_entropy_side": 9.659907341003418,
          "hz": 129.47220167065723
        },
        {
          "acoustic_entropy": 9.75433349609375,
          "acoustic_entropy_side": 9.456319808959961,
          "hz": 202.92927478742237
        },
        {
          "acoustic_entropy": 9.179841041564941,
          "acoustic_entropy_side": 9.313366889953613,
          "hz": 282.89161906338205
        },
        {
          "acoustic_entropy": 9.648823738098145,
          "acoustic_entropy_side": 9.6696138381958,
          "hz": 369.9353335868758
        },
        {
          "acoustic_entropy": 9.46943473815918,
          "acoustic_entropy_side": 10.026617050170898,
          "hz": 464.6875360973435
        },
        {
          "acoustic_entropy": 9.26801586151123,
          "acoustic_entropy_side": 10.096404075622559,
          "hz": 567.8308811364784
        },
        {
          "acoustic_entropy": 10.53032112121582,
          "acoustic_entropy_side": 10.372650146484375,
          "hz": 680.1084783214808
        },
        {
          "acoustic_entropy": 9.655292510986328,
          "acoustic_entropy_side": 9.680975914001465,
          "hz": 802.3292461747484
        },
        {
          "acoustic_entropy": 9.784395217895508,
          "acoustic_entropy_side": 9.661578178405762,
          "hz": 935.3737400823702
        },
        {
          "acoustic_entropy": 9.905635833740234,
          "acoustic_entropy_side": 9.605426788330078,
          "hz": 1080.2004963696966
        },
        {
          "acoustic_entropy": 9.709969520568848,
          "acoustic_entropy_side": 9.897889137268066,
          "hz": 1237.8529382007157
        },
        {
          "acoustic_entropy": 9.430183410644531,
          "acoustic_entropy_side": 10.039834976196289,
          "hz": 1409.4668930556702
        },
        {
          "acoustic_entropy": 9.415797233581543,
          "acoustic_entropy_side": 10.0590181350708,
          "hz": 1596.2787759475705
        },
        {
          "acoustic_entropy": 9.376252174377441,
          "acoustic_entropy_side": 10.170639038085938,
          "hz": 1799.6344973346393
        },
        {
          "acoustic_entropy": 9.881034851074219,
          "acoustic_entropy_side": 9.855724334716797,
          "hz": 2020.9991599069049
        },
        {
          "acoustic_entropy": 9.607491493225098,
          "acoustic_entropy_side": 9.54240894317627,
          "hz": 2261.9676141086993
        },
        {
          "acoustic_entropy": 10.062237739562988,
          "acoustic_entropy_side": 10.022363662719727,
          "hz": 2524.2759484456974
        },
        {
          "acoustic_entropy": 9.441010475158691,
          "acoustic_entropy_side": 9.688202857971191,
          "hz": 2809.813997359896
        },
        {
          "acoustic_entropy": 10.327048301696777,
          "acoustic_entropy_side": 9.94011402130127,
          "hz": 3120.6389567871424
        },
        {
          "acoustic_entropy": 9.722763061523438,
          "acoustic_entropy_side": 9.73167610168457,
          "hz": 3458.990205492291
        },
        {
          "acoustic_entropy": 9.490067481994629,
          "acoustic_entropy_side": 9.630130767822266,
          "hz": 3827.305438964164
        },
        {
          "acoustic_entropy": 9.796015739440918,
          "acoustic_entropy_side": 9.774572372436523,
          "hz": 4228.238232109126
        },
        {
          "acoustic_entropy": 9.463008880615234,
          "acoustic_entropy_side": 9.502360343933105,
          "hz": 4664.6771572759235
        },
        {
          "acoustic_entropy": 9.731276512145996,
          "acoustic_entropy_side": 9.702116966247559,
          "hz": 5139.766595350093
        },
        {
          "acoustic_entropy": 9.728691101074219,
          "acoustic_entropy_side": 9.69770622253418,
          "hz": 5656.929389854203
        },
        {
          "acoustic_entropy": 9.719870567321777,
          "acoustic_entropy_side": 9.692427635192871,
          "hz": 6219.891507268283
        },
        {
          "acoustic_entropy": 9.728626251220703,
          "acoustic_entropy_side": 9.695635795593262,
          "hz": 6832.70888123896
        },
        {
          "acoustic_entropy": 9.722594261169434,
          "acoustic_entropy_side": 9.691987037658691,
          "hz": 7499.796634079867
        },
        {
          "acoustic_entropy": 9.71079158782959,
          "acoustic_entropy_side": 9.687347412109375,
          "hz": 8225.96088609342
        },
        {
          "acoustic_entropy": 9.69747543334961,
          "acoustic_entropy_side": 9.682018280029297,
          "hz": 9016.43338188839
        },
        {
          "acoustic_entropy": 9.705580711364746,
          "acoustic_entropy_side": 9.684833526611328,
          "hz": 9876.909183162974
        },
        {
          "acoustic_entropy": 9.700617790222168,
          "acoustic_entropy_side": 9.682726860046387,
          "hz": 10813.587699516042
        },
        {
          "acoustic_entropy": 9.696375846862793,
          "acoustic_entropy_side": 9.681378364562988,
          "hz": 11833.21735289826
        },
        {
          "acoustic_entropy": 9.683605194091797,
          "acoustic_entropy_side": 9.678679466247559,
          "hz": 12943.144197493959
        },
        {
          "acoustic_entropy": 9.678353309631348,
          "acoustic_entropy_side": 9.677973747253418,
          "hz": 14151.364845322005
        },
        {
          "acoustic_entropy": 9.677834510803223,
          "acoustic_entropy_side": 9.677682876586914,
          "hz": 15466.58407886509
        },
        {
          "acoustic_entropy": 9.6776123046875,
          "acoustic_entropy_side": 9.677568435668945,
          "hz": 16898.27756580493
        },
        {
          "acoustic_entropy": 9.677529335021973,
          "acoustic_entropy_side": 9.67752742767334,
          "hz": 18456.760127700032
        },
        {
          "acoustic_entropy": 9.67752742767334,
          "acoustic_entropy_side": 9.67752742767334,
          "hz": 20153.260054456492
        },
        {
          "acoustic_entropy": 9.67752742767334,
          "acoustic_entropy_side": 9.67752742767334,
          "hz": 22000.00000000001
        }
      ],
      "diff_acoustic_entropy": 6.403249740600586,
      "sn": 12
    },
    {
      "acoustic_entropy": 16.840396881103516,
      "acoustic_entropy_mono": 16.2559814453125,
      "band_eliminated_acoustic_entropies": [
        {
          "acoustic_entropy": 15.877520561218262,
          "acoustic_entropy_side": 16.69832992553711,
          "hz": 129.47220167065723
        },
        {
          "acoustic_entropy": 17.736909866333008,
          "acoustic_entropy_side": 17.305328369140625,
          "hz": 202.92927478742237
        },
        {
          "acoustic_entropy": 17.15688705444336,
          "acoustic_entropy_side": 16.772674560546875,
          "hz": 282.89161906338205
        },
        {
          "acoustic_entropy": 16.783851623535156,
          "acoustic_entropy_side": 17.15301513671875,
          "hz": 369.9353335868758
        },
        {
          "acoustic_entropy": 17.356502532958984,
          "acoustic_entropy_side": 17.306856155395508,
          "hz": 464.6875360973435
        },
        {
          "acoustic_entropy": 16.53435516357422,
          "acoustic_entropy_side": 17.213214874267578,
          "hz": 567.8308811364784
        },
        {
          "acoustic_entropy": 17.3542423248291,
          "acoustic_entropy_side": 16.994714736938477,
          "hz": 680.1084783214808
        },
        {
          "acoustic_entropy": 15.595462799072266,
          "acoustic_entropy_side": 16.809003829956055,
          "hz": 802.3292461747484
        },
        {
          "acoustic_entropy": 16.750089645385742,
          "acoustic_entropy_side": 16.278099060058594,
          "hz": 935.3737400823702
        },
        {
          "acoustic_entropy": 16.502714157104492,
          "acoustic_entropy_side": 17.005691528320312,
          "hz": 1080.2004963696966
        },
        {
          "acoustic_entropy": 15.891332626342773,
          "acoustic_entropy_side": 16.992454528808594,
          "hz": 1237.8529382007157
        },
        {
          "acoustic_entropy": 15.207184791564941,
          "acoustic_entropy_side": 16.51197052001953,
          "hz": 1409.4668930556702
        },
        {
          "acoustic_entropy": 15.590717315673828,
          "acoustic_entropy_side": 16.591808319091797,
          "hz": 1596.2787759475705
        },
        {
          "acoustic_entropy": 16.086233139038086,
          "acoustic_entropy_side": 17.146665573120117,
          "hz": 1799.6344973346393
        },
        {
          "acoustic_entropy": 16.595258712768555,
          "acoustic_entropy_side": 16.883108139038086,
          "hz": 2020.9991599069049
        },
        {
          "acoustic_entropy": 16.29897117614746,
          "acoustic_entropy_side": 16.97180938720703,
          "hz": 2261.9676141086993
        },
        {
          "acoustic_entropy": 16.669076919555664,
          "acoustic_entropy_side": 16.76010513305664,
          "hz": 2524.2759484456974
        },
        {
          "acoustic_entropy": 15.878805160522461,
          "acoustic_entropy_side": 16.38966178894043,
          "hz": 2809.813997359896
        },
        {
