{
  "acoustic_entropy": 112.05032348632812,
  "bands": [
    {
      "high_freq": 148.1999969482422,
      "loudness": -41.0194206237793,
      "loudness_range": 20.8071231842041,
      "mid_mean": -37.33246612548828,
      "mid_to_side_loudness": -23.876697540283203,
      "mid_to_side_loudness_range": 9.810834884643555,
      "side_mean": -60.532554626464844
    },
    {
      "high_freq": 392.3793640136719,
      "loudness": -30.726825714111328,
      "loudness_range": 12.404867172241211,
      "low_freq": 148.1999969482422,
      "mid_mean": -27.096893310546875,
      "mid_to_side_loudness": -20.576997756958008,
      "mid_to_side_loudness_range": 9.954730987548828,
      "side_mean": -47.433834075927734
    },
    {
      "high_freq": 794.6976318359375,
      "loudness": -30.24062156677246,
      "loudness_range": 19.630027770996094,
      "low_freq": 392.3793640136719,
      "mid_mean": -26.669933319091797,
      "mid_to_side_loudness": -19.68919563293457,
      "mid_to_side_loudness_range": 12.297506332397461,
      "side_mean": -46.24330520629883
    },
    {
      "high_freq": 1457.5709228515625,
      "loudness": -42.09638214111328,
      "loudness_range": 17.593578338623047,
      "low_freq": 794.6976318359375,
      "mid_mean": -38.45661544799805,
      "mid_to_side_loudness": -20.77474021911621,
      "mid_to_side_loudness_range": 12.86276626586914,
      "side_mean": -59.57083511352539
    },
    {
      "high_freq": 2549.74365234375,
      "loudness": -44.50401306152344,
      "loudness_range": 22.540363311767578,
      "low_freq": 1457.5709228515625,
      "mid_mean": -40.93342590332031,
      "mid_to_side_loudness": -20.226959228515625,
      "mid_to_side_loudness_range": 14.869771957397461,
      "side_mean": -60.95857620239258
    },
    {
      "high_freq": 4349.24462890625,
      "loudness": -48.03527069091797,
      "loudness_range": 20.90544891357422,
      "low_freq": 2549.74365234375,
      "mid_mean": -44.88654327392578,
      "mid_to_side_loudness": -21.81968116760254,
      "mid_to_side_loudness_range": 14.438432693481445,
      "side_mean": -64.83794403076172
    },
    {
      "high_freq": 7314.1640625,
      "loudness": -55.098304748535156,
      "loudness_range": 31.484638214111328,
      "low_freq": 4349.24462890625,
      "mid_mean": -51.915557861328125,
      "mid_to_side_loudness": -22.904800415039062,
      "mid_to_side_loudness_range": 14.609219551086426,
      "side_mean": -67.1932144165039
    },
    {
      "high_freq": 12199.2666015625,
      "loudness": -59.58578109741211,
      "loudness_range": 32.14287567138672,
      "low_freq": 7314.1640625,
      "mid_mean": -55.81917190551758,
      "mid_to_side_loudness": -22.781705856323242,
      "mid_to_side_loudness_range": 5.921039581298828,
      "side_mean": -67.7590560913086
    },
    {
      "loudness": -64.53682708740234,
      "loudness_range": 20.450668334960938,
      "low_freq": 12199.2666015625,
      "mid_mean": -60.29690170288086,
      "mid_to_side_loudness": -22.980974197387695,
      "mid_to_side_loudness_range": 4.342197418212891,
      "side_mean": -69.4086685180664
    }
  ],
  "bands_short": [
    {
      "high_freq": 148.1999969482422,
      "loudness": -46.097835540771484,
      "loudness_range": 22.825244903564453,
      "mid_mean": -42.450927734375,
      "mid_to_side_loudness": -23.274385452270508,
      "mid_to_side_loudness_range": 16.457927703857422,
      "side_mean": -63.6130256652832
    },
    {
      "high_freq": 392.3793640136719,
      "loudness": -31.688703536987305,
      "loudness_range": 14.350305557250977,
      "low_freq": 148.1999969482422,
      "mid_mean": -28.064393997192383,
      "mid_to_side_loudness": -20.061384201049805,
      "mid_to_side_loudness_range": 13.8260498046875,
      "side_mean": -48.13814163208008
    },
    {
      "high_freq": 794.6976318359375,
      "loudness": -30.68743133544922,
      "loudness_range": 20.766956329345703,
      "low_freq": 392.3793640136719,
      "mid_mean": -27.13170051574707,
      "mid_to_side_loudness": -18.850204467773438,
      "mid_to_side_loudness_range": 16.339298248291016,
      "side_mean": -46.414634704589844
    },
    {
      "high_freq": 1457.5709228515625,
      "loudness": -42.39733123779297,
      "loudness_range": 19.866466522216797,
      "low_freq": 794.6976318359375,
      "mid_mean": -38.82603073120117,
      "mid_to_side_loudness": -19.165054321289062,
      "mid_to_side_loudness_range": 17.22734260559082,
      "side_mean": -58.701454162597656
    },
    {
      "high_freq": 2549.74365234375,
      "loudness": -46.445701599121094,
      "loudness_range": 26.056564331054688,
      "low_freq": 1457.5709228515625,
      "mid_mean": -43.07811737060547,
      "mid_to_side_loudness": -18.560535430908203,
      "mid_to_side_loudness_range": 19.16952896118164,
      "side_mean": -61.32490921020508
    },
    {
      "high_freq": 4349.24462890625,
      "loudness": -51.269081115722656,
      "loudness_range": 27.51403045654297,
      "low_freq": 2549.74365234375,
      "mid_mean": -48.51569366455078,
      "mid_to_side_loudness": -19.083576202392578,
      "mid_to_side_loudness_range": 20.043113708496094,
      "side_mean": -65.07569122314453
    },
    {
      "high_freq": 7314.1640625,
      "loudness": -59.65928649902344,
      "loudness_range": 31.55643081665039,
      "low_freq": 4349.24462890625,
      "mid_mean": -55.95674133300781,
      "mid_to_side_loudness": -19.856029510498047,
      "mid_to_side_loudness_range": 17.33252716064453,
      "side_mean": -67.62157440185547
    },
    {
      "high_freq": 12199.2666015625,
      "loudness": -63.48523712158203,
      "loudness_range": 30.67945098876953,
      "low_freq": 7314.1640625,
      "mid_mean": -59.37360763549805,
      "mid_to_side_loudness": -21.343454360961914,
      "mid_to_side_loudness_range": 17.397132873535156,
      "side_mean": -68.38150024414062
    },
    {
      "loudness": -66.87432098388672,
      "loudness_range": 18.58590316772461,
      "low_freq": 12199.2666015625,
      "mid_mean": -62.34772872924805,
      "mid_to_side_loudness": -22.834577560424805,
      "mid_to_side_loudness_range": 9.064510345458984,
      "side_mean": -69.62833404541016
    }
  ],
  "bandwidth": 536.72021484375,
  "channels": 2,
  "covariance": [
    [
      50.112388610839844,
      34.0083122253418,
      10.023545265197754,
      10.308073043823242,
      15.343148231506348,
      13.843544006347656,
      18.162466049194336,
      13.085149765014648,
      27.01344108581543,
      16.088741302490234,
      27.863021850585938,
      11.912792205810547,
      40.25309753417969,
      11.173702239990234,
      35.582889556884766,
      10.305819511413574,
      19.9534854888916,
      2.6106042861938477
    ],
    [
      34.0083122253418,
      32.71057891845703,
      8.578173637390137,
      9.887934684753418,
      8.492817878723145,
      8.831036567687988,
      13.243744850158691,
      13.529585838317871,
      18.169269561767578,
      14.837329864501953,
      17.576690673828125,
      9.79959487915039,
      32.20307159423828,
      8.706899642944336,
      28.755834579467773,
      8.146787643432617,
      17.406635284423828,
      2.117825746536255
    ],
    [
      10.023545265197754,
      8.578173637390137,
      20.482759475708008,
      12.164596557617188,
      1.675678014755249,
      4.330604553222656,
      8.399559020996094,
      4.292277812957764,
      8.643115043640137,
      6.063537120819092,
      12.373522758483887,
      3.7940337657928467,
      15.580642700195312,
      3.155935287475586,
      12.14637279510498,
      2.9824628829956055,
      6.8030500411987305,
      0.6417490839958191
    ],
    [
      10.308073043823242,
      9.887934684753418,
      12.164596557617188,
      14.91571044921875,
      2.0272324085235596,
      3.2965502738952637,
      5.764918804168701,
      5.241395950317383,
      7.3361334800720215,
      6.785904407501221,
      8.388869285583496,
      3.890228033065796,
      11.856274604797363,
      2.359740972518921,
      8.289091110229492,
      1.8709739446640015,
      4.614226818084717,
      0.46601125597953796
    ],
    [
      15.343148231506348,
      8.492817878723145,
      1.675678014755249,
      2.0272324085235596,
      45.750640869140625,
      31.905797958374023,
      23.704336166381836,
      17.811748504638672,
      37.63467788696289,
      27.241952896118164,
      29.386398315429688,
      13.713274955749512,
      31.7193603515625,
      7.934819221496582,
      17.182964324951172,
      3.8934664726257324,
      8.225618362426758,
      1.035749077796936
    ],
    [
      13.843544006347656,
      8.831036567687988,
      4.330604553222656,
      3.2965502738952637,
      31.905797958374023,
      33.448333740234375,
      19.408374786376953,
      15.846643447875977,
      27.8275203704834,
      24.668800354003906,
      23.640901565551758,
      12.09367561340332,
      27.65594482421875,
      7.629310607910156,
      17.8312931060791,
      4.8758931159973145,
      9.547229766845703,
      1.3611440658569336
    ],
    [
      18.162466049194336,
      13.243744850158691,
      8.399559020996094,
      5.764918804168701,
      23.704336166381836,
      19.408374786376953,
      36.36088180541992,
      20.331584930419922,
      31.474712371826172,
      19.80392074584961,
      32.654605865478516,
      13.383744239807129,
      37.969688415527344,
      9.918017387390137,
      24.83492660522461,
      6.375308990478516,
      12.861493110656738,
      1.5888948440551758
    ],
    [
      13.085149765014648,
      13.529585838317871,
      4.292277812957764,
      5.241395950317383,
      17.811748504638672,
      15.846643447875977,
      20.331584930419922,
      24.66583251953125,
      18.710298538208008,
      19.94881248474121,
      17.97867202758789,
      12.254538536071777,
      31.405351638793945,
      8.176529884338379,
      23.150365829467773,
      5.573755264282227,
      13.37289810180664,
      1.4537794589996338
    ],
    [
      27.01344108581543,
      18.169269561767578,
      8.643115043640137,
      7.3361334800720215,
      37.63467788696289,
      27.8275203704834,
      31.474712371826172,
      18.710298538208008,
      62.800628662109375,
      35.43675994873047,
      47.07265853881836,
      20.139324188232422,
      51.025054931640625,
      12.404624938964844,
      31.12857437133789,
      7.416641712188721,
      15.160982131958008,
      1.7551426887512207
    ],
    [
      16.088741302490234,
      14.837329864501953,
      6.063537120819092,
      6.785904407501221,
      27.241952896118164,
      24.668800354003906,
      19.80392074584961,
      19.94881248474121,
      35.43675994873047,
      33.72591018676758,
      27.490819931030273,
      16.690387725830078,
      38.60197067260742,
      9.901373863220215,
      26.692533493041992,
      6.3778581619262695,
      14.681154251098633,
      1.6478759050369263
    ],
    [
      27.863021850585938,
      17.576690673828125,
      12.373522758483887,
      8.388869285583496,
      29.386398315429688,
      23.640901565551758,
      32.654605865478516,
      17.97867202758789,
      47.07265853881836,
      27.490819931030273,
      61.229488372802734,
      21.955469131469727,
      68.05050659179688,
      17.370601654052734,
      52.93765640258789,
      14.575054168701172,
      27.89019012451172,
      3.857797384262085
    ],
    [
      11.912792205810547,
      9.79959487915039,
      3.7940337657928467,
      3.890228033065796,
      13.713274955749512,
      12.09367561340332,
      13.383744239807129,
      12.254538536071777,
      20.139324188232422,
      16.690387725830078,
      21.955469131469727,
      12.387429237365723,
      30.606609344482422,
      8.75699520111084,
      25.79985809326172,
      7.169501304626465,
      14.720962524414062,
      1.881377935409546
    ],
    [
      40.25309753417969,
      32.20307159423828,
      15.580642700195312,
      11.856274604797363,
      31.7193603515625,
      27.65594482421875,
      37.969688415527344,
      31.405351638793945,
      51.025054931640625,
      38.60197067260742,
      68.05050659179688,
      30.606609344482422,
      117.75432586669922,
      32.4047737121582,
      106.23521423339844,
      30.962308883666992,
      61.314022064208984,
      8.438539505004883
    ],
    [
      11.173702239990234,
      8.706899642944336,
      3.155935287475586,
      2.359740972518921,
      7.934819221496582,
      7.629310607910156,
      9.918017387390137,
      8.176529884338379,
      12.404624938964844,
      9.901373863220215,
      17.370601654052734,
      8.75699520111084,
      32.4047737121582,
      11.762532234191895,
      35.893314361572266,
      12.2027006149292,
      21.786588668823242,
      3.4054319858551025
    ],
    [
      35.582889556884766,
      28.755834579467773,
      12.14637279510498,
      8.289091110229492,
      17.182964324951172,
      17.8312931060791,
      24.83492660522461,
      23.150365829467773,
      31.12857437133789,
      26.692533493041992,
      52.93765640258789,
      25.79985809326172,
      106.23521423339844,
      35.893314361572266,
      126.9908447265625,
      41.34879684448242,
      76.24858093261719,
      11.171088218688965
    ],
    [
      10.305819511413574,
      8.146787643432617,
      2.9824628829956055,
      1.8709739446640015,
      3.8934664726257324,
      4.8758931159973145,
      6.375308990478516,
      5.573755264282227,
      7.416641712188721,
      6.3778581619262695,
      14.575054168701172,
      7.169501304626465,
      30.962308883666992,
      12.2027006149292,
      41.34879684448242,
      15.230202674865723,
      25.924560546875,
      4.362274646759033
    ],
    [
      19.9534854888916,
      17.406635284423828,
      6.8030500411987305,
      4.614226818084717,
      8.225618362426758,
      9.547229766845703,
      12.861493110656738,
      13.37289810180664,
      15.160982131958008,
      14.681154251098633,
      27.89019012451172,
      14.720962524414062,
      61.314022064208984,
      21.786588668823242,
      76.24858093261719,
      25.924560546875,
      48.00826644897461,
      7.396915435791016
    ],
    [
      2.6106042861938477,
      2.117825746536255,
      0.6417490839958191,
      0.46601125597953796,
      1.035749077796936,
      1.3611440658569336,
      1.5888948440551758,
      1.4537794589996338,
      1.7551426887512207,
      1.6478759050369263,
      3.857797384262085,
      1.881377935409546,
      8.438539505004883,
      3.4054319858551025,
      11.171088218688965,
      4.362274646759033,
      7.396915435791016,
      1.5385932922363281
    ]
  ],
  "covariance_short": [
    [
      60.24483108520508,
      28.66464614868164,
      14.51891803741455,
      11.549544334411621,
      16.34958267211914,
      13.352093696594238,
      13.093052864074707,
      9.05230712890625,
      23.773910522460938,
      11.775327682495117,
      27.785350799560547,
      8.287599563598633,
      26.185680389404297,
      7.07098388671875,
      18.002073287963867,
      5.555670738220215,
      8.298134803771973,
      1.0845223665237427
    ],
    [
      28.66464614868164,
      26.656423568725586,
      8.618803977966309,
      8.426568031311035,
      8.229390144348145,
      8.196606636047363,
      6.785819053649902,
      8.169185638427734,
      11.591874122619629,
      9.050958633422852,
      14.22536849975586,
      5.724824905395508,
      18.07914924621582,
      5.160097122192383,
      14.594078063964844,
      4.606976509094238,
      7.991092205047607,
      1.011752724647522
    ],
    [
      14.51891803741455,
      8.618803977966309,
      24.717647552490234,
      10.753499984741211,
      8.332145690917969,
      5.761502742767334,
      13.214529991149902,
      4.763714790344238,
      13.71357250213623,
      4.8973307609558105,
      20.425838470458984,
      4.176280975341797,
      14.741241455078125,
      2.54948091506958,
      7.380451679229736,
      1.5201809406280518,
      2.735764503479004,
      0.14060841500759125
    ],
    [
      11.549544334411621,
      8.426568031311035,
      10.753499984741211,
      17.29975700378418,
      6.1417155265808105,
      6.93983793258667,
      7.312943458557129,
      6.4592461585998535,
      8.36439037322998,
      6.3063788414001465,
      14.005205154418945,
      4.026520252227783,
      9.964845657348633,
      2.225196361541748,
      5.294331073760986,
      1.2491261959075928,
      2.4266743659973145,
      0.1958547830581665
    ],
    [
      16.34958267211914,
      8.229390144348145,
      8.332145690917969,
      6.1417155265808105,
      52.38722610473633,
      31.515764236450195,
      29.852231979370117,
      18.965744018554688,
      45.724403381347656,
      27.957592010498047,
      38.378440856933594,
      14.140804290771484,
      30.033599853515625,
      7.168461799621582,
      10.174179077148438,
      2.0555837154388428,
      3.6761767864227295,
      0.4490707814693451
    ],
    [
      13.352093696594238,
      8.196606636047363,
      5.761502742767334,
      6.93983793258667,
      31.515764236450195,
      36.554569244384766,
      20.512279510498047,
      18.53937530517578,
      30.478679656982422,
      25.073760986328125,
      29.552560806274414,
      12.677408218383789,
      24.875761032104492,
      7.417131423950195,
      12.749382019042969,
      3.744312286376953,
      6.035305500030518,
      0.8870843648910522
    ],
    [
      13.093052864074707,
      6.785819053649902,
      13.214529991149902,
      7.312943458557129,
      29.852231979370117,
      20.512279510498047,
      47.81946563720703,
      20.65598487854004,
      43.268035888671875,
      21.49759292602539,
      44.2562141418457,
      14.64280891418457,
      35.56832504272461,
      8.453369140625,
      13.430821418762207,
      3.0500030517578125,
      4.600409984588623,
      0.5899524688720703
    ],
    [
      9.05230712890625,
      8.169185638427734,
      4.763714790344238,
      6.4592461585998535,
      18.965744018554688,
      18.53937530517578,
      20.65598487854004,
      27.34316062927246,
      22.28683853149414,
      21.856521606445312,
      24.8823184967041,
      12.748357772827148,
      26.18744659423828,
      6.9908013343811035,
      14.652033805847168,
      3.3999171257019043,
      7.996710777282715,
      0.8159395456314087
    ],
    [
      23.773910522460938,
      11.591874122619629,
      13.71357250213623,
      8.36439037322998,
      45.724403381347656,
      30.478679656982422,
      43.268035888671875,
      22.28683853149414,
      81.0595703125,
      38.16295623779297,
      65.51270294189453,
      22.915756225585938,
      53.044010162353516,
      12.675088882446289,
      22.133520126342773,
      5.311956405639648,
      8.696930885314941,
      1.2290621995925903
    ],
    [
      11.775327682495117,
      9.050958633422852,
      4.8973307609558105,
      6.3063788414001465,
      27.957592010498047,
      25.073760986328125,
      21.49759292602539,
      21.856521606445312,
      38.16295623779297,
      35.078006744384766,
      33.40085220336914,
      16.464033126831055,
      31.669591903686523,
      8.835250854492188,
      16.973533630371094,
      4.187757968902588,
      8.684476852416992,
      0.9892878532409668
    ],
    [
      27.785350799560547,
      14.22536849975586,
      20.425838470458984,
      14.005205154418945,
      38.378440856933594,
      29.552560806274414,
      44.2562141418457,
      24.8823184967041,
      65.51270294189453,
      33.40085220336914,
      96.60781860351562,
      28.241731643676758,
      82.45027923583984,
      20.356163024902344,
      49.53872299194336,
      14.493070602416992,
      23.454240798950195,
      4.107967853546143
    ],
    [
      8.287599563598633,
      5.724824905395508,
      4.176280975341797,
      4.026520252227783,
      14.140804290771484,
      12.677408218383789,
      14.64280891418457,
      12.748357772827148,
      22.915756225585938,
      16.464033126831055,
      28.241731643676758,
      13.678489685058594,
      27.491743087768555,
      8.238224983215332,
      17.875442504882812,
      5.382809162139893,
      8.89411449432373,
      1.3393971920013428
    ],
    [
      26.185680389404297,
      18.07914924621582,
      14.741241455078125,
      9.964845657348633,
      30.033599853515625,
      24.875761032104492,
      35.56832504272461,
      26.18744659423828,
      53.044010162353516,
      31.669591903686523,
      82.45027923583984,
      27.491743087768555,
      106.660400390625,
      28.925151824951172,
      78.41924285888672,
      24.242321014404297,
      41.63974380493164,
      7.147675514221191
    ],
    [
      7.07098388671875,
      5.160097122192383,
      2.54948091506958,
      2.225196361541748,
      7.168461799621582,
      7.417131423950195,
      8.453369140625,
      6.9908013343811035,
      12.675088882446289,
      8.835250854492188,
      20.356163024902344,
      8.238224983215332,
      28.925151824951172,
      10.93286418914795,
      25.867658615112305,
      9.647553443908691,
      14.262866020202637,
      2.86584734916687
    ],
    [
      18.002073287963867,
      14.594078063964844,
      7.380451679229736,
      5.294331073760986,
      10.174179077148438,
      12.749382019042969,
      13.430821418762207,
      14.652033805847168,
      22.133520126342773,
      16.973533630371094,
      49.53872299194336,
      17.875442504882812,
      78.41924285888672,
      25.867658615112305,
      82.65811157226562,
      28.29009437561035,
      47.53297805786133,
      8.720279693603516
    ],
    [
      5.555670738220215,
      4.606976509094238,
      1.5201809406280518,
      1.2491261959075928,
      2.0555837154388428,
      3.744312286376953,
      3.0500030517578125,
      3.3999171257019043,
      5.311956405639648,
      4.187757968902588,
      14.493070602416992,
      5.382809162139893,
      24.242321014404297,
      9.647553443908691,
      28.29009437561035,
      11.785679817199707,
      16.85143280029297,
      3.780118942260742
    ],
    [
      8.298134803771973,
      7.991092205047607,
      2.735764503479004,
      2.4266743659973145,
      3.6761767864227295,
      6.035305500030518,
      4.600409984588623,
      7.996710777282715,
      8.696930885314941,
      8.684476852416992,
      23.454240798950195,
      8.89411449432373,
      41.63974380493164,
      14.262866020202637,
      47.53297805786133,
      16.85143280029297,
      31.478130340576172,
      6.141230583190918
    ],
    [
      1.0845223665237427,
      1.011752724647522,
      0.14060841500759125,
      0.1958547830581665,
      0.4490707814693451,
      0.8870843648910522,
      0.5899524688720703,
      0.8159395456314087,
      1.2290621995925903,
      0.9892878532409668,
      4.107967853546143,
      1.3393971920013428,
      7.147675514221191,
      2.86584734916687,
      8.720279693603516,
      3.780118942260742,
      6.141230583190918,
      1.84592604637146
    ]
  ],
  "damage": -11.397368431091309,
  "diff_bandwidth": 558.0457153320312,
  "dissonance": 4.33995917937783,
  "drr": 5.018153190612793,
  "dynamics": 4.243612289428711,
  "format": 1245190,
  "frames": 5125056,
  "loudness": -22.028915405273438,
  "loudness_range": 11.730827331542969,
  "loudness_range_short": 14.487122535705566,
  "lowpass_true_peak_15khz": -4.030351638793945,
  "mastering3_acoustic_entropies": [
    {
      "acoustic_entropy": 7.963160037994385,
      "acoustic_entropy_mono": 7.981904029846191,
      "band_eliminated_acoustic_entropies": [
        {
          "acoustic_entropy": 7.966466426849365,
          "acoustic_entropy_side": 7.963160514831543,
          "hz": 129.47220167065723
        },
        {
          "acoustic_entropy": 7.857527256011963,
          "acoustic_entropy_side": 7.963174343109131,
          "hz": 202.92927478742237
        },
        {
          "acoustic_entropy": 8.696703910827637,
          "acoustic_entropy_side": 7.963370323181152,
          "hz": 282.89161906338205
        },
        {
          "acoustic_entropy": 8.254921913146973,
          "acoustic_entropy_side": 7.963902950286865,
          "hz": 369.9353335868758
        },
        {
          "acoustic_entropy": 7.969455242156982,
          "acoustic_entropy_side": 7.958292484283447,
          "hz": 464.6875360973435
        },
        {
          "acoustic_entropy": 8.453274726867676,
          "acoustic_entropy_side": 7.970190048217773,
          "hz": 567.8308811364784
        },
        {
          "acoustic_entropy": 8.680452346801758,
          "acoustic_entropy_side": 7.965182304382324,
          "hz": 680.1084783214808
        },
        {
          "acoustic_entropy": 8.429625511169434,
          "acoustic_entropy_side": 7.971510887145996,
          "hz": 802.3292461747484
        },
        {
          "acoustic_entropy": 7.828054904937744,
          "acoustic_entropy_side": 7.96603536605835,
          "hz": 935.3737400823702
        },
        {
          "acoustic_entropy": 7.7937140464782715,
          "acoustic_entropy_side": 7.963138103485107,
          "hz": 1080.2004963696966
        },
        {
          "acoustic_entropy": 8.460418701171875,
          "acoustic_entropy_side": 7.963014602661133,
          "hz": 1237.8529382007157
        },
        {
          "acoustic_entropy": 7.900062561035156,
          "acoustic_entropy_side": 7.9631781578063965,
          "hz": 1409.4668930556702
        },
        {
          "acoustic_entropy": 8.537775039672852,
          "acoustic_entropy_side": 7.963622093200684,
          "hz": 1596.2787759475705
        },
        {
          "acoustic_entropy": 7.986567497253418,
          "acoustic_entropy_side": 7.963561058044434,
          "hz": 1799.6344973346393
        },
        {
          "acoustic_entropy": 8.081859588623047,
          "acoustic_entropy_side": 7.963161468505859,
          "hz": 2020.9991599069049
        },
        {
          "acoustic_entropy": 8.052778244018555,
          "acoustic_entropy_side": 7.963171005249023,
          "hz": 2261.9676141086993
        },
        {
          "acoustic_entropy": 7.936332702636719,
          "acoustic_entropy_side": 7.963202476501465,
          "hz": 2524.2759484456974
        },
        {
          "acoustic_entropy": 8.048120498657227,
          "acoustic_entropy_side": 7.963170051574707,
          "hz": 2809.813997359896
        },
        {
          "acoustic_entropy": 8.028685569763184,
          "acoustic_entropy_side": 7.963165283203125,
          "hz": 3120.6389567871424
        },
        {
          "acoustic_entropy": 8.135780334472656,
          "acoustic_entropy_side": 7.963170528411865,
          "hz": 3458.990205492291
        },
        {
          "acoustic_entropy": 8.026273727416992,
          "acoustic_entropy_side": 7.963162422180176,
          "hz": 3827.305438964164
        },
        {
          "acoustic_entropy": 8.003486633300781,
          "acoustic_entropy_side": 7.963162422180176,
          "hz": 4228.238232109126
        },
        {
          "acoustic_entropy": 7.921483039855957,
          "acoustic_entropy_side": 7.963159561157227,
          "hz": 4664.6771572759235
        },
        {
          "acoustic_entropy": 7.995047569274902,
          "acoustic_entropy_side": 7.963160037994385,
          "hz": 5139.766595350093
        },
        {
          "acoustic_entropy": 8.115078926086426,
          "acoustic_entropy_side": 7.963163375854492,
          "hz": 5656.929389854203
        },
        {
          "acoustic_entropy": 8.023232460021973,
          "acoustic_entropy_side": 7.963138580322266,
          "hz": 6219.891507268283
        },
        {
          "acoustic_entropy": 7.8540568351745605,
          "acoustic_entropy_side": 7.963144779205322,
          "hz": 6832.70888123896
        },
        {
          "acoustic_entropy": 7.951386451721191,
          "acoustic_entropy_side": 7.963130950927734,
          "hz": 7499.796634079867
        },
        {
          "acoustic_entropy": 7.936547756195068,
          "acoustic_entropy_side": 7.963001728057861,
          "hz": 8225.96088609342
        },
        {
          "acoustic_entropy": 7.649852275848389,
          "acoustic_entropy_side": 7.963151931762695,
          "hz": 9016.43338188839
        },
        {
          "acoustic_entropy": 7.932736873626709,
          "acoustic_entropy_side": 7.963159561157227,
          "hz": 9876.909183162974
        },
        {
          "acoustic_entropy": 7.906019687652588,
          "acoustic_entropy_side": 7.963159561157227,
          "hz": 10813.587699516042
        },
        {
          "acoustic_entropy": 7.937391757965088,
          "acoustic_entropy_side": 7.963127136230469,
          "hz": 11833.21735289826
        },
        {
          "acoustic_entropy": 7.640508651733398,
          "acoustic_entropy_side": 7.962942600250244,
          "hz": 12943.144197493959
        },
        {
          "acoustic_entropy": 7.773675918579102,
          "acoustic_entropy_side": 7.963156223297119,
          "hz": 14151.364845322005
        },
        {
          "acoustic_entropy": 7.883143901824951,
          "acoustic_entropy_side": 7.963156223297119,
          "hz": 15466.58407886509
        },
        {
          "acoustic_entropy": 7.9203057289123535,
          "acoustic_entropy_side": 7.9631571769714355,
          "hz": 16898.27756580493
        },
        {
          "acoustic_entropy": 7.960022449493408,
          "acoustic_entropy_side": 7.963160037994385,
          "hz": 18456.760127700032
        },
        {
          "acoustic_entropy": 7.963005065917969,
          "acoustic_entropy_side": 7.963160037994385,
          "hz": 20153.260054456492
        },
        {
          "acoustic_entropy": 7.963008880615234,
          "acoustic_entropy_side": 7.963160037994385,
          "hz": 22000.00000000001
        }
      ],
      "diff_acoustic_entropy": 7.115386962890625,
      "sn": 6
    },
    {
      "acoustic_entropy": 13.300315856933594,
      "acoustic_entropy_mono": 13.457560539245605,
      "band_eliminated_acoustic_entropies": [
        {
          "acoustic_entropy": 13.549212455749512,
          "acoustic_entropy_side": 13.300310134887695,
          "hz": 129.47220167065723
        },
        {
          "acoustic_entropy": 13.112409591674805,
          "acoustic_entropy_side": 13.300012588500977,
          "hz": 202.92927478742237
        },
        {
          "acoustic_entropy": 14.409106254577637,
          "acoustic_entropy_side": 13.299195289611816,
          "hz": 282.89161906338205
        },
        {
          "acoustic_entropy": 13.786896705627441,
          "acoustic_entropy_side": 13.295660972595215,
          "hz": 369.9353335868758
        },
        {
          "acoustic_entropy": 13.28689193725586,
          "acoustic_entropy_side": 13.282315254211426,
          "hz": 464.6875360973435
        },
        {
          "acoustic_entropy": 12.474221229553223,
          "acoustic_entropy_side": 13.321304321289062,
          "hz": 567.8308811364784
        },
        {
          "acoustic_entropy": 13.909886360168457,
          "acoustic_entropy_side": 13.37980842590332,
          "hz": 680.1084783214808
        },
        {
          "acoustic_entropy": 13.239603996276855,
          "acoustic_entropy_side": 13.36339282989502,
          "hz": 802.3292461747484
        },
        {
          "acoustic_entropy": 12.535515785217285,
          "acoustic_entropy_side": 13.333158493041992,
          "hz": 935.3737400823702
        },
        {
          "acoustic_entropy": 13.312992095947266,
          "acoustic_entropy_side": 13.300138473510742,
          "hz": 1080.2004963696966
        },
        {
          "acoustic_entropy": 13.473857879638672,
          "acoustic_entropy_side": 13.304010391235352,
          "hz": 1237.8529382007157
        },
        {
          "acoustic_entropy": 13.008478164672852,
          "acoustic_entropy_side": 13.302175521850586,
          "hz": 1409.4668930556702
        },
        {
          "acoustic_entropy": 13.098329544067383,
          "acoustic_entropy_side": 13.300505638122559,
          "hz": 1596.2787759475705
        },
        {
          "acoustic_entropy": 12.346718788146973,
          "acoustic_entropy_side": 13.29864501953125,
          "hz": 1799.6344973346393
        },
        {
          "acoustic_entropy": 14.011507034301758,
          "acoustic_entropy_side": 13.300419807434082,
          "hz": 2020.9991599069049
        },
        {
          "acoustic_entropy": 13.134344100952148,
          "acoustic_entropy_side": 13.300682067871094,
          "hz": 2261.9676141086993
        },
        {
          "acoustic_entropy": 13.09553050994873,
          "acoustic_entropy_side": 13.300667762756348,
          "hz": 2524.2759484456974
        },
        {
          "acoustic_entropy": 13.556918144226074,
          "acoustic_entropy_side": 13.300253868103027,
          "hz": 2809.813997359896
        },
        {
          "acoustic_entropy": 13.369004249572754,
          "acoustic_entropy_side": 13.30033016204834,
          "hz": 3120.6389567871424
        },
        {
          "acoustic_entropy": 13.483870506286621,
          "acoustic_entropy_side": 13.300280570983887,
          "hz": 3458.990205492291
        },
        {
          "acoustic_entropy": 13.091273307800293,
          "acoustic_entropy_side": 13.300308227539062,
          "hz": 3827.305438964164
        },
        {
          "acoustic_entropy": 13.333619117736816,
          "acoustic_entropy_side": 13.30031681060791,
          "hz": 4228.238232109126
        },
        {
          "acoustic_entropy": 13.345142364501953,
          "acoustic_entropy_side": 13.300313949584961,
          "hz": 4664.6771572759235
        },
        {
          "acoustic_entropy": 13.335297584533691,
          "acoustic_entropy_side": 13.300321578979492,
          "hz": 5139.766595350093
        },
        {
          "acoustic_entropy": 13.193838119506836,
          "acoustic_entropy_side": 13.300313949584961,
          "hz": 5656.929389854203
        },
        {
          "acoustic_entropy": 13.31143569946289,
          "acoustic_entropy_side": 13.300300598144531,
          "hz": 6219.891507268283
        },
        {
          "acoustic_entropy": 13.310486793518066,
          "acoustic_entropy_side": 13.30030345916748,
          "hz": 6832.70888123896
        },
        {
          "acoustic_entropy": 13.311714172363281,
          "acoustic_entropy_side": 13.300310134887695,
          "hz": 7499.796634079867
        },
        {
          "acoustic_entropy": 13.232781410217285,
          "acoustic_entropy_side": 13.300293922424316,
          "hz": 8225.96088609342
        },
        {
          "acoustic_entropy": 13.294378280639648,
          "acoustic_entropy_side": 13.300317764282227,
          "hz": 9016.43338188839
        },
        {
          "acoustic_entropy": 13.304885864257812,
          "acoustic_entropy_side": 13.300315856933594,
          "hz": 9876.909183162974
        },
        {
          "acoustic_entropy": 13.30051326751709,
          "acoustic_entropy_side": 13.300315856933594,
          "hz": 10813.587699516042
        },
        {
          "acoustic_entropy": 13.27772045135498,
          "acoustic_entropy_side": 13.300291061401367,
          "hz": 11833.21735289826
        },
        {
          "acoustic_entropy": 13.019231796264648,
          "acoustic_entropy_side": 13.300251960754395,
          "hz": 12943.144197493959
        },
        {
          "acoustic_entropy": 13.28888988494873,
          "acoustic_entropy_side": 13.300312995910645,
          "hz": 14151.364845322005
        },
        {
          "acoustic_entropy": 13.288755416870117,
          "acoustic_entropy_side": 13.300305366516113,
          "hz": 15466.58407886509
        },
        {
          "acoustic_entropy": 13.291580200195312,
          "acoustic_entropy_side": 13.30030632019043,
          "hz": 16898.27756580493
        },
        {
          "acoustic_entropy": 13.296539306640625,
          "acoustic_entropy_side": 13.300315856933594,
          "hz": 18456.760127700032
        },
        {
          "acoustic_entropy": 13.300188064575195,
          "acoustic_entropy_side": 13.300315856933594,
          "hz": 20153.260054456492
        },
        {
          "acoustic_entropy": 13.300204277038574,
          "acoustic_entropy_side": 13.300315856933594,
          "hz": 22000.00000000001
        }
      ],
      "diff_acoustic_entropy": 10.786762237548828,
      "sn": 12
    },
    {
      "acoustic_entropy": 18.55898094177246,
      "acoustic_entropy_mono": 18.406618118286133,
      "band_eliminated_acoustic_entropies": [
        {
          "acoustic_entropy": 18.165267944335938,
          "acoustic_entropy_side": 18.558837890625,
          "hz": 129.47220167065723
        },
        {
          "acoustic_entropy": 18.156705856323242,
          "acoustic_entropy_side": 18.582006454467773,
          "hz": 202.92927478742237
        },
        {
          "acoustic_entropy": 20.024456024169922,
          "acoustic_entropy_side": 18.59247398376465,
          "hz": 282.89161906338205
        },
        {
          "acoustic_entropy": 18.65455436706543,
          "acoustic_entropy_side": 18.67324447631836,
          "hz": 369.9353335868758
        },
        {
          "acoustic_entropy": 19.6224422454834,
          "acoustic_entropy_side": 18.808313369750977,
          "hz": 464.6875360973435
        },
        {
          "acoustic_entropy": 20.940492630004883,
          "acoustic_entropy_side": 18.848926544189453,
          "hz": 567.8308811364784
        },
        {
          "acoustic_entropy": 18.477758407592773,
          "acoustic_entropy_side": 18.497644424438477,
          "hz": 680.1084783214808
        },
        {
          "acoustic_entropy": 19.300151824951172,
          "acoustic_entropy_side": 17.913616180419922,
          "hz": 802.3292461747484
        },
        {
          "acoustic_entropy": 18.589799880981445,
          "acoustic_entropy_side": 18.205228805541992,
          "hz": 935.3737400823702
        },
        {
          "acoustic_entropy": 18.095420837402344,
          "acoustic_entropy_side": 18.614280700683594,
          "hz": 1080.2004963696966
        },
        {
          "acoustic_entropy": 18.90232276916504,
          "acoustic_entropy_side": 18.654714584350586,
          "hz": 1237.8529382007157
        },
        {
          "acoustic_entropy": 19.170089721679688,
          "acoustic_entropy_side": 18.447647094726562,
          "hz": 1409.4668930556702
        },
        {
          "acoustic_entropy": 20.655838012695312,
          "acoustic_entropy_side": 18.67875099182129,
          "hz": 1596.2787759475705
        },
        {
          "acoustic_entropy": 17.93955421447754,
          "acoustic_entropy_side": 18.643014907836914,
          "hz": 1799.6344973346393
        },
        {
          "acoustic_entropy": 19.602081298828125,
          "acoustic_entropy_side": 18.57866096496582,
          "hz": 2020.9991599069049
        },
        {
          "acoustic_entropy": 19.294397354125977,
          "acoustic_entropy_side": 18.552988052368164,
          "hz": 2261.9676141086993
        },
        {
          "acoustic_entropy": 17.944541931152344,
          "acoustic_entropy_side": 18.63759994506836,
          "hz": 2524.2759484456974
        },
        {
          "acoustic_entropy": 18.47026824951172,
          "acoustic_entropy_side": 18.555158615112305,
          "hz": 2809.813997359896
        },
        {
          "acoustic_entropy": 19.475406646728516,
