{
  "acoustic_entropy": 90.71696472167969,
  "bands": [
    {
      "high_freq": 148.1999969482422,
      "loudness": -46.01367950439453,
      "loudness_range": 26.69085121154785,
      "mid_mean": -42.7624626159668,
      "mid_to_side_loudness": -14.17807388305664,
      "mid_to_side_loudness_range": 12.3352689743042,
      "side_mean": -58.872066497802734
    },
    {
      "high_freq": 392.3793640136719,
      "loudness": -33.61145782470703,
      "loudness_range": 21.87498664855957,
      "low_freq": 148.1999969482422,
      "mid_mean": -31.06484603881836,
      "mid_to_side_loudness": -8.204691886901855,
      "mid_to_side_loudness_range": 20.434526443481445,
      "side_mean": -39.632633209228516
    },
    {
      "high_freq": 794.6976318359375,
      "loudness": -30.650897979736328,
      "loudness_range": 22.05219078063965,
      "low_freq": 392.3793640136719,
      "mid_mean": -28.440643310546875,
      "mid_to_side_loudness": -5.406698226928711,
      "mid_to_side_loudness_range": 9.166271209716797,
      "side_mean": -34.46430206298828
    },
    {
      "high_freq": 1457.5709228515625,
      "loudness": -37.07372283935547,
      "loudness_range": 25.3494873046875,
      "low_freq": 794.6976318359375,
      "mid_mean": -34.73268127441406,
      "mid_to_side_loudness": -5.45423698425293,
      "mid_to_side_loudness_range": 7.4076714515686035,
      "side_mean": -40.49046325683594
    },
    {
      "high_freq": 2549.74365234375,
      "loudness": -43.70529556274414,
      "loudness_range": 26.61275291442871,
      "low_freq": 1457.5709228515625,
      "mid_mean": -41.309146881103516,
      "mid_to_side_loudness": -6.166338920593262,
      "mid_to_side_loudness_range": 9.622623443603516,
      "side_mean": -51.624977111816406
    },
    {
      "high_freq": 4349.24462890625,
      "loudness": -58.39432144165039,
      "loudness_range": 28.62146759033203,
      "low_freq": 2549.74365234375,
      "mid_mean": -59.217491149902344,
      "mid_to_side_loudness": -4.4498090744018555,
      "mid_to_side_loudness_range": 8.0465669631958,
      "side_mean": -62.47280502319336
    },
    {
      "high_freq": 7314.1640625,
      "loudness": -78.50102233886719,
      "loudness_range": 19.611968994140625,
      "low_freq": 4349.24462890625,
      "mid_mean": -68.2797622680664,
      "mid_to_side_loudness": -2.317965507507324,
      "mid_to_side_loudness_range": 5.898043632507324,
      "side_mean": -69.10404205322266
    },
    {
      "high_freq": 12199.2666015625,
      "loudness": 0,
      "loudness_range": 0,
      "low_freq": 7314.1640625,
      "mid_mean": -69.60591888427734,
      "mid_to_side_loudness": -0.6080514192581177,
      "mid_to_side_loudness_range": 1.3296966552734375,
      "side_mean": -69.67028045654297
    },
    {
      "loudness": 0,
      "loudness_range": 0,
      "low_freq": 12199.2666015625,
      "mid_mean": -69.5423812866211,
      "mid_to_side_loudness": -0.2494620531797409,
      "mid_to_side_loudness_range": 0.6015167236328125,
      "side_mean": -69.56681060791016
    }
  ],
  "bands_short": [
    {
      "high_freq": 148.1999969482422,
      "loudness": -50.08883285522461,
      "loudness_range": 28.77895736694336,
      "mid_mean": -50.89728927612305,
      "mid_to_side_loudness": -17.166810989379883,
      "mid_to_side_loudness_range": 16.989395141601562,
      "side_mean": -63.86992645263672
    },
    {
      "high_freq": 392.3793640136719,
      "loudness": -34.06121826171875,
      "loudness_range": 21.046865463256836,
      "low_freq": 148.1999969482422,
      "mid_mean": -31.568586349487305,
      "mid_to_side_loudness": -8.127654075622559,
      "mid_to_side_loudness_range": 20.65485954284668,
      "side_mean": -41.63356018066406
    },
    {
      "high_freq": 794.6976318359375,
      "loudness": -30.680078506469727,
      "loudness_range": 23.021581649780273,
      "low_freq": 392.3793640136719,
      "mid_mean": -28.564611434936523,
      "mid_to_side_loudness": -5.351311683654785,
      "mid_to_side_loudness_range": 10.843942642211914,
      "side_mean": -34.59832763671875
    },
    {
      "high_freq": 1457.5709228515625,
      "loudness": -36.8546257019043,
      "loudness_range": 23.999738693237305,
      "low_freq": 794.6976318359375,
      "mid_mean": -34.69172668457031,
      "mid_to_side_loudness": -5.084960460662842,
      "mid_to_side_loudness_range": 8.392239570617676,
      "side_mean": -40.47170639038086
    },
    {
      "high_freq": 2549.74365234375,
      "loudness": -43.70583724975586,
      "loudness_range": 26.538715362548828,
      "low_freq": 1457.5709228515625,
      "mid_mean": -41.35650634765625,
      "mid_to_side_loudness": -5.927027225494385,
      "mid_to_side_loudness_range": 10.161975860595703,
      "side_mean": -52.183109283447266
    },
    {
      "high_freq": 4349.24462890625,
      "loudness": -59.14258575439453,
      "loudness_range": 28.756790161132812,
      "low_freq": 2549.74365234375,
      "mid_mean": -59.937347412109375,
      "mid_to_side_loudness": -4.07387638092041,
      "mid_to_side_loudness_range": 8.201287269592285,
      "side_mean": -62.8547477722168
    },
    {
      "high_freq": 7314.1640625,
      "loudness": -79.22159576416016,
      "loudness_range": 18.297080993652344,
      "low_freq": 4349.24462890625,
      "mid_mean": -68.54143524169922,
      "mid_to_side_loudness": -2.110724925994873,
      "mid_to_side_loudness_range": 6.5397772789001465,
      "side_mean": -69.2238998413086
    },
    {
      "high_freq": 12199.2666015625,
      "loudness": -81.34574127197266,
      "loudness_range": 1.7874298095703125,
      "low_freq": 7314.1640625,
      "mid_mean": -69.61215209960938,
      "mid_to_side_loudness": -0.5624425411224365,
      "mid_to_side_loudness_range": 1.9889695644378662,
      "side_mean": -69.67107391357422
    },
    {
      "loudness": 0,
      "loudness_range": 0,
      "low_freq": 12199.2666015625,
      "mid_mean": -69.54010772705078,
      "mid_to_side_loudness": -0.2595914900302887,
      "mid_to_side_loudness_range": 1.4108279943466187,
      "side_mean": -69.56478881835938
    }
  ],
  "bandwidth": 609.5958862304688,
  "channels": 2,
  "covariance": [
    [
      80.1699447631836,
      71.37291717529297,
      58.2129020690918,
      53.86735534667969,
      43.49921417236328,
      45.28447723388672,
      49.87235641479492,
      53.34050750732422,
      52.798851013183594,
      52.34377670288086,
      47.03725814819336,
      37.23111343383789,
      9.725192070007324,
      5.34787130355835,
      0.4916188716888428,
      0.08488243073225021,
      -0.13023656606674194,
      -0.18119986355304718
    ],
    [
      71.37291717529297,
      87.33677673339844,
      58.503665924072266,
      54.67621612548828,
      46.260799407958984,
      45.543617248535156,
      54.60631561279297,
      58.20682144165039,
      56.770530700683594,
      81.63275146484375,
      63.69634246826172,
      48.540283203125,
      11.488709449768066,
      5.620518684387207,
      0.6790686845779419,
      0.28200817108154297,
      0.2111082524061203,
      0.14331777393817902
    ],
    [
      58.2129020690918,
      58.503665924072266,
      80.76136016845703,
      60.555973052978516,
      61.80923843383789,
      52.30934143066406,
      67.88298034667969,
      65.74396514892578,
      67.44112396240234,
      67.76343536376953,
      66.72642517089844,
      53.4117317199707,
      14.883763313293457,
      7.4001593589782715,
      0.5485239624977112,
      0.06309180706739426,
      -0.19435206055641174,
      -0.2621007561683655
    ],
    [
      53.86735534667969,
      54.67621612548828,
      60.555973052978516,
      70.19632720947266,
      48.09447479248047,
      40.16585922241211,
      50.25617599487305,
      50.98074722290039,
      51.14761734008789,
      54.55595779418945,
      53.196868896484375,
      42.14946365356445,
      11.406033515930176,
      5.856868267059326,
      0.4708794951438904,
      0.0512961819767952,
      -0.1423521488904953,
      -0.19910874962806702
    ],
    [
      43.49921417236328,
      46.260799407958984,
      61.80923843383789,
      48.09447479248047,
      69.53870391845703,
      55.335731506347656,
      68.95410919189453,
      64.57149505615234,
      69.31172180175781,
      72.68727111816406,
      70.36219024658203,
      58.78041076660156,
      18.86418342590332,
      9.565464973449707,
      0.7580352425575256,
      0.14365015923976898,
      -0.22162885963916779,
      -0.30058205127716064
    ],
    [
      45.28447723388672,
      45.543617248535156,
      52.30934143066406,
      40.16585922241211,
      55.335731506347656,
      53.35688400268555,
      56.50739288330078,
      56.23735046386719,
      57.2700309753418,
      58.29753112792969,
      55.283485412597656,
      46.147090911865234,
      14.549912452697754,
      7.352266788482666,
      0.5966741442680359,
      0.11727071553468704,
      -0.16542933881282806,
      -0.23112210631370544
    ],
    [
      49.87235641479492,
      54.60631561279297,
      67.88298034667969,
      50.25617599487305,
      68.95410919189453,
      56.50739288330078,
      87.85787200927734,
      78.20398712158203,
      79.6778335571289,
      79.5423355102539,
      78.4401626586914,
      64.32624053955078,
      20.43389892578125,
      9.761271476745605,
      0.8386836647987366,
      0.17238788306713104,
      -0.24126751720905304,
      -0.3227500915527344
    ],
    [
      53.34050750732422,
      58.20682144165039,
      65.74396514892578,
      50.98074722290039,
      64.57149505615234,
      56.23735046386719,
      78.20398712158203,
      80.0788345336914,
      76.1832275390625,
      75.09806060791016,
      72.10729217529297,
      58.39931869506836,
      17.152637481689453,
      8.334346771240234,
      0.7116972804069519,
      0.1342633217573166,
      -0.20307716727256775,
      -0.276313841342926
    ],
    [
      52.798851013183594,
      56.770530700683594,
      67.44112396240234,
      51.14761734008789,
      69.31172180175781,
      57.2700309753418,
      79.6778335571289,
      76.1832275390625,
      86.17120361328125,
      83.13756561279297,
      77.42003631591797,
      62.84612274169922,
      20.319236755371094,
      10.0987548828125,
      0.8223919868469238,
      0.1653403639793396,
      -0.2283608764410019,
      -0.30708083510398865
    ],
    [
      52.34377670288086,
      81.63275146484375,
      67.76343536376953,
      54.55595779418945,
      72.68727111816406,
      58.29753112792969,
      79.5423355102539,
      75.09806060791016,
      83.13756561279297,
      136.96327209472656,
      105.13465118408203,
      81.04056549072266,
      22.724275588989258,
      11.290321350097656,
      1.2850319147109985,
      0.5371515154838562,
      0.3346521258354187,
      0.2165919840335846
    ],
    [
      47.03725814819336,
      63.69634246826172,
      66.72642517089844,
      53.196868896484375,
      70.36219024658203,
      55.283485412597656,
      78.4401626586914,
      72.10729217529297,
      77.42003631591797,
      105.13465118408203,
      94.56336975097656,
      73.97331237792969,
      22.235057830810547,
      11.010931015014648,
      1.1465362310409546,
      0.403542697429657,
      0.11075478047132492,
      0.005458183586597443
    ],
    [
      37.23111343383789,
      48.540283203125,
      53.4117317199707,
      42.14946365356445,
      58.78041076660156,
      46.147090911865234,
      64.32624053955078,
      58.39931869506836,
      62.84612274169922,
      81.04056549072266,
      73.97331237792969,
      60.87472915649414,
      19.317209243774414,
      9.814249992370605,
      1.007054328918457,
      0.33478063344955444,
      0.04172295704483986,
      -0.04659571126103401
    ],
    [
      9.725192070007324,
      11.488709449768066,
      14.883763313293457,
      11.406033515930176,
      18.86418342590332,
      14.549912452697754,
      20.43389892578125,
      17.152637481689453,
      20.319236755371094,
      22.724275588989258,
      22.235057830810547,
      19.317209243774414,
      9.251254081726074,
      5.074609756469727,
      0.5408336520195007,
      0.16760943830013275,
      -0.020575664937496185,
      -0.05603048577904701
    ],
    [
      5.34787130355835,
      5.620518684387207,
      7.4001593589782715,
      5.856868267059326,
      9.565464973449707,
      7.352266788482666,
      9.761271476745605,
      8.334346771240234,
      10.0987548828125,
      11.290321350097656,
      11.010931015014648,
      9.814249992370605,
      5.074609756469727,
      3.082002639770508,
      0.34408894181251526,
      0.10693299025297165,
      -0.012064662761986256,
      -0.031067445874214172
    ],
    [
      0.4916188716888428,
      0.6790686845779419,
      0.5485239624977112,
      0.4708794951438904,
      0.7580352425575256,
      0.5966741442680359,
      0.8386836647987366,
      0.7116972804069519,
      0.8223919868469238,
      1.2850319147109985,
      1.1465362310409546,
      1.007054328918457,
      0.5408336520195007,
      0.34408894181251526,
      0.0582418330013752,
      0.022492431104183197,
      0.006676767952740192,
      0.004157469142228365
    ],
    [
      0.08488243073225021,
      0.28200817108154297,
      0.06309180706739426,
      0.0512961819767952,
      0.14365015923976898,
      0.11727071553468704,
      0.17238788306713104,
      0.1342633217573166,
      0.1653403639793396,
      0.5371515154838562,
      0.403542697429657,
      0.33478063344955444,
      0.16760943830013275,
      0.10693299025297165,
      0.022492431104183197,
      0.010964283719658852,
      0.007210761774331331,
      0.006269215140491724
    ],
    [
      -0.13023656606674194,
      0.2111082524061203,
      -0.19435206055641174,
      -0.1423521488904953,
      -0.22162885963916779,
      -0.16542933881282806,
      -0.24126751720905304,
      -0.20307716727256775,
      -0.2283608764410019,
      0.3346521258354187,
      0.11075478047132492,
      0.04172295704483986,
      -0.020575664937496185,
      -0.012064662761986256,
      0.006676767952740192,
      0.007210761774331331,
      0.012173883616924286,
      0.01163870096206665
    ],
    [
      -0.18119986355304718,
      0.14331777393817902,
      -0.2621007561683655,
      -0.19910874962806702,
      -0.30058205127716064,
      -0.23112210631370544,
      -0.3227500915527344,
      -0.276313841342926,
      -0.30708083510398865,
      0.2165919840335846,
      0.005458183586597443,
      -0.04659571126103401,
      -0.05603048577904701,
      -0.031067445874214172,
      0.004157469142228365,
      0.006269215140491724,
      0.01163870096206665,
      0.011590124107897282
    ]
  ],
  "covariance_short": [
    [
      162.6976318359375,
      75.97273254394531,
      64.88367462158203,
      76.36388397216797,
      49.51022720336914,
      48.46384048461914,
      54.00078201293945,
      60.415191650390625,
      58.385005950927734,
      122.39543151855469,
      82.92354583740234,
      63.74928665161133,
      12.885890007019043,
      6.782586574554443,
      1.0131661891937256,
      0.4811886250972748,
      0.4212211072444916,
      0.318203330039978
    ],
    [
      75.97273254394531,
      46.0601921081543,
      41.57215881347656,
      45.48237228393555,
      33.346248626708984,
      31.8236026763916,
      35.369956970214844,
      39.05503463745117,
      38.84169006347656,
      55.68401336669922,
      41.31843566894531,
      32.745155334472656,
      6.41457462310791,
      3.3223581314086914,
      0.4219849109649658,
      0.16153007745742798,
      0.09263932704925537,
      0.0408802330493927
    ],
    [
      64.88367462158203,
      41.57215881347656,
      79.96928405761719,
      72.57415008544922,
      61.74238586425781,
      53.78673553466797,
      64.46070861816406,
      69.55367279052734,
      66.05897521972656,
      67.08702850341797,
      61.29351043701172,
      50.16132354736328,
      12.350749969482422,
      6.1522908210754395,
      0.5028172135353088,
      0.07032135128974915,
      -0.19897229969501495,
      -0.2702074348926544
    ],
    [
      76.36388397216797,
      45.48237228393555,
      72.57415008544922,
      100.96058654785156,
      53.82607650756836,
      50.60338592529297,
      58.72670364379883,
      63.652252197265625,
      58.6490592956543,
      67.60472106933594,
      58.45381164550781,
      47.04247283935547,
      10.789202690124512,
      5.515507221221924,
      0.4759509861469269,
      0.06119164824485779,
      -0.1636895388364792,
      -0.22355805337429047
    ],
    [
      49.51022720336914,
      33.346248626708984,
      61.74238586425781,
      53.82607650756836,
      76.32291412353516,
      58.60336685180664,
      67.78113555908203,
      69.60114288330078,
      70.5309829711914,
      75.38482666015625,
      70.59160614013672,
      59.889930725097656,
      17.75603675842285,
      8.914620399475098,
      0.7731905579566956,
      0.1583402454853058,
      -0.2458868771791458,
      -0.33855587244033813
    ],
    [
      48.46384048461914,
      31.8236026763916,
      53.78673553466797,
      50.60338592529297,
      58.60336685180664,
      56.945587158203125,
      55.37416458129883,
      60.806983947753906,
      57.885459899902344,
      60.44340896606445,
      54.264503479003906,
      45.81827163696289,
      13.247758865356445,
      6.755439281463623,
      0.6079548597335815,
      0.13263393938541412,
      -0.18133994936943054,
      -0.2558290362358093
    ],
    [
      54.00078201293945,
      35.369956970214844,
      64.46070861816406,
      58.72670364379883,
      67.78113555908203,
      55.37416458129883,
      82.69378662109375,
      77.60904693603516,
      76.13543701171875,
      76.67121124267578,
      73.0313491821289,
      60.83525848388672,
      17.667837142944336,
      8.556732177734375,
      0.8562838435173035,
      0.1984865516424179,
      -0.2465389370918274,
      -0.3366222083568573
    ],
    [
      60.415191650390625,
      39.05503463745117,
      69.55367279052734,
      63.652252197265625,
      69.60114288330078,
      60.806983947753906,
      77.60904693603516,
      85.6668930053711,
      77.35035705566406,
      80.5693588256836,
      72.34447479248047,
      59.39647674560547,
      15.858380317687988,
      7.773776054382324,
      0.7334481477737427,
      0.15658406913280487,
      -0.2246561348438263,
      -0.3094366192817688
    ],
    [
      58.385005950927734,
      38.84169006347656,
      66.05897521972656,
      58.6490592956543,
      70.5309829711914,
      57.885459899902344,
      76.13543701171875,
      77.35035705566406,
      88.33474731445312,
      82.87311553955078,
      74.70795440673828,
      61.71772384643555,
      18.35350227355957,
      9.195462226867676,
      0.8397206664085388,
      0.19132117927074432,
      -0.23939508199691772,
      -0.33235564827919006
    ],
    [
      122.39543151855469,
      55.68401336669922,
      67.08702850341797,
      67.60472106933594,
      75.38482666015625,
      60.44340896606445,
      76.67121124267578,
      80.5693588256836,
      82.87311553955078,
      142.7637176513672,
      103.4059066772461,
      80.70672607421875,
      20.088993072509766,
      9.969865798950195,
      1.2615489959716797,
      0.5412935614585876,
      0.30513978004455566,
      0.179358571767807
    ],
    [
      82.92354583740234,
      41.31843566894531,
      61.29351043701172,
      58.45381164550781,
      70.59160614013672,
      54.264503479003906,
      73.0313491821289,
      72.34447479248047,
      74.70795440673828,
      103.4059066772461,
      89.90132904052734,
      70.66665649414062,
      19.45172691345215,
      9.749083518981934,
      1.1336324214935303,
      0.4160597026348114,
      0.08259966969490051,
      -0.028191184625029564
    ],
    [
      63.74928665161133,
      32.745155334472656,
      50.16132354736328,
      47.04247283935547,
      59.889930725097656,
      45.81827163696289,
      60.83525848388672,
      59.39647674560547,
      61.71772384643555,
      80.70672607421875,
      70.66665649414062,
      59.004581451416016,
      16.997594833374023,
      8.721537590026855,
      1.0042153596878052,
      0.3524899184703827,
      0.02116440422832966,
      -0.07380729913711548
    ],
    [
      12.885890007019043,
      6.41457462310791,
      12.350749969482422,
      10.789202690124512,
      17.75603675842285,
      13.247758865356445,
      17.667837142944336,
      15.858380317687988,
      18.35350227355957,
      20.088993072509766,
      19.45172691345215,
      16.997594833374023,
      8.31711483001709,
      4.597130298614502,
      0.5714985132217407,
      0.19786189496517181,
      -0.029081307351589203,
      -0.06660402566194534
    ],
    [
      6.782586574554443,
      3.3223581314086914,
      6.1522908210754395,
      5.515507221221924,
      8.914620399475098,
      6.755439281463623,
      8.556732177734375,
      7.773776054382324,
      9.195462226867676,
      9.969865798950195,
      9.749083518981934,
      8.721537590026855,
      4.597130298614502,
      2.938462734222412,
      0.37474629282951355,
      0.1339985579252243,
      -0.015940455719828606,
      -0.03620890527963638
    ],
    [
      1.0131661891937256,
      0.4219849109649658,
      0.5028172135353088,
      0.4759509861469269,
      0.7731905579566956,
      0.6079548597335815,
      0.8562838435173035,
      0.7334481477737427,
      0.8397206664085388,
      1.2615489959716797,
      1.1336324214935303,
      1.0042153596878052,
      0.5714985132217407,
      0.37474629282951355,
      0.09456492960453033,
      0.04057296738028526,
      0.0060123722068965435,
      0.0026466157287359238
    ],
    [
      0.4811886250972748,
      0.16153007745742798,
      0.07032135128974915,
      0.06119164824485779,
      0.1583402454853058,
      0.13263393938541412,
      0.1984865516424179,
      0.15658406913280487,
      0.19132117927074432,
      0.5412935614585876,
      0.4160597026348114,
      0.3524899184703827,
      0.19786189496517181,
      0.1339985579252243,
      0.04057296738028526,
      0.021535640582442284,
      0.006906835827976465,
      0.005635281093418598
    ],
    [
      0.4212211072444916,
      0.09263932704925537,
      -0.19897229969501495,
      -0.1636895388364792,
      -0.2458868771791458,
      -0.18133994936943054,
      -0.2465389370918274,
      -0.2246561348438263,
      -0.23939508199691772,
      0.30513978004455566,
      0.08259966969490051,
      0.02116440422832966,
      -0.029081307351589203,
      -0.015940455719828606,
      0.0060123722068965435,
      0.006906835827976465,
      0.013451945036649704,
      0.011987314559519291
    ],
    [
      0.318203330039978,
      0.0408802330493927,
      -0.2702074348926544,
      -0.22355805337429047,
      -0.33855587244033813,
      -0.2558290362358093,
      -0.3366222083568573,
      -0.3094366192817688,
      -0.33235564827919006,
      0.179358571767807,
      -0.028191184625029564,
      -0.07380729913711548,
      -0.06660402566194534,
      -0.03620890527963638,
      0.0026466157287359238,
      0.005635281093418598,
      0.011987314559519291,
      0.012969821691513062
    ]
  ],
  "damage": -12.848034858703613,
  "diff_bandwidth": 634.096435546875,
  "dissonance": 3.722698003110584,
  "drr": 1.274237036705017,
  "dynamics": 7.330901145935059,
  "format": 1245190,
  "frames": 2629632,
  "loudness": -23.413095474243164,
  "loudness_range": 21.331022262573242,
  "loudness_range_short": 21.865570068359375,
  "lowpass_true_peak_15khz": -2.2003557682037354,
  "mastering3_acoustic_entropies": [
    {
      "acoustic_entropy": 5.458948135375977,
      "acoustic_entropy_mono": 5.2874298095703125,
      "band_eliminated_acoustic_entropies": [
        {
          "acoustic_entropy": 5.454107761383057,
          "acoustic_entropy_side": 5.458954334259033,
          "hz": 129.47220167065723
        },
        {
          "acoustic_entropy": 5.565544128417969,
          "acoustic_entropy_side": 5.461597442626953,
          "hz": 202.92927478742237
        },
        {
          "acoustic_entropy": 5.550660610198975,
          "acoustic_entropy_side": 5.535694122314453,
          "hz": 282.89161906338205
        },
        {
          "acoustic_entropy": 5.654111862182617,
          "acoustic_entropy_side": 5.482418537139893,
          "hz": 369.9353335868758
        },
        {
          "acoustic_entropy": 5.532570838928223,
          "acoustic_entropy_side": 5.644730567932129,
          "hz": 464.6875360973435
        },
        {
          "acoustic_entropy": 5.864437103271484,
          "acoustic_entropy_side": 5.533684253692627,
          "hz": 567.8308811364784
        },
        {
          "acoustic_entropy": 4.665167331695557,
          "acoustic_entropy_side": 5.492124080657959,
          "hz": 680.1084783214808
        },
        {
          "acoustic_entropy": 5.60733699798584,
          "acoustic_entropy_side": 5.456823348999023,
          "hz": 802.3292461747484
        },
        {
          "acoustic_entropy": 4.788153648376465,
          "acoustic_entropy_side": 5.461150169372559,
          "hz": 935.3737400823702
        },
        {
          "acoustic_entropy": 5.104654788970947,
          "acoustic_entropy_side": 5.47698974609375,
          "hz": 1080.2004963696966
        },
        {
          "acoustic_entropy": 5.583683967590332,
          "acoustic_entropy_side": 5.323716640472412,
          "hz": 1237.8529382007157
        },
        {
          "acoustic_entropy": 5.389256000518799,
          "acoustic_entropy_side": 5.424947261810303,
          "hz": 1409.4668930556702
        },
        {
          "acoustic_entropy": 5.281416416168213,
          "acoustic_entropy_side": 5.387389183044434,
          "hz": 1596.2787759475705
        },
        {
          "acoustic_entropy": 5.193454265594482,
          "acoustic_entropy_side": 5.376150608062744,
          "hz": 1799.6344973346393
        },
        {
          "acoustic_entropy": 5.373269081115723,
          "acoustic_entropy_side": 5.43227481842041,
          "hz": 2020.9991599069049
        },
        {
          "acoustic_entropy": 5.389936447143555,
          "acoustic_entropy_side": 5.439920425415039,
          "hz": 2261.9676141086993
        },
        {
          "acoustic_entropy": 5.351857662200928,
          "acoustic_entropy_side": 5.4313483238220215,
          "hz": 2524.2759484456974
        },
        {
          "acoustic_entropy": 5.459355354309082,
          "acoustic_entropy_side": 5.456332683563232,
          "hz": 2809.813997359896
        },
        {
          "acoustic_entropy": 5.4627532958984375,
          "acoustic_entropy_side": 5.4571661949157715,
          "hz": 3120.6389567871424
        },
        {
          "acoustic_entropy": 5.454836845397949,
          "acoustic_entropy_side": 5.457969665527344,
          "hz": 3458.990205492291
        },
        {
          "acoustic_entropy": 5.4562811851501465,
          "acoustic_entropy_side": 5.45852518081665,
          "hz": 3827.305438964164
        },
        {
          "acoustic_entropy": 5.457819938659668,
          "acoustic_entropy_side": 5.45888090133667,
          "hz": 4228.238232109126
        },
        {
          "acoustic_entropy": 5.458620071411133,
          "acoustic_entropy_side": 5.458933353424072,
          "hz": 4664.6771572759235
        },
        {
          "acoustic_entropy": 5.45891809463501,
          "acoustic_entropy_side": 5.458946228027344,
          "hz": 5139.766595350093
        },
        {
          "acoustic_entropy": 5.458946704864502,
          "acoustic_entropy_side": 5.458948135375977,
          "hz": 5656.929389854203
        },
        {
          "acoustic_entropy": 5.458948135375977,
          "acoustic_entropy_side": 5.458948135375977,
          "hz": 6219.891507268283
        },
        {
          "acoustic_entropy": 5.458948135375977,
          "acoustic_entropy_side": 5.458948135375977,
          "hz": 6832.70888123896
        },
        {
          "acoustic_entropy": 5.458948612213135,
          "acoustic_entropy_side": 5.458948135375977,
          "hz": 7499.796634079867
        },
        {
          "acoustic_entropy": 5.458948135375977,
          "acoustic_entropy_side": 5.458948135375977,
          "hz": 8225.96088609342
        },
        {
          "acoustic_entropy": 5.458948135375977,
          "acoustic_entropy_side": 5.458948135375977,
          "hz": 9016.43338188839
        },
        {
          "acoustic_entropy": 5.458948135375977,
          "acoustic_entropy_side": 5.458948135375977,
          "hz": 9876.909183162974
        },
        {
          "acoustic_entropy": 5.458948135375977,
          "acoustic_entropy_side": 5.458948135375977,
          "hz": 10813.587699516042
        },
        {
          "acoustic_entropy": 5.458948135375977,
          "acoustic_entropy_side": 5.458948135375977,
          "hz": 11833.21735289826
        },
        {
          "acoustic_entropy": 5.458948135375977,
          "acoustic_entropy_side": 5.458948135375977,
          "hz": 12943.144197493959
        },
        {
          "acoustic_entropy": 5.458948135375977,
          "acoustic_entropy_side": 5.458948135375977,
          "hz": 14151.364845322005
        },
        {
          "acoustic_entropy": 5.458948135375977,
          "acoustic_entropy_side": 5.458948135375977,
          "hz": 15466.58407886509
        },
        {
          "acoustic_entropy": 5.458948135375977,
          "acoustic_entropy_side": 5.458948135375977,
          "hz": 16898.27756580493
        },
        {
          "acoustic_entropy": 5.458948135375977,
          "acoustic_entropy_side": 5.458948135375977,
          "hz": 18456.760127700032
        },
        {
          "acoustic_entropy": 5.458948135375977,
          "acoustic_entropy_side": 5.458948135375977,
          "hz": 20153.260054456492
        },
        {
          "acoustic_entropy": 5.458948135375977,
          "acoustic_entropy_side": 5.458948135375977,
          "hz": 22000.00000000001
        }
      ],
      "diff_acoustic_entropy": 2.8124938011169434,
      "sn": 6
    },
    {
      "acoustic_entropy": 6.810887336730957,
      "acoustic_entropy_mono": 6.3177056312561035,
      "band_eliminated_acoustic_entropies": [
        {
          "acoustic_entropy": 6.826442241668701,
          "acoustic_entropy_side": 6.810901641845703,
          "hz": 129.47220167065723
        },
        {
          "acoustic_entropy": 7.145122528076172,
          "acoustic_entropy_side": 6.7946085929870605,
          "hz": 202.92927478742237
        },
        {
          "acoustic_entropy": 6.772308349609375,
          "acoustic_entropy_side": 6.974733829498291,
          "hz": 282.89161906338205
        },
        {
          "acoustic_entropy": 7.59023904800415,
          "acoustic_entropy_side": 6.916008472442627,
          "hz": 369.9353335868758
        },
        {
          "acoustic_entropy": 7.157450199127197,
          "acoustic_entropy_side": 6.827243328094482,
          "hz": 464.6875360973435
        },
        {
          "acoustic_entropy": 7.065391540527344,
          "acoustic_entropy_side": 6.743703365325928,
          "hz": 567.8308811364784
        },
        {
          "acoustic_entropy": 6.64242696762085,
          "acoustic_entropy_side": 7.059953212738037,
          "hz": 680.1084783214808
        },
        {
          "acoustic_entropy": 7.137570381164551,
          "acoustic_entropy_side": 6.738604545593262,
          "hz": 802.3292461747484
        },
        {
          "acoustic_entropy": 6.631907939910889,
          "acoustic_entropy_side": 6.755437850952148,
          "hz": 935.3737400823702
        },
        {
          "acoustic_entropy": 7.0386643409729,
          "acoustic_entropy_side": 7.067408084869385,
          "hz": 1080.2004963696966
        },
        {
          "acoustic_entropy": 7.281580924987793,
          "acoustic_entropy_side": 6.75272798538208,
          "hz": 1237.8529382007157
        },
        {
          "acoustic_entropy": 6.8884196281433105,
          "acoustic_entropy_side": 6.730535984039307,
          "hz": 1409.4668930556702
        },
        {
          "acoustic_entropy": 6.495656490325928,
          "acoustic_entropy_side": 6.840270042419434,
          "hz": 1596.2787759475705
        },
        {
          "acoustic_entropy": 7.021723747253418,
          "acoustic_entropy_side": 6.969882965087891,
          "hz": 1799.6344973346393
        },
        {
          "acoustic_entropy": 6.736003398895264,
          "acoustic_entropy_side": 6.830194473266602,
          "hz": 2020.9991599069049
        },
        {
          "acoustic_entropy": 6.926270008087158,
          "acoustic_entropy_side": 6.935887336730957,
          "hz": 2261.9676141086993
        },
        {
          "acoustic_entropy": 7.1167707443237305,
          "acoustic_entropy_side": 6.884673595428467,
          "hz": 2524.2759484456974
        },
        {
          "acoustic_entropy": 6.937519073486328,
          "acoustic_entropy_side": 6.845050811767578,
          "hz": 2809.813997359896
        },
        {
          "acoustic_entropy": 6.965505123138428,
          "acoustic_entropy_side": 6.83396053314209,
          "hz": 3120.6389567871424
        },
        {
          "acoustic_entropy": 6.860772132873535,
          "acoustic_entropy_side": 6.820164203643799,
          "hz": 3458.990205492291
        },
        {
          "acoustic_entropy": 6.839828968048096,
          "acoustic_entropy_side": 6.8143205642700195,
          "hz": 3827.305438964164
        },
        {
          "acoustic_entropy": 6.820676803588867,
          "acoustic_entropy_side": 6.811778545379639,
          "hz": 4228.238232109126
        },
        {
          "acoustic_entropy": 6.813000679016113,
          "acoustic_entropy_side": 6.811019420623779,
          "hz": 4664.6771572759235
        },
        {
          "acoustic_entropy": 6.81113338470459,
          "acoustic_entropy_side": 6.810907363891602,
          "hz": 5139.766595350093
        },
        {
          "acoustic_entropy": 6.810926914215088,
          "acoustic_entropy_side": 6.8108930587768555,
          "hz": 5656.929389854203
        },
        {
          "acoustic_entropy": 6.810894012451172,
          "acoustic_entropy_side": 6.810888767242432,
          "hz": 6219.891507268283
        },
        {
          "acoustic_entropy": 6.8108906745910645,
          "acoustic_entropy_side": 6.810887336730957,
          "hz": 6832.70888123896
        },
        {
          "acoustic_entropy": 6.81088924407959,
          "acoustic_entropy_side": 6.810887336730957,
          "hz": 7499.796634079867
        },
        {
          "acoustic_entropy": 6.810887813568115,
          "acoustic_entropy_side": 6.810887336730957,
          "hz": 8225.96088609342
        },
        {
          "acoustic_entropy": 6.810887336730957,
          "acoustic_entropy_side": 6.810887336730957,
          "hz": 9016.43338188839
        },
        {
          "acoustic_entropy": 6.810887336730957,
          "acoustic_entropy_side": 6.810887336730957,
          "hz": 9876.909183162974
        },
        {
          "acoustic_entropy": 6.810887336730957,
          "acoustic_entropy_side": 6.810887336730957,
          "hz": 10813.587699516042
        },
        {
          "acoustic_entropy": 6.810887336730957,
          "acoustic_entropy_side": 6.810887336730957,
          "hz": 11833.21735289826
        },
        {
          "acoustic_entropy": 6.810887336730957,
          "acoustic_entropy_side": 6.810887336730957,
          "hz": 12943.144197493959
        },
        {
          "acoustic_entropy": 6.810887336730957,
          "acoustic_entropy_side": 6.810887336730957,
          "hz": 14151.364845322005
        },
        {
          "acoustic_entropy": 6.810887336730957,
          "acoustic_entropy_side": 6.810887336730957,
          "hz": 15466.58407886509
        },
        {
          "acoustic_entropy": 6.810887336730957,
          "acoustic_entropy_side": 6.810887336730957,
          "hz": 16898.27756580493
        },
        {
          "acoustic_entropy": 6.810887336730957,
          "acoustic_entropy_side": 6.810887336730957,
          "hz": 18456.760127700032
        },
        {
          "acoustic_entropy": 6.810887336730957,
          "acoustic_entropy_side": 6.810887336730957,
          "hz": 20153.260054456492
        },
        {
          "acoustic_entropy": 6.810887336730957,
          "acoustic_entropy_side": 6.810887336730957,
          "hz": 22000.00000000001
        }
      ],
      "diff_acoustic_entropy": 3.480228900909424,
      "sn": 12
    },
    {
      "acoustic_entropy": 11.553971290588379,
      "acoustic_entropy_mono": 10.160377502441406,
      "band_eliminated_acoustic_entropies": [
        {
          "acoustic_entropy": 11.667068481445312,
          "acoustic_entropy_side": 11.556037902832031,
          "hz": 129.47220167065723
        },
        {
          "acoustic_entropy": 11.737105369567871,
          "acoustic_entropy_side": 11.637795448303223,
          "hz": 202.92927478742237
        },
        {
          "acoustic_entropy": 11.807758331298828,
          "acoustic_entropy_side": 11.727402687072754,
          "hz": 282.89161906338205
        },
        {
          "acoustic_entropy": 11.86375617980957,
          "acoustic_entropy_side": 11.705376625061035,
          "hz": 369.9353335868758
        },
        {
          "acoustic_entropy": 10.790921211242676,
          "acoustic_entropy_side": 10.84435749053955,
          "hz": 464.6875360973435
        },
        {
          "acoustic_entropy": 12.033318519592285,
          "acoustic_entropy_side": 12.033684730529785,
          "hz": 567.8308811364784
        },
        {
          "acoustic_entropy": 11.178193092346191,
          "acoustic_entropy_side": 11.519206047058105,
          "hz": 680.1084783214808
        },
        {
          "acoustic_entropy": 11.553999900817871,
          "acoustic_entropy_side": 11.584757804870605,
          "hz": 802.3292461747484
        },
        {
          "acoustic_entropy": 11.907999038696289,
          "acoustic_entropy_side": 11.639744758605957,
          "hz": 935.3737400823702
        },
        {
          "acoustic_entropy": 11.078699111938477,
          "acoustic_entropy_side": 11.699983596801758,
          "hz": 1080.2004963696966
        },
        {
          "acoustic_entropy": 11.456671714782715,
          "acoustic_entropy_side": 11.494564056396484,
          "hz": 1237.8529382007157
        },
        {
          "acoustic_entropy": 11.975082397460938,
          "acoustic_entropy_side": 11.69524097442627,
          "hz": 1409.4668930556702
        },
        {
          "acoustic_entropy": 11.779865264892578,
          "acoustic_entropy_side": 11.55414867401123,
          "hz": 1596.2787759475705
        },
        {
          "acoustic_entropy": 11.976740837097168,
          "acoustic_entropy_side": 11.641942977905273,
          "hz": 1799.6344973346393
        },
        {
          "acoustic_entropy": 11.595877647399902,
          "acoustic_entropy_side": 11.482536315917969,
          "hz": 2020.9991599069049
        },
        {
          "acoustic_entropy": 11.711488723754883,
          "acoustic_entropy_side": 11.60177993774414,
          "hz": 2261.9676141086993
        },
        {
          "acoustic_entropy": 11.262931823730469,
          "acoustic_entropy_side": 11.314424514770508,
          "hz": 2524.2759484456974
        },
        {
          "acoustic_entropy": 11.278044700622559,
          "acoustic_entropy_side": 11.48163890838623,
          "hz": 2809.813997359896
        },
