{
  "acoustic_entropy": 167.1775665283203,
  "bands": [
    {
      "high_freq": 148.1999969482422,
      "loudness": -32.67728042602539,
      "loudness_range": 23.147890090942383,
      "mid_mean": -30.641254425048828,
      "mid_to_side_loudness": -5.492797374725342,
      "mid_to_side_loudness_range": 6.629455089569092,
      "side_mean": -36.03661346435547
    },
    {
      "high_freq": 392.3793640136719,
      "loudness": -22.735952377319336,
      "loudness_range": 12.647178649902344,
      "low_freq": 148.1999969482422,
      "mid_mean": -19.853912353515625,
      "mid_to_side_loudness": -9.918285369873047,
      "mid_to_side_loudness_range": 7.694624900817871,
      "side_mean": -30.310300827026367
    },
    {
      "high_freq": 794.6976318359375,
      "loudness": -21.858226776123047,
      "loudness_range": 10.118410110473633,
      "low_freq": 392.3793640136719,
      "mid_mean": -18.6788330078125,
      "mid_to_side_loudness": -11.467633247375488,
      "mid_to_side_loudness_range": 7.6012492179870605,
      "side_mean": -30.755653381347656
    },
    {
      "high_freq": 1457.5709228515625,
      "loudness": -24.8469181060791,
      "loudness_range": 11.80183219909668,
      "low_freq": 794.6976318359375,
      "mid_mean": -21.596099853515625,
      "mid_to_side_loudness": -11.162700653076172,
      "mid_to_side_loudness_range": 10.524063110351562,
      "side_mean": -33.59446334838867
    },
    {
      "high_freq": 2549.74365234375,
      "loudness": -28.724544525146484,
      "loudness_range": 15.965856552124023,
      "low_freq": 1457.5709228515625,
      "mid_mean": -25.43008041381836,
      "mid_to_side_loudness": -11.585115432739258,
      "mid_to_side_loudness_range": 10.587817192077637,
      "side_mean": -37.35507583618164
    },
    {
      "high_freq": 4349.24462890625,
      "loudness": -31.78342056274414,
      "loudness_range": 8.751867294311523,
      "low_freq": 2549.74365234375,
      "mid_mean": -28.881189346313477,
      "mid_to_side_loudness": -9.63099193572998,
      "mid_to_side_loudness_range": 7.8647308349609375,
      "side_mean": -38.434959411621094
    },
    {
      "high_freq": 7314.1640625,
      "loudness": -36.04655075073242,
      "loudness_range": 11.445367813110352,
      "low_freq": 4349.24462890625,
      "mid_mean": -33.192359924316406,
      "mid_to_side_loudness": -9.252669334411621,
      "mid_to_side_loudness_range": 8.889861106872559,
      "side_mean": -42.57158279418945
    },
    {
      "high_freq": 12199.2666015625,
      "loudness": -38.316551208496094,
      "loudness_range": 10.549358367919922,
      "low_freq": 7314.1640625,
      "mid_mean": -35.19521713256836,
      "mid_to_side_loudness": -11.023247718811035,
      "mid_to_side_loudness_range": 8.795181274414062,
      "side_mean": -46.89687728881836
    },
    {
      "loudness": -40.793331146240234,
      "loudness_range": 11.500007629394531,
      "low_freq": 12199.2666015625,
      "mid_mean": -37.65633773803711,
      "mid_to_side_loudness": -13.253028869628906,
      "mid_to_side_loudness_range": 7.987784385681152,
      "side_mean": -53.4636344909668
    }
  ],
  "bands_short": [
    {
      "high_freq": 148.1999969482422,
      "loudness": -38.89908218383789,
      "loudness_range": 25.092998504638672,
      "mid_mean": -36.50455856323242,
      "mid_to_side_loudness": -6.985107421875,
      "mid_to_side_loudness_range": 12.253281593322754,
      "side_mean": -43.35261917114258
    },
    {
      "high_freq": 392.3793640136719,
      "loudness": -23.94706916809082,
      "loudness_range": 18.117420196533203,
      "low_freq": 148.1999969482422,
      "mid_mean": -21.609943389892578,
      "mid_to_side_loudness": -8.605378150939941,
      "mid_to_side_loudness_range": 10.764925003051758,
      "side_mean": -30.38127326965332
    },
    {
      "high_freq": 794.6976318359375,
      "loudness": -22.538471221923828,
      "loudness_range": 13.807973861694336,
      "low_freq": 392.3793640136719,
      "mid_mean": -19.484390258789062,
      "mid_to_side_loudness": -11.667184829711914,
      "mid_to_side_loudness_range": 14.264616966247559,
      "side_mean": -31.75794219970703
    },
    {
      "high_freq": 1457.5709228515625,
      "loudness": -25.184141159057617,
      "loudness_range": 15.77945327758789,
      "low_freq": 794.6976318359375,
      "mid_mean": -22.208911895751953,
      "mid_to_side_loudness": -11.305329322814941,
      "mid_to_side_loudness_range": 14.565759658813477,
      "side_mean": -34.320335388183594
    },
    {
      "high_freq": 2549.74365234375,
      "loudness": -29.456146240234375,
      "loudness_range": 18.294343948364258,
      "low_freq": 1457.5709228515625,
      "mid_mean": -26.4382381439209,
      "mid_to_side_loudness": -11.569238662719727,
      "mid_to_side_loudness_range": 14.461700439453125,
      "side_mean": -38.42660903930664
    },
    {
      "high_freq": 4349.24462890625,
      "loudness": -32.99928665161133,
      "loudness_range": 15.329347610473633,
      "low_freq": 2549.74365234375,
      "mid_mean": -30.152997970581055,
      "mid_to_side_loudness": -10.136711120605469,
      "mid_to_side_loudness_range": 14.17534065246582,
      "side_mean": -40.354515075683594
    },
    {
      "high_freq": 7314.1640625,
      "loudness": -37.53523254394531,
      "loudness_range": 16.36079978942871,
      "low_freq": 4349.24462890625,
      "mid_mean": -34.80524826049805,
      "mid_to_side_loudness": -9.36114501953125,
      "mid_to_side_loudness_range": 13.193866729736328,
      "side_mean": -44.545921325683594
    },
    {
      "high_freq": 12199.2666015625,
      "loudness": -39.55955123901367,
      "loudness_range": 16.915973663330078,
      "low_freq": 7314.1640625,
      "mid_mean": -36.57517623901367,
      "mid_to_side_loudness": -11.430093765258789,
      "mid_to_side_loudness_range": 13.888298034667969,
      "side_mean": -50.78367614746094
    },
    {
      "loudness": -41.62914276123047,
      "loudness_range": 16.75152587890625,
      "low_freq": 12199.2666015625,
      "mid_mean": -38.56734085083008,
      "mid_to_side_loudness": -13.537066459655762,
      "mid_to_side_loudness_range": 13.356121063232422,
      "side_mean": -54.46288299560547
    }
  ],
  "bandwidth": 642.4485473632812,
  "channels": 2,
  "covariance": [
    [
      77.67780303955078,
      79.36518859863281,
      27.53388786315918,
      26.547645568847656,
      21.25316047668457,
      20.40770721435547,
      16.824556350708008,
      20.380218505859375,
      13.472616195678711,
      22.070323944091797,
      17.914030075073242,
      17.762968063354492,
      15.0415620803833,
      20.014846801757812,
      15.483447074890137,
      26.60057258605957,
      24.365097045898438,
      29.23855972290039
    ],
    [
      79.36518859863281,
      89.09103393554688,
      25.94084358215332,
      24.081562042236328,
      19.122310638427734,
      18.612510681152344,
      17.268444061279297,
      19.107046127319336,
      9.769696235656738,
      17.88941192626953,
      15.302727699279785,
      16.04688262939453,
      14.94579792022705,
      17.80983543395996,
      10.958746910095215,
      22.87811851501465,
      22.265047073364258,
      26.49697494506836
    ],
    [
      27.53388786315918,
      25.94084358215332,
      44.74321746826172,
      42.38027572631836,
      29.642648696899414,
      26.952604293823242,
      16.47344207763672,
      30.84779167175293,
      23.825611114501953,
      30.90622901916504,
      26.879703521728516,
      31.138837814331055,
      26.7695369720459,
      29.64851951599121,
      23.784744262695312,
      27.61229705810547,
      30.024648666381836,
      30.043825149536133
    ],
    [
      26.547645568847656,
      24.081562042236328,
      42.38027572631836,
      49.186126708984375,
      31.868799209594727,
      28.492795944213867,
      16.357839584350586,
      30.770509719848633,
      27.260101318359375,
      35.39285659790039,
      29.6037540435791,
      30.58261489868164,
      25.933391571044922,
      29.925735473632812,
      26.899118423461914,
      30.455604553222656,
      32.28048324584961,
      33.39244079589844
    ],
    [
      21.25316047668457,
      19.122310638427734,
      29.642648696899414,
      31.868799209594727,
      27.834138870239258,
      21.67506217956543,
      13.991561889648438,
      22.241666793823242,
      18.063358306884766,
      24.34126853942871,
      22.78481101989746,
      22.316864013671875,
      23.132652282714844,
      23.98432159423828,
      21.06264305114746,
      23.024269104003906,
      27.070581436157227,
      23.923036575317383
    ],
    [
      20.40770721435547,
      18.612510681152344,
      26.952604293823242,
      28.492795944213867,
      21.67506217956543,
      23.221376419067383,
      11.707335472106934,
      21.709875106811523,
      18.291915893554688,
      24.693262100219727,
      21.722137451171875,
      24.305524826049805,
      20.930227279663086,
      25.326763153076172,
      19.93084716796875,
      22.799165725708008,
      24.0836238861084,
      22.90105438232422
    ],
    [
      16.824556350708008,
      17.268444061279297,
      16.47344207763672,
      16.357839584350586,
      13.991561889648438,
      11.707335472106934,
      23.55482292175293,
      14.63198184967041,
      12.639841079711914,
      15.382655143737793,
      13.440957069396973,
      14.630413055419922,
      11.080347061157227,
      13.350905418395996,
      12.38142204284668,
      12.669763565063477,
      20.58242416381836,
      15.38772201538086
    ],
    [
      20.380218505859375,
      19.107046127319336,
      30.84779167175293,
      30.770509719848633,
      22.241666793823242,
      21.709875106811523,
      14.63198184967041,
      25.463825225830078,
      18.578229904174805,
      24.943233489990234,
      21.136428833007812,
      25.81068229675293,
      20.797155380249023,
      24.29977035522461,
      19.348291397094727,
      22.573633193969727,
      24.48423194885254,
      23.636865615844727
    ],
    [
      13.472616195678711,
      9.769696235656738,
      23.825611114501953,
      27.260101318359375,
      18.063358306884766,
      18.291915893554688,
      12.639841079711914,
      18.578229904174805,
      36.17686462402344,
      31.93149757385254,
      26.738122940063477,
      22.013469696044922,
      20.901790618896484,
      22.067041397094727,
      28.387968063354492,
      26.082189559936523,
      27.900405883789062,
      25.518831253051758
    ],
    [
      22.070323944091797,
      17.88941192626953,
      30.90622901916504,
      35.39285659790039,
      24.34126853942871,
      24.693262100219727,
      15.382655143737793,
      24.943233489990234,
      31.93149757385254,
      38.36182403564453,
      28.330251693725586,
      27.915525436401367,
      24.41980743408203,
      28.65011215209961,
      28.238868713378906,
      32.63874435424805,
      30.886558532714844,
      32.508079528808594
    ],
    [
      17.914030075073242,
      15.302727699279785,
      26.879703521728516,
      29.6037540435791,
      22.78481101989746,
      21.722137451171875,
      13.440957069396973,
      21.136428833007812,
      26.738122940063477,
      28.330251693725586,
      32.396148681640625,
      25.280620574951172,
      29.52533531188965,
      27.668066024780273,
      30.49080467224121,
      26.537208557128906,
      30.447256088256836,
      24.71880531311035
    ],
    [
      17.762968063354492,
      16.04688262939453,
      31.138837814331055,
      30.58261489868164,
      22.316864013671875,
      24.305524826049805,
      14.630413055419922,
      25.81068229675293,
      22.013469696044922,
      27.915525436401367,
      25.280620574951172,
      30.025421142578125,
      25.551227569580078,
      28.803447723388672,
      23.352935791015625,
      26.120851516723633,
      27.073999404907227,
      25.096635818481445
    ],
    [
      15.0415620803833,
      14.94579792022705,
      26.7695369720459,
      25.933391571044922,
      23.132652282714844,
      20.930227279663086,
      11.080347061157227,
      20.797155380249023,
      20.901790618896484,
      24.41980743408203,
      29.52533531188965,
      25.551227569580078,
      35.05156326293945,
      28.512041091918945,
      27.939456939697266,
      25.290592193603516,
      26.711198806762695,
      21.64173126220703
    ],
    [
      20.014846801757812,
      17.80983543395996,
      29.64851951599121,
      29.925735473632812,
      23.98432159423828,
      25.326763153076172,
      13.350905418395996,
      24.29977035522461,
      22.067041397094727,
      28.65011215209961,
      27.668066024780273,
      28.803447723388672,
      28.512041091918945,
      32.19822311401367,
      25.422407150268555,
      28.049741744995117,
      28.881643295288086,
      25.677873611450195
    ],
    [
      15.483447074890137,
      10.958746910095215,
      23.784744262695312,
      26.899118423461914,
      21.06264305114746,
      19.93084716796875,
      12.38142204284668,
      19.348291397094727,
      28.387968063354492,
      28.238868713378906,
      30.49080467224121,
      23.352935791015625,
      27.939456939697266,
      25.422407150268555,
      32.078125,
      26.105850219726562,
      28.55006980895996,
      23.99040412902832
    ],
    [
      26.60057258605957,
      22.87811851501465,
      27.61229705810547,
      30.455604553222656,
      23.024269104003906,
      22.799165725708008,
      12.669763565063477,
      22.573633193969727,
      26.082189559936523,
      32.63874435424805,
      26.537208557128906,
      26.120851516723633,
      25.290592193603516,
      28.049741744995117,
      26.105850219726562,
      38.12577819824219,
      28.131793975830078,
      34.80158233642578
    ],
    [
      24.365097045898438,
      22.265047073364258,
      30.024648666381836,
      32.28048324584961,
      27.070581436157227,
      24.0836238861084,
      20.58242416381836,
      24.48423194885254,
      27.900405883789062,
      30.886558532714844,
      30.447256088256836,
      27.073999404907227,
      26.711198806762695,
      28.881643295288086,
      28.55006980895996,
      28.131793975830078,
      37.166927337646484,
      29.0642032623291
    ],
    [
      29.23855972290039,
      26.49697494506836,
      30.043825149536133,
      33.39244079589844,
      23.923036575317383,
      22.90105438232422,
      15.38772201538086,
      23.636865615844727,
      25.518831253051758,
      32.508079528808594,
      24.71880531311035,
      25.096635818481445,
      21.64173126220703,
      25.677873611450195,
      23.99040412902832,
      34.80158233642578,
      29.0642032623291,
      62.8019905090332
    ]
  ],
  "covariance_short": [
    [
      78.06517791748047,
      78.74637603759766,
      34.42864227294922,
      35.08333969116211,
      22.46714973449707,
      21.398311614990234,
      20.82462501525879,
      21.621702194213867,
      10.996670722961426,
      19.402252197265625,
      15.754254341125488,
      19.649532318115234,
      12.973872184753418,
      23.121105194091797,
      14.320334434509277,
      25.388647079467773,
      24.03783416748047,
      28.726150512695312
    ],
    [
      78.74637603759766,
      101.101806640625,
      33.917911529541016,
      40.06538009643555,
      20.088293075561523,
      20.585956573486328,
      20.385616302490234,
      20.09813690185547,
      8.417369842529297,
      16.294111251831055,
      10.930764198303223,
      15.836336135864258,
      7.798948287963867,
      19.59075927734375,
      10.242233276367188,
      21.933143615722656,
      22.052753448486328,
      27.660486221313477
    ],
    [
      34.42864227294922,
      33.917911529541016,
      64.30157470703125,
      56.38075637817383,
      39.14325714111328,
      33.564395904541016,
      26.353975296020508,
      35.652000427246094,
      31.208454132080078,
      38.63343811035156,
      32.41938400268555,
      35.9903450012207,
      28.80175018310547,
      36.24524688720703,
      30.245100021362305,
      35.58940887451172,
      38.168006896972656,
      39.88389205932617
    ],
    [
      35.08333969116211,
      40.06538009643555,
      56.38075637817383,
      67.45905303955078,
      34.370574951171875,
      34.97949981689453,
      26.562641143798828,
      37.86707305908203,
      29.8441162109375,
      41.13734817504883,
      28.528770446777344,
      36.494537353515625,
      22.393701553344727,
      35.2758674621582,
      26.570777893066406,
      36.07593536376953,
      35.32585906982422,
      42.15890884399414
    ],
    [
      22.46714973449707,
      20.088293075561523,
      39.14325714111328,
      34.370574951171875,
      40.33591079711914,
      25.987821578979492,
      25.386137008666992,
      27.779733657836914,
      25.189090728759766,
      28.813663482666016,
      29.67205047607422,
      29.728309631347656,
      30.209970474243164,
      30.739070892333984,
      28.328521728515625,
      28.724227905273438,
      34.663917541503906,
      29.94475746154785
    ],
    [
      21.398311614990234,
      20.585956573486328,
      33.564395904541016,
      34.97949981689453,
      25.987821578979492,
      34.90969467163086,
      18.970964431762695,
      31.987689971923828,
      21.42559242248535,
      33.30982971191406,
      25.11961555480957,
      35.43478012084961,
      24.179271697998047,
      35.7948112487793,
      23.796281814575195,
      33.56821823120117,
      26.127656936645508,
      32.60934829711914
    ],
    [
      20.82462501525879,
      20.385616302490234,
      26.353975296020508,
      26.562641143798828,
      25.386137008666992,
      18.970964431762695,
      42.76143264770508,
      25.385210037231445,
      21.44769859313965,
      23.46848487854004,
      23.312198638916016,
      24.903688430786133,
      19.66927146911621,
      23.2343692779541,
      21.48479461669922,
      22.968542098999023,
      35.26045608520508,
      26.748262405395508
    ],
    [
      21.621702194213867,
      20.09813690185547,
      35.652000427246094,
      37.86707305908203,
      27.779733657836914,
      31.987689971923828,
      25.385210037231445,
      38.82078170776367,
      23.489665985107422,
      36.04637145996094,
      26.064905166625977,
      38.40268325805664,
      24.71341323852539,
      35.89485168457031,
      24.308046340942383,
      34.947696685791016,
      29.901460647583008,
      35.33977508544922
    ],
    [
      10.996670722961426,
      8.417369842529297,
      31.208454132080078,
      29.8441162109375,
      25.189090728759766,
      21.42559242248535,
      21.44769859313965,
      23.489665985107422,
      47.512454986572266,
      36.29051208496094,
      35.13572692871094,
      29.581037521362305,
      28.814136505126953,
      30.7847957611084,
      38.45546340942383,
      32.321571350097656,
      35.81220245361328,
      31.231672286987305
    ],
    [
      19.402252197265625,
      16.294111251831055,
      38.63343811035156,
      41.13734817504883,
      28.813663482666016,
      33.30982971191406,
      23.46848487854004,
      36.04637145996094,
      36.29051208496094,
      49.76545333862305,
      33.41782760620117,
      42.175628662109375,
      29.1946964263916,
      42.984107971191406,
      33.83254623413086,
      43.20598220825195,
      34.19312286376953,
      41.75250244140625
    ],
    [
      15.754254341125488,
      10.930764198303223,
      32.41938400268555,
      28.528770446777344,
      29.67205047607422,
      25.11961555480957,
      23.312198638916016,
      26.064905166625977,
      35.13572692871094,
      33.41782760620117,
      46.30408477783203,
      35.33380126953125,
      39.872344970703125,
      36.37178039550781,
      42.02992248535156,
      33.882450103759766,
      36.46187973022461,
      30.124000549316406
    ],
    [
      19.649532318115234,
      15.836336135864258,
      35.9903450012207,
      36.494537353515625,
      29.728309631347656,
      35.43478012084961,
      24.903688430786133,
      38.40268325805664,
      29.581037521362305,
      42.175628662109375,
      35.33380126953125,
      49.6815299987793,
      33.23350143432617,
      46.55841064453125,
      32.65412902832031,
      43.90217590332031,
      33.892276763916016,
      39.53139114379883
    ],
    [
      12.973872184753418,
      7.798948287963867,
      28.80175018310547,
      22.393701553344727,
      30.209970474243164,
      24.179271697998047,
      19.66927146911621,
      24.71341323852539,
      28.814136505126953,
      29.1946964263916,
      39.872344970703125,
      33.23350143432617,
      47.57599639892578,
      36.77143478393555,
      39.131038665771484,
      32.148250579833984,
      31.30882453918457,
      26.608095169067383
    ],
    [
      23.121105194091797,
      19.59075927734375,
      36.24524688720703,
      35.2758674621582,
      30.739070892333984,
      35.7948112487793,
      23.2343692779541,
      35.89485168457031,
      30.7847957611084,
      42.984107971191406,
      36.37178039550781,
      46.55841064453125,
      36.77143478393555,
      52.361202239990234,
      35.818817138671875,
      47.284976959228516,
      34.357643127441406,
      41.238285064697266
    ],
    [
      14.320334434509277,
      10.242233276367188,
      30.245100021362305,
      26.570777893066406,
      28.328521728515625,
      23.796281814575195,
      21.48479461669922,
      24.308046340942383,
      38.45546340942383,
      33.83254623413086,
      42.02992248535156,
      32.65412902832031,
      39.131038665771484,
      35.818817138671875,
      45.324928283691406,
      34.65159606933594,
      35.9141960144043,
      30.756088256835938
    ],
    [
      25.388647079467773,
      21.933143615722656,
      35.58940887451172,
      36.07593536376953,
      28.724227905273438,
      33.56821823120117,
      22.968542098999023,
      34.947696685791016,
      32.321571350097656,
      43.20598220825195,
      33.882450103759766,
      43.90217590332031,
      32.148250579833984,
      47.284976959228516,
      34.65159606933594,
      89.44102478027344,
      33.45083236694336,
      76.30001068115234
    ],
    [
      24.03783416748047,
      22.052753448486328,
      38.168006896972656,
      35.32585906982422,
      34.663917541503906,
      26.127656936645508,
      35.26045608520508,
      29.901460647583008,
      35.81220245361328,
      34.19312286376953,
      36.46187973022461,
      33.892276763916016,
      31.30882453918457,
      34.357643127441406,
      35.9141960144043,
      33.45083236694336,
      48.11231231689453,
      35.19101333618164
    ],
    [
      28.726150512695312,
      27.660486221313477,
      39.88389205932617,
      42.15890884399414,
      29.94475746154785,
      32.60934829711914,
      26.748262405395508,
      35.33977508544922,
      31.231672286987305,
      41.75250244140625,
      30.124000549316406,
      39.53139114379883,
      26.608095169067383,
      41.238285064697266,
      30.756088256835938,
      76.30001068115234,
      35.19101333618164,
      70.35131072998047
    ]
  ],
  "damage": -8.036727905273438,
  "diff_bandwidth": 647.2748413085938,
  "dissonance": 8.343342773355424,
  "drr": 0.9976102709770203,
  "dynamics": 3.103024959564209,
  "format": 1245190,
  "frames": 1581056,
  "loudness": -12.796353340148926,
  "loudness_range": 8.096087455749512,
  "loudness_range_short": 12.747885704040527,
  "lowpass_true_peak_15khz": 0.23466338217258453,
  "mastering3_acoustic_entropies": [
    {
      "acoustic_entropy": 6.823904037475586,
      "acoustic_entropy_mono": 6.82927942276001,
      "band_eliminated_acoustic_entropies": [
        {
          "acoustic_entropy": 6.819230556488037,
          "acoustic_entropy_side": 6.823822975158691,
          "hz": 129.47220167065723
        },
        {
          "acoustic_entropy": 6.873228549957275,
          "acoustic_entropy_side": 6.850805759429932,
          "hz": 202.92927478742237
        },
        {
          "acoustic_entropy": 6.796316146850586,
          "acoustic_entropy_side": 6.838769435882568,
          "hz": 282.89161906338205
        },
        {
          "acoustic_entropy": 6.764558792114258,
          "acoustic_entropy_side": 6.824150085449219,
          "hz": 369.9353335868758
        },
        {
          "acoustic_entropy": 6.647597312927246,
          "acoustic_entropy_side": 6.815232276916504,
          "hz": 464.6875360973435
        },
        {
          "acoustic_entropy": 7.117969512939453,
          "acoustic_entropy_side": 6.813473224639893,
          "hz": 567.8308811364784
        },
        {
          "acoustic_entropy": 7.388069152832031,
          "acoustic_entropy_side": 6.834444522857666,
          "hz": 680.1084783214808
        },
        {
          "acoustic_entropy": 7.139919281005859,
          "acoustic_entropy_side": 6.800867080688477,
          "hz": 802.3292461747484
        },
        {
          "acoustic_entropy": 6.65710973739624,
          "acoustic_entropy_side": 6.810302734375,
          "hz": 935.3737400823702
        },
        {
          "acoustic_entropy": 5.78227424621582,
          "acoustic_entropy_side": 6.823431491851807,
          "hz": 1080.2004963696966
        },
        {
          "acoustic_entropy": 7.5800604820251465,
          "acoustic_entropy_side": 6.829378604888916,
          "hz": 1237.8529382007157
        },
        {
          "acoustic_entropy": 6.691136837005615,
          "acoustic_entropy_side": 6.823847770690918,
          "hz": 1409.4668930556702
        },
        {
          "acoustic_entropy": 6.71104097366333,
          "acoustic_entropy_side": 6.832381725311279,
          "hz": 1596.2787759475705
        },
        {
          "acoustic_entropy": 6.9679460525512695,
          "acoustic_entropy_side": 6.828362941741943,
          "hz": 1799.6344973346393
        },
        {
          "acoustic_entropy": 6.808516025543213,
          "acoustic_entropy_side": 6.829194068908691,
          "hz": 2020.9991599069049
        },
        {
          "acoustic_entropy": 6.595840930938721,
          "acoustic_entropy_side": 6.832148551940918,
          "hz": 2261.9676141086993
        },
        {
          "acoustic_entropy": 6.986513614654541,
          "acoustic_entropy_side": 6.825823783874512,
          "hz": 2524.2759484456974
        },
        {
          "acoustic_entropy": 6.82285737991333,
          "acoustic_entropy_side": 6.8248701095581055,
          "hz": 2809.813997359896
        },
        {
          "acoustic_entropy": 6.658940315246582,
          "acoustic_entropy_side": 6.8258843421936035,
          "hz": 3120.6389567871424
        },
        {
          "acoustic_entropy": 6.674679279327393,
          "acoustic_entropy_side": 6.825394630432129,
          "hz": 3458.990205492291
        },
        {
          "acoustic_entropy": 6.76495361328125,
          "acoustic_entropy_side": 6.823796272277832,
          "hz": 3827.305438964164
        },
        {
          "acoustic_entropy": 6.688811779022217,
          "acoustic_entropy_side": 6.823962211608887,
          "hz": 4228.238232109126
        },
        {
          "acoustic_entropy": 6.712674140930176,
          "acoustic_entropy_side": 6.823917388916016,
          "hz": 4664.6771572759235
        },
        {
          "acoustic_entropy": 6.773294925689697,
          "acoustic_entropy_side": 6.823555946350098,
          "hz": 5139.766595350093
        },
        {
          "acoustic_entropy": 6.716121673583984,
          "acoustic_entropy_side": 6.823554039001465,
          "hz": 5656.929389854203
        },
        {
          "acoustic_entropy": 6.7624382972717285,
          "acoustic_entropy_side": 6.823726177215576,
          "hz": 6219.891507268283
        },
        {
          "acoustic_entropy": 6.77097225189209,
          "acoustic_entropy_side": 6.823561191558838,
          "hz": 6832.70888123896
        },
        {
          "acoustic_entropy": 6.805521488189697,
          "acoustic_entropy_side": 6.823629856109619,
          "hz": 7499.796634079867
        },
        {
          "acoustic_entropy": 6.786532402038574,
          "acoustic_entropy_side": 6.823875427246094,
          "hz": 8225.96088609342
        },
        {
          "acoustic_entropy": 6.788224220275879,
          "acoustic_entropy_side": 6.8237624168396,
          "hz": 9016.43338188839
        },
        {
          "acoustic_entropy": 6.795618534088135,
          "acoustic_entropy_side": 6.823866844177246,
          "hz": 9876.909183162974
        },
        {
          "acoustic_entropy": 6.791417598724365,
          "acoustic_entropy_side": 6.824000835418701,
          "hz": 10813.587699516042
        },
        {
          "acoustic_entropy": 6.807193756103516,
          "acoustic_entropy_side": 6.824024200439453,
          "hz": 11833.21735289826
        },
        {
          "acoustic_entropy": 6.71192741394043,
          "acoustic_entropy_side": 6.824026584625244,
          "hz": 12943.144197493959
        },
        {
          "acoustic_entropy": 6.784499645233154,
          "acoustic_entropy_side": 6.823790073394775,
          "hz": 14151.364845322005
        },
        {
          "acoustic_entropy": 6.767673969268799,
          "acoustic_entropy_side": 6.8238325119018555,
          "hz": 15466.58407886509
        },
        {
          "acoustic_entropy": 6.812289237976074,
          "acoustic_entropy_side": 6.823927879333496,
          "hz": 16898.27756580493
        },
        {
          "acoustic_entropy": 6.822920799255371,
          "acoustic_entropy_side": 6.82390832901001,
          "hz": 18456.760127700032
        },
        {
          "acoustic_entropy": 6.823524475097656,
          "acoustic_entropy_side": 6.823904514312744,
          "hz": 20153.260054456492
        },
        {
          "acoustic_entropy": 6.823897838592529,
          "acoustic_entropy_side": 6.823904514312744,
          "hz": 22000.00000000001
        }
      ],
      "diff_acoustic_entropy": 4.963005065917969,
      "sn": 6
    },
    {
      "acoustic_entropy": 9.992680549621582,
      "acoustic_entropy_mono": 9.644131660461426,
      "band_eliminated_acoustic_entropies": [
        {
          "acoustic_entropy": 9.984355926513672,
          "acoustic_entropy_side": 9.991303443908691,
          "hz": 129.47220167065723
        },
        {
          "acoustic_entropy": 9.687456130981445,
          "acoustic_entropy_side": 9.613714218139648,
          "hz": 202.92927478742237
        },
        {
          "acoustic_entropy": 10.018763542175293,
          "acoustic_entropy_side": 9.795880317687988,
          "hz": 282.89161906338205
        },
        {
          "acoustic_entropy": 9.315805435180664,
          "acoustic_entropy_side": 9.715957641601562,
          "hz": 369.9353335868758
        },
        {
          "acoustic_entropy": 9.752157211303711,
          "acoustic_entropy_side": 9.815309524536133,
          "hz": 464.6875360973435
        },
        {
          "acoustic_entropy": 10.398225784301758,
          "acoustic_entropy_side": 9.982537269592285,
          "hz": 567.8308811364784
        },
        {
          "acoustic_entropy": 9.304571151733398,
          "acoustic_entropy_side": 9.6663179397583,
          "hz": 680.1084783214808
        },
        {
          "acoustic_entropy": 9.82532787322998,
          "acoustic_entropy_side": 9.851832389831543,
          "hz": 802.3292461747484
        },
        {
          "acoustic_entropy": 9.234256744384766,
          "acoustic_entropy_side": 9.845027923583984,
          "hz": 935.3737400823702
        },
        {
          "acoustic_entropy": 9.42851448059082,
          "acoustic_entropy_side": 9.774382591247559,
          "hz": 1080.2004963696966
        },
        {
          "acoustic_entropy": 9.712007522583008,
          "acoustic_entropy_side": 9.806143760681152,
          "hz": 1237.8529382007157
        },
        {
          "acoustic_entropy": 9.505533218383789,
          "acoustic_entropy_side": 9.909844398498535,
          "hz": 1409.4668930556702
        },
        {
          "acoustic_entropy": 9.901656150817871,
          "acoustic_entropy_side": 9.81078815460205,
          "hz": 1596.2787759475705
        },
        {
          "acoustic_entropy": 9.629083633422852,
          "acoustic_entropy_side": 9.813987731933594,
          "hz": 1799.6344973346393
        },
        {
          "acoustic_entropy": 9.73885726928711,
          "acoustic_entropy_side": 10.00490951538086,
          "hz": 2020.9991599069049
        },
        {
          "acoustic_entropy": 9.920089721679688,
          "acoustic_entropy_side": 10.083813667297363,
          "hz": 2261.9676141086993
        },
        {
          "acoustic_entropy": 9.361946105957031,
          "acoustic_entropy_side": 10.004266738891602,
          "hz": 2524.2759484456974
        },
        {
          "acoustic_entropy": 9.541680335998535,
          "acoustic_entropy_side": 10.030312538146973,
          "hz": 2809.813997359896
        },
        {
          "acoustic_entropy": 10.13730525970459,
          "acoustic_entropy_side": 10.018272399902344,
          "hz": 3120.6389567871424
        },
        {
          "acoustic_entropy": 9.86109447479248,
          "acoustic_entropy_side": 10.020976066589355,
          "hz": 3458.990205492291
        },
        {
          "acoustic_entropy": 9.763726234436035,
          "acoustic_entropy_side": 10.017277717590332,
          "hz": 3827.305438964164
        },
        {
          "acoustic_entropy": 10.225871086120605,
          "acoustic_entropy_side": 10.00741958618164,
          "hz": 4228.238232109126
        },
        {
          "acoustic_entropy": 10.112591743469238,
          "acoustic_entropy_side": 10.004663467407227,
          "hz": 4664.6771572759235
        },
        {
          "acoustic_entropy": 10.00951862335205,
          "acoustic_entropy_side": 10.002655029296875,
          "hz": 5139.766595350093
        },
        {
          "acoustic_entropy": 9.943296432495117,
          "acoustic_entropy_side": 10.003211975097656,
          "hz": 5656.929389854203
        },
        {
          "acoustic_entropy": 10.073858261108398,
          "acoustic_entropy_side": 9.999378204345703,
          "hz": 6219.891507268283
        },
        {
          "acoustic_entropy": 10.03629207611084,
          "acoustic_entropy_side": 9.998481750488281,
          "hz": 6832.70888123896
        },
        {
          "acoustic_entropy": 10.025907516479492,
          "acoustic_entropy_side": 10.004610061645508,
          "hz": 7499.796634079867
        },
        {
          "acoustic_entropy": 10.031510353088379,
          "acoustic_entropy_side": 9.996994018554688,
          "hz": 8225.96088609342
        },
        {
          "acoustic_entropy": 10.047734260559082,
          "acoustic_entropy_side": 9.996864318847656,
          "hz": 9016.43338188839
        },
        {
          "acoustic_entropy": 10.07535457611084,
          "acoustic_entropy_side": 9.997309684753418,
          "hz": 9876.909183162974
        },
        {
          "acoustic_entropy": 10.080409049987793,
          "acoustic_entropy_side": 9.994750022888184,
          "hz": 10813.587699516042
        },
        {
          "acoustic_entropy": 10.178278923034668,
          "acoustic_entropy_side": 9.996014595031738,
          "hz": 11833.21735289826
        },
        {
          "acoustic_entropy": 9.781248092651367,
          "acoustic_entropy_side": 9.995038986206055,
          "hz": 12943.144197493959
        },
        {
          "acoustic_entropy": 10.146554946899414,
          "acoustic_entropy_side": 9.994576454162598,
          "hz": 14151.364845322005
        },
        {
          "acoustic_entropy": 10.054925918579102,
          "acoustic_entropy_side": 9.994444847106934,
          "hz": 15466.58407886509
        },
        {
          "acoustic_entropy": 10.014521598815918,
          "acoustic_entropy_side": 9.99330997467041,
          "hz": 16898.27756580493
        },
        {
          "acoustic_entropy": 10.005839347839355,
          "acoustic_entropy_side": 9.992751121520996,
          "hz": 18456.760127700032
        },
        {
          "acoustic_entropy": 9.991486549377441,
          "acoustic_entropy_side": 9.99267864227295,
          "hz": 20153.260054456492
        },
        {
          "acoustic_entropy": 9.992779731750488,
          "acoustic_entropy_side": 9.992681503295898,
          "hz": 22000.00000000001
        }
      ],
      "diff_acoustic_entropy": 8.395858764648438,
      "sn": 12
    },
    {
      "acoustic_entropy": 13.652571678161621,
      "acoustic_entropy_mono": 12.558582305908203,
      "band_eliminated_acoustic_entropies": [
        {
          "acoustic_entropy": 13.790520668029785,
          "acoustic_entropy_side": 13.682156562805176,
          "hz": 129.47220167065723
        },
        {
          "acoustic_entropy": 13.10986328125,
          "acoustic_entropy_side": 13.665239334106445,
          "hz": 202.92927478742237
        },
        {
          "acoustic_entropy": 13.94478988647461,
          "acoustic_entropy_side": 13.712876319885254,
          "hz": 282.89161906338205
        },
        {
          "acoustic_entropy": 13.964706420898438,
          "acoustic_entropy_side": 13.803324699401855,
          "hz": 369.9353335868758
        },
        {
          "acoustic_entropy": 14.074621200561523,
          "acoustic_entropy_side": 13.735404968261719,
          "hz": 464.6875360973435
        },
        {
          "acoustic_entropy": 13.979294776916504,
          "acoustic_entropy_side": 13.891755104064941,
          "hz": 567.8308811364784
        },
        {
          "acoustic_entropy": 14.124258995056152,
          "acoustic_entropy_side": 13.623571395874023,
          "hz": 680.1084783214808
        },
        {
          "acoustic_entropy": 13.820743560791016,
          "acoustic_entropy_side": 13.766247749328613,
          "hz": 802.3292461747484
        },
        {
          "acoustic_entropy": 13.423084259033203,
          "acoustic_entropy_side": 13.696601867675781,
          "hz": 935.3737400823702
        },
        {
          "acoustic_entropy": 14.602055549621582,
          "acoustic_entropy_side": 13.715736389160156,
          "hz": 1080.2004963696966
        },
        {
          "acoustic_entropy": 13.792415618896484,
          "acoustic_entropy_side": 13.637067794799805,
          "hz": 1237.8529382007157
        },
        {
          "acoustic_entropy": 14.215164184570312,
          "acoustic_entropy_side": 13.67215347290039,
          "hz": 1409.4668930556702
        },
        {
          "acoustic_entropy": 14.600112915039062,
          "acoustic_entropy_side": 13.626897811889648,
          "hz": 1596.2787759475705
        },
        {
          "acoustic_entropy": 13.66885757446289,
          "acoustic_entropy_side": 13.752362251281738,
          "hz": 1799.6344973346393
        },
        {
          "acoustic_entropy": 13.745306015014648,
          "acoustic_entropy_side": 13.64851188659668,
          "hz": 2020.9991599069049
        },
        {
          "acoustic_entropy": 14.053902626037598,
          "acoustic_entropy_side": 13.719324111938477,
          "hz": 2261.9676141086993
        },
        {
          "acoustic_entropy": 14.014708518981934,
          "acoustic_entropy_side": 13.607098579406738,
          "hz": 2524.2759484456974
        },
        {
          "acoustic_entropy": 13.785451889038086,
          "acoustic_entropy_side": 13.61274242401123,
          "hz": 2809.813997359896
        },
        {
          "acoustic_entropy": 13.755755424499512,
