{
  "acoustic_entropy": 181.5930633544922,
  "bands": [
    {
      "high_freq": 148.1999969482422,
      "loudness": -23.76940155029297,
      "loudness_range": 10.561199188232422,
      "mid_mean": -20.533573150634766,
      "mid_to_side_loudness": -12.6975736618042,
      "mid_to_side_loudness_range": 17.05691909790039,
      "side_mean": -33.28095626831055
    },
    {
      "high_freq": 392.3793640136719,
      "loudness": -25.039430618286133,
      "loudness_range": 8.673696517944336,
      "low_freq": 148.1999969482422,
      "mid_mean": -22.93825340270996,
      "mid_to_side_loudness": -4.8128485679626465,
      "mid_to_side_loudness_range": 12.084878921508789,
      "side_mean": -27.527311325073242
    },
    {
      "high_freq": 794.6976318359375,
      "loudness": -27.837711334228516,
      "loudness_range": 12.975351333618164,
      "low_freq": 392.3793640136719,
      "mid_mean": -27.207788467407227,
      "mid_to_side_loudness": -0.4708445966243744,
      "mid_to_side_loudness_range": 8.40494155883789,
      "side_mean": -27.395559310913086
    },
    {
      "high_freq": 1457.5709228515625,
      "loudness": -28.772539138793945,
      "loudness_range": 14.97718620300293,
      "low_freq": 794.6976318359375,
      "mid_mean": -26.722545623779297,
      "mid_to_side_loudness": -4.138976573944092,
      "mid_to_side_loudness_range": 8.077363014221191,
      "side_mean": -30.718650817871094
    },
    {
      "high_freq": 2549.74365234375,
      "loudness": -33.47412109375,
      "loudness_range": 12.534900665283203,
      "low_freq": 1457.5709228515625,
      "mid_mean": -32.234989166259766,
      "mid_to_side_loudness": -1.675705909729004,
      "mid_to_side_loudness_range": 5.176297664642334,
      "side_mean": -33.64463806152344
    },
    {
      "high_freq": 4349.24462890625,
      "loudness": -38.14295959472656,
      "loudness_range": 14.796762466430664,
      "low_freq": 2549.74365234375,
      "mid_mean": -36.08477020263672,
      "mid_to_side_loudness": -3.8182671070098877,
      "mid_to_side_loudness_range": 6.342008590698242,
      "side_mean": -39.78876876831055
    },
    {
      "high_freq": 7314.1640625,
      "loudness": -41.321842193603516,
      "loudness_range": 15.71197509765625,
      "low_freq": 4349.24462890625,
      "mid_mean": -38.838768005371094,
      "mid_to_side_loudness": -5.292294502258301,
      "mid_to_side_loudness_range": 7.375368118286133,
      "side_mean": -44.31666564941406
    },
    {
      "high_freq": 12199.2666015625,
      "loudness": -45.79764175415039,
      "loudness_range": 15.718616485595703,
      "low_freq": 7314.1640625,
      "mid_mean": -43.24665069580078,
      "mid_to_side_loudness": -5.749688625335693,
      "mid_to_side_loudness_range": 8.0191650390625,
      "side_mean": -49.223548889160156
    },
    {
      "loudness": -49.1207275390625,
      "loudness_range": 18.082420349121094,
      "low_freq": 12199.2666015625,
      "mid_mean": -46.7525634765625,
      "mid_to_side_loudness": -5.602889060974121,
      "mid_to_side_loudness_range": 7.870119571685791,
      "side_mean": -52.838340759277344
    }
  ],
  "bands_short": [
    {
      "high_freq": 148.1999969482422,
      "loudness": -28.14467430114746,
      "loudness_range": 18.64068603515625,
      "mid_mean": -24.96320152282715,
      "mid_to_side_loudness": -12.951661109924316,
      "mid_to_side_loudness_range": 20.345169067382812,
      "side_mean": -38.19599914550781
    },
    {
      "high_freq": 392.3793640136719,
      "loudness": -23.850629806518555,
      "loudness_range": 10.993904113769531,
      "low_freq": 148.1999969482422,
      "mid_mean": -21.61994171142578,
      "mid_to_side_loudness": -6.092833518981934,
      "mid_to_side_loudness_range": 15.724567413330078,
      "side_mean": -27.61061668395996
    },
    {
      "high_freq": 794.6976318359375,
      "loudness": -28.43337059020996,
      "loudness_range": 15.054285049438477,
      "low_freq": 392.3793640136719,
      "mid_mean": -28.064258575439453,
      "mid_to_side_loudness": -0.30552977323532104,
      "mid_to_side_loudness_range": 11.169377326965332,
      "side_mean": -28.02345848083496
    },
    {
      "high_freq": 1457.5709228515625,
      "loudness": -29.608314514160156,
      "loudness_range": 16.12854766845703,
      "low_freq": 794.6976318359375,
      "mid_mean": -27.754541397094727,
      "mid_to_side_loudness": -3.7808852195739746,
      "mid_to_side_loudness_range": 9.693809509277344,
      "side_mean": -31.38753318786621
    },
    {
      "high_freq": 2549.74365234375,
      "loudness": -34.42142105102539,
      "loudness_range": 15.201459884643555,
      "low_freq": 1457.5709228515625,
      "mid_mean": -33.3126220703125,
      "mid_to_side_loudness": -1.4925035238265991,
      "mid_to_side_loudness_range": 6.971317291259766,
      "side_mean": -34.55430221557617
    },
    {
      "high_freq": 4349.24462890625,
      "loudness": -39.38429260253906,
      "loudness_range": 18.564428329467773,
      "low_freq": 2549.74365234375,
      "mid_mean": -37.737491607666016,
      "mid_to_side_loudness": -2.8616013526916504,
      "mid_to_side_loudness_range": 7.684723854064941,
      "side_mean": -40.54790496826172
    },
    {
      "high_freq": 7314.1640625,
      "loudness": -43.15091323852539,
      "loudness_range": 20.178245544433594,
      "low_freq": 4349.24462890625,
      "mid_mean": -41.08949661254883,
      "mid_to_side_loudness": -4.111748695373535,
      "mid_to_side_loudness_range": 8.260186195373535,
      "side_mean": -45.36250686645508
    },
    {
      "high_freq": 12199.2666015625,
      "loudness": -47.95000076293945,
      "loudness_range": 21.468189239501953,
      "low_freq": 7314.1640625,
      "mid_mean": -45.675113677978516,
      "mid_to_side_loudness": -4.829065799713135,
      "mid_to_side_loudness_range": 7.648883819580078,
      "side_mean": -51.292781829833984
    },
    {
      "loudness": -54.01471710205078,
      "loudness_range": 27.53443145751953,
      "low_freq": 12199.2666015625,
      "mid_mean": -52.21153259277344,
      "mid_to_side_loudness": -4.8249993324279785,
      "mid_to_side_loudness_range": 7.460616111755371,
      "side_mean": -56.38802719116211
    }
  ],
  "bandwidth": 407.664794921875,
  "channels": 2,
  "covariance": [
    [
      19.72347068786621,
      9.220316886901855,
      5.9936628341674805,
      3.453303098678589,
      5.625977516174316,
      4.696229934692383,
      6.096902370452881,
      5.94092321395874,
      7.42125940322876,
      7.495659828186035,
      12.335587501525879,
      11.224010467529297,
      9.768982887268066,
      9.216751098632812,
      5.715334892272949,
      8.26752758026123,
      1.949536919593811,
      8.112476348876953
    ],
    [
      9.220316886901855,
      30.79561996459961,
      8.146000862121582,
      15.51020622253418,
      9.18165397644043,
      11.721784591674805,
      8.512327194213867,
      10.793495178222656,
      10.59073543548584,
      10.932828903198242,
      10.556251525878906,
      13.939764976501465,
      8.264472007751465,
      13.841840744018555,
      1.4386409521102905,
      10.256444931030273,
      -9.315117835998535,
      1.5987468957901
    ],
    [
      5.9936628341674805,
      8.146000862121582,
      12.196474075317383,
      8.671736717224121,
      8.368852615356445,
      6.14786434173584,
      7.069748401641846,
      7.429251670837402,
      9.687398910522461,
      8.469508171081543,
      10.188599586486816,
      10.621892929077148,
      8.734025001525879,
      9.920276641845703,
      6.110134601593018,
      8.644643783569336,
      2.2016165256500244,
      6.06799840927124
    ],
    [
      3.453303098678589,
      15.51020622253418,
      8.671736717224121,
      24.712669372558594,
      7.3276801109313965,
      10.618789672851562,
      7.861384391784668,
      10.852069854736328,
      12.23740291595459,
      12.509589195251465,
      8.145848274230957,
      11.895112991333008,
      5.600858211517334,
      11.134539604187012,
      2.0932788848876953,
      8.314264297485352,
      -4.167489051818848,
      2.293003559112549
    ],
    [
      5.625977516174316,
      9.18165397644043,
      8.368852615356445,
      7.3276801109313965,
      22.884294509887695,
      17.948415756225586,
      15.896763801574707,
      13.053301811218262,
      16.17027473449707,
      17.025182723999023,
      18.136005401611328,
      19.85454750061035,
      13.026501655578613,
      15.819921493530273,
      10.546698570251465,
      13.644962310791016,
      8.327702522277832,
      13.781548500061035
    ],
    [
      4.696229934692383,
      11.721784591674805,
      6.14786434173584,
      10.618789672851562,
      17.948415756225586,
      23.53672218322754,
      13.966805458068848,
      14.556436538696289,
      14.70358657836914,
      18.21626091003418,
      13.988592147827148,
      17.940113067626953,
      8.619138717651367,
      13.118728637695312,
      6.210973739624023,
      11.171048164367676,
      4.215028285980225,
      10.365218162536621
    ],
    [
      6.096902370452881,
      8.512327194213867,
      7.069748401641846,
      7.861384391784668,
      15.896763801574707,
      13.966805458068848,
      27.584270477294922,
      21.040027618408203,
      17.901607513427734,
      18.204025268554688,
      17.834545135498047,
      19.836854934692383,
      12.565984725952148,
      15.598657608032227,
      9.822599411010742,
      13.670611381530762,
      8.16848373413086,
      13.705679893493652
    ],
    [
      5.94092321395874,
      10.793495178222656,
      7.429251670837402,
      10.852069854736328,
      13.053301811218262,
      14.556436538696289,
      21.040027618408203,
      24.140356063842773,
      17.297971725463867,
      18.642742156982422,
      16.17350196838379,
      19.114259719848633,
      11.213445663452148,
      14.966360092163086,
      8.063923835754395,
      12.944177627563477,
      5.291927337646484,
      11.340338706970215
    ],
    [
      7.42125940322876,
      10.59073543548584,
      9.687398910522461,
      12.23740291595459,
      16.17027473449707,
      14.70358657836914,
      17.901607513427734,
      17.297971725463867,
      23.495363235473633,
      20.72673225402832,
      20.810781478881836,
      22.731807708740234,
      15.601780891418457,
      18.527780532836914,
      11.850061416625977,
      15.723074913024902,
      7.994260787963867,
      14.131729125976562
    ],
    [
      7.495659828186035,
      10.932828903198242,
      8.469508171081543,
      12.509589195251465,
      17.025182723999023,
      18.21626091003418,
      18.204025268554688,
      18.642742156982422,
      20.72673225402832,
      23.860532760620117,
      19.98316764831543,
      23.533220291137695,
      13.789080619812012,
      17.846948623657227,
      10.337274551391602,
      15.101117134094238,
      7.170322418212891,
      14.287375450134277
    ],
    [
      12.335587501525879,
      10.556251525878906,
      10.188599586486816,
      8.145848274230957,
      18.136005401611328,
      13.988592147827148,
      17.834545135498047,
      16.17350196838379,
      20.810781478881836,
      19.98316764831543,
      31.202733993530273,
      29.726940155029297,
      24.5036563873291,
      26.451135635375977,
      19.189327239990234,
      22.886493682861328,
      11.642857551574707,
      20.76177406311035
    ],
    [
      11.224010467529297,
      13.939764976501465,
      10.621892929077148,
      11.895112991333008,
      19.85454750061035,
      17.940113067626953,
      19.836854934692383,
      19.114259719848633,
      22.731807708740234,
      23.533220291137695,
      29.726940155029297,
      36.10133743286133,
      23.903549194335938,
      29.65419578552246,
      18.985328674316406,
      26.593212127685547,
      10.82815933227539,
      22.721817016601562
    ],
    [
      9.768982887268066,
      8.264472007751465,
      8.734025001525879,
      5.600858211517334,
      13.026501655578613,
      8.619138717651367,
      12.565984725952148,
      11.213445663452148,
      15.601780891418457,
      13.789080619812012,
      24.5036563873291,
      23.903549194335938,
      29.875215530395508,
      28.662626266479492,
      25.5688419342041,
      26.719932556152344,
      16.000879287719727,
      18.64093780517578
    ],
    [
      9.216751098632812,
      13.841840744018555,
      9.920276641845703,
      11.134539604187012,
      15.819921493530273,
      13.118728637695312,
      15.598657608032227,
      14.966360092163086,
      18.527780532836914,
      17.846948623657227,
      26.451135635375977,
      29.65419578552246,
      28.662626266479492,
      36.27708053588867,
      25.307064056396484,
      33.85097885131836,
      14.577875137329102,
      23.749710083007812
    ],
    [
      5.715334892272949,
      1.4386409521102905,
      6.110134601593018,
      2.0932788848876953,
      10.546698570251465,
      6.210973739624023,
      9.822599411010742,
      8.063923835754395,
      11.850061416625977,
      10.337274551391602,
      19.189327239990234,
      18.985328674316406,
      25.5688419342041,
      25.307064056396484,
      29.90192222595215,
      29.23366928100586,
      27.231470108032227,
      27.46234893798828
    ],
    [
      8.26752758026123,
      10.256444931030273,
      8.644643783569336,
      8.314264297485352,
      13.644962310791016,
      11.171048164367676,
      13.670611381530762,
      12.944177627563477,
      15.723074913024902,
      15.101117134094238,
      22.886493682861328,
      26.593212127685547,
      26.719932556152344,
      33.85097885131836,
      29.23366928100586,
      40.8499641418457,
      23.547422409057617,
      34.48082733154297
    ],
    [
      1.949536919593811,
      -9.315117835998535,
      2.2016165256500244,
      -4.167489051818848,
      8.327702522277832,
      4.215028285980225,
      8.16848373413086,
      5.291927337646484,
      7.994260787963867,
      7.170322418212891,
      11.642857551574707,
      10.82815933227539,
      16.000879287719727,
      14.577875137329102,
      27.231470108032227,
      23.547422409057617,
      44.44224166870117,
      39.21690368652344
    ],
    [
      8.112476348876953,
      1.5987468957901,
      6.06799840927124,
      2.293003559112549,
      13.781548500061035,
      10.365218162536621,
      13.705679893493652,
      11.340338706970215,
      14.131729125976562,
      14.287375450134277,
      20.76177406311035,
      22.721817016601562,
      18.64093780517578,
      23.749710083007812,
      27.46234893798828,
      34.48082733154297,
      39.21690368652344,
      52.49419403076172
    ]
  ],
  "covariance_short": [
    [
      44.9911003112793,
      16.48661231994629,
      16.9478816986084,
      5.682826042175293,
      7.259490013122559,
      6.042355537414551,
      7.88054084777832,
      7.540806293487549,
      9.117537498474121,
      9.046451568603516,
      16.28896713256836,
      13.119410514831543,
      16.078548431396484,
      12.4705171585083,
      10.797697067260742,
      14.26644229888916,
      12.830926895141602,
      11.433572769165039
    ],
    [
      16.48661231994629,
      37.935386657714844,
      10.523199081420898,
      14.061492919921875,
      8.708192825317383,
      10.134360313415527,
      8.626703262329102,
      9.69599723815918,
      9.277225494384766,
      9.988590240478516,
      10.561505317687988,
      12.778059005737305,
      9.003824234008789,
      12.231019973754883,
      4.741660118103027,
      10.096131324768066,
      1.2168439626693726,
      4.01326322555542
    ],
    [
      16.9478816986084,
      10.523199081420898,
      22.71433448791504,
      11.6270751953125,
      11.284440994262695,
      8.446051597595215,
      9.584541320800781,
      9.364165306091309,
      12.14814281463623,
      10.582459449768066,
      14.729453086853027,
      13.054740905761719,
      14.014907836914062,
      12.641108512878418,
      9.697164535522461,
      11.865347862243652,
      9.1459379196167,
      8.407124519348145
    ],
    [
      5.682826042175293,
      14.061492919921875,
      11.6270751953125,
      33.46585464477539,
      12.235008239746094,
      15.705072402954102,
      12.870772361755371,
      14.872234344482422,
      17.37224769592285,
      16.555089950561523,
      13.701242446899414,
      16.093461990356445,
      10.895486831665039,
      15.65408992767334,
      6.4458909034729,
      10.503636360168457,
      1.6229435205459595,
      4.811424732208252
    ],
    [
      7.259490013122559,
      8.708192825317383,
      11.284440994262695,
      12.235008239746094,
      31.213245391845703,
      23.13324546813965,
      19.688161849975586,
      16.650936126708984,
      21.548246383666992,
      22.383007049560547,
      23.93325424194336,
      24.037973403930664,
      19.15439224243164,
      19.7325382232666,
      15.18653392791748,
      17.65215301513672,
      16.16362762451172,
      14.9224271774292
    ],
    [
      6.042355537414551,
      10.134360313415527,
      8.446051597595215,
      15.705072402954102,
      23.13324546813965,
      32.023563385009766,
      17.144515991210938,
      18.517154693603516,
      20.854530334472656,
      23.50379180908203,
      20.608179092407227,
      22.917938232421875,
      13.88878345489502,
      16.918176651000977,
      9.857718467712402,
      14.01845932006836,
      9.97749137878418,
      10.646224021911621
    ],
    [
      7.88054084777832,
      8.626703262329102,
      9.584541320800781,
      12.870772361755371,
      19.688161849975586,
      17.144515991210938,
      35.43764114379883,
      26.21792984008789,
      24.041078567504883,
      23.919462203979492,
      24.83943748474121,
      24.956859588623047,
      19.24883270263672,
      20.10913848876953,
      15.01529598236084,
      17.969711303710938,
      16.143795013427734,
      15.524660110473633
    ],
    [
      7.540806293487549,
      9.69599723815918,
      9.364165306091309,
      14.872234344482422,
      16.650936126708984,
      18.517154693603516,
      26.21792984008789,
      31.317087173461914,
      22.56290626525879,
      23.707359313964844,
      22.177213668823242,
      23.422536849975586,
      16.996957778930664,
      18.943586349487305,
      12.579697608947754,
      16.2251033782959,
      12.47535514831543,
      12.56896686553955
    ],
    [
      9.117537498474121,
      9.277225494384766,
      12.14814281463623,
      17.37224769592285,
      21.548246383666992,
      20.854530334472656,
      24.041078567504883,
      22.56290626525879,
      32.45399856567383,
      27.863386154174805,
      29.24424171447754,
      28.946313858032227,
      23.507740020751953,
      24.00273895263672,
      18.126235961914062,
      20.868486404418945,
      18.644296646118164,
      17.536657333374023
    ],
    [
      9.046451568603516,
      9.988590240478516,
      10.582459449768066,
      16.555089950561523,
      22.383007049560547,
      23.50379180908203,
      23.919462203979492,
      23.707359313964844,
      27.863386154174805,
      32.14760971069336,
      27.613441467285156,
      29.41353416442871,
      20.843318939208984,
      23.068557739257812,
      15.84089469909668,
      20.527557373046875,
      17.28049087524414,
      16.8447265625
    ],
    [
      16.28896713256836,
      10.561505317687988,
      14.729453086853027,
      13.701242446899414,
      23.93325424194336,
      20.608179092407227,
      24.83943748474121,
      22.177213668823242,
      29.24424171447754,
      27.613441467285156,
      45.65045928955078,
      39.819923400878906,
      39.25822448730469,
      36.697200775146484,
      31.650169372558594,
      36.409751892089844,
      32.854915618896484,
      30.199073791503906
    ],
    [
      13.119410514831543,
      12.778059005737305,
      13.054740905761719,
      16.093461990356445,
      24.037973403930664,
      22.917938232421875,
      24.956859588623047,
      23.422536849975586,
      28.946313858032227,
      29.41353416442871,
      39.819923400878906,
      45.08162307739258,
      34.72333908081055,
      38.121795654296875,
      28.704591751098633,
      37.70814895629883,
      29.03777313232422,
      28.86131477355957
    ],
    [
      16.078548431396484,
      9.003824234008789,
      14.014907836914062,
      10.895486831665039,
      19.15439224243164,
      13.88878345489502,
      19.24883270263672,
      16.996957778930664,
      23.507740020751953,
      20.843318939208984,
      39.25822448730469,
      34.72333908081055,
      52.444637298583984,
      44.563106536865234,
      46.92057418823242,
      43.51512145996094,
      42.80567169189453,
      38.863746643066406
    ],
    [
      12.4705171585083,
      12.231019973754883,
      12.641108512878418,
      15.65408992767334,
      19.7325382232666,
      16.918176651000977,
      20.10913848876953,
      18.943586349487305,
      24.00273895263672,
      23.068557739257812,
      36.697200775146484,
      38.121795654296875,
      44.563106536865234,
      49.47138214111328,
      42.11800003051758,
      46.778228759765625,
      37.991058349609375,
      38.5400276184082
    ],
    [
      10.797697067260742,
      4.741660118103027,
      9.697164535522461,
      6.4458909034729,
      15.18653392791748,
      9.857718467712402,
      15.01529598236084,
      12.579697608947754,
      18.126235961914062,
      15.84089469909668,
      31.650169372558594,
      28.704591751098633,
      46.92057418823242,
      42.11800003051758,
      55.54085922241211,
      48.847389221191406,
      56.729652404785156,
      50.78239059448242
    ],
    [
      14.26644229888916,
      10.096131324768066,
      11.865347862243652,
      10.503636360168457,
      17.65215301513672,
      14.01845932006836,
      17.969711303710938,
      16.2251033782959,
      20.868486404418945,
      20.527557373046875,
      36.409751892089844,
      37.70814895629883,
      43.51512145996094,
      46.778228759765625,
      48.847389221191406,
      64.66841125488281,
      59.346527099609375,
      57.88631057739258
    ],
    [
      12.830926895141602,
      1.2168439626693726,
      9.1459379196167,
      1.6229435205459595,
      16.16362762451172,
      9.97749137878418,
      16.143795013427734,
      12.47535514831543,
      18.644296646118164,
      17.28049087524414,
      32.854915618896484,
      29.03777313232422,
      42.80567169189453,
      37.991058349609375,
      56.729652404785156,
      59.346527099609375,
      88.29029846191406,
      76.8548812866211
    ],
    [
      11.433572769165039,
      4.01326322555542,
      8.407124519348145,
      4.811424732208252,
      14.9224271774292,
      10.646224021911621,
      15.524660110473633,
      12.56896686553955,
      17.536657333374023,
      16.8447265625,
      30.199073791503906,
      28.86131477355957,
      38.863746643066406,
      38.5400276184082,
      50.78239059448242,
      57.88631057739258,
      76.8548812866211,
      73.6275863647461
    ]
  ],
  "damage": -9.396003723144531,
  "diff_bandwidth": 433.8904113769531,
  "dissonance": 7.362069129160541,
  "drr": 12.513895034790039,
  "dynamics": 2.926614284515381,
  "format": 1245190,
  "frames": 20513728,
  "loudness": -15.561052322387695,
  "loudness_range": 7.424680709838867,
  "loudness_range_short": 10.365091323852539,
  "lowpass_true_peak_15khz": -0.0049658301286399364,
  "mastering3_acoustic_entropies": [
    {
      "acoustic_entropy": 6.443791389465332,
      "acoustic_entropy_mono": 5.22928524017334,
      "band_eliminated_acoustic_entropies": [
        {
          "acoustic_entropy": 6.146812915802002,
          "acoustic_entropy_side": 6.444360256195068,
          "hz": 129.47220167065723
        },
        {
          "acoustic_entropy": 6.2801947593688965,
          "acoustic_entropy_side": 6.393868923187256,
          "hz": 202.92927478742237
        },
        {
          "acoustic_entropy": 6.801364898681641,
          "acoustic_entropy_side": 6.32138204574585,
          "hz": 282.89161906338205
        },
        {
          "acoustic_entropy": 5.83412504196167,
          "acoustic_entropy_side": 6.146745681762695,
          "hz": 369.9353335868758
        },
        {
          "acoustic_entropy": 6.300477504730225,
          "acoustic_entropy_side": 6.221993923187256,
          "hz": 464.6875360973435
        },
        {
          "acoustic_entropy": 6.069935321807861,
          "acoustic_entropy_side": 6.052727699279785,
          "hz": 567.8308811364784
        },
        {
          "acoustic_entropy": 6.144736289978027,
          "acoustic_entropy_side": 6.248311519622803,
          "hz": 680.1084783214808
        },
        {
          "acoustic_entropy": 6.040384769439697,
          "acoustic_entropy_side": 6.550420761108398,
          "hz": 802.3292461747484
        },
        {
          "acoustic_entropy": 6.135197162628174,
          "acoustic_entropy_side": 6.30393123626709,
          "hz": 935.3737400823702
        },
        {
          "acoustic_entropy": 5.85102653503418,
          "acoustic_entropy_side": 6.36872673034668,
          "hz": 1080.2004963696966
        },
        {
          "acoustic_entropy": 6.20932674407959,
          "acoustic_entropy_side": 6.412632465362549,
          "hz": 1237.8529382007157
        },
        {
          "acoustic_entropy": 6.251275539398193,
          "acoustic_entropy_side": 6.436650276184082,
          "hz": 1409.4668930556702
        },
        {
          "acoustic_entropy": 6.040013313293457,
          "acoustic_entropy_side": 6.154173851013184,
          "hz": 1596.2787759475705
        },
        {
          "acoustic_entropy": 6.219078063964844,
          "acoustic_entropy_side": 6.403428077697754,
          "hz": 1799.6344973346393
        },
        {
          "acoustic_entropy": 6.334464073181152,
          "acoustic_entropy_side": 6.393483638763428,
          "hz": 2020.9991599069049
        },
        {
          "acoustic_entropy": 6.483940601348877,
          "acoustic_entropy_side": 6.452218532562256,
          "hz": 2261.9676141086993
        },
        {
          "acoustic_entropy": 6.444993019104004,
          "acoustic_entropy_side": 6.4501214027404785,
          "hz": 2524.2759484456974
        },
        {
          "acoustic_entropy": 6.42389440536499,
          "acoustic_entropy_side": 6.42794942855835,
          "hz": 2809.813997359896
        },
        {
          "acoustic_entropy": 6.394011974334717,
          "acoustic_entropy_side": 6.4287285804748535,
          "hz": 3120.6389567871424
        },
        {
          "acoustic_entropy": 6.4209303855896,
          "acoustic_entropy_side": 6.439310550689697,
          "hz": 3458.990205492291
        },
        {
          "acoustic_entropy": 6.351992607116699,
          "acoustic_entropy_side": 6.4288530349731445,
          "hz": 3827.305438964164
        },
        {
          "acoustic_entropy": 6.284864902496338,
          "acoustic_entropy_side": 6.428995609283447,
          "hz": 4228.238232109126
        },
        {
          "acoustic_entropy": 6.311696529388428,
          "acoustic_entropy_side": 6.428832054138184,
          "hz": 4664.6771572759235
        },
        {
          "acoustic_entropy": 6.358884811401367,
          "acoustic_entropy_side": 6.429322242736816,
          "hz": 5139.766595350093
        },
        {
          "acoustic_entropy": 6.410252094268799,
          "acoustic_entropy_side": 6.430524826049805,
          "hz": 5656.929389854203
        },
        {
          "acoustic_entropy": 6.426971912384033,
          "acoustic_entropy_side": 6.43562650680542,
          "hz": 6219.891507268283
        },
        {
          "acoustic_entropy": 6.309590816497803,
          "acoustic_entropy_side": 6.436156272888184,
          "hz": 6832.70888123896
        },
        {
          "acoustic_entropy": 6.245926856994629,
          "acoustic_entropy_side": 6.435810565948486,
          "hz": 7499.796634079867
        },
        {
          "acoustic_entropy": 6.345987319946289,
          "acoustic_entropy_side": 6.436709880828857,
          "hz": 8225.96088609342
        },
        {
          "acoustic_entropy": 6.382462024688721,
          "acoustic_entropy_side": 6.436822414398193,
          "hz": 9016.43338188839
        },
        {
          "acoustic_entropy": 6.307382106781006,
          "acoustic_entropy_side": 6.435607433319092,
          "hz": 9876.909183162974
        },
        {
          "acoustic_entropy": 6.3775763511657715,
          "acoustic_entropy_side": 6.434792995452881,
          "hz": 10813.587699516042
        },
        {
          "acoustic_entropy": 6.416259765625,
          "acoustic_entropy_side": 6.438220500946045,
          "hz": 11833.21735289826
        },
        {
          "acoustic_entropy": 6.420684337615967,
          "acoustic_entropy_side": 6.4397735595703125,
          "hz": 12943.144197493959
        },
        {
          "acoustic_entropy": 6.443832874298096,
          "acoustic_entropy_side": 6.437872886657715,
          "hz": 14151.364845322005
        },
        {
          "acoustic_entropy": 6.428480625152588,
          "acoustic_entropy_side": 6.43436336517334,
          "hz": 15466.58407886509
        },
        {
          "acoustic_entropy": 6.4462175369262695,
          "acoustic_entropy_side": 6.437743663787842,
          "hz": 16898.27756580493
        },
        {
          "acoustic_entropy": 6.439811706542969,
          "acoustic_entropy_side": 6.441652297973633,
          "hz": 18456.760127700032
        },
        {
          "acoustic_entropy": 6.434074878692627,
          "acoustic_entropy_side": 6.442378520965576,
          "hz": 20153.260054456492
        },
        {
          "acoustic_entropy": 6.443239688873291,
          "acoustic_entropy_side": 6.443411827087402,
          "hz": 22000.00000000001
        }
      ],
      "diff_acoustic_entropy": 6.356819152832031,
      "sn": 6
    },
    {
      "acoustic_entropy": 10.290972709655762,
      "acoustic_entropy_mono": 8.864788055419922,
      "band_eliminated_acoustic_entropies": [
        {
          "acoustic_entropy": 9.998114585876465,
          "acoustic_entropy_side": 10.294418334960938,
          "hz": 129.47220167065723
        },
        {
          "acoustic_entropy": 10.788005828857422,
          "acoustic_entropy_side": 10.079079627990723,
          "hz": 202.92927478742237
        },
        {
          "acoustic_entropy": 10.444879531860352,
          "acoustic_entropy_side": 10.232419967651367,
          "hz": 282.89161906338205
        },
        {
          "acoustic_entropy": 9.681445121765137,
          "acoustic_entropy_side": 10.173730850219727,
          "hz": 369.9353335868758
        },
        {
          "acoustic_entropy": 10.627394676208496,
          "acoustic_entropy_side": 10.749856948852539,
          "hz": 464.6875360973435
        },
        {
          "acoustic_entropy": 9.807303428649902,
          "acoustic_entropy_side": 9.904361724853516,
          "hz": 567.8308811364784
        },
        {
          "acoustic_entropy": 10.393260955810547,
          "acoustic_entropy_side": 10.368144989013672,
          "hz": 680.1084783214808
        },
        {
          "acoustic_entropy": 10.95916748046875,
          "acoustic_entropy_side": 9.753586769104004,
          "hz": 802.3292461747484
        },
        {
          "acoustic_entropy": 11.061498641967773,
          "acoustic_entropy_side": 10.44002914428711,
          "hz": 935.3737400823702
        },
        {
          "acoustic_entropy": 10.212458610534668,
          "acoustic_entropy_side": 10.154655456542969,
          "hz": 1080.2004963696966
        },
        {
          "acoustic_entropy": 10.129385948181152,
          "acoustic_entropy_side": 10.078998565673828,
          "hz": 1237.8529382007157
        },
        {
          "acoustic_entropy": 10.704089164733887,
          "acoustic_entropy_side": 10.33494758605957,
          "hz": 1409.4668930556702
        },
        {
          "acoustic_entropy": 9.598058700561523,
          "acoustic_entropy_side": 10.05471134185791,
          "hz": 1596.2787759475705
        },
        {
          "acoustic_entropy": 10.338476181030273,
          "acoustic_entropy_side": 10.408224105834961,
          "hz": 1799.6344973346393
        },
        {
          "acoustic_entropy": 10.117785453796387,
          "acoustic_entropy_side": 10.261384010314941,
          "hz": 2020.9991599069049
        },
        {
          "acoustic_entropy": 10.131184577941895,
          "acoustic_entropy_side": 10.17280387878418,
          "hz": 2261.9676141086993
        },
        {
          "acoustic_entropy": 10.110943794250488,
          "acoustic_entropy_side": 10.162013053894043,
          "hz": 2524.2759484456974
        },
        {
          "acoustic_entropy": 10.2489652633667,
          "acoustic_entropy_side": 10.25534725189209,
          "hz": 2809.813997359896
        },
        {
          "acoustic_entropy": 10.2378511428833,
          "acoustic_entropy_side": 10.281338691711426,
          "hz": 3120.6389567871424
        },
        {
          "acoustic_entropy": 10.21166706085205,
          "acoustic_entropy_side": 10.231525421142578,
          "hz": 3458.990205492291
        },
        {
          "acoustic_entropy": 10.280827522277832,
          "acoustic_entropy_side": 10.289548873901367,
          "hz": 3827.305438964164
        },
        {
          "acoustic_entropy": 10.279438972473145,
          "acoustic_entropy_side": 10.305427551269531,
          "hz": 4228.238232109126
        },
        {
          "acoustic_entropy": 10.306255340576172,
          "acoustic_entropy_side": 10.296619415283203,
          "hz": 4664.6771572759235
        },
        {
          "acoustic_entropy": 10.31315803527832,
          "acoustic_entropy_side": 10.29544448852539,
          "hz": 5139.766595350093
        },
        {
          "acoustic_entropy": 10.325767517089844,
          "acoustic_entropy_side": 10.299778938293457,
          "hz": 5656.929389854203
        },
        {
          "acoustic_entropy": 10.334818840026855,
          "acoustic_entropy_side": 10.319465637207031,
          "hz": 6219.891507268283
        },
        {
          "acoustic_entropy": 10.299065589904785,
          "acoustic_entropy_side": 10.313247680664062,
          "hz": 6832.70888123896
        },
        {
          "acoustic_entropy": 10.294671058654785,
          "acoustic_entropy_side": 10.309831619262695,
          "hz": 7499.796634079867
        },
        {
          "acoustic_entropy": 10.318587303161621,
          "acoustic_entropy_side": 10.31801986694336,
          "hz": 8225.96088609342
        },
        {
          "acoustic_entropy": 10.337944030761719,
          "acoustic_entropy_side": 10.326687812805176,
          "hz": 9016.43338188839
        },
        {
          "acoustic_entropy": 10.316446304321289,
          "acoustic_entropy_side": 10.31788158416748,
          "hz": 9876.909183162974
        },
        {
          "acoustic_entropy": 10.322944641113281,
          "acoustic_entropy_side": 10.31685733795166,
          "hz": 10813.587699516042
        },
        {
          "acoustic_entropy": 10.312790870666504,
          "acoustic_entropy_side": 10.302936553955078,
          "hz": 11833.21735289826
        },
        {
          "acoustic_entropy": 10.314678192138672,
          "acoustic_entropy_side": 10.299050331115723,
          "hz": 12943.144197493959
        },
        {
          "acoustic_entropy": 10.308698654174805,
          "acoustic_entropy_side": 10.297794342041016,
          "hz": 14151.364845322005
        },
        {
          "acoustic_entropy": 10.168922424316406,
          "acoustic_entropy_side": 10.296247482299805,
          "hz": 15466.58407886509
        },
        {
          "acoustic_entropy": 10.01130485534668,
          "acoustic_entropy_side": 10.295619010925293,
          "hz": 16898.27756580493
        },
        {
          "acoustic_entropy": 10.129712104797363,
          "acoustic_entropy_side": 10.294015884399414,
          "hz": 18456.760127700032
        },
        {
          "acoustic_entropy": 10.300750732421875,
          "acoustic_entropy_side": 10.293597221374512,
          "hz": 20153.260054456492
        },
        {
          "acoustic_entropy": 10.292007446289062,
          "acoustic_entropy_side": 10.292131423950195,
          "hz": 22000.00000000001
        }
      ],
      "diff_acoustic_entropy": 9.908875465393066,
      "sn": 12
    },
    {
      "acoustic_entropy": 17.662578582763672,
      "acoustic_entropy_mono": 13.489768981933594,
      "band_eliminated_acoustic_entropies": [
        {
          "acoustic_entropy": 17.15851593017578,
          "acoustic_entropy_side": 17.435203552246094,
          "hz": 129.47220167065723
        },
        {
          "acoustic_entropy": 18.263668060302734,
          "acoustic_entropy_side": 18.27506446838379,
          "hz": 202.92927478742237
        },
        {
          "acoustic_entropy": 17.617752075195312,
          "acoustic_entropy_side": 18.02117919921875,
          "hz": 282.89161906338205
        },
        {
          "acoustic_entropy": 16.131132125854492,
          "acoustic_entropy_side": 16.409284591674805,
          "hz": 369.9353335868758
        },
        {
          "acoustic_entropy": 17.821331024169922,
          "acoustic_entropy_side": 18.158742904663086,
          "hz": 464.6875360973435
        },
        {
          "acoustic_entropy": 16.258567810058594,
          "acoustic_entropy_side": 16.85580062866211,
          "hz": 567.8308811364784
        },
        {
          "acoustic_entropy": 17.317590713500977,
          "acoustic_entropy_side": 17.42266845703125,
          "hz": 680.1084783214808
        },
        {
          "acoustic_entropy": 16.47496223449707,
          "acoustic_entropy_side": 17.814098358154297,
          "hz": 802.3292461747484
        },
        {
          "acoustic_entropy": 17.81461524963379,
          "acoustic_entropy_side": 18.269556045532227,
          "hz": 935.3737400823702
        },
        {
          "acoustic_entropy": 16.112316131591797,
          "acoustic_entropy_side": 17.301515579223633,
          "hz": 1080.2004963696966
        },
        {
          "acoustic_entropy": 17.179033279418945,
          "acoustic_entropy_side": 17.927631378173828,
          "hz": 1237.8529382007157
        },
        {
          "acoustic_entropy": 17.775634765625,
          "acoustic_entropy_side": 17.2567081451416,
          "hz": 1409.4668930556702
        },
        {
          "acoustic_entropy": 17.008575439453125,
          "acoustic_entropy_side": 17.3552303314209,
          "hz": 1596.2787759475705
        },
        {
          "acoustic_entropy": 17.456253051757812,
          "acoustic_entropy_side": 17.74079704284668,
          "hz": 1799.6344973346393
        },
        {
          "acoustic_entropy": 17.57207679748535,
          "acoustic_entropy_side": 17.471027374267578,
          "hz": 2020.9991599069049
        },
        {
          "acoustic_entropy": 17.768051147460938,
          "acoustic_entropy_side": 17.212806701660156,
          "hz": 2261.9676141086993
        },
        {
          "acoustic_entropy": 17.097606658935547,
          "acoustic_entropy_side": 17.40960693359375,
          "hz": 2524.2759484456974
        },
        {
          "acoustic_entropy": 17.4882869720459,
          "acoustic_entropy_side": 17.75247573852539,
          "hz": 2809.813997359896
        },
        {
          "acoustic_entropy": 17.81757354736328,
          "acoustic_entropy_side": 17.589651107788086,
