{
  "acoustic_entropy": 231.5527801513672,
  "bands": [
    {
      "high_freq": 148.1999969482422,
      "loudness": -33.29914474487305,
      "loudness_range": 21.15239906311035,
      "mid_mean": -30.365713119506836,
      "mid_to_side_loudness": -10.269316673278809,
      "mid_to_side_loudness_range": 16.346529006958008,
      "side_mean": -41.72243881225586
    },
    {
      "high_freq": 392.3793640136719,
      "loudness": -31.491525650024414,
      "loudness_range": 15.140604019165039,
      "low_freq": 148.1999969482422,
      "mid_mean": -29.90495491027832,
      "mid_to_side_loudness": -2.839104413986206,
      "mid_to_side_loudness_range": 8.803431510925293,
      "side_mean": -32.89503479003906
    },
    {
      "high_freq": 794.6976318359375,
      "loudness": -29.71821403503418,
      "loudness_range": 10.335466384887695,
      "low_freq": 392.3793640136719,
      "mid_mean": -27.881078720092773,
      "mid_to_side_loudness": -3.2082488536834717,
      "mid_to_side_loudness_range": 8.451555252075195,
      "side_mean": -31.269868850708008
    },
    {
      "high_freq": 1457.5709228515625,
      "loudness": -29.922101974487305,
      "loudness_range": 9.437292098999023,
      "low_freq": 794.6976318359375,
      "mid_mean": -28.515865325927734,
      "mid_to_side_loudness": -2.2235231399536133,
      "mid_to_side_loudness_range": 8.587457656860352,
      "side_mean": -30.70794105529785
    },
    {
      "high_freq": 2549.74365234375,
      "loudness": -28.538787841796875,
      "loudness_range": 13.164270401000977,
      "low_freq": 1457.5709228515625,
      "mid_mean": -26.9658203125,
      "mid_to_side_loudness": -2.397437572479248,
      "mid_to_side_loudness_range": 6.4606852531433105,
      "side_mean": -29.421335220336914
    },
    {
      "high_freq": 4349.24462890625,
      "loudness": -26.997905731201172,
      "loudness_range": 9.24117660522461,
      "low_freq": 2549.74365234375,
      "mid_mean": -25.768192291259766,
      "mid_to_side_loudness": -1.5537484884262085,
      "mid_to_side_loudness_range": 6.14345121383667,
      "side_mean": -27.274789810180664
    },
    {
      "high_freq": 7314.1640625,
      "loudness": -35.595985412597656,
      "loudness_range": 12.400333404541016,
      "low_freq": 4349.24462890625,
      "mid_mean": -33.94209671020508,
      "mid_to_side_loudness": -2.887465238571167,
      "mid_to_side_loudness_range": 7.8572869300842285,
      "side_mean": -36.845333099365234
    },
    {
      "high_freq": 12199.2666015625,
      "loudness": -44.41654968261719,
      "loudness_range": 13.767486572265625,
      "low_freq": 7314.1640625,
      "mid_mean": -42.88665008544922,
      "mid_to_side_loudness": -2.5130021572113037,
      "mid_to_side_loudness_range": 6.387253284454346,
      "side_mean": -45.43202590942383
    },
    {
      "loudness": -52.90028762817383,
      "loudness_range": 20.713520050048828,
      "low_freq": 12199.2666015625,
      "mid_mean": -52.39850616455078,
      "mid_to_side_loudness": -1.0288612842559814,
      "mid_to_side_loudness_range": 2.3377580642700195,
      "side_mean": -53.348426818847656
    }
  ],
  "bands_short": [
    {
      "high_freq": 148.1999969482422,
      "loudness": -35.57638168334961,
      "loudness_range": 21.0965576171875,
      "mid_mean": -33.11030960083008,
      "mid_to_side_loudness": -9.835809707641602,
      "mid_to_side_loudness_range": 20.68883514404297,
      "side_mean": -44.59296798706055
    },
    {
      "high_freq": 392.3793640136719,
      "loudness": -30.863475799560547,
      "loudness_range": 17.350074768066406,
      "low_freq": 148.1999969482422,
      "mid_mean": -29.23371696472168,
      "mid_to_side_loudness": -3.8075308799743652,
      "mid_to_side_loudness_range": 12.730938911437988,
      "side_mean": -33.2242317199707
    },
    {
      "high_freq": 794.6976318359375,
      "loudness": -30.3365421295166,
      "loudness_range": 12.389226913452148,
      "low_freq": 392.3793640136719,
      "mid_mean": -28.76205062866211,
      "mid_to_side_loudness": -3.086634874343872,
      "mid_to_side_loudness_range": 13.153465270996094,
      "side_mean": -32.02730941772461
    },
    {
      "high_freq": 1457.5709228515625,
      "loudness": -30.368515014648438,
      "loudness_range": 11.429533004760742,
      "low_freq": 794.6976318359375,
      "mid_mean": -29.13604164123535,
      "mid_to_side_loudness": -2.1983373165130615,
      "mid_to_side_loudness_range": 11.688143730163574,
      "side_mean": -31.39929962158203
    },
    {
      "high_freq": 2549.74365234375,
      "loudness": -28.972631454467773,
      "loudness_range": 12.98249626159668,
      "low_freq": 1457.5709228515625,
      "mid_mean": -27.604246139526367,
      "mid_to_side_loudness": -2.173532009124756,
      "mid_to_side_loudness_range": 9.291511535644531,
      "side_mean": -29.87422752380371
    },
    {
      "high_freq": 4349.24462890625,
      "loudness": -27.408212661743164,
      "loudness_range": 10.601703643798828,
      "low_freq": 2549.74365234375,
      "mid_mean": -26.346921920776367,
      "mid_to_side_loudness": -1.3457072973251343,
      "mid_to_side_loudness_range": 8.147110939025879,
      "side_mean": -27.700468063354492
    },
    {
      "high_freq": 7314.1640625,
      "loudness": -36.142948150634766,
      "loudness_range": 13.843315124511719,
      "low_freq": 4349.24462890625,
      "mid_mean": -34.672027587890625,
      "mid_to_side_loudness": -2.489285945892334,
      "mid_to_side_loudness_range": 9.037463188171387,
      "side_mean": -37.199588775634766
    },
    {
      "high_freq": 12199.2666015625,
      "loudness": -45.258277893066406,
      "loudness_range": 15.687076568603516,
      "low_freq": 7314.1640625,
      "mid_mean": -43.9480094909668,
      "mid_to_side_loudness": -1.9331289529800415,
      "mid_to_side_loudness_range": 6.860171318054199,
      "side_mean": -45.92547607421875
    },
    {
      "loudness": -53.93566131591797,
      "loudness_range": 22.781951904296875,
      "low_freq": 12199.2666015625,
      "mid_mean": -53.469112396240234,
      "mid_to_side_loudness": -0.7034079432487488,
      "mid_to_side_loudness_range": 2.718611717224121,
      "side_mean": -54.15660858154297
    }
  ],
  "bandwidth": 927.3828735351562,
  "channels": 2,
  "covariance": [
    [
      64.03308868408203,
      41.87391662597656,
      39.96430969238281,
      32.41600799560547,
      10.294511795043945,
      8.321144104003906,
      8.349263191223145,
      1.921112060546875,
      -3.1543221473693848,
      -5.502066135406494,
      -3.594247817993164,
      -9.001632690429688,
      0.9033282995223999,
      -8.51839542388916,
      2.103044271469116,
      -5.814927577972412,
      0.2099086344242096,
      -1.7188748121261597
    ],
    [
      41.87391662597656,
      59.58417892456055,
      34.859134674072266,
      29.59495735168457,
      10.402085304260254,
      7.011131763458252,
      9.913928985595703,
      3.555229425430298,
      -4.080506324768066,
      -6.687311172485352,
      -1.2961727380752563,
      -6.479610919952393,
      0.16720210015773773,
      -7.878433704376221,
      0.37136927247047424,
      -5.865488529205322,
      0.45519447326660156,
      -2.2164947986602783
    ],
    [
      39.96430969238281,
      34.859134674072266,
      49.423343658447266,
      38.286033630371094,
      12.008153915405273,
      12.426645278930664,
      7.954517841339111,
      3.718893527984619,
      2.626558780670166,
      0.921230673789978,
      0.008636094629764557,
      -4.538089752197266,
      3.659877300262451,
      -4.086985111236572,
      3.0661873817443848,
      -2.0765275955200195,
      1.1433179378509521,
      -0.047635551542043686
    ],
    [
      32.41600799560547,
      29.59495735168457,
      38.286033630371094,
      38.86282730102539,
      8.847432136535645,
      8.065675735473633,
      6.611541748046875,
      3.6346566677093506,
      0.1607491374015808,
      -0.6402225494384766,
      0.5108504891395569,
      -3.119691848754883,
      2.4597513675689697,
      -3.610863208770752,
      1.9678244590759277,
      -2.2563910484313965,
      1.5543508529663086,
      0.13974684476852417
    ],
    [
      10.294511795043945,
      10.402085304260254,
      12.008153915405273,
      8.847432136535645,
      19.787899017333984,
      15.868223190307617,
      4.844130039215088,
      1.6838911771774292,
      12.925599098205566,
      10.530356407165527,
      2.7099854946136475,
      0.1118544489145279,
      5.118131637573242,
      -0.007191074080765247,
      6.317652702331543,
      1.4562382698059082,
      2.9765806198120117,
      0.8894862532615662
    ],
    [
      8.321144104003906,
      7.011131763458252,
      12.426645278930664,
      8.065675735473633,
      15.868223190307617,
      22.01427459716797,
      5.677728652954102,
      2.600281000137329,
      14.632453918457031,
      14.856887817382812,
      3.5516982078552246,
      2.382465124130249,
      5.60733699798584,
      2.039487361907959,
      5.607419490814209,
      3.2732324600219727,
      3.71063232421875,
      2.703514575958252
    ],
    [
      8.349263191223145,
      9.913928985595703,
      7.954517841339111,
      6.611541748046875,
      4.844130039215088,
      5.677728652954102,
      17.777509689331055,
      12.20953369140625,
      4.758975982666016,
      2.867622137069702,
      9.114143371582031,
      7.097430229187012,
      10.328605651855469,
      8.257353782653809,
      10.075335502624512,
      9.076390266418457,
      11.939044952392578,
      10.682921409606934
    ],
    [
      1.921112060546875,
      3.555229425430298,
      3.718893527984619,
      3.6346566677093506,
      1.6838911771774292,
      2.600281000137329,
      12.20953369140625,
      16.00749397277832,
      1.7101233005523682,
      1.7956215143203735,
      8.499008178710938,
      8.704645156860352,
      8.361705780029297,
      9.75705337524414,
      7.412347793579102,
      9.409037590026855,
      10.567205429077148,
      10.885228157043457
    ],
    [
      -3.1543221473693848,
      -4.080506324768066,
      2.626558780670166,
      0.1607491374015808,
      12.925599098205566,
      14.632453918457031,
      4.758975982666016,
      1.7101233005523682,
      22.83116340637207,
      18.42986488342285,
      8.413095474243164,
      6.272078514099121,
      11.473089218139648,
      6.997506141662598,
      12.806960105895996,
      8.719473838806152,
      10.208240509033203,
      7.798811435699463
    ],
    [
      -5.502066135406494,
      -6.687311172485352,
      0.921230673789978,
      -0.6402225494384766,
      10.530356407165527,
      14.856887817382812,
      2.867622137069702,
      1.7956215143203735,
      18.42986488342285,
      20.467981338500977,
      6.511685848236084,
      7.676207542419434,
      6.587965965270996,
      6.864494323730469,
      7.575748443603516,
      7.482973098754883,
      6.629016876220703,
      6.777868270874023
    ],
    [
      -3.594247817993164,
      -1.2961727380752563,
      0.008636094629764557,
      0.5108504891395569,
      2.7099854946136475,
      3.5516982078552246,
      9.114143371582031,
      8.499008178710938,
      8.413095474243164,
      6.511685848236084,
      13.574627876281738,
      12.351217269897461,
      14.260963439941406,
      13.770771980285645,
      14.528382301330566,
      14.745847702026367,
      17.90920066833496,
      16.87809944152832
    ],
    [
      -9.001632690429688,
      -6.479610919952393,
      -4.538089752197266,
      -3.119691848754883,
      0.1118544489145279,
      2.382465124130249,
      7.097430229187012,
      8.704645156860352,
      6.272078514099121,
      7.676207542419434,
      12.351217269897461,
      16.140764236450195,
      10.262231826782227,
      15.377609252929688,
      10.300224304199219,
      15.457157135009766,
      17.39048957824707,
      19.213563919067383
    ],
    [
      0.9033282995223999,
      0.16720210015773773,
      3.659877300262451,
      2.4597513675689697,
      5.118131637573242,
      5.60733699798584,
      10.328605651855469,
      8.361705780029297,
      11.473089218139648,
      6.587965965270996,
      14.260963439941406,
      10.262231826782227,
      23.113346099853516,
      16.816205978393555,
      23.417213439941406,
      19.356691360473633,
      24.410280227661133,
      21.539451599121094
    ],
    [
      -8.51839542388916,
      -7.878433704376221,
      -4.086985111236572,
      -3.610863208770752,
      -0.007191074080765247,
      2.039487361907959,
      8.257353782653809,
      9.75705337524414,
      6.997506141662598,
      6.864494323730469,
      13.770771980285645,
      15.377609252929688,
      16.816205978393555,
      20.62375831604004,
      16.435787200927734,
      20.677616119384766,
      23.100261688232422,
      24.50877571105957
    ],
    [
      2.103044271469116,
      0.37136927247047424,
      3.0661873817443848,
      1.9678244590759277,
      6.317652702331543,
      5.607419490814209,
      10.075335502624512,
      7.412347793579102,
      12.806960105895996,
      7.575748443603516,
      14.528382301330566,
      10.300224304199219,
      23.417213439941406,
      16.435787200927734,
      27.98603057861328,
      21.368684768676758,
      28.038061141967773,
      24.047719955444336
    ],
    [
      -5.814927577972412,
      -5.865488529205322,
      -2.0765275955200195,
      -2.2563910484313965,
      1.4562382698059082,
      3.2732324600219727,
      9.076390266418457,
      9.409037590026855,
      8.719473838806152,
      7.482973098754883,
      14.745847702026367,
      15.457157135009766,
      19.356691360473633,
      20.677616119384766,
      21.368684768676758,
      24.61215591430664,
      28.064210891723633,
      29.067821502685547
    ],
    [
      0.2099086344242096,
      0.45519447326660156,
      1.1433179378509521,
      1.5543508529663086,
      2.9765806198120117,
      3.71063232421875,
      11.939044952392578,
      10.567205429077148,
      10.208240509033203,
      6.629016876220703,
      17.90920066833496,
      17.39048957824707,
      24.410280227661133,
      23.100261688232422,
      28.038061141967773,
      28.064210891723633,
      51.2294921875,
      49.10993957519531
    ],
    [
      -1.7188748121261597,
      -2.2164947986602783,
      -0.047635551542043686,
      0.13974684476852417,
      0.8894862532615662,
      2.703514575958252,
      10.682921409606934,
      10.885228157043457,
      7.798811435699463,
      6.777868270874023,
      16.87809944152832,
      19.213563919067383,
      21.539451599121094,
      24.50877571105957,
      24.047719955444336,
      29.067821502685547,
      49.10993957519531,
      51.47513198852539
    ]
  ],
  "covariance_short": [
    [
      73.8358383178711,
      37.15357208251953,
      42.9571533203125,
      28.671537399291992,
      14.403707504272461,
      12.649598121643066,
      12.984492301940918,
      5.645126819610596,
      2.0110905170440674,
      -1.145134449005127,
      1.6823954582214355,
      -4.674249172210693,
      6.993089199066162,
      -2.617051124572754,
      8.569467544555664,
      1.196860909461975,
      7.277342796325684,
      5.063774585723877
    ],
    [
      37.15357208251953,
      72.82169342041016,
      31.656400680541992,
      27.737903594970703,
      14.08340072631836,
      9.683429718017578,
      14.015596389770508,
      7.455508232116699,
      -1.0406075716018677,
      -5.04849100112915,
      1.750562310218811,
      -3.378441333770752,
      2.6792497634887695,
      -5.1123881340026855,
      3.2907028198242188,
      -2.5385613441467285,
      4.081396102905273,
      1.9399199485778809
    ],
    [
      42.9571533203125,
      31.656400680541992,
      53.804561614990234,
      33.177425384521484,
      14.971606254577637,
      13.779152870178223,
      11.696516036987305,
      6.930213451385498,
      6.08679723739624,
      2.889765501022339,
      4.394215106964111,
      -0.6672590970993042,
      8.8084135055542,
      0.7698020339012146,
      9.208748817443848,
      3.2889750003814697,
      6.295126438140869,
      4.795113563537598
    ],
    [
      28.671537399291992,
      27.737903594970703,
      33.177425384521484,
      40.04754638671875,
      10.670747756958008,
      9.533615112304688,
      8.48945426940918,
      5.493462085723877,
      3.0784950256347656,
      0.900050163269043,
      3.244460105895996,
      -0.0524110272526741,
      5.258719444274902,
      -0.37824079394340515,
      5.733635902404785,
      1.540885329246521,
      4.840145111083984,
      3.436979055404663
    ],
    [
      14.403707504272461,
      14.08340072631836,
      14.971606254577637,
      10.670747756958008,
      27.99199867248535,
      18.360599517822266,
      8.99443531036377,
      5.4582672119140625,
      13.87795639038086,
      10.807341575622559,
      5.405994415283203,
      1.688268780708313,
      7.589491844177246,
      1.7002995014190674,
      9.038874626159668,
      3.813819646835327,
      5.880467891693115,
      3.879420280456543
    ],
    [
      12.649598121643066,
      9.683429718017578,
      13.779152870178223,
      9.533615112304688,
      18.360599517822266,
      30.102827072143555,
      7.824467182159424,
      5.0095906257629395,
      15.547144889831543,
      14.882234573364258,
      4.8238749504089355,
      2.958908796310425,
      6.5604071617126465,
      2.468045473098755,
      7.021830081939697,
      3.7238881587982178,
      4.236947536468506,
      3.2879908084869385
    ],
    [
      12.984492301940918,
      14.015596389770508,
      11.696516036987305,
      8.48945426940918,
      8.99443531036377,
      7.824467182159424,
      25.97906494140625,
      15.775541305541992,
      7.664976119995117,
      3.7434897422790527,
      11.92186164855957,
      8.55990982055664,
      13.705081939697266,
      9.401873588562012,
      14.295816421508789,
      11.245882034301758,
      15.62182903289795,
      13.50567626953125
    ],
    [
      5.645126819610596,
      7.455508232116699,
      6.930213451385498,
      5.493462085723877,
      5.4582672119140625,
      5.0095906257629395,
      15.775541305541992,
      23.55592155456543,
      4.14547061920166,
      3.1320979595184326,
      11.069437980651855,
      10.908208847045898,
      10.963967323303223,
      10.986772537231445,
      10.744247436523438,
      11.169363021850586,
      14.031527519226074,
      13.750514030456543
    ],
    [
      2.0110905170440674,
      -1.0406075716018677,
      6.08679723739624,
      3.0784950256347656,
      13.87795639038086,
      15.547144889831543,
      7.664976119995117,
      4.14547061920166,
      26.84549903869629,
      19.1716365814209,
      10.631178855895996,
      7.130656719207764,
      14.200835227966309,
      8.546625137329102,
      15.382472038269043,
      10.327284812927246,
      11.933806419372559,
      9.197826385498047
    ],
    [
      -1.145134449005127,
      -5.04849100112915,
      2.889765501022339,
      0.900050163269043,
      10.807341575622559,
      14.882234573364258,
      3.7434897422790527,
      3.1320979595184326,
      19.1716365814209,
      23.411327362060547,
      7.399974346160889,
      7.9081244468688965,
      7.765011787414551,
      7.70325231552124,
      8.431785583496094,
      7.900561332702637,
      7.511239528656006,
      7.374085426330566
    ],
    [
      1.6823954582214355,
      1.750562310218811,
      4.394215106964111,
      3.244460105895996,
      5.405994415283203,
      4.8238749504089355,
      11.92186164855957,
      11.069437980651855,
      10.631178855895996,
      7.399974346160889,
      18.776687622070312,
      14.54992389678955,
      18.08547019958496,
      15.73913860321045,
      18.902488708496094,
      17.095304489135742,
      21.987382888793945,
      20.25674057006836
    ],
    [
      -4.674249172210693,
      -3.378441333770752,
      -0.6672590970993042,
      -0.0524110272526741,
      1.688268780708313,
      2.958908796310425,
      8.55990982055664,
      10.908208847045898,
      7.130656719207764,
      7.9081244468688965,
      14.54992389678955,
      19.809036254882812,
      12.619141578674316,
      16.564002990722656,
      13.156468391418457,
      16.603334426879883,
      20.288122177124023,
      21.412206649780273
    ],
    [
      6.993089199066162,
      2.6792497634887695,
      8.8084135055542,
      5.258719444274902,
      7.589491844177246,
      6.5604071617126465,
      13.705081939697266,
      10.963967323303223,
      14.200835227966309,
      7.765011787414551,
      18.08547019958496,
      12.619141578674316,
      29.223812103271484,
      20.233659744262695,
      28.915115356445312,
      22.928184509277344,
      29.579143524169922,
      26.036766052246094
    ],
    [
      -2.617051124572754,
      -5.1123881340026855,
      0.7698020339012146,
      -0.37824079394340515,
      1.7002995014190674,
      2.468045473098755,
      9.401873588562012,
      10.986772537231445,
      8.546625137329102,
      7.70325231552124,
      15.73913860321045,
      16.564002990722656,
      20.233659744262695,
      23.65751075744629,
      20.501754760742188,
      22.782312393188477,
      26.398475646972656,
      27.044816970825195
    ],
    [
      8.569467544555664,
      3.2907028198242188,
      9.208748817443848,
      5.733635902404785,
      9.038874626159668,
      7.021830081939697,
      14.295816421508789,
      10.744247436523438,
      15.382472038269043,
      8.431785583496094,
      18.902488708496094,
      13.156468391418457,
      28.915115356445312,
      20.501754760742188,
      35.95310592651367,
      27.49663734436035,
      35.616416931152344,
      31.074068069458008
    ],
    [
      1.196860909461975,
      -2.5385613441467285,
      3.2889750003814697,
      1.540885329246521,
      3.813819646835327,
      3.7238881587982178,
      11.245882034301758,
      11.169363021850586,
      10.327284812927246,
      7.900561332702637,
      17.095304489135742,
      16.603334426879883,
      22.928184509277344,
      22.782312393188477,
      27.49663734436035,
      28.88802146911621,
      32.91434097290039,
      33.02617263793945
    ],
    [
      7.277342796325684,
      4.081396102905273,
      6.295126438140869,
      4.840145111083984,
      5.880467891693115,
      4.236947536468506,
      15.62182903289795,
      14.031527519226074,
      11.933806419372559,
      7.511239528656006,
      21.987382888793945,
      20.288122177124023,
      29.579143524169922,
      26.398475646972656,
      35.616416931152344,
      32.91434097290039,
      59.30686569213867,
      56.28133010864258
    ],
    [
      5.063774585723877,
      1.9399199485778809,
      4.795113563537598,
      3.436979055404663,
      3.879420280456543,
      3.2879908084869385,
      13.50567626953125,
      13.750514030456543,
      9.197826385498047,
      7.374085426330566,
      20.25674057006836,
      21.412206649780273,
      26.036766052246094,
      27.044816970825195,
      31.074068069458008,
      33.02617263793945,
      56.28133010864258,
      57.5839729309082
    ]
  ],
  "damage": -12.896638870239258,
  "diff_bandwidth": 961.845458984375,
  "dissonance": 8.653465030003183,
  "drr": 1.6041667461395264,
  "dynamics": 2.6671128273010254,
  "format": 1245190,
  "frames": 5206016,
  "loudness": -17.14690589904785,
  "loudness_range": 6.770123481750488,
  "loudness_range_short": 8.782708168029785,
  "lowpass_true_peak_15khz": -1.0464093685150146,
  "mastering3_acoustic_entropies": [
    {
      "acoustic_entropy": 6.538099765777588,
      "acoustic_entropy_mono": 5.373217582702637,
      "band_eliminated_acoustic_entropies": [
        {
          "acoustic_entropy": 6.52283239364624,
          "acoustic_entropy_side": 6.5380096435546875,
          "hz": 129.47220167065723
        },
        {
          "acoustic_entropy": 6.532262802124023,
          "acoustic_entropy_side": 6.532552719116211,
          "hz": 202.92927478742237
        },
        {
          "acoustic_entropy": 6.492646217346191,
          "acoustic_entropy_side": 6.500674247741699,
          "hz": 282.89161906338205
        },
        {
          "acoustic_entropy": 6.600287437438965,
          "acoustic_entropy_side": 6.526711940765381,
          "hz": 369.9353335868758
        },
        {
          "acoustic_entropy": 6.3458170890808105,
          "acoustic_entropy_side": 6.463700771331787,
          "hz": 464.6875360973435
        },
        {
          "acoustic_entropy": 6.377988338470459,
          "acoustic_entropy_side": 6.623261451721191,
          "hz": 567.8308811364784
        },
        {
          "acoustic_entropy": 6.523624420166016,
          "acoustic_entropy_side": 6.624217510223389,
          "hz": 680.1084783214808
        },
        {
          "acoustic_entropy": 5.904819965362549,
          "acoustic_entropy_side": 6.4188151359558105,
          "hz": 802.3292461747484
        },
        {
          "acoustic_entropy": 6.726352691650391,
          "acoustic_entropy_side": 6.578701496124268,
          "hz": 935.3737400823702
        },
        {
          "acoustic_entropy": 6.20428466796875,
          "acoustic_entropy_side": 6.441208362579346,
          "hz": 1080.2004963696966
        },
        {
          "acoustic_entropy": 5.9271345138549805,
          "acoustic_entropy_side": 6.416429042816162,
          "hz": 1237.8529382007157
        },
        {
          "acoustic_entropy": 6.626237392425537,
          "acoustic_entropy_side": 6.796658515930176,
          "hz": 1409.4668930556702
        },
        {
          "acoustic_entropy": 7.017398834228516,
          "acoustic_entropy_side": 6.77970027923584,
          "hz": 1596.2787759475705
        },
        {
          "acoustic_entropy": 6.469600677490234,
          "acoustic_entropy_side": 6.539238929748535,
          "hz": 1799.6344973346393
        },
        {
          "acoustic_entropy": 6.000307083129883,
          "acoustic_entropy_side": 6.6042280197143555,
          "hz": 2020.9991599069049
        },
        {
          "acoustic_entropy": 5.847357749938965,
          "acoustic_entropy_side": 6.371617794036865,
          "hz": 2261.9676141086993
        },
        {
          "acoustic_entropy": 6.562987804412842,
          "acoustic_entropy_side": 6.677300453186035,
          "hz": 2524.2759484456974
        },
        {
          "acoustic_entropy": 6.413926124572754,
          "acoustic_entropy_side": 6.598018169403076,
          "hz": 2809.813997359896
        },
        {
          "acoustic_entropy": 6.196559906005859,
          "acoustic_entropy_side": 6.330517292022705,
          "hz": 3120.6389567871424
        },
        {
          "acoustic_entropy": 6.323814392089844,
          "acoustic_entropy_side": 6.528167724609375,
          "hz": 3458.990205492291
        },
        {
          "acoustic_entropy": 5.900906562805176,
          "acoustic_entropy_side": 5.970709800720215,
          "hz": 3827.305438964164
        },
        {
          "acoustic_entropy": 6.772386074066162,
          "acoustic_entropy_side": 6.756372928619385,
          "hz": 4228.238232109126
        },
        {
          "acoustic_entropy": 6.357522010803223,
          "acoustic_entropy_side": 6.688206195831299,
          "hz": 4664.6771572759235
        },
        {
          "acoustic_entropy": 6.498570442199707,
          "acoustic_entropy_side": 6.563236713409424,
          "hz": 5139.766595350093
        },
        {
          "acoustic_entropy": 6.696804046630859,
          "acoustic_entropy_side": 6.654969215393066,
          "hz": 5656.929389854203
        },
        {
          "acoustic_entropy": 6.664742469787598,
          "acoustic_entropy_side": 6.642254829406738,
          "hz": 6219.891507268283
        },
        {
          "acoustic_entropy": 6.390594959259033,
          "acoustic_entropy_side": 6.535219192504883,
          "hz": 6832.70888123896
        },
        {
          "acoustic_entropy": 6.519906997680664,
          "acoustic_entropy_side": 6.557676792144775,
          "hz": 7499.796634079867
        },
        {
          "acoustic_entropy": 6.551396369934082,
          "acoustic_entropy_side": 6.547250270843506,
          "hz": 8225.96088609342
        },
        {
          "acoustic_entropy": 6.51125955581665,
          "acoustic_entropy_side": 6.54017972946167,
          "hz": 9016.43338188839
        },
        {
          "acoustic_entropy": 6.534920692443848,
          "acoustic_entropy_side": 6.539069175720215,
          "hz": 9876.909183162974
        },
        {
          "acoustic_entropy": 6.536032676696777,
          "acoustic_entropy_side": 6.541311740875244,
          "hz": 10813.587699516042
        },
        {
          "acoustic_entropy": 6.541561603546143,
          "acoustic_entropy_side": 6.540892601013184,
          "hz": 11833.21735289826
        },
        {
          "acoustic_entropy": 6.536423206329346,
          "acoustic_entropy_side": 6.53981351852417,
          "hz": 12943.144197493959
        },
        {
          "acoustic_entropy": 6.542481422424316,
          "acoustic_entropy_side": 6.54219388961792,
          "hz": 14151.364845322005
        },
        {
          "acoustic_entropy": 6.541740894317627,
          "acoustic_entropy_side": 6.540124893188477,
          "hz": 15466.58407886509
        },
        {
          "acoustic_entropy": 6.5388665199279785,
          "acoustic_entropy_side": 6.538724422454834,
          "hz": 16898.27756580493
        },
        {
          "acoustic_entropy": 6.538842678070068,
          "acoustic_entropy_side": 6.5385422706604,
          "hz": 18456.760127700032
        },
        {
          "acoustic_entropy": 6.538257598876953,
          "acoustic_entropy_side": 6.538187503814697,
          "hz": 20153.260054456492
        },
        {
          "acoustic_entropy": 6.538104057312012,
          "acoustic_entropy_side": 6.538101673126221,
          "hz": 22000.00000000001
        }
      ],
      "diff_acoustic_entropy": 3.5091490745544434,
      "sn": 6
    },
    {
      "acoustic_entropy": 10.762764930725098,
      "acoustic_entropy_mono": 9.622199058532715,
      "band_eliminated_acoustic_entropies": [
        {
          "acoustic_entropy": 10.725845336914062,
          "acoustic_entropy_side": 10.759244918823242,
          "hz": 129.47220167065723
        },
        {
          "acoustic_entropy": 10.721400260925293,
          "acoustic_entropy_side": 10.726042747497559,
          "hz": 202.92927478742237
        },
        {
          "acoustic_entropy": 10.408614158630371,
          "acoustic_entropy_side": 10.52021312713623,
          "hz": 282.89161906338205
        },
        {
          "acoustic_entropy": 10.77694320678711,
          "acoustic_entropy_side": 10.880748748779297,
          "hz": 369.9353335868758
        },
        {
          "acoustic_entropy": 10.81683349609375,
          "acoustic_entropy_side": 10.857741355895996,
          "hz": 464.6875360973435
        },
        {
          "acoustic_entropy": 10.847024917602539,
          "acoustic_entropy_side": 11.091385841369629,
          "hz": 567.8308811364784
        },
        {
          "acoustic_entropy": 11.000696182250977,
          "acoustic_entropy_side": 11.429941177368164,
          "hz": 680.1084783214808
        },
        {
          "acoustic_entropy": 10.857404708862305,
          "acoustic_entropy_side": 10.928254127502441,
          "hz": 802.3292461747484
        },
        {
          "acoustic_entropy": 10.85933780670166,
          "acoustic_entropy_side": 11.219608306884766,
          "hz": 935.3737400823702
        },
        {
          "acoustic_entropy": 10.154983520507812,
          "acoustic_entropy_side": 10.399646759033203,
          "hz": 1080.2004963696966
        },
        {
          "acoustic_entropy": 10.601933479309082,
          "acoustic_entropy_side": 10.844537734985352,
          "hz": 1237.8529382007157
        },
        {
          "acoustic_entropy": 10.5754976272583,
          "acoustic_entropy_side": 10.924158096313477,
          "hz": 1409.4668930556702
        },
        {
          "acoustic_entropy": 11.180398941040039,
          "acoustic_entropy_side": 11.05819034576416,
          "hz": 1596.2787759475705
        },
        {
          "acoustic_entropy": 10.562424659729004,
          "acoustic_entropy_side": 10.587362289428711,
          "hz": 1799.6344973346393
        },
        {
          "acoustic_entropy": 11.119596481323242,
          "acoustic_entropy_side": 10.999556541442871,
          "hz": 2020.9991599069049
        },
        {
          "acoustic_entropy": 10.46712589263916,
          "acoustic_entropy_side": 10.929347038269043,
          "hz": 2261.9676141086993
        },
        {
          "acoustic_entropy": 10.55345630645752,
          "acoustic_entropy_side": 10.522868156433105,
          "hz": 2524.2759484456974
        },
        {
          "acoustic_entropy": 11.043976783752441,
          "acoustic_entropy_side": 10.960078239440918,
          "hz": 2809.813997359896
        },
        {
          "acoustic_entropy": 11.214226722717285,
          "acoustic_entropy_side": 10.77735710144043,
          "hz": 3120.6389567871424
        },
        {
          "acoustic_entropy": 10.436177253723145,
          "acoustic_entropy_side": 10.653804779052734,
          "hz": 3458.990205492291
        },
        {
          "acoustic_entropy": 10.266584396362305,
          "acoustic_entropy_side": 10.893210411071777,
          "hz": 3827.305438964164
        },
        {
          "acoustic_entropy": 11.157898902893066,
          "acoustic_entropy_side": 11.021332740783691,
          "hz": 4228.238232109126
        },
        {
          "acoustic_entropy": 10.773255348205566,
          "acoustic_entropy_side": 10.697391510009766,
          "hz": 4664.6771572759235
        },
        {
          "acoustic_entropy": 10.711115837097168,
          "acoustic_entropy_side": 10.788934707641602,
          "hz": 5139.766595350093
        },
        {
          "acoustic_entropy": 10.801067352294922,
          "acoustic_entropy_side": 10.968123435974121,
          "hz": 5656.929389854203
        },
        {
          "acoustic_entropy": 11.08858871459961,
          "acoustic_entropy_side": 11.045680046081543,
          "hz": 6219.891507268283
        },
        {
          "acoustic_entropy": 10.70470142364502,
          "acoustic_entropy_side": 10.711892127990723,
          "hz": 6832.70888123896
        },
        {
          "acoustic_entropy": 10.786718368530273,
          "acoustic_entropy_side": 10.842333793640137,
          "hz": 7499.796634079867
        },
        {
          "acoustic_entropy": 10.718887329101562,
          "acoustic_entropy_side": 10.802189826965332,
          "hz": 8225.96088609342
        },
        {
          "acoustic_entropy": 10.73282241821289,
          "acoustic_entropy_side": 10.733853340148926,
          "hz": 9016.43338188839
        },
        {
          "acoustic_entropy": 10.720718383789062,
          "acoustic_entropy_side": 10.767637252807617,
          "hz": 9876.909183162974
        },
        {
          "acoustic_entropy": 10.729411125183105,
          "acoustic_entropy_side": 10.769573211669922,
          "hz": 10813.587699516042
        },
        {
          "acoustic_entropy": 10.766160011291504,
          "acoustic_entropy_side": 10.810492515563965,
          "hz": 11833.21735289826
        },
        {
          "acoustic_entropy": 10.785909652709961,
          "acoustic_entropy_side": 10.808283805847168,
          "hz": 12943.144197493959
        },
        {
          "acoustic_entropy": 10.844688415527344,
          "acoustic_entropy_side": 10.882146835327148,
          "hz": 14151.364845322005
        },
        {
          "acoustic_entropy": 10.834379196166992,
          "acoustic_entropy_side": 10.819019317626953,
          "hz": 15466.58407886509
        },
        {
          "acoustic_entropy": 10.77328109741211,
          "acoustic_entropy_side": 10.770322799682617,
          "hz": 16898.27756580493
        },
        {
          "acoustic_entropy": 10.766498565673828,
          "acoustic_entropy_side": 10.765521049499512,
          "hz": 18456.760127700032
        },
        {
          "acoustic_entropy": 10.763832092285156,
          "acoustic_entropy_side": 10.763571739196777,
          "hz": 20153.260054456492
        },
        {
          "acoustic_entropy": 10.762839317321777,
          "acoustic_entropy_side": 10.762825012207031,
          "hz": 22000.00000000001
        }
      ],
      "diff_acoustic_entropy": 7.260274410247803,
      "sn": 12
    },
    {
      "acoustic_entropy": 16.095550537109375,
      "acoustic_entropy_mono": 14.354456901550293,
      "band_eliminated_acoustic_entropies": [
        {
          "acoustic_entropy": 16.558168411254883,
          "acoustic_entropy_side": 16.033409118652344,
          "hz": 129.47220167065723
        },
        {
          "acoustic_entropy": 16.931987762451172,
          "acoustic_entropy_side": 15.893638610839844,
          "hz": 202.92927478742237
        },
        {
          "acoustic_entropy": 16.491432189941406,
          "acoustic_entropy_side": 16.411211013793945,
          "hz": 282.89161906338205
        },
        {
          "acoustic_entropy": 16.31198501586914,
          "acoustic_entropy_side": 16.410520553588867,
          "hz": 369.9353335868758
        },
        {
          "acoustic_entropy": 16.20295524597168,
          "acoustic_entropy_side": 16.297012329101562,
          "hz": 464.6875360973435
        },
        {
          "acoustic_entropy": 17.18980598449707,
          "acoustic_entropy_side": 16.749387741088867,
          "hz": 567.8308811364784
        },
        {
          "acoustic_entropy": 16.385433197021484,
          "acoustic_entropy_side": 16.595617294311523,
          "hz": 680.1084783214808
        },
        {
          "acoustic_entropy": 15.658001899719238,
          "acoustic_entropy_side": 16.46181297302246,
          "hz": 802.3292461747484
        },
        {
          "acoustic_entropy": 16.130155563354492,
          "acoustic_entropy_side": 16.837133407592773,
          "hz": 935.3737400823702
        },
        {
          "acoustic_entropy": 16.434667587280273,
          "acoustic_entropy_side": 16.1119384765625,
          "hz": 1080.2004963696966
        },
        {
          "acoustic_entropy": 16.603979110717773,
          "acoustic_entropy_side": 16.46969223022461,
          "hz": 1237.8529382007157
        },
        {
          "acoustic_entropy": 16.295063018798828,
          "acoustic_entropy_side": 16.469392776489258,
          "hz": 1409.4668930556702
        },
        {
          "acoustic_entropy": 16.985370635986328,
          "acoustic_entropy_side": 16.659704208374023,
          "hz": 1596.2787759475705
        },
        {
          "acoustic_entropy": 16.02923583984375,
          "acoustic_entropy_side": 15.902393341064453,
          "hz": 1799.6344973346393
        },
        {
          "acoustic_entropy": 17.295347213745117,
          "acoustic_entropy_side": 16.731212615966797,
          "hz": 2020.9991599069049
        },
        {
          "acoustic_entropy": 16.256486892700195,
          "acoustic_entropy_side": 16.02295684814453,
          "hz": 2261.9676141086993
        },
        {
          "acoustic_entropy": 16.149280548095703,
          "acoustic_entropy_side": 15.868352890014648,
          "hz": 2524.2759484456974
        },
        {
          "acoustic_entropy": 17.352874755859375,
          "acoustic_entropy_side": 16.827281951904297,
          "hz": 2809.813997359896
        },
