{
  "acoustic_entropy": 64.6792221069336,
  "bands": [
    {
      "high_freq": 148.1999969482422,
      "loudness": -66.56608581542969,
      "loudness_range": 11.02920150756836,
      "mid_mean": -63.68296813964844,
      "mid_to_side_loudness": -20.351774215698242,
      "mid_to_side_loudness_range": 25.96982765197754,
      "side_mean": -69.93144226074219
    },
    {
      "high_freq": 392.3793640136719,
      "loudness": -49.45603942871094,
      "loudness_range": 22.047630310058594,
      "low_freq": 148.1999969482422,
      "mid_mean": -52.22221374511719,
      "mid_to_side_loudness": -12.473282814025879,
      "mid_to_side_loudness_range": 25.94444465637207,
      "side_mean": -63.79043197631836
    },
    {
      "high_freq": 794.6976318359375,
      "loudness": -37.739112854003906,
      "loudness_range": 14.460771560668945,
      "low_freq": 392.3793640136719,
      "mid_mean": -34.62359619140625,
      "mid_to_side_loudness": -14.809615135192871,
      "mid_to_side_loudness_range": 25.422571182250977,
      "side_mean": -57.539608001708984
    },
    {
      "high_freq": 1457.5709228515625,
      "loudness": -40.339073181152344,
      "loudness_range": 25.316028594970703,
      "low_freq": 794.6976318359375,
      "mid_mean": -36.8631591796875,
      "mid_to_side_loudness": -14.998720169067383,
      "mid_to_side_loudness_range": 28.46245574951172,
      "side_mean": -60.01026916503906
    },
    {
      "high_freq": 2549.74365234375,
      "loudness": -43.976078033447266,
      "loudness_range": 21.185394287109375,
      "low_freq": 1457.5709228515625,
      "mid_mean": -41.27715301513672,
      "mid_to_side_loudness": -14.338809967041016,
      "mid_to_side_loudness_range": 23.50049591064453,
      "side_mean": -61.52262496948242
    },
    {
      "high_freq": 4349.24462890625,
      "loudness": -61.21051025390625,
      "loudness_range": 25.496723175048828,
      "low_freq": 2549.74365234375,
      "mid_mean": -60.35104751586914,
      "mid_to_side_loudness": -16.643423080444336,
      "mid_to_side_loudness_range": 27.95376205444336,
      "side_mean": -69.35897827148438
    },
    {
      "high_freq": 7314.1640625,
      "loudness": -68.70317077636719,
      "loudness_range": 23.262680053710938,
      "low_freq": 4349.24462890625,
      "mid_mean": -64.66316223144531,
      "mid_to_side_loudness": -18.230005264282227,
      "mid_to_side_loudness_range": 30.208906173706055,
      "side_mean": -69.89033508300781
    },
    {
      "high_freq": 12199.2666015625,
      "loudness": -75.77912902832031,
      "loudness_range": 11.244346618652344,
      "low_freq": 7314.1640625,
      "mid_mean": -68.11821746826172,
      "mid_to_side_loudness": -14.243630409240723,
      "mid_to_side_loudness_range": 23.75226593017578,
      "side_mean": -69.96387481689453
    },
    {
      "loudness": 0,
      "loudness_range": 0,
      "low_freq": 12199.2666015625,
      "mid_mean": -69.56915283203125,
      "mid_to_side_loudness": -4.73713493347168,
      "mid_to_side_loudness_range": 7.222278118133545,
      "side_mean": -69.8852310180664
    }
  ],
  "bands_short": [
    {
      "high_freq": 148.1999969482422,
      "loudness": -68.49895477294922,
      "loudness_range": 9.276924133300781,
      "mid_mean": -64.92032623291016,
      "mid_to_side_loudness": -22.37820053100586,
      "mid_to_side_loudness_range": 29.543529510498047,
      "side_mean": -69.96105194091797
    },
    {
      "high_freq": 392.3793640136719,
      "loudness": -50.97514724731445,
      "loudness_range": 20.68341064453125,
      "low_freq": 148.1999969482422,
      "mid_mean": -53.330501556396484,
      "mid_to_side_loudness": -13.982680320739746,
      "mid_to_side_loudness_range": 27.635576248168945,
      "side_mean": -65.3809585571289
    },
    {
      "high_freq": 794.6976318359375,
      "loudness": -37.763240814208984,
      "loudness_range": 16.110132217407227,
      "low_freq": 392.3793640136719,
      "mid_mean": -34.576744079589844,
      "mid_to_side_loudness": -14.43483829498291,
      "mid_to_side_loudness_range": 26.075063705444336,
      "side_mean": -57.08816909790039
    },
    {
      "high_freq": 1457.5709228515625,
      "loudness": -40.592689514160156,
      "loudness_range": 24.92906379699707,
      "low_freq": 794.6976318359375,
      "mid_mean": -37.066951751708984,
      "mid_to_side_loudness": -14.510921478271484,
      "mid_to_side_loudness_range": 26.576244354248047,
      "side_mean": -60.2626838684082
    },
    {
      "high_freq": 2549.74365234375,
      "loudness": -44.30476760864258,
      "loudness_range": 25.046321868896484,
      "low_freq": 1457.5709228515625,
      "mid_mean": -41.75246810913086,
      "mid_to_side_loudness": -14.207378387451172,
      "mid_to_side_loudness_range": 24.896615982055664,
      "side_mean": -61.71681213378906
    },
    {
      "high_freq": 4349.24462890625,
      "loudness": -61.61369323730469,
      "loudness_range": 25.603382110595703,
      "low_freq": 2549.74365234375,
      "mid_mean": -60.66545104980469,
      "mid_to_side_loudness": -15.987977027893066,
      "mid_to_side_loudness_range": 28.623287200927734,
      "side_mean": -69.26595306396484
    },
    {
      "high_freq": 7314.1640625,
      "loudness": -69.50574493408203,
      "loudness_range": 23.72553253173828,
      "low_freq": 4349.24462890625,
      "mid_mean": -65.04193878173828,
      "mid_to_side_loudness": -17.255298614501953,
      "mid_to_side_loudness_range": 29.14284896850586,
      "side_mean": -69.89151763916016
    },
    {
      "high_freq": 12199.2666015625,
      "loudness": -75.85529327392578,
      "loudness_range": 10.813728332519531,
      "low_freq": 7314.1640625,
      "mid_mean": -68.1643295288086,
      "mid_to_side_loudness": -14.124565124511719,
      "mid_to_side_loudness_range": 23.36819839477539,
      "side_mean": -69.9638671875
    },
    {
      "loudness": 0,
      "loudness_range": 0,
      "low_freq": 12199.2666015625,
      "mid_mean": -69.56224822998047,
      "mid_to_side_loudness": -4.783894062042236,
      "mid_to_side_loudness_range": 7.9316558837890625,
      "side_mean": -69.88433074951172
    }
  ],
  "bandwidth": 776.814453125,
  "channels": 2,
  "covariance": [
    [
      19.057363510131836,
      0.22199192643165588,
      45.46759033203125,
      10.366244316101074,
      11.534605026245117,
      25.458969116210938,
      10.09996509552002,
      23.944744110107422,
      5.486301422119141,
      17.321168899536133,
      24.37763786315918,
      1.5599380731582642,
      12.113303184509277,
      0.2046944499015808,
      4.449664115905762,
      0.017790984362363815,
      0.8982573747634888,
      0.1294773817062378
    ],
    [
      0.22199192643165588,
      0.004250162281095982,
      0.6675266027450562,
      0.21476104855537415,
      0.18625785410404205,
      0.34275972843170166,
      0.17792536318302155,
      0.33438828587532043,
      0.08383601903915405,
      0.1752311885356903,
      0.2466728538274765,
      0.010785465128719807,
      0.1216081827878952,
      0.0017288335366174579,
      0.05157753825187683,
      0.00026148054166696966,
      0.009840973652899265,
      0.001405254821293056
    ],
    [
      45.46759033203125,
      0.6675266027450562,
      157.64523315429688,
      59.43681716918945,
      26.015941619873047,
      77.5772933959961,
      10.044307708740234,
      70.15519714355469,
      29.12584686279297,
      58.724369049072266,
      62.86886215209961,
      3.1190388202667236,
      38.585731506347656,
      0.8836873769760132,
      14.111883163452148,
      0.104731485247612,
      2.400146722793579,
      0.382504940032959
    ],
    [
      10.366244316101074,
      0.21476104855537415,
      59.43681716918945,
      43.47968292236328,
      3.880500316619873,
      28.194927215576172,
      0.6210914850234985,
      24.365345001220703,
      16.094396591186523,
      24.344635009765625,
      22.747852325439453,
      0.6088128685951233,
      13.353327751159668,
      0.26871785521507263,
      3.6067256927490234,
      0.07066131383180618,
      0.7806404232978821,
      0.14031973481178284
    ],
    [
      11.534605026245117,
      0.18625785410404205,
      26.015941619873047,
      3.880500316619873,
      40.33072280883789,
      17.667253494262695,
      34.728919982910156,
      30.532222747802734,
      29.284215927124023,
      14.65774917602539,
      28.032337188720703,
      1.9859821796417236,
      13.555005073547363,
      0.24072495102882385,
      4.4274091720581055,
      -0.012738414108753204,
      0.4704352915287018,
      -0.014564529061317444
    ],
    [
      25.458969116210938,
      0.34275972843170166,
      77.5772933959961,
      28.194927215576172,
      17.667253494262695,
      62.33659744262695,
      20.074918746948242,
      57.106910705566406,
      24.970060348510742,
      42.17241668701172,
      50.64189529418945,
      3.8859550952911377,
      31.215187072753906,
      0.7258145213127136,
      9.936917304992676,
      0.0903562679886818,
      1.6024689674377441,
      0.27593109011650085
    ],
    [
      10.09996509552002,
      0.17792536318302155,
      10.044307708740234,
      0.6210914850234985,
      34.728919982910156,
      20.074918746948242,
      64.87407684326172,
      36.16700744628906,
      33.98796081542969,
      14.890371322631836,
      38.52816390991211,
      2.9792661666870117,
      12.637453079223633,
      0.17327946424484253,
      3.2642173767089844,
      -0.0050651985220611095,
      0.4548663794994354,
      -0.01984173059463501
    ],
    [
      23.944744110107422,
      0.33438828587532043,
      70.15519714355469,
      24.365345001220703,
      30.532222747802734,
      57.106910705566406,
      36.16700744628906,
      63.49058532714844,
      35.16029739379883,
      40.98939895629883,
      53.3592529296875,
      4.272598743438721,
      30.955957412719727,
      0.6678638458251953,
      9.395922660827637,
      0.07141083478927612,
      1.4623916149139404,
      0.21700310707092285
    ],
    [
      5.486301422119141,
      0.08383601903915405,
      29.12584686279297,
      16.094396591186523,
      29.284215927124023,
      24.970060348510742,
      33.98796081542969,
      35.16029739379883,
      79.01079559326172,
      42.077083587646484,
      53.03655242919922,
      4.446691036224365,
      33.61682891845703,
      0.9301432967185974,
      7.625181674957275,
      0.04872506484389305,
      0.3942558169364929,
      -0.01042376272380352
    ],
    [
      17.321168899536133,
      0.1752311885356903,
      58.724369049072266,
      24.344635009765625,
      14.65774917602539,
      42.17241668701172,
      14.890371322631836,
      40.98939895629883,
      42.077083587646484,
      47.6848030090332,
      46.38731384277344,
      3.953458070755005,
      26.936756134033203,
      0.761540949344635,
      7.263003349304199,
      0.08269092440605164,
      1.1461942195892334,
      0.18553540110588074
    ],
    [
      24.37763786315918,
      0.2466728538274765,
      62.86886215209961,
      22.747852325439453,
      28.032337188720703,
      50.64189529418945,
      38.52816390991211,
      53.3592529296875,
      53.03655242919922,
      46.38731384277344,
      70.18240356445312,
      5.090638160705566,
      40.14194869995117,
      0.9450194239616394,
      11.251911163330078,
      0.06332392990589142,
      1.5222856998443604,
      0.19966688752174377
    ],
    [
      1.5599380731582642,
      0.010785465128719807,
      3.1190388202667236,
      0.6088128685951233,
      1.9859821796417236,
      3.8859550952911377,
      2.9792661666870117,
      4.272598743438721,
      4.446691036224365,
      3.953458070755005,
      5.090638160705566,
      0.6970431804656982,
      2.8934390544891357,
      0.09983254224061966,
      0.6525396108627319,
      0.0036459979601204395,
      0.10347025841474533,
      0.012914977967739105
    ],
    [
      12.113303184509277,
      0.1216081827878952,
      38.585731506347656,
      13.353327751159668,
      13.555005073547363,
      31.215187072753906,
      12.637453079223633,
      30.955957412719727,
      33.61682891845703,
      26.936756134033203,
      40.14194869995117,
      2.8934390544891357,
      34.80875778198242,
      0.9212377667427063,
      10.01041316986084,
      0.03577118366956711,
      0.8313248753547668,
      0.11397259682416916
    ],
    [
      0.2046944499015808,
      0.0017288335366174579,
      0.8836873769760132,
      0.26871785521507263,
      0.24072495102882385,
      0.7258145213127136,
      0.17327946424484253,
      0.6678638458251953,
      0.9301432967185974,
      0.761540949344635,
      0.9450194239616394,
      0.09983254224061966,
      0.9212377667427063,
      0.04695133864879608,
      0.2605411112308502,
      0.0007490181596949697,
      0.016173340380191803,
      0.002481557196006179
    ],
    [
      4.449664115905762,
      0.05157753825187683,
      14.111883163452148,
      3.6067256927490234,
      4.4274091720581055,
      9.936917304992676,
      3.2642173767089844,
      9.395922660827637,
      7.625181674957275,
      7.263003349304199,
      11.251911163330078,
      0.6525396108627319,
      10.01041316986084,
      0.2605411112308502,
      3.457199811935425,
      0.00935250986367464,
      0.28567788004875183,
      0.040106747299432755
    ],
    [
      0.017790984362363815,
      0.00026148054166696966,
      0.104731485247612,
      0.07066131383180618,
      -0.012738414108753204,
      0.0903562679886818,
      -0.0050651985220611095,
      0.07141083478927612,
      0.04872506484389305,
      0.08269092440605164,
      0.06332392990589142,
      0.0036459979601204395,
      0.03577118366956711,
      0.0007490181596949697,
      0.00935250986367464,
      0.0003465139016043395,
      0.001922301365993917,
      0.0006006550975143909
    ],
    [
      0.8982573747634888,
      0.009840973652899265,
      2.400146722793579,
      0.7806404232978821,
      0.4704352915287018,
      1.6024689674377441,
      0.4548663794994354,
      1.4623916149139404,
      0.3942558169364929,
      1.1461942195892334,
      1.5222856998443604,
      0.10347025841474533,
      0.8313248753547668,
      0.016173340380191803,
      0.28567788004875183,
      0.001922301365993917,
      0.054613299667835236,
      0.008625485002994537
    ],
    [
      0.1294773817062378,
      0.001405254821293056,
      0.382504940032959,
      0.14031973481178284,
      -0.014564529061317444,
      0.27593109011650085,
      -0.01984173059463501,
      0.21700310707092285,
      -0.01042376272380352,
      0.18553540110588074,
      0.19966688752174377,
      0.012914977967739105,
      0.11397259682416916,
      0.002481557196006179,
      0.040106747299432755,
      0.0006006550975143909,
      0.008625485002994537,
      0.002049954840913415
    ]
  ],
  "covariance_short": [
    [
      12.484804153442383,
      0.08522824943065643,
      34.242759704589844,
      8.415739059448242,
      6.453732967376709,
      20.42806625366211,
      4.2228498458862305,
      17.468835830688477,
      3.3969409465789795,
      13.345803260803223,
      18.022802352905273,
      1.138561725616455,
      10.11210823059082,
      0.21098776161670685,
      3.648833990097046,
      0.015637975186109543,
      0.7097410559654236,
      0.10270049422979355
    ],
    [
      0.08522824943065643,
      0.0013088684063404799,
      0.2653902471065521,
      0.09097994863986969,
      0.058940812945365906,
      0.1734030693769455,
      0.03712543845176697,
      0.14503736793994904,
      0.05695395544171333,
      0.11878909915685654,
      0.15240834653377533,
      0.006973735056817532,
      0.09908918291330338,
      0.0028360181022435427,
      0.03373138979077339,
      0.00019997995696030557,
      0.005421143490821123,
      0.000833049532957375
    ],
    [
      34.242759704589844,
      0.2653902471065521,
      138.71653747558594,
      40.84160614013672,
      28.88873291015625,
      77.31277465820312,
      8.231128692626953,
      64.18257141113281,
      29.10480499267578,
      53.830833435058594,
      57.102054595947266,
      3.00435733795166,
      34.14385223388672,
      0.8375958204269409,
      12.904784202575684,
      0.0889102965593338,
      2.284696578979492,
      0.344842791557312
    ],
    [
      8.415739059448242,
      0.09097994863986969,
      40.84160614013672,
      24.30218505859375,
      4.9827752113342285,
      25.65342903137207,
      -0.5736570358276367,
      16.91107940673828,
      12.355432510375977,
      17.563560485839844,
      16.43425178527832,
      0.45435473322868347,
      9.579524993896484,
      0.20607590675354004,
      2.7654671669006348,
      0.046119313687086105,
      0.6052907109260559,
      0.09895510226488113
    ],
    [
      6.453732967376709,
      0.058940812945365906,
      28.88873291015625,
      4.9827752113342285,
      43.341922760009766,
      17.312280654907227,
      33.05398941040039,
      29.7441349029541,
      34.20832824707031,
      14.887565612792969,
      27.711030960083008,
      2.047380208969116,
      12.272000312805176,
      0.2527916729450226,
      4.3526530265808105,
      -0.008433992974460125,
      0.46769168972969055,
      -0.008735012263059616
    ],
    [
      20.42806625366211,
      0.1734030693769455,
      77.31277465820312,
      25.65342903137207,
      17.312280654907227,
      67.6196060180664,
      15.7566556930542,
      56.1170768737793,
      27.02493667602539,
      44.198184967041016,
      50.10903549194336,
      4.36997652053833,
      28.83779525756836,
      0.7049283981323242,
      9.379692077636719,
      0.09752461314201355,
      1.6436234712600708,
      0.2824907898902893
    ],
    [
      4.2228498458862305,
      0.03712543845176697,
      8.231128692626953,
      -0.5736570358276367,
      33.05398941040039,
      15.7566556930542,
      60.90108108520508,
      31.181413650512695,
      28.646587371826172,
      10.712745666503906,
      34.329105377197266,
      2.7356162071228027,
      10.246259689331055,
      0.14163772761821747,
      2.9284958839416504,
      -0.009995494037866592,
      0.4543764889240265,
      -0.013686258345842361
    ],
    [
      17.468835830688477,
      0.14503736793994904,
      64.18257141113281,
      16.91107940673828,
      29.7441349029541,
      56.1170768737793,
      31.181413650512695,
      62.025516510009766,
      32.810821533203125,
      38.10708999633789,
      49.2669792175293,
      4.677900314331055,
      26.33551025390625,
      0.6495268940925598,
      8.445258140563965,
      0.066930390894413,
      1.4249587059020996,
      0.20751072466373444
    ],
    [
      3.3969409465789795,
      0.05695395544171333,
      29.10480499267578,
      12.355432510375977,
      34.20832824707031,
      27.02493667602539,
      28.646587371826172,
      32.810821533203125,
      85.2254867553711,
      42.761104583740234,
      55.692420959472656,
      5.125253677368164,
      34.11202621459961,
      0.9570512175559998,
      7.625012397766113,
      0.048016708344221115,
      0.42538583278656006,
      0.0012637082254514098
    ],
    [
      13.345803260803223,
      0.11878909915685654,
      53.830833435058594,
      17.563560485839844,
      14.887565612792969,
      44.198184967041016,
      10.712745666503906,
      38.10708999633789,
      42.761104583740234,
      47.857391357421875,
      44.81973648071289,
      4.50601863861084,
      25.31447982788086,
      0.7619226574897766,
      6.781204700469971,
      0.07991831749677658,
      1.1207247972488403,
      0.1766735464334488
    ],
    [
      18.022802352905273,
      0.15240834653377533,
      57.102054595947266,
      16.43425178527832,
      27.711030960083008,
      50.10903549194336,
      34.329105377197266,
      49.2669792175293,
      55.692420959472656,
      44.81973648071289,
      70.69535064697266,
      5.641517162322998,
      38.963966369628906,
      0.9507954716682434,
      11.020893096923828,
      0.061848368495702744,
      1.4975979328155518,
      0.18810269236564636
    ],
    [
      1.138561725616455,
      0.006973735056817532,
      3.00435733795166,
      0.45435473322868347,
      2.047380208969116,
      4.36997652053833,
      2.7356162071228027,
      4.677900314331055,
      5.125253677368164,
      4.50601863861084,
      5.641517162322998,
      1.2583389282226562,
      2.8151988983154297,
      0.10128873586654663,
      0.6798018217086792,
      0.004560315050184727,
      0.12073595821857452,
      0.013680925592780113
    ],
    [
      10.11210823059082,
      0.09908918291330338,
      34.14385223388672,
      9.579524993896484,
      12.272000312805176,
      28.83779525756836,
      10.246259689331055,
      26.33551025390625,
      34.11202621459961,
      25.31447982788086,
      38.963966369628906,
      2.8151988983154297,
      33.40000915527344,
      0.8910146951675415,
      9.646463394165039,
      0.032782912254333496,
      0.7878739833831787,
      0.10622990876436234
    ],
    [
      0.21098776161670685,
      0.0028360181022435427,
      0.8375958204269409,
      0.20607590675354004,
      0.2527916729450226,
      0.7049283981323242,
      0.14163772761821747,
      0.6495268940925598,
      0.9570512175559998,
      0.7619226574897766,
      0.9507954716682434,
      0.10128873586654663,
      0.8910146951675415,
      0.06012436002492905,
      0.2360713928937912,
      0.0008303756476379931,
      0.015672339126467705,
      0.002334872493520379
    ],
    [
      3.648833990097046,
      0.03373138979077339,
      12.904784202575684,
      2.7654671669006348,
      4.3526530265808105,
      9.379692077636719,
      2.9284958839416504,
      8.445258140563965,
      7.625012397766113,
      6.781204700469971,
      11.020893096923828,
      0.6798018217086792,
      9.646463394165039,
      0.2360713928937912,
      3.597869634628296,
      0.007947178557515144,
      0.2867213785648346,
      0.039250876754522324
    ],
    [
      0.015637975186109543,
      0.00019997995696030557,
      0.0889102965593338,
      0.046119313687086105,
      -0.008433992974460125,
      0.09752461314201355,
      -0.009995494037866592,
      0.066930390894413,
      0.048016708344221115,
      0.07991831749677658,
      0.061848368495702744,
      0.004560315050184727,
      0.032782912254333496,
      0.0008303756476379931,
      0.007947178557515144,
      0.0003794706135522574,
      0.001797730103135109,
      0.0005824774852953851
    ],
    [
      0.7097410559654236,
      0.005421143490821123,
      2.284696578979492,
      0.6052907109260559,
      0.46769168972969055,
      1.6436234712600708,
      0.4543764889240265,
      1.4249587059020996,
      0.42538583278656006,
      1.1207247972488403,
      1.4975979328155518,
      0.12073595821857452,
      0.7878739833831787,
      0.015672339126467705,
      0.2867213785648346,
      0.001797730103135109,
      0.058747369796037674,
      0.008754814974963665
    ],
    [
      0.10270049422979355,
      0.000833049532957375,
      0.344842791557312,
      0.09895510226488113,
      -0.008735012263059616,
      0.2824907898902893,
      -0.013686258345842361,
      0.20751072466373444,
      0.0012637082254514098,
      0.1766735464334488,
      0.18810269236564636,
      0.013680925592780113,
      0.10622990876436234,
      0.002334872493520379,
      0.039250876754522324,
      0.0005824774852953851,
      0.008754814974963665,
      0.0024345130659639835
    ]
  ],
  "damage": -17.776704788208008,
  "diff_bandwidth": 818.626220703125,
  "dissonance": 1.3465282580479627,
  "drr": 6.209407806396484,
  "dynamics": 5.583108901977539,
  "format": 1245190,
  "frames": 865216,
  "loudness": -30.225900650024414,
  "loudness_range": 18.01949119567871,
  "loudness_range_short": 19.212282180786133,
  "lowpass_true_peak_15khz": -13.520251274108887,
  "mastering3_acoustic_entropies": [
    {
      "acoustic_entropy": 6.812081813812256,
      "acoustic_entropy_mono": 6.766551494598389,
      "band_eliminated_acoustic_entropies": [
        {
          "acoustic_entropy": 6.812068462371826,
          "acoustic_entropy_side": 6.812081813812256,
          "hz": 129.47220167065723
        },
        {
          "acoustic_entropy": 6.83355712890625,
          "acoustic_entropy_side": 6.812081813812256,
          "hz": 202.92927478742237
        },
        {
          "acoustic_entropy": 6.337494850158691,
          "acoustic_entropy_side": 6.812099456787109,
          "hz": 282.89161906338205
        },
        {
          "acoustic_entropy": 6.839012622833252,
          "acoustic_entropy_side": 6.8121185302734375,
          "hz": 369.9353335868758
        },
        {
          "acoustic_entropy": 5.8739423751831055,
          "acoustic_entropy_side": 6.818136692047119,
          "hz": 464.6875360973435
        },
        {
          "acoustic_entropy": 7.331475257873535,
          "acoustic_entropy_side": 6.815115451812744,
          "hz": 567.8308811364784
        },
        {
          "acoustic_entropy": 6.999721050262451,
          "acoustic_entropy_side": 6.812265396118164,
          "hz": 680.1084783214808
        },
        {
          "acoustic_entropy": 6.699820041656494,
          "acoustic_entropy_side": 6.812656879425049,
          "hz": 802.3292461747484
        },
        {
          "acoustic_entropy": 5.745049953460693,
          "acoustic_entropy_side": 6.763669490814209,
          "hz": 935.3737400823702
        },
        {
          "acoustic_entropy": 6.624944686889648,
          "acoustic_entropy_side": 6.807635307312012,
          "hz": 1080.2004963696966
        },
        {
          "acoustic_entropy": 6.8291335105896,
          "acoustic_entropy_side": 6.812286853790283,
          "hz": 1237.8529382007157
        },
        {
          "acoustic_entropy": 6.652238368988037,
          "acoustic_entropy_side": 6.811547756195068,
          "hz": 1409.4668930556702
        },
        {
          "acoustic_entropy": 6.736810684204102,
          "acoustic_entropy_side": 6.812089920043945,
          "hz": 1596.2787759475705
        },
        {
          "acoustic_entropy": 6.21562385559082,
          "acoustic_entropy_side": 6.811527729034424,
          "hz": 1799.6344973346393
        },
        {
          "acoustic_entropy": 6.696861743927002,
          "acoustic_entropy_side": 6.812771797180176,
          "hz": 2020.9991599069049
        },
        {
          "acoustic_entropy": 6.54716157913208,
          "acoustic_entropy_side": 6.812370777130127,
          "hz": 2261.9676141086993
        },
        {
          "acoustic_entropy": 6.763915538787842,
          "acoustic_entropy_side": 6.812089443206787,
          "hz": 2524.2759484456974
        },
        {
          "acoustic_entropy": 6.766643047332764,
          "acoustic_entropy_side": 6.812084674835205,
          "hz": 2809.813997359896
        },
        {
          "acoustic_entropy": 6.80125617980957,
          "acoustic_entropy_side": 6.812081813812256,
          "hz": 3120.6389567871424
        },
        {
          "acoustic_entropy": 6.759909152984619,
          "acoustic_entropy_side": 6.812081813812256,
          "hz": 3458.990205492291
        },
        {
          "acoustic_entropy": 6.802985191345215,
          "acoustic_entropy_side": 6.812081813812256,
          "hz": 3827.305438964164
        },
        {
          "acoustic_entropy": 6.809781074523926,
          "acoustic_entropy_side": 6.812081813812256,
          "hz": 4228.238232109126
        },
        {
          "acoustic_entropy": 6.812412261962891,
          "acoustic_entropy_side": 6.812081813812256,
          "hz": 4664.6771572759235
        },
        {
          "acoustic_entropy": 6.811111927032471,
          "acoustic_entropy_side": 6.812081813812256,
          "hz": 5139.766595350093
        },
        {
          "acoustic_entropy": 6.806819438934326,
          "acoustic_entropy_side": 6.812081813812256,
          "hz": 5656.929389854203
        },
        {
          "acoustic_entropy": 6.811520099639893,
          "acoustic_entropy_side": 6.812081813812256,
          "hz": 6219.891507268283
        },
        {
          "acoustic_entropy": 6.811692237854004,
          "acoustic_entropy_side": 6.812081813812256,
          "hz": 6832.70888123896
        },
        {
          "acoustic_entropy": 6.811892986297607,
          "acoustic_entropy_side": 6.812081813812256,
          "hz": 7499.796634079867
        },
        {
          "acoustic_entropy": 6.8121657371521,
          "acoustic_entropy_side": 6.812081813812256,
          "hz": 8225.96088609342
        },
        {
          "acoustic_entropy": 6.812094211578369,
          "acoustic_entropy_side": 6.812081813812256,
          "hz": 9016.43338188839
        },
        {
          "acoustic_entropy": 6.812083721160889,
          "acoustic_entropy_side": 6.812081813812256,
          "hz": 9876.909183162974
        },
        {
          "acoustic_entropy": 6.812082767486572,
          "acoustic_entropy_side": 6.812081813812256,
          "hz": 10813.587699516042
        },
        {
          "acoustic_entropy": 6.812082290649414,
          "acoustic_entropy_side": 6.812081813812256,
          "hz": 11833.21735289826
        },
        {
          "acoustic_entropy": 6.812081813812256,
          "acoustic_entropy_side": 6.812081813812256,
          "hz": 12943.144197493959
        },
        {
          "acoustic_entropy": 6.812081813812256,
          "acoustic_entropy_side": 6.812081813812256,
          "hz": 14151.364845322005
        },
        {
          "acoustic_entropy": 6.812081813812256,
          "acoustic_entropy_side": 6.812081813812256,
          "hz": 15466.58407886509
        },
        {
          "acoustic_entropy": 6.812081813812256,
          "acoustic_entropy_side": 6.812081813812256,
          "hz": 16898.27756580493
        },
        {
          "acoustic_entropy": 6.812081813812256,
          "acoustic_entropy_side": 6.812081813812256,
          "hz": 18456.760127700032
        },
        {
          "acoustic_entropy": 6.812081813812256,
          "acoustic_entropy_side": 6.812081813812256,
          "hz": 20153.260054456492
        },
        {
          "acoustic_entropy": 6.812081813812256,
          "acoustic_entropy_side": 6.812081813812256,
          "hz": 22000.00000000001
        }
      ],
      "diff_acoustic_entropy": 4.568467617034912,
      "sn": 6
    },
    {
      "acoustic_entropy": 9.212133407592773,
      "acoustic_entropy_mono": 8.87954330444336,
      "band_eliminated_acoustic_entropies": [
        {
          "acoustic_entropy": 9.212531089782715,
          "acoustic_entropy_side": 9.212133407592773,
          "hz": 129.47220167065723
        },
        {
          "acoustic_entropy": 9.116202354431152,
          "acoustic_entropy_side": 9.212130546569824,
          "hz": 202.92927478742237
        },
        {
          "acoustic_entropy": 8.673772811889648,
          "acoustic_entropy_side": 9.211993217468262,
          "hz": 282.89161906338205
        },
        {
          "acoustic_entropy": 9.083178520202637,
          "acoustic_entropy_side": 9.212002754211426,
          "hz": 369.9353335868758
        },
        {
          "acoustic_entropy": 8.62336540222168,
          "acoustic_entropy_side": 9.161189079284668,
          "hz": 464.6875360973435
        },
        {
          "acoustic_entropy": 9.15726375579834,
          "acoustic_entropy_side": 9.102250099182129,
          "hz": 567.8308811364784
        },
        {
          "acoustic_entropy": 8.75766658782959,
          "acoustic_entropy_side": 9.209588050842285,
          "hz": 680.1084783214808
        },
        {
          "acoustic_entropy": 9.07967758178711,
          "acoustic_entropy_side": 9.187931060791016,
          "hz": 802.3292461747484
        },
        {
          "acoustic_entropy": 8.748991012573242,
          "acoustic_entropy_side": 9.0338716506958,
          "hz": 935.3737400823702
        },
        {
          "acoustic_entropy": 9.038389205932617,
          "acoustic_entropy_side": 9.295560836791992,
          "hz": 1080.2004963696966
        },
        {
          "acoustic_entropy": 9.102842330932617,
          "acoustic_entropy_side": 9.209464073181152,
          "hz": 1237.8529382007157
        },
        {
          "acoustic_entropy": 8.757814407348633,
          "acoustic_entropy_side": 9.256621360778809,
          "hz": 1409.4668930556702
        },
        {
          "acoustic_entropy": 9.491741180419922,
          "acoustic_entropy_side": 9.228394508361816,
          "hz": 1596.2787759475705
        },
        {
          "acoustic_entropy": 8.811163902282715,
          "acoustic_entropy_side": 9.327873229980469,
          "hz": 1799.6344973346393
        },
        {
          "acoustic_entropy": 9.160323143005371,
          "acoustic_entropy_side": 9.215646743774414,
          "hz": 2020.9991599069049
        },
        {
          "acoustic_entropy": 8.770589828491211,
          "acoustic_entropy_side": 9.201385498046875,
          "hz": 2261.9676141086993
        },
        {
          "acoustic_entropy": 9.131685256958008,
          "acoustic_entropy_side": 9.21227741241455,
          "hz": 2524.2759484456974
        },
        {
          "acoustic_entropy": 9.1514310836792,
          "acoustic_entropy_side": 9.212242126464844,
          "hz": 2809.813997359896
        },
        {
          "acoustic_entropy": 9.362707138061523,
          "acoustic_entropy_side": 9.212135314941406,
          "hz": 3120.6389567871424
        },
        {
          "acoustic_entropy": 9.424666404724121,
          "acoustic_entropy_side": 9.212133407592773,
          "hz": 3458.990205492291
        },
        {
          "acoustic_entropy": 9.221867561340332,
          "acoustic_entropy_side": 9.212130546569824,
          "hz": 3827.305438964164
        },
        {
          "acoustic_entropy": 9.171238899230957,
          "acoustic_entropy_side": 9.212135314941406,
          "hz": 4228.238232109126
        },
        {
          "acoustic_entropy": 9.22000503540039,
          "acoustic_entropy_side": 9.21213436126709,
          "hz": 4664.6771572759235
        },
        {
          "acoustic_entropy": 9.206878662109375,
          "acoustic_entropy_side": 9.212133407592773,
          "hz": 5139.766595350093
        },
        {
          "acoustic_entropy": 9.115405082702637,
          "acoustic_entropy_side": 9.212130546569824,
          "hz": 5656.929389854203
        },
        {
          "acoustic_entropy": 9.065993309020996,
          "acoustic_entropy_side": 9.212128639221191,
          "hz": 6219.891507268283
        },
        {
          "acoustic_entropy": 9.198585510253906,
          "acoustic_entropy_side": 9.212133407592773,
          "hz": 6832.70888123896
        },
        {
          "acoustic_entropy": 9.206536293029785,
          "acoustic_entropy_side": 9.212133407592773,
          "hz": 7499.796634079867
        },
        {
          "acoustic_entropy": 9.207253456115723,
          "acoustic_entropy_side": 9.212133407592773,
          "hz": 8225.96088609342
        },
        {
          "acoustic_entropy": 9.210280418395996,
          "acoustic_entropy_side": 9.212133407592773,
          "hz": 9016.43338188839
        },
        {
          "acoustic_entropy": 9.212058067321777,
          "acoustic_entropy_side": 9.212133407592773,
          "hz": 9876.909183162974
        },
        {
          "acoustic_entropy": 9.21210765838623,
          "acoustic_entropy_side": 9.212133407592773,
          "hz": 10813.587699516042
        },
        {
          "acoustic_entropy": 9.212133407592773,
          "acoustic_entropy_side": 9.212133407592773,
          "hz": 11833.21735289826
        },
        {
          "acoustic_entropy": 9.212138175964355,
          "acoustic_entropy_side": 9.212133407592773,
          "hz": 12943.144197493959
        },
        {
          "acoustic_entropy": 9.212137222290039,
          "acoustic_entropy_side": 9.212133407592773,
          "hz": 14151.364845322005
        },
        {
          "acoustic_entropy": 9.21213436126709,
          "acoustic_entropy_side": 9.212133407592773,
          "hz": 15466.58407886509
        },
        {
          "acoustic_entropy": 9.21213436126709,
          "acoustic_entropy_side": 9.212133407592773,
          "hz": 16898.27756580493
        },
        {
          "acoustic_entropy": 9.21213436126709,
          "acoustic_entropy_side": 9.212133407592773,
          "hz": 18456.760127700032
        },
        {
          "acoustic_entropy": 9.212133407592773,
          "acoustic_entropy_side": 9.212133407592773,
          "hz": 20153.260054456492
        },
        {
          "acoustic_entropy": 9.212133407592773,
          "acoustic_entropy_side": 9.212133407592773,
          "hz": 22000.00000000001
        }
      ],
      "diff_acoustic_entropy": 5.27219295501709,
      "sn": 12
    },
    {
      "acoustic_entropy": 12.573994636535645,
      "acoustic_entropy_mono": 12.288599967956543,
      "band_eliminated_acoustic_entropies": [
        {
          "acoustic_entropy": 12.573243141174316,
          "acoustic_entropy_side": 12.573994636535645,
          "hz": 129.47220167065723
        },
        {
          "acoustic_entropy": 12.728161811828613,
          "acoustic_entropy_side": 12.574196815490723,
          "hz": 202.92927478742237
        },
        {
          "acoustic_entropy": 12.199287414550781,
          "acoustic_entropy_side": 12.579498291015625,
          "hz": 282.89161906338205
        },
        {
          "acoustic_entropy": 12.800683975219727,
          "acoustic_entropy_side": 12.565951347351074,
          "hz": 369.9353335868758
        },
        {
          "acoustic_entropy": 13.300853729248047,
          "acoustic_entropy_side": 12.934399604797363,
          "hz": 464.6875360973435
        },
        {
          "acoustic_entropy": 13.078888893127441,
          "acoustic_entropy_side": 12.6795015335083,
          "hz": 567.8308811364784
        },
        {
          "acoustic_entropy": 12.449379920959473,
          "acoustic_entropy_side": 12.321127891540527,
          "hz": 680.1084783214808
        },
        {
          "acoustic_entropy": 12.802274703979492,
          "acoustic_entropy_side": 12.531583786010742,
          "hz": 802.3292461747484
        },
        {
          "acoustic_entropy": 12.508988380432129,
          "acoustic_entropy_side": 12.814982414245605,
          "hz": 935.3737400823702
        },
        {
          "acoustic_entropy": 12.57325267791748,
          "acoustic_entropy_side": 12.590309143066406,
          "hz": 1080.2004963696966
        },
        {
          "acoustic_entropy": 12.613570213317871,
          "acoustic_entropy_side": 12.591336250305176,
          "hz": 1237.8529382007157
        },
        {
          "acoustic_entropy": 12.086531639099121,
          "acoustic_entropy_side": 12.446681022644043,
          "hz": 1409.4668930556702
        },
        {
          "acoustic_entropy": 12.577801704406738,
          "acoustic_entropy_side": 12.448343276977539,
          "hz": 1596.2787759475705
        },
        {
          "acoustic_entropy": 12.224315643310547,
          "acoustic_entropy_side": 12.191781997680664,
          "hz": 1799.6344973346393
        },
        {
          "acoustic_entropy": 12.927977561950684,
          "acoustic_entropy_side": 12.609148979187012,
          "hz": 2020.9991599069049
        },
        {
          "acoustic_entropy": 12.774747848510742,
          "acoustic_entropy_side": 12.667315483093262,
          "hz": 2261.9676141086993
        },
        {
          "acoustic_entropy": 12.561052322387695,
