{
  "acoustic_entropy": 207.75396728515625,
  "bands": [
    {
      "high_freq": 148.1999969482422,
      "loudness": -29.33842658996582,
      "loudness_range": 24.312490463256836,
      "mid_mean": -25.791133880615234,
      "mid_to_side_loudness": -18.61587905883789,
      "mid_to_side_loudness_range": 21.971773147583008,
      "side_mean": -45.885929107666016
    },
    {
      "high_freq": 392.3793640136719,
      "loudness": -28.646223068237305,
      "loudness_range": 12.233234405517578,
      "low_freq": 148.1999969482422,
      "mid_mean": -25.30852508544922,
      "mid_to_side_loudness": -13.091924667358398,
      "mid_to_side_loudness_range": 11.707632064819336,
      "side_mean": -38.39044952392578
    },
    {
      "high_freq": 794.6976318359375,
      "loudness": -29.4696044921875,
      "loudness_range": 14.936172485351562,
      "low_freq": 392.3793640136719,
      "mid_mean": -26.351442337036133,
      "mid_to_side_loudness": -9.849299430847168,
      "mid_to_side_loudness_range": 10.471911430358887,
      "side_mean": -36.22810363769531
    },
    {
      "high_freq": 1457.5709228515625,
      "loudness": -29.570688247680664,
      "loudness_range": 16.750194549560547,
      "low_freq": 794.6976318359375,
      "mid_mean": -26.414339065551758,
      "mid_to_side_loudness": -10.115285873413086,
      "mid_to_side_loudness_range": 9.645225524902344,
      "side_mean": -36.5085334777832
    },
    {
      "high_freq": 2549.74365234375,
      "loudness": -28.436033248901367,
      "loudness_range": 14.796133041381836,
      "low_freq": 1457.5709228515625,
      "mid_mean": -25.253589630126953,
      "mid_to_side_loudness": -10.109562873840332,
      "mid_to_side_loudness_range": 9.227550506591797,
      "side_mean": -35.40168380737305
    },
    {
      "high_freq": 4349.24462890625,
      "loudness": -27.54697608947754,
      "loudness_range": 13.451457977294922,
      "low_freq": 2549.74365234375,
      "mid_mean": -24.346820831298828,
      "mid_to_side_loudness": -10.307193756103516,
      "mid_to_side_loudness_range": 9.36137580871582,
      "side_mean": -34.75261688232422
    },
    {
      "high_freq": 7314.1640625,
      "loudness": -29.639759063720703,
      "loudness_range": 12.107963562011719,
      "low_freq": 4349.24462890625,
      "mid_mean": -26.37940216064453,
      "mid_to_side_loudness": -10.584244728088379,
      "mid_to_side_loudness_range": 8.567036628723145,
      "side_mean": -37.07040786743164
    },
    {
      "high_freq": 12199.2666015625,
      "loudness": -32.69092559814453,
      "loudness_range": 14.959480285644531,
      "low_freq": 7314.1640625,
      "mid_mean": -29.5338191986084,
      "mid_to_side_loudness": -9.725641250610352,
      "mid_to_side_loudness_range": 7.200539588928223,
      "side_mean": -39.213497161865234
    },
    {
      "loudness": -35.27212905883789,
      "loudness_range": 16.93430519104004,
      "low_freq": 12199.2666015625,
      "mid_mean": -32.13645935058594,
      "mid_to_side_loudness": -9.123559951782227,
      "mid_to_side_loudness_range": 5.6242289543151855,
      "side_mean": -41.244258880615234
    }
  ],
  "bands_short": [
    {
      "high_freq": 148.1999969482422,
      "loudness": -36.321800231933594,
      "loudness_range": 34.77899169921875,
      "mid_mean": -33.75748062133789,
      "mid_to_side_loudness": -15.065560340881348,
      "mid_to_side_loudness_range": 28.17548179626465,
      "side_mean": -52.97693634033203
    },
    {
      "high_freq": 392.3793640136719,
      "loudness": -30.596073150634766,
      "loudness_range": 23.147991180419922,
      "low_freq": 148.1999969482422,
      "mid_mean": -27.52852439880371,
      "mid_to_side_loudness": -11.893031120300293,
      "mid_to_side_loudness_range": 20.406578063964844,
      "side_mean": -39.94154357910156
    },
    {
      "high_freq": 794.6976318359375,
      "loudness": -31.86661148071289,
      "loudness_range": 20.853715896606445,
      "low_freq": 392.3793640136719,
      "mid_mean": -29.05620765686035,
      "mid_to_side_loudness": -8.910689353942871,
      "mid_to_side_loudness_range": 15.104642868041992,
      "side_mean": -38.03501510620117
    },
    {
      "high_freq": 1457.5709228515625,
      "loudness": -31.36783790588379,
      "loudness_range": 22.18636131286621,
      "low_freq": 794.6976318359375,
      "mid_mean": -28.43304443359375,
      "mid_to_side_loudness": -9.386895179748535,
      "mid_to_side_loudness_range": 14.193642616271973,
      "side_mean": -37.972694396972656
    },
    {
      "high_freq": 2549.74365234375,
      "loudness": -30.6275691986084,
      "loudness_range": 21.994550704956055,
      "low_freq": 1457.5709228515625,
      "mid_mean": -27.675491333007812,
      "mid_to_side_loudness": -9.238953590393066,
      "mid_to_side_loudness_range": 13.375147819519043,
      "side_mean": -37.2863655090332
    },
    {
      "high_freq": 4349.24462890625,
      "loudness": -30.20720100402832,
      "loudness_range": 22.674715042114258,
      "low_freq": 2549.74365234375,
      "mid_mean": -27.227495193481445,
      "mid_to_side_loudness": -9.111989974975586,
      "mid_to_side_loudness_range": 12.591228485107422,
      "side_mean": -36.916099548339844
    },
    {
      "high_freq": 7314.1640625,
      "loudness": -33.18059158325195,
      "loudness_range": 24.523433685302734,
      "low_freq": 4349.24462890625,
      "mid_mean": -30.155874252319336,
      "mid_to_side_loudness": -9.216124534606934,
      "mid_to_side_loudness_range": 11.617386817932129,
      "side_mean": -39.915245056152344
    },
    {
      "high_freq": 12199.2666015625,
      "loudness": -37.485321044921875,
      "loudness_range": 27.23447608947754,
      "low_freq": 7314.1640625,
      "mid_mean": -34.47950744628906,
      "mid_to_side_loudness": -9.42807674407959,
      "mid_to_side_loudness_range": 11.755816459655762,
      "side_mean": -44.61484146118164
    },
    {
      "loudness": -41.56975173950195,
      "loudness_range": 31.460390090942383,
      "low_freq": 12199.2666015625,
      "mid_mean": -38.68940734863281,
      "mid_to_side_loudness": -9.227762222290039,
      "mid_to_side_loudness_range": 12.834416389465332,
      "side_mean": -48.95122146606445
    }
  ],
  "bandwidth": 895.0693359375,
  "channels": 2,
  "covariance": [
    [
      72.13630676269531,
      37.65798568725586,
      15.506088256835938,
      0.6388255953788757,
      -1.9363901615142822,
      2.1519265174865723,
      -0.5423811078071594,
      1.7807172536849976,
      3.5815227031707764,
      3.6965389251708984,
      7.3552117347717285,
      6.094099998474121,
      7.3513078689575195,
      1.0957168340682983,
      4.07424259185791,
      -3.0391173362731934,
      3.7891929149627686,
      1.6191961765289307
    ],
    [
      37.65798568725586,
      47.393680572509766,
      17.411968231201172,
      8.852706909179688,
      3.788525104522705,
      6.403340816497803,
      5.454554080963135,
      8.2029447555542,
      8.362832069396973,
      8.989936828613281,
      10.7665376663208,
      10.93608283996582,
      11.479270935058594,
      8.591039657592773,
      10.38803768157959,
      6.558777809143066,
      9.922645568847656,
      8.855627059936523
    ],
    [
      15.506088256835938,
      17.411968231201172,
      27.188175201416016,
      18.348224639892578,
      18.639245986938477,
      14.386116027832031,
      16.90987777709961,
      13.165904998779297,
      15.653919219970703,
      12.391716003417969,
      16.589385986328125,
      12.514910697937012,
      18.423879623413086,
      15.083549499511719,
      20.144439697265625,
      18.15755844116211,
      19.201513290405273,
      18.694061279296875
    ],
    [
      0.6388255953788757,
      8.852706909179688,
      18.348224639892578,
      27.720022201538086,
      19.793710708618164,
      18.918312072753906,
      18.35028076171875,
      17.322113037109375,
      16.4056396484375,
      16.884687423706055,
      14.768421173095703,
      15.468667030334473,
      15.252347946166992,
      16.692758560180664,
      16.942625045776367,
      17.171113967895508,
      15.456356048583984,
      15.024967193603516
    ],
    [
      -1.9363901615142822,
      3.788525104522705,
      18.639245986938477,
      19.793710708618164,
      34.02743911743164,
      21.917884826660156,
      31.765596389770508,
      22.88200569152832,
      26.330440521240234,
      20.657878875732422,
      21.905303955078125,
      18.85625648498535,
      19.92835807800293,
      20.577842712402344,
      21.614707946777344,
      22.46308135986328,
      19.748111724853516,
      20.314226150512695
    ],
    [
      2.1519265174865723,
      6.403340816497803,
      14.386116027832031,
      18.918312072753906,
      21.917884826660156,
      24.317934036254883,
      22.405895233154297,
      21.709936141967773,
      19.747650146484375,
      21.122623443603516,
      16.895971298217773,
      19.440563201904297,
      14.30139446258545,
      17.010149002075195,
      14.437241554260254,
      14.310946464538574,
      12.78461742401123,
      12.33216381072998
    ],
    [
      -0.5423811078071594,
      5.454554080963135,
      16.90987777709961,
      18.35028076171875,
      31.765596389770508,
      22.405895233154297,
      42.865474700927734,
      30.31890869140625,
      34.711029052734375,
      27.829111099243164,
      27.820009231567383,
      24.930482864379883,
      21.599395751953125,
      23.12630844116211,
      20.382415771484375,
      20.790040969848633,
      17.92596435546875,
      18.22682762145996
    ],
    [
      1.7807172536849976,
      8.2029447555542,
      13.165904998779297,
      17.322113037109375,
      22.88200569152832,
      21.709936141967773,
      30.31890869140625,
      30.60061264038086,
      25.82549476623535,
      27.31665802001953,
      20.82662582397461,
      24.35472869873047,
      16.39462661743164,
      20.650846481323242,
      14.961000442504883,
      15.309233665466309,
      12.855838775634766,
      12.411096572875977
    ],
    [
      3.5815227031707764,
      8.362832069396973,
      15.653919219970703,
      16.4056396484375,
      26.330440521240234,
      19.747650146484375,
      34.711029052734375,
      25.82549476623535,
      34.84168243408203,
      27.395000457763672,
      28.254711151123047,
      25.069087982177734,
      21.43785858154297,
      22.073013305664062,
      19.094974517822266,
      19.032018661499023,
      16.3594970703125,
      16.363805770874023
    ],
    [
      3.6965389251708984,
      8.989936828613281,
      12.391716003417969,
      16.884687423706055,
      20.657878875732422,
      21.122623443603516,
      27.829111099243164,
      27.31665802001953,
      27.395000457763672,
      30.801651000976562,
      22.347394943237305,
      27.288904190063477,
      16.803089141845703,
      21.838863372802734,
      14.072004318237305,
      14.72994613647461,
      11.533824920654297,
      11.363466262817383
    ],
    [
      7.3552117347717285,
      10.7665376663208,
      16.589385986328125,
      14.768421173095703,
      21.905303955078125,
      16.895971298217773,
      27.820009231567383,
      20.82662582397461,
      28.254711151123047,
      22.347394943237305,
      28.656787872314453,
      23.61793327331543,
      22.678070068359375,
      21.046457290649414,
      19.952312469482422,
      18.474504470825195,
      17.015602111816406,
      16.65523910522461
    ],
    [
      6.094099998474121,
      10.93608283996582,
      12.514910697937012,
      15.468667030334473,
      18.85625648498535,
      19.440563201904297,
      24.930482864379883,
      24.35472869873047,
      25.069087982177734,
      27.288904190063477,
      23.61793327331543,
      30.277366638183594,
      17.518857955932617,
      23.206432342529297,
      14.147177696228027,
      15.02596664428711,
      11.504985809326172,
      11.908341407775879
    ],
    [
      7.3513078689575195,
      11.479270935058594,
      18.423879623413086,
      15.252347946166992,
      19.92835807800293,
      14.30139446258545,
      21.599395751953125,
      16.39462661743164,
      21.43785858154297,
      16.803089141845703,
      22.678070068359375,
      17.518857955932617,
      24.6362361907959,
      20.88497543334961,
      24.6419734954834,
      22.553186416625977,
      21.954078674316406,
      21.19082260131836
    ],
    [
      1.0957168340682983,
      8.591039657592773,
      15.083549499511719,
      16.692758560180664,
      20.577842712402344,
      17.010149002075195,
      23.12630844116211,
      20.650846481323242,
      22.073013305664062,
      21.838863372802734,
      21.046457290649414,
      23.206432342529297,
      20.88497543334961,
      27.09234046936035,
      21.623336791992188,
      24.989307403564453,
      19.292343139648438,
      20.750667572021484
    ],
    [
      4.07424259185791,
      10.38803768157959,
      20.144439697265625,
      16.942625045776367,
      21.614707946777344,
      14.437241554260254,
      20.382415771484375,
      14.961000442504883,
      19.094974517822266,
      14.072004318237305,
      19.952312469482422,
      14.147177696228027,
      24.6419734954834,
      21.623336791992188,
      31.898303985595703,
      30.942434310913086,
      31.134206771850586,
      30.37429428100586
    ],
    [
      -3.0391173362731934,
      6.558777809143066,
      18.15755844116211,
      17.171113967895508,
      22.46308135986328,
      14.310946464538574,
      20.790040969848633,
      15.309233665466309,
      19.032018661499023,
      14.72994613647461,
      18.474504470825195,
      15.02596664428711,
      22.553186416625977,
      24.989307403564453,
      30.942434310913086,
      37.93549346923828,
      32.01917266845703,
      34.899715423583984
    ],
    [
      3.7891929149627686,
      9.922645568847656,
      19.201513290405273,
      15.456356048583984,
      19.748111724853516,
      12.78461742401123,
      17.92596435546875,
      12.855838775634766,
      16.3594970703125,
      11.533824920654297,
      17.015602111816406,
      11.504985809326172,
      21.954078674316406,
      19.292343139648438,
      31.134206771850586,
      32.01917266845703,
      38.0611457824707,
      36.43026351928711
    ],
    [
      1.6191961765289307,
      8.855627059936523,
      18.694061279296875,
      15.024967193603516,
      20.314226150512695,
      12.33216381072998,
      18.22682762145996,
      12.411096572875977,
      16.363805770874023,
      11.363466262817383,
      16.65523910522461,
      11.908341407775879,
      21.19082260131836,
      20.750667572021484,
      30.37429428100586,
      34.899715423583984,
      36.43026351928711,
      38.8327522277832
    ]
  ],
  "covariance_short": [
    [
      171.17730712890625,
      74.90480041503906,
      56.13347244262695,
      15.256058692932129,
      9.65666675567627,
      5.432727336883545,
      8.385266304016113,
      3.2028491497039795,
      12.47673225402832,
      5.14194917678833,
      16.061189651489258,
      10.332725524902344,
      16.81351089477539,
      8.91417407989502,
      18.552494049072266,
      14.080509185791016,
      13.666793823242188,
      20.32306671142578
    ],
    [
      74.90480041503906,
      99.14203643798828,
      34.25336456298828,
      22.98253059387207,
      9.97044849395752,
      8.32321834564209,
      9.541075706481934,
      8.268777847290039,
      11.69781494140625,
      9.087257385253906,
      12.757927894592285,
      14.622319221496582,
      15.192466735839844,
      16.19525718688965,
      19.14352035522461,
      20.64773941040039,
      18.344032287597656,
      28.031574249267578
    ],
    [
      56.13347244262695,
      34.25336456298828,
      69.4475326538086,
      32.59292984008789,
      33.17314147949219,
      22.982776641845703,
      26.028310775756836,
      18.725797653198242,
      28.00594711303711,
      19.45368194580078,
      31.449003219604492,
      20.387914657592773,
      36.494468688964844,
      25.284265518188477,
      40.11367416381836,
      34.01010513305664,
      36.56236267089844,
      39.58396530151367
    ],
    [
      15.256058692932129,
      22.98253059387207,
      32.59292984008789,
      52.343082427978516,
      27.049129486083984,
      29.96506118774414,
      22.726564407348633,
      23.67078971862793,
      23.151538848876953,
      24.84175682067871,
      24.08173942565918,
      25.593530654907227,
      28.278453826904297,
      28.309005737304688,
      30.670188903808594,
      31.86073112487793,
      29.39484977722168,
      32.124595642089844
    ],
    [
      9.65666675567627,
      9.97044849395752,
      33.17314147949219,
      27.049129486083984,
      61.0381965637207,
      37.86393356323242,
      49.00006866455078,
      36.21989059448242,
      46.393898010253906,
      35.41287612915039,
      43.69139862060547,
      34.49563217163086,
      42.68706130981445,
      37.231876373291016,
      42.86058807373047,
      41.942935943603516,
      39.1063346862793,
      41.52838134765625
    ],
    [
      5.432727336883545,
      8.32321834564209,
      22.982776641845703,
      29.96506118774414,
      37.86393356323242,
      51.472110748291016,
      33.692962646484375,
      38.307952880859375,
      33.642303466796875,
      38.18606185913086,
      32.22938919067383,
      35.39595031738281,
      32.26664352416992,
      33.555641174316406,
      31.395187377929688,
      33.02030563354492,
      28.615558624267578,
      30.28420639038086
    ],
    [
      8.385266304016113,
      9.541075706481934,
      26.028310775756836,
      22.726564407348633,
      49.00006866455078,
      33.692962646484375,
      68.0528564453125,
      45.06642150878906,
      57.85441589355469,
      43.07704544067383,
      51.80312728881836,
      41.29343032836914,
      46.776248931884766,
      41.17869186401367,
      43.00661087036133,
      42.71901321411133,
      38.54975128173828,
      40.3368034362793
    ],
    [
      3.2028491497039795,
      8.268777847290039,
      18.725797653198242,
      23.67078971862793,
      36.21989059448242,
      38.307952880859375,
      45.06642150878906,
      55.10542678833008,
      42.23753356933594,
      46.74296951293945,
      39.230323791503906,
      42.37934112548828,
      36.40380859375,
      38.204288482666016,
      33.05867385864258,
      35.11881637573242,
      28.968830108642578,
      31.580951690673828
    ],
    [
      12.47673225402832,
      11.69781494140625,
      28.00594711303711,
      23.151538848876953,
      46.393898010253906,
      33.642303466796875,
      57.85441589355469,
      42.23753356933594,
      68.74923706054688,
      48.46682357788086,
      60.557579040527344,
      46.324039459228516,
      53.133609771728516,
      44.65610122680664,
      46.184593200683594,
      43.85003662109375,
      41.54401779174805,
      42.358604431152344
    ],
    [
      5.14194917678833,
      9.087257385253906,
      19.45368194580078,
      24.84175682067871,
      35.41287612915039,
      38.18606185913086,
      43.07704544067383,
      46.74296951293945,
      48.46682357788086,
      59.33799362182617,
      46.2829704284668,
      50.821468353271484,
      41.38951110839844,
      44.21007537841797,
      34.843833923339844,
      37.178714752197266,
      30.424779891967773,
      33.25193405151367
    ],
    [
      16.061189651489258,
      12.757927894592285,
      31.449003219604492,
      24.08173942565918,
      43.69139862060547,
      32.22938919067383,
      51.80312728881836,
      39.230323791503906,
      60.557579040527344,
      46.2829704284668,
      70.97078704833984,
      50.24042510986328,
      60.010921478271484,
      47.426456451416016,
      51.80009460449219,
      45.81521987915039,
      45.47623825073242,
      44.796024322509766
    ],
    [
      10.332725524902344,
      14.622319221496582,
      20.387914657592773,
      25.593530654907227,
      34.49563217163086,
      35.39595031738281,
      41.29343032836914,
      42.37934112548828,
      46.324039459228516,
      50.821468353271484,
      50.24042510986328,
      60.96663284301758,
      44.424827575683594,
      50.399227142333984,
      37.516910552978516,
      41.63746643066406,
      33.17023468017578,
      37.07943344116211
    ],
    [
      16.81351089477539,
      15.192466735839844,
      36.494468688964844,
      28.278453826904297,
      42.68706130981445,
      32.26664352416992,
      46.776248931884766,
      36.40380859375,
      53.133609771728516,
      41.38951110839844,
      60.010921478271484,
      44.424827575683594,
      71.97132873535156,
      53.241943359375,
      67.50315856933594,
      58.116371154785156,
      62.26522445678711,
      59.50529098510742
    ],
    [
      8.91417407989502,
      16.19525718688965,
      25.284265518188477,
      28.309005737304688,
      37.231876373291016,
      33.555641174316406,
      41.17869186401367,
      38.204288482666016,
      44.65610122680664,
      44.21007537841797,
      47.426456451416016,
      50.399227142333984,
      53.241943359375,
      62.54286193847656,
      52.716644287109375,
      60.06220245361328,
      51.67749786376953,
      56.740203857421875
    ],
    [
      18.552494049072266,
      19.14352035522461,
      40.11367416381836,
      30.670188903808594,
      42.86058807373047,
      31.395187377929688,
      43.00661087036133,
      33.05867385864258,
      46.184593200683594,
      34.843833923339844,
      51.80009460449219,
      37.516910552978516,
      67.50315856933594,
      52.716644287109375,
      86.46928405761719,
      71.97564697265625,
      84.49981689453125,
      77.6434555053711
    ],
    [
      14.080509185791016,
      20.64773941040039,
      34.01010513305664,
      31.86073112487793,
      41.942935943603516,
      33.02030563354492,
      42.71901321411133,
      35.11881637573242,
      43.85003662109375,
      37.178714752197266,
      45.81521987915039,
      41.63746643066406,
      58.116371154785156,
      60.06220245361328,
      71.97564697265625,
      83.77396392822266,
      77.23898315429688,
      85.08740234375
    ],
    [
      13.666793823242188,
      18.344032287597656,
      36.56236267089844,
      29.39484977722168,
      39.1063346862793,
      28.615558624267578,
      38.54975128173828,
      28.968830108642578,
      41.54401779174805,
      30.424779891967773,
      45.47623825073242,
      33.17023468017578,
      62.26522445678711,
      51.67749786376953,
      84.49981689453125,
      77.23898315429688,
      106.27287292480469,
      91.43802642822266
    ],
    [
      20.32306671142578,
      28.031574249267578,
      39.58396530151367,
      32.124595642089844,
      41.52838134765625,
      30.28420639038086,
      40.3368034362793,
      31.580951690673828,
      42.358604431152344,
      33.25193405151367,
      44.796024322509766,
      37.07943344116211,
      59.50529098510742,
      56.740203857421875,
      77.6434555053711,
      85.08740234375,
      91.43802642822266,
      106.56683349609375
    ]
  ],
  "damage": -12.4750337600708,
  "diff_bandwidth": 883.0219116210938,
  "dissonance": 11.835739456935158,
  "drr": 15.285536766052246,
  "dynamics": 3.79807186126709,
  "format": 1245190,
  "frames": 14172096,
  "loudness": -15.095970153808594,
  "loudness_range": 7.670259475708008,
  "loudness_range_short": 17.725008010864258,
  "lowpass_true_peak_15khz": 1.4981508255004883,
  "mastering3_acoustic_entropies": [
    {
      "acoustic_entropy": 6.90688943862915,
      "acoustic_entropy_mono": 7.040066719055176,
      "band_eliminated_acoustic_entropies": [
        {
          "acoustic_entropy": 6.905223369598389,
          "acoustic_entropy_side": 6.906822681427002,
          "hz": 129.47220167065723
        },
        {
          "acoustic_entropy": 5.596250534057617,
          "acoustic_entropy_side": 6.90765380859375,
          "hz": 202.92927478742237
        },
        {
          "acoustic_entropy": 7.146101951599121,
          "acoustic_entropy_side": 6.916011333465576,
          "hz": 282.89161906338205
        },
        {
          "acoustic_entropy": 7.376316547393799,
          "acoustic_entropy_side": 6.943612098693848,
          "hz": 369.9353335868758
        },
        {
          "acoustic_entropy": 7.302690505981445,
          "acoustic_entropy_side": 6.933965682983398,
          "hz": 464.6875360973435
        },
        {
          "acoustic_entropy": 7.4584856033325195,
          "acoustic_entropy_side": 6.936793327331543,
          "hz": 567.8308811364784
        },
        {
          "acoustic_entropy": 6.7734599113464355,
          "acoustic_entropy_side": 6.863757133483887,
          "hz": 680.1084783214808
        },
        {
          "acoustic_entropy": 6.99141788482666,
          "acoustic_entropy_side": 6.835553169250488,
          "hz": 802.3292461747484
        },
        {
          "acoustic_entropy": 7.458874702453613,
          "acoustic_entropy_side": 6.83280611038208,
          "hz": 935.3737400823702
        },
        {
          "acoustic_entropy": 7.3503289222717285,
          "acoustic_entropy_side": 6.894500732421875,
          "hz": 1080.2004963696966
        },
        {
          "acoustic_entropy": 7.4868364334106445,
          "acoustic_entropy_side": 7.249237060546875,
          "hz": 1237.8529382007157
        },
        {
          "acoustic_entropy": 6.9088544845581055,
          "acoustic_entropy_side": 7.003332614898682,
          "hz": 1409.4668930556702
        },
        {
          "acoustic_entropy": 7.016046047210693,
          "acoustic_entropy_side": 7.002932071685791,
          "hz": 1596.2787759475705
        },
        {
          "acoustic_entropy": 7.557123184204102,
          "acoustic_entropy_side": 6.867570877075195,
          "hz": 1799.6344973346393
        },
        {
          "acoustic_entropy": 7.041854381561279,
          "acoustic_entropy_side": 6.9392991065979,
          "hz": 2020.9991599069049
        },
        {
          "acoustic_entropy": 7.170632362365723,
          "acoustic_entropy_side": 6.940530776977539,
          "hz": 2261.9676141086993
        },
        {
          "acoustic_entropy": 7.322715759277344,
          "acoustic_entropy_side": 6.891077041625977,
          "hz": 2524.2759484456974
        },
        {
          "acoustic_entropy": 6.718698024749756,
          "acoustic_entropy_side": 6.801926136016846,
          "hz": 2809.813997359896
        },
        {
          "acoustic_entropy": 6.940481662750244,
          "acoustic_entropy_side": 6.900518417358398,
          "hz": 3120.6389567871424
        },
        {
          "acoustic_entropy": 7.075697422027588,
          "acoustic_entropy_side": 6.914961338043213,
          "hz": 3458.990205492291
        },
        {
          "acoustic_entropy": 6.994323253631592,
          "acoustic_entropy_side": 6.904829502105713,
          "hz": 3827.305438964164
        },
        {
          "acoustic_entropy": 7.547211170196533,
          "acoustic_entropy_side": 7.071510314941406,
          "hz": 4228.238232109126
        },
        {
          "acoustic_entropy": 6.852874755859375,
          "acoustic_entropy_side": 6.943274021148682,
          "hz": 4664.6771572759235
        },
        {
          "acoustic_entropy": 6.7782883644104,
          "acoustic_entropy_side": 6.840697288513184,
          "hz": 5139.766595350093
        },
        {
          "acoustic_entropy": 6.903347492218018,
          "acoustic_entropy_side": 6.834000110626221,
          "hz": 5656.929389854203
        },
        {
          "acoustic_entropy": 6.796215534210205,
          "acoustic_entropy_side": 6.800169944763184,
          "hz": 6219.891507268283
        },
        {
          "acoustic_entropy": 6.853431701660156,
          "acoustic_entropy_side": 6.823912143707275,
          "hz": 6832.70888123896
        },
        {
          "acoustic_entropy": 6.9354753494262695,
          "acoustic_entropy_side": 6.793936729431152,
          "hz": 7499.796634079867
        },
        {
          "acoustic_entropy": 6.790700912475586,
          "acoustic_entropy_side": 6.759413242340088,
          "hz": 8225.96088609342
        },
        {
          "acoustic_entropy": 6.919206619262695,
          "acoustic_entropy_side": 6.834946155548096,
          "hz": 9016.43338188839
        },
        {
          "acoustic_entropy": 6.923766613006592,
          "acoustic_entropy_side": 6.864030838012695,
          "hz": 9876.909183162974
        },
        {
          "acoustic_entropy": 6.981273651123047,
          "acoustic_entropy_side": 6.878917694091797,
          "hz": 10813.587699516042
        },
        {
          "acoustic_entropy": 6.9846062660217285,
          "acoustic_entropy_side": 6.951964378356934,
          "hz": 11833.21735289826
        },
        {
          "acoustic_entropy": 7.021337985992432,
          "acoustic_entropy_side": 6.971465587615967,
          "hz": 12943.144197493959
        },
        {
          "acoustic_entropy": 6.987249851226807,
          "acoustic_entropy_side": 6.889679908752441,
          "hz": 14151.364845322005
        },
        {
          "acoustic_entropy": 7.00132417678833,
          "acoustic_entropy_side": 6.942758560180664,
          "hz": 15466.58407886509
        },
        {
          "acoustic_entropy": 6.918369293212891,
          "acoustic_entropy_side": 6.9409050941467285,
          "hz": 16898.27756580493
        },
        {
          "acoustic_entropy": 6.807878494262695,
          "acoustic_entropy_side": 6.933944225311279,
          "hz": 18456.760127700032
        },
        {
          "acoustic_entropy": 6.974953651428223,
          "acoustic_entropy_side": 6.917084693908691,
          "hz": 20153.260054456492
        },
        {
          "acoustic_entropy": 6.9269795417785645,
          "acoustic_entropy_side": 6.911402225494385,
          "hz": 22000.00000000001
        }
      ],
      "diff_acoustic_entropy": 8.709016799926758,
      "sn": 6
    },
    {
      "acoustic_entropy": 11.431353569030762,
      "acoustic_entropy_mono": 11.266231536865234,
      "band_eliminated_acoustic_entropies": [
        {
          "acoustic_entropy": 11.954658508300781,
          "acoustic_entropy_side": 11.437817573547363,
          "hz": 129.47220167065723
        },
        {
          "acoustic_entropy": 9.483492851257324,
          "acoustic_entropy_side": 11.451435089111328,
          "hz": 202.92927478742237
        },
        {
          "acoustic_entropy": 11.791356086730957,
          "acoustic_entropy_side": 11.398774147033691,
          "hz": 282.89161906338205
        },
        {
          "acoustic_entropy": 11.769964218139648,
          "acoustic_entropy_side": 11.34093189239502,
          "hz": 369.9353335868758
        },
        {
          "acoustic_entropy": 11.336243629455566,
          "acoustic_entropy_side": 11.361310958862305,
          "hz": 464.6875360973435
        },
        {
          "acoustic_entropy": 11.451749801635742,
          "acoustic_entropy_side": 11.290907859802246,
          "hz": 567.8308811364784
        },
        {
          "acoustic_entropy": 11.478621482849121,
          "acoustic_entropy_side": 11.415630340576172,
          "hz": 680.1084783214808
        },
        {
          "acoustic_entropy": 10.240358352661133,
          "acoustic_entropy_side": 11.696497917175293,
          "hz": 802.3292461747484
        },
        {
          "acoustic_entropy": 11.519051551818848,
          "acoustic_entropy_side": 11.609745025634766,
          "hz": 935.3737400823702
        },
        {
          "acoustic_entropy": 11.319597244262695,
          "acoustic_entropy_side": 11.331582069396973,
          "hz": 1080.2004963696966
        },
        {
          "acoustic_entropy": 11.106757164001465,
          "acoustic_entropy_side": 11.873322486877441,
          "hz": 1237.8529382007157
        },
        {
          "acoustic_entropy": 11.333491325378418,
          "acoustic_entropy_side": 11.2078857421875,
          "hz": 1409.4668930556702
        },
        {
          "acoustic_entropy": 10.889253616333008,
          "acoustic_entropy_side": 11.5258150100708,
          "hz": 1596.2787759475705
        },
        {
          "acoustic_entropy": 11.146269798278809,
          "acoustic_entropy_side": 11.468111991882324,
          "hz": 1799.6344973346393
        },
        {
          "acoustic_entropy": 10.546860694885254,
          "acoustic_entropy_side": 11.38637638092041,
          "hz": 2020.9991599069049
        },
        {
          "acoustic_entropy": 11.172666549682617,
          "acoustic_entropy_side": 11.350516319274902,
          "hz": 2261.9676141086993
        },
        {
          "acoustic_entropy": 11.455912590026855,
          "acoustic_entropy_side": 11.464373588562012,
          "hz": 2524.2759484456974
        },
        {
          "acoustic_entropy": 11.399139404296875,
          "acoustic_entropy_side": 11.474170684814453,
          "hz": 2809.813997359896
        },
        {
          "acoustic_entropy": 11.334576606750488,
          "acoustic_entropy_side": 11.38320255279541,
          "hz": 3120.6389567871424
        },
        {
          "acoustic_entropy": 11.534173965454102,
          "acoustic_entropy_side": 11.439178466796875,
          "hz": 3458.990205492291
        },
        {
          "acoustic_entropy": 11.364620208740234,
          "acoustic_entropy_side": 11.24731159210205,
          "hz": 3827.305438964164
        },
        {
          "acoustic_entropy": 11.07970142364502,
          "acoustic_entropy_side": 11.101268768310547,
          "hz": 4228.238232109126
        },
        {
          "acoustic_entropy": 11.11046314239502,
          "acoustic_entropy_side": 11.13552474975586,
          "hz": 4664.6771572759235
        },
        {
          "acoustic_entropy": 11.156005859375,
          "acoustic_entropy_side": 11.265113830566406,
          "hz": 5139.766595350093
        },
        {
          "acoustic_entropy": 11.324724197387695,
          "acoustic_entropy_side": 11.327091217041016,
          "hz": 5656.929389854203
        },
        {
          "acoustic_entropy": 11.298232078552246,
          "acoustic_entropy_side": 11.3306884765625,
          "hz": 6219.891507268283
        },
        {
          "acoustic_entropy": 11.382843017578125,
          "acoustic_entropy_side": 11.38426399230957,
          "hz": 6832.70888123896
        },
        {
          "acoustic_entropy": 11.425358772277832,
          "acoustic_entropy_side": 11.414613723754883,
          "hz": 7499.796634079867
        },
        {
          "acoustic_entropy": 11.381243705749512,
          "acoustic_entropy_side": 11.323266983032227,
          "hz": 8225.96088609342
        },
        {
          "acoustic_entropy": 11.53781509399414,
          "acoustic_entropy_side": 11.508282661437988,
          "hz": 9016.43338188839
        },
        {
          "acoustic_entropy": 11.4715576171875,
          "acoustic_entropy_side": 11.493330955505371,
          "hz": 9876.909183162974
        },
        {
          "acoustic_entropy": 11.46338176727295,
          "acoustic_entropy_side": 11.475213050842285,
          "hz": 10813.587699516042
        },
        {
          "acoustic_entropy": 11.394254684448242,
          "acoustic_entropy_side": 11.36957836151123,
          "hz": 11833.21735289826
        },
        {
          "acoustic_entropy": 11.446663856506348,
          "acoustic_entropy_side": 11.354907989501953,
          "hz": 12943.144197493959
        },
        {
          "acoustic_entropy": 11.579105377197266,
          "acoustic_entropy_side": 11.41716480255127,
          "hz": 14151.364845322005
        },
        {
          "acoustic_entropy": 11.702722549438477,
          "acoustic_entropy_side": 11.382553100585938,
          "hz": 15466.58407886509
        },
        {
          "acoustic_entropy": 11.694109916687012,
          "acoustic_entropy_side": 11.35855770111084,
          "hz": 16898.27756580493
        },
        {
          "acoustic_entropy": 11.381319999694824,
          "acoustic_entropy_side": 11.373087882995605,
          "hz": 18456.760127700032
        },
        {
          "acoustic_entropy": 11.82116413116455,
          "acoustic_entropy_side": 11.565228462219238,
          "hz": 20153.260054456492
        },
        {
          "acoustic_entropy": 11.694024085998535,
          "acoustic_entropy_side": 11.632908821105957,
          "hz": 22000.00000000001
        }
      ],
      "diff_acoustic_entropy": 13.546625137329102,
      "sn": 12
    },
    {
      "acoustic_entropy": 16.871097564697266,
      "acoustic_entropy_mono": 15.153153419494629,
      "band_eliminated_acoustic_entropies": [
        {
          "acoustic_entropy": 17.43985939025879,
          "acoustic_entropy_side": 16.965576171875,
          "hz": 129.47220167065723
        },
        {
          "acoustic_entropy": 18.18834114074707,
          "acoustic_entropy_side": 17.088668823242188,
          "hz": 202.92927478742237
        },
        {
          "acoustic_entropy": 17.573984146118164,
          "acoustic_entropy_side": 16.91500473022461,
          "hz": 282.89161906338205
        },
        {
          "acoustic_entropy": 16.80683135986328,
          "acoustic_entropy_side": 16.636606216430664,
          "hz": 369.9353335868758
        },
        {
          "acoustic_entropy": 16.70258331298828,
          "acoustic_entropy_side": 16.70819091796875,
          "hz": 464.6875360973435
        },
        {
          "acoustic_entropy": 16.01979637145996,
          "acoustic_entropy_side": 15.861090660095215,
          "hz": 567.8308811364784
        },
        {
          "acoustic_entropy": 16.595895767211914,
          "acoustic_entropy_side": 16.57328224182129,
          "hz": 680.1084783214808
        },
        {
          "acoustic_entropy": 15.898035049438477,
          "acoustic_entropy_side": 15.313822746276855,
          "hz": 802.3292461747484
        },
        {
          "acoustic_entropy": 16.52107810974121,
          "acoustic_entropy_side": 16.840614318847656,
          "hz": 935.3737400823702
        },
        {
          "acoustic_entropy": 16.466310501098633,
          "acoustic_entropy_side": 15.718972206115723,
          "hz": 1080.2004963696966
        },
        {
          "acoustic_entropy": 15.863912582397461,
          "acoustic_entropy_side": 16.457136154174805,
          "hz": 1237.8529382007157
        },
        {
          "acoustic_entropy": 16.316486358642578,
          "acoustic_entropy_side": 16.865530014038086,
          "hz": 1409.4668930556702
        },
        {
          "acoustic_entropy": 15.353167533874512,
          "acoustic_entropy_side": 15.854684829711914,
          "hz": 1596.2787759475705
        },
        {
          "acoustic_entropy": 16.410274505615234,
          "acoustic_entropy_side": 16.893814086914062,
          "hz": 1799.6344973346393
        },
        {
          "acoustic_entropy": 15.963661193847656,
          "acoustic_entropy_side": 16.284236907958984,
          "hz": 2020.9991599069049
        },
        {
          "acoustic_entropy": 16.86214256286621,
          "acoustic_entropy_side": 16.871274948120117,
          "hz": 2261.9676141086993
        },
        {
          "acoustic_entropy": 16.73349952697754,
          "acoustic_entropy_side": 16.838863372802734,
          "hz": 2524.2759484456974
        },
        {
          "acoustic_entropy": 16.661359786987305,
          "acoustic_entropy_side": 16.825532913208008,
          "hz": 2809.813997359896
        },
        {
          "acoustic_entropy": 16.355520248413086,
