{
  "acoustic_entropy": 217.681396484375,
  "bands": [
    {
      "high_freq": 148.1999969482422,
      "loudness": -25.825241088867188,
      "loudness_range": 10.556619644165039,
      "mid_mean": -24.01641273498535,
      "mid_to_side_loudness": -3.7224862575531006,
      "mid_to_side_loudness_range": 11.53125,
      "side_mean": -27.824260711669922
    },
    {
      "high_freq": 392.3793640136719,
      "loudness": -23.259077072143555,
      "loudness_range": 6.361427307128906,
      "low_freq": 148.1999969482422,
      "mid_mean": -21.459854125976562,
      "mid_to_side_loudness": -3.0092153549194336,
      "mid_to_side_loudness_range": 5.077910423278809,
      "side_mean": -24.435081481933594
    },
    {
      "high_freq": 794.6976318359375,
      "loudness": -23.674928665161133,
      "loudness_range": 7.392705917358398,
      "low_freq": 392.3793640136719,
      "mid_mean": -21.581533432006836,
      "mid_to_side_loudness": -3.9338409900665283,
      "mid_to_side_loudness_range": 5.858302593231201,
      "side_mean": -25.454730987548828
    },
    {
      "high_freq": 1457.5709228515625,
      "loudness": -26.21695899963379,
      "loudness_range": 11.605993270874023,
      "low_freq": 794.6976318359375,
      "mid_mean": -24.122228622436523,
      "mid_to_side_loudness": -4.032515048980713,
      "mid_to_side_loudness_range": 5.3689680099487305,
      "side_mean": -27.94127655029297
    },
    {
      "high_freq": 2549.74365234375,
      "loudness": -27.07767105102539,
      "loudness_range": 12.208953857421875,
      "low_freq": 1457.5709228515625,
      "mid_mean": -24.973163604736328,
      "mid_to_side_loudness": -4.053092956542969,
      "mid_to_side_loudness_range": 4.574447154998779,
      "side_mean": -28.841312408447266
    },
    {
      "high_freq": 4349.24462890625,
      "loudness": -30.84882164001465,
      "loudness_range": 15.98626708984375,
      "low_freq": 2549.74365234375,
      "mid_mean": -29.050432205200195,
      "mid_to_side_loudness": -3.2005867958068848,
      "mid_to_side_loudness_range": 3.7916135787963867,
      "side_mean": -32.14128494262695
    },
    {
      "high_freq": 7314.1640625,
      "loudness": -38.91608810424805,
      "loudness_range": 19.773252487182617,
      "low_freq": 4349.24462890625,
      "mid_mean": -37.234859466552734,
      "mid_to_side_loudness": -3.3978211879730225,
      "mid_to_side_loudness_range": 3.9557690620422363,
      "side_mean": -40.933807373046875
    },
    {
      "high_freq": 12199.2666015625,
      "loudness": -48.19755172729492,
      "loudness_range": 19.39394760131836,
      "low_freq": 7314.1640625,
      "mid_mean": -47.380855560302734,
      "mid_to_side_loudness": -3.6846566200256348,
      "mid_to_side_loudness_range": 4.5918354988098145,
      "side_mean": -52.28562927246094
    },
    {
      "loudness": -59.75521469116211,
      "loudness_range": 23.459510803222656,
      "low_freq": 12199.2666015625,
      "mid_mean": -58.53316879272461,
      "mid_to_side_loudness": -3.8582324981689453,
      "mid_to_side_loudness_range": 7.035713195800781,
      "side_mean": -61.448280334472656
    }
  ],
  "bands_short": [
    {
      "high_freq": 148.1999969482422,
      "loudness": -28.24503517150879,
      "loudness_range": 13.584936141967773,
      "mid_mean": -26.650373458862305,
      "mid_to_side_loudness": -4.211236000061035,
      "mid_to_side_loudness_range": 17.328269958496094,
      "side_mean": -31.06353187561035
    },
    {
      "high_freq": 392.3793640136719,
      "loudness": -22.80343246459961,
      "loudness_range": 7.760358810424805,
      "low_freq": 148.1999969482422,
      "mid_mean": -21.11315155029297,
      "mid_to_side_loudness": -2.9364755153656006,
      "mid_to_side_loudness_range": 8.42446517944336,
      "side_mean": -24.098758697509766
    },
    {
      "high_freq": 794.6976318359375,
      "loudness": -23.95854377746582,
      "loudness_range": 8.758037567138672,
      "low_freq": 392.3793640136719,
      "mid_mean": -21.9648494720459,
      "mid_to_side_loudness": -3.9634993076324463,
      "mid_to_side_loudness_range": 8.659562110900879,
      "side_mean": -25.9007511138916
    },
    {
      "high_freq": 1457.5709228515625,
      "loudness": -25.98639488220215,
      "loudness_range": 12.358572006225586,
      "low_freq": 794.6976318359375,
      "mid_mean": -23.99787712097168,
      "mid_to_side_loudness": -4.05233097076416,
      "mid_to_side_loudness_range": 8.477021217346191,
      "side_mean": -27.82565689086914
    },
    {
      "high_freq": 2549.74365234375,
      "loudness": -27.260425567626953,
      "loudness_range": 13.289861679077148,
      "low_freq": 1457.5709228515625,
      "mid_mean": -25.368267059326172,
      "mid_to_side_loudness": -3.950493097305298,
      "mid_to_side_loudness_range": 7.602301120758057,
      "side_mean": -29.116329193115234
    },
    {
      "high_freq": 4349.24462890625,
      "loudness": -30.81619644165039,
      "loudness_range": 17.54454803466797,
      "low_freq": 2549.74365234375,
      "mid_mean": -29.09181022644043,
      "mid_to_side_loudness": -3.1954104900360107,
      "mid_to_side_loudness_range": 6.249381065368652,
      "side_mean": -32.14866638183594
    },
    {
      "high_freq": 7314.1640625,
      "loudness": -39.12137985229492,
      "loudness_range": 19.99310874938965,
      "low_freq": 4349.24462890625,
      "mid_mean": -37.59404754638672,
      "mid_to_side_loudness": -3.3358922004699707,
      "mid_to_side_loudness_range": 5.628015995025635,
      "side_mean": -41.03664779663086
    },
    {
      "high_freq": 12199.2666015625,
      "loudness": -48.7294921875,
      "loudness_range": 21.612815856933594,
      "low_freq": 7314.1640625,
      "mid_mean": -48.02180480957031,
      "mid_to_side_loudness": -3.560309410095215,
      "mid_to_side_loudness_range": 5.579018592834473,
      "side_mean": -52.66119384765625
    },
    {
      "loudness": -60.54612731933594,
      "loudness_range": 25.30123519897461,
      "low_freq": 12199.2666015625,
      "mid_mean": -59.12747573852539,
      "mid_to_side_loudness": -3.5295467376708984,
      "mid_to_side_loudness_range": 6.761102676391602,
      "side_mean": -61.71516418457031
    }
  ],
  "bandwidth": 627.7188720703125,
  "channels": 2,
  "covariance": [
    [
      21.071672439575195,
      11.41209888458252,
      5.144603252410889,
      5.675966262817383,
      3.7193846702575684,
      3.2270114421844482,
      2.892491579055786,
      2.060892343521118,
      5.379591464996338,
      3.8333115577697754,
      4.5940327644348145,
      3.798121213912964,
      8.136393547058105,
      8.3445463180542,
      11.194182395935059,
      11.649166107177734,
      7.39717960357666,
      5.863891124725342
    ],
    [
      11.41209888458252,
      16.736671447753906,
      6.174957275390625,
      5.660265922546387,
      4.348163604736328,
      4.518055438995361,
      5.271646022796631,
      4.422467231750488,
      5.6993560791015625,
      4.95438814163208,
      6.320223331451416,
      5.993715763092041,
      5.838452339172363,
      7.36163330078125,
      9.43648910522461,
      11.67061710357666,
      7.2110114097595215,
      6.0584611892700195
    ],
    [
      5.144603252410889,
      6.174957275390625,
      9.115463256835938,
      6.8057756423950195,
      6.144314289093018,
      5.845666885375977,
      8.287317276000977,
      6.812868595123291,
      7.299859523773193,
      6.5281901359558105,
      9.428912162780762,
      9.415974617004395,
      9.500666618347168,
      10.473361015319824,
      12.885017395019531,
      15.017122268676758,
      13.060830116271973,
      9.287846565246582
    ],
    [
      5.675966262817383,
      5.660265922546387,
      6.8057756423950195,
      8.13315486907959,
      6.375888347625732,
      6.345575332641602,
      7.940637588500977,
      6.931644916534424,
      7.28518533706665,
      6.820254802703857,
      9.53679370880127,
      9.673026084899902,
      9.579704284667969,
      10.741448402404785,
      12.519563674926758,
      14.446929931640625,
      11.35747241973877,
      8.48180866241455
    ],
    [
      3.7193846702575684,
      4.348163604736328,
      6.144314289093018,
      6.375888347625732,
      12.178464889526367,
      9.796928405761719,
      12.733022689819336,
      11.616756439208984,
      12.128907203674316,
      11.770954132080078,
      14.354257583618164,
      14.765984535217285,
      11.766401290893555,
      13.903728485107422,
      15.238401412963867,
      16.73898696899414,
      11.732087135314941,
      9.23437786102295
    ],
    [
      3.2270114421844482,
      4.518055438995361,
      5.845666885375977,
      6.345575332641602,
      9.796928405761719,
      12.123422622680664,
      14.389677047729492,
      13.007378578186035,
      13.677947044372559,
      13.313959121704102,
      17.116241455078125,
      17.56252670288086,
      13.889740943908691,
      16.48296356201172,
      17.983598709106445,
      18.907602310180664,
      12.581036567687988,
      10.03074836730957
    ],
    [
      2.892491579055786,
      5.271646022796631,
      8.287317276000977,
      7.940637588500977,
      12.733022689819336,
      14.389677047729492,
      24.43349838256836,
      20.409259796142578,
      21.60738754272461,
      20.925098419189453,
      28.273454666137695,
      29.09624671936035,
      24.08869743347168,
      28.037738800048828,
      29.8617000579834,
      29.34147071838379,
      23.744592666625977,
      18.69944953918457
    ],
    [
      2.060892343521118,
      4.422467231750488,
      6.812868595123291,
      6.931644916534424,
      11.616756439208984,
      13.007378578186035,
      20.409259796142578,
      21.32448387145996,
      20.815685272216797,
      20.174732208251953,
      26.27614974975586,
      27.02472686767578,
      23.082645416259766,
      26.436975479125977,
      28.56850242614746,
      27.799360275268555,
      20.63155746459961,
      16.9256649017334
    ],
    [
      5.379591464996338,
      5.6993560791015625,
      7.299859523773193,
      7.28518533706665,
      12.128907203674316,
      13.677947044372559,
      21.60738754272461,
      20.815685272216797,
      26.048095703125,
      23.947423934936523,
      29.28093910217285,
      29.469375610351562,
      26.544164657592773,
      30.1795597076416,
      32.88138198852539,
      31.400541305541992,
      22.827573776245117,
      18.499540328979492
    ],
    [
      3.8333115577697754,
      4.95438814163208,
      6.5281901359558105,
      6.820254802703857,
      11.770954132080078,
      13.313959121704102,
      20.925098419189453,
      20.174732208251953,
      23.947423934936523,
      25.633771896362305,
      30.269916534423828,
      31.592723846435547,
      26.949275970458984,
      31.702116012573242,
      33.58320617675781,
      31.692960739135742,
      22.09577178955078,
      18.831186294555664
    ],
    [
      4.5940327644348145,
      6.320223331451416,
      9.428912162780762,
      9.53679370880127,
      14.354257583618164,
      17.116241455078125,
      28.273454666137695,
      26.27614974975586,
      29.28093910217285,
      30.269916534423828,
      46.338714599609375,
      46.55215072631836,
      42.558223724365234,
      48.8084716796875,
      50.442054748535156,
      47.33271789550781,
      37.14418029785156,
      30.56998062133789
    ],
    [
      3.798121213912964,
      5.993715763092041,
      9.415974617004395,
      9.673026084899902,
      14.765984535217285,
      17.56252670288086,
      29.09624671936035,
      27.02472686767578,
      29.469375610351562,
      31.592723846435547,
      46.55215072631836,
      49.575347900390625,
      43.868736267089844,
      50.2598991394043,
      51.2392578125,
      48.469642639160156,
      37.59821701049805,
      31.64558982849121
    ],
    [
      8.136393547058105,
      5.838452339172363,
      9.500666618347168,
      9.579704284667969,
      11.766401290893555,
      13.889740943908691,
      24.08869743347168,
      23.082645416259766,
      26.544164657592773,
      26.949275970458984,
      42.558223724365234,
      43.868736267089844,
      56.152957916259766,
      54.525390625,
      57.06679153442383,
      52.33717346191406,
      42.50996398925781,
      34.86747360229492
    ],
    [
      8.3445463180542,
      7.36163330078125,
      10.473361015319824,
      10.741448402404785,
      13.903728485107422,
      16.48296356201172,
      28.037738800048828,
      26.436975479125977,
      30.1795597076416,
      31.702116012573242,
      48.8084716796875,
      50.2598991394043,
      54.525390625,
      61.04568862915039,
      61.09844970703125,
      56.96250534057617,
      44.87029266357422,
      37.852840423583984
    ],
    [
      11.194182395935059,
      9.43648910522461,
      12.885017395019531,
      12.519563674926758,
      15.238401412963867,
      17.983598709106445,
      29.8617000579834,
      28.56850242614746,
      32.88138198852539,
      33.58320617675781,
      50.442054748535156,
      51.2392578125,
      57.06679153442383,
      61.09844970703125,
      71.69778442382812,
      63.85900115966797,
      53.16756820678711,
      41.265708923339844
    ],
    [
      11.649166107177734,
      11.67061710357666,
      15.017122268676758,
      14.446929931640625,
      16.73898696899414,
      18.907602310180664,
      29.34147071838379,
      27.799360275268555,
      31.400541305541992,
      31.692960739135742,
      47.33271789550781,
      48.469642639160156,
      52.33717346191406,
      56.96250534057617,
      63.85900115966797,
      79.25054168701172,
      60.11878204345703,
      48.206932067871094
    ],
    [
      7.39717960357666,
      7.2110114097595215,
      13.060830116271973,
      11.35747241973877,
      11.732087135314941,
      12.581036567687988,
      23.744592666625977,
      20.63155746459961,
      22.827573776245117,
      22.09577178955078,
      37.14418029785156,
      37.59821701049805,
      42.50996398925781,
      44.87029266357422,
      53.16756820678711,
      60.11878204345703,
      58.733734130859375,
      43.43052291870117
    ],
    [
      5.863891124725342,
      6.0584611892700195,
      9.287846565246582,
      8.48180866241455,
      9.23437786102295,
      10.03074836730957,
      18.69944953918457,
      16.9256649017334,
      18.499540328979492,
      18.831186294555664,
      30.56998062133789,
      31.64558982849121,
      34.86747360229492,
      37.852840423583984,
      41.265708923339844,
      48.206932067871094,
      43.43052291870117,
      35.6420783996582
    ]
  ],
  "covariance_short": [
    [
      35.02161407470703,
      14.791117668151855,
      6.891013145446777,
      5.62829065322876,
      2.1358532905578613,
      1.4985780715942383,
      0.9650341272354126,
      0.30332404375076294,
      3.7790744304656982,
      1.8632744550704956,
      0.002693661954253912,
      -1.586592674255371,
      4.972050189971924,
      3.296478033065796,
      7.309700965881348,
      6.667419910430908,
      3.208700656890869,
      2.2377591133117676
    ],
    [
      14.791117668151855,
      29.916240692138672,
      6.030331611633301,
      7.43257474899292,
      2.6313157081604004,
      2.680896282196045,
      2.4256796836853027,
      1.5450174808502197,
      3.3361353874206543,
      1.756191611289978,
      0.8211431503295898,
      -0.44823503494262695,
      1.9173091650009155,
      1.8772671222686768,
      5.316653251647949,
      7.160682678222656,
      3.682335376739502,
      2.7063872814178467
    ],
    [
      6.891013145446777,
      6.030331611633301,
      11.951371192932129,
      7.838150501251221,
      6.294714450836182,
      6.928432941436768,
      8.8344087600708,
      7.330264091491699,
      8.219042778015137,
      7.415872097015381,
      10.680477142333984,
      10.444454193115234,
      11.701085090637207,
      11.543099403381348,
      15.929914474487305,
      16.01447868347168,
      13.286675453186035,
      9.914595603942871
    ],
    [
      5.62829065322876,
      7.43257474899292,
      7.838150501251221,
      12.332942008972168,
      6.603290557861328,
      7.768754482269287,
      8.962953567504883,
      7.561564922332764,
      8.347436904907227,
      7.984702110290527,
      10.809853553771973,
      10.789664268493652,
      11.232354164123535,
      11.647440910339355,
      15.51554012298584,
      16.193634033203125,
      12.088871955871582,
      9.486844062805176
    ],
    [
      2.1358532905578613,
      2.6313157081604004,
      6.294714450836182,
      6.603290557861328,
      15.187636375427246,
      10.8777494430542,
      12.910592079162598,
      11.498793601989746,
      12.541470527648926,
      12.025632858276367,
      14.373800277709961,
      14.30651569366455,
      13.364167213439941,
      13.378849983215332,
      18.231809616088867,
      17.725948333740234,
      12.667122840881348,
      9.87921142578125
    ],
    [
      1.4985780715942383,
      2.680896282196045,
      6.928432941436768,
      7.768754482269287,
      10.8777494430542,
      16.210264205932617,
      14.70594310760498,
      13.09873104095459,
      14.59559440612793,
      14.056963920593262,
      17.888893127441406,
      17.801422119140625,
      15.985950469970703,
      16.603546142578125,
      21.67137908935547,
      20.988786697387695,
      14.48397159576416,
      11.444402694702148
    ],
    [
      0.9650341272354126,
      2.4256796836853027,
      8.8344087600708,
      8.962953567504883,
      12.910592079162598,
      14.70594310760498,
      25.316272735595703,
      18.943992614746094,
      21.075551986694336,
      20.104045867919922,
      26.900156021118164,
      26.843568801879883,
      25.042112350463867,
      26.112667083740234,
      32.005550384521484,
      29.800989151000977,
      23.59017562866211,
      18.53093719482422
    ],
    [
      0.30332404375076294,
      1.5450174808502197,
      7.330264091491699,
      7.561564922332764,
      11.498793601989746,
      13.09873104095459,
      18.943992614746094,
      22.562881469726562,
      20.13170051574707,
      19.51118278503418,
      24.917495727539062,
      24.878801345825195,
      23.59311294555664,
      24.33534812927246,
      30.455665588378906,
      27.8892765045166,
      20.4653263092041,
      16.637269973754883
    ],
    [
      3.7790744304656982,
      3.3361353874206543,
      8.219042778015137,
      8.347436904907227,
      12.541470527648926,
      14.59559440612793,
      21.075551986694336,
      20.13170051574707,
      28.8920955657959,
      23.927488327026367,
      29.16811180114746,
      28.4825382232666,
      28.726539611816406,
      29.053382873535156,
      36.09025955200195,
      32.5528564453125,
      23.936912536621094,
      19.00390625
    ],
    [
      1.8632744550704956,
      1.756191611289978,
      7.415872097015381,
      7.984702110290527,
      12.025632858276367,
      14.056963920593262,
      20.104045867919922,
      19.51118278503418,
      23.927488327026367,
      27.659021377563477,
      30.1922607421875,
      30.772966384887695,
      29.234024047851562,
      30.67169189453125,
      36.01441955566406,
      33.053707122802734,
      23.57220458984375,
      19.576156616210938
    ],
    [
      0.002693661954253912,
      0.8211431503295898,
      10.680477142333984,
      10.809853553771973,
      14.373800277709961,
      17.888893127441406,
      26.900156021118164,
      24.917495727539062,
      29.16811180114746,
      30.1922607421875,
      49.208553314208984,
      47.08304214477539,
      46.4703254699707,
      48.6555061340332,
      53.7278938293457,
      49.443702697753906,
      39.19941329956055,
      32.0621452331543
    ],
    [
      -1.586592674255371,
      -0.44823503494262695,
      10.444454193115234,
      10.789664268493652,
      14.30651569366455,
      17.801422119140625,
      26.843568801879883,
      24.878801345825195,
      28.4825382232666,
      30.772966384887695,
      47.08304214477539,
      50.82286071777344,
      47.373695373535156,
      49.85102844238281,
      53.54677963256836,
      49.846431732177734,
      39.067562103271484,
      32.59500503540039
    ],
    [
      4.972050189971924,
      1.9173091650009155,
      11.701085090637207,
      11.232354164123535,
      13.364167213439941,
      15.985950469970703,
      25.042112350463867,
      23.59311294555664,
      28.726539611816406,
      29.234024047851562,
      46.4703254699707,
      47.373695373535156,
      61.42558670043945,
      57.12358474731445,
      61.5568962097168,
      56.098716735839844,
      45.659149169921875,
      37.12760925292969
    ],
    [
      3.296478033065796,
      1.8772671222686768,
      11.543099403381348,
      11.647440910339355,
      13.378849983215332,
      16.603546142578125,
      26.112667083740234,
      24.33534812927246,
      29.053382873535156,
      30.67169189453125,
      48.6555061340332,
      49.85102844238281,
      57.12358474731445,
      61.60845184326172,
      61.989688873291016,
      57.610565185546875,
      45.86941909790039,
      38.44862747192383
    ],
    [
      7.309700965881348,
      5.316653251647949,
      15.929914474487305,
      15.51554012298584,
      18.231809616088867,
      21.67137908935547,
      32.005550384521484,
      30.455665588378906,
      36.09025955200195,
      36.01441955566406,
      53.7278938293457,
      53.54677963256836,
      61.5568962097168,
      61.989688873291016,
      78.34131622314453,
      69.10159301757812,
      57.022071838378906,
      44.3563232421875
    ],
    [
      6.667419910430908,
      7.160682678222656,
      16.01447868347168,
      16.193634033203125,
      17.725948333740234,
      20.988786697387695,
      29.800989151000977,
      27.8892765045166,
      32.5528564453125,
      33.053707122802734,
      49.443702697753906,
      49.846431732177734,
      56.098716735839844,
      57.610565185546875,
      69.10159301757812,
      82.07144927978516,
      61.56542205810547,
      49.63831329345703
    ],
    [
      3.208700656890869,
      3.682335376739502,
      13.286675453186035,
      12.088871955871582,
      12.667122840881348,
      14.48397159576416,
      23.59017562866211,
      20.4653263092041,
      23.936912536621094,
      23.57220458984375,
      39.19941329956055,
      39.067562103271484,
      45.659149169921875,
      45.86941909790039,
      57.022071838378906,
      61.56542205810547,
      59.8707160949707,
      44.83915328979492
    ],
    [
      2.2377591133117676,
      2.7063872814178467,
      9.914595603942871,
      9.486844062805176,
      9.87921142578125,
      11.444402694702148,
      18.53093719482422,
      16.637269973754883,
      19.00390625,
      19.576156616210938,
      32.0621452331543,
      32.59500503540039,
      37.12760925292969,
      38.44862747192383,
      44.3563232421875,
      49.63831329345703,
      44.83915328979492,
      37.2015266418457
    ]
  ],
  "damage": -9.938735961914062,
  "diff_bandwidth": 663.2042846679688,
  "dissonance": 7.471715463267767,
  "drr": -10.835357666015625,
  "dynamics": 2.6254444122314453,
  "format": 1245190,
  "frames": 3055552,
  "loudness": -13.891122817993164,
  "loudness_range": 6.739713668823242,
  "loudness_range_short": 7.398183822631836,
  "lowpass_true_peak_15khz": 0.4318050444126129,
  "mastering3_acoustic_entropies": [
    {
      "acoustic_entropy": 4.94473934173584,
      "acoustic_entropy_mono": 4.996512413024902,
      "band_eliminated_acoustic_entropies": [
        {
          "acoustic_entropy": 4.914692401885986,
          "acoustic_entropy_side": 4.946070671081543,
          "hz": 129.47220167065723
        },
        {
          "acoustic_entropy": 4.5565266609191895,
          "acoustic_entropy_side": 4.984575271606445,
          "hz": 202.92927478742237
        },
        {
          "acoustic_entropy": 4.700889587402344,
          "acoustic_entropy_side": 4.894008159637451,
          "hz": 282.89161906338205
        },
        {
          "acoustic_entropy": 4.950999736785889,
          "acoustic_entropy_side": 4.929983139038086,
          "hz": 369.9353335868758
        },
        {
          "acoustic_entropy": 5.052250862121582,
          "acoustic_entropy_side": 4.9621734619140625,
          "hz": 464.6875360973435
        },
        {
          "acoustic_entropy": 4.916982650756836,
          "acoustic_entropy_side": 5.043682098388672,
          "hz": 567.8308811364784
        },
        {
          "acoustic_entropy": 4.933346271514893,
          "acoustic_entropy_side": 5.029517650604248,
          "hz": 680.1084783214808
        },
        {
          "acoustic_entropy": 5.133739948272705,
          "acoustic_entropy_side": 4.979649066925049,
          "hz": 802.3292461747484
        },
        {
          "acoustic_entropy": 5.08793830871582,
          "acoustic_entropy_side": 4.961006164550781,
          "hz": 935.3737400823702
        },
        {
          "acoustic_entropy": 4.5897345542907715,
          "acoustic_entropy_side": 4.883857727050781,
          "hz": 1080.2004963696966
        },
        {
          "acoustic_entropy": 4.869048595428467,
          "acoustic_entropy_side": 4.865233421325684,
          "hz": 1237.8529382007157
        },
        {
          "acoustic_entropy": 4.591996669769287,
          "acoustic_entropy_side": 5.007706642150879,
          "hz": 1409.4668930556702
        },
        {
          "acoustic_entropy": 4.371173858642578,
          "acoustic_entropy_side": 4.893954753875732,
          "hz": 1596.2787759475705
        },
        {
          "acoustic_entropy": 4.948373794555664,
          "acoustic_entropy_side": 4.875095844268799,
          "hz": 1799.6344973346393
        },
        {
          "acoustic_entropy": 4.747495174407959,
          "acoustic_entropy_side": 4.927474498748779,
          "hz": 2020.9991599069049
        },
        {
          "acoustic_entropy": 4.656975269317627,
          "acoustic_entropy_side": 4.88814115524292,
          "hz": 2261.9676141086993
        },
        {
          "acoustic_entropy": 5.1955671310424805,
          "acoustic_entropy_side": 4.911376953125,
          "hz": 2524.2759484456974
        },
        {
          "acoustic_entropy": 5.066442012786865,
          "acoustic_entropy_side": 5.15012788772583,
          "hz": 2809.813997359896
        },
        {
          "acoustic_entropy": 4.946527004241943,
          "acoustic_entropy_side": 4.973998069763184,
          "hz": 3120.6389567871424
        },
        {
          "acoustic_entropy": 4.8709397315979,
          "acoustic_entropy_side": 4.976190567016602,
          "hz": 3458.990205492291
        },
        {
          "acoustic_entropy": 4.942371845245361,
          "acoustic_entropy_side": 4.969725131988525,
          "hz": 3827.305438964164
        },
        {
          "acoustic_entropy": 5.017721652984619,
          "acoustic_entropy_side": 4.983087062835693,
          "hz": 4228.238232109126
        },
        {
          "acoustic_entropy": 4.99711799621582,
          "acoustic_entropy_side": 4.9628376960754395,
          "hz": 4664.6771572759235
        },
        {
          "acoustic_entropy": 4.9928178787231445,
          "acoustic_entropy_side": 4.972774505615234,
          "hz": 5139.766595350093
        },
        {
          "acoustic_entropy": 4.964598655700684,
          "acoustic_entropy_side": 4.961841583251953,
          "hz": 5656.929389854203
        },
        {
          "acoustic_entropy": 4.929815292358398,
          "acoustic_entropy_side": 4.9539361000061035,
          "hz": 6219.891507268283
        },
        {
          "acoustic_entropy": 4.957803249359131,
          "acoustic_entropy_side": 4.951099395751953,
          "hz": 6832.70888123896
        },
        {
          "acoustic_entropy": 4.960738182067871,
          "acoustic_entropy_side": 4.950606822967529,
          "hz": 7499.796634079867
        },
        {
          "acoustic_entropy": 4.950323581695557,
          "acoustic_entropy_side": 4.94697904586792,
          "hz": 8225.96088609342
        },
        {
          "acoustic_entropy": 4.943931579589844,
          "acoustic_entropy_side": 4.945584774017334,
          "hz": 9016.43338188839
        },
        {
          "acoustic_entropy": 4.942111492156982,
          "acoustic_entropy_side": 4.944418430328369,
          "hz": 9876.909183162974
        },
        {
          "acoustic_entropy": 4.942504405975342,
          "acoustic_entropy_side": 4.944462776184082,
          "hz": 10813.587699516042
        },
        {
          "acoustic_entropy": 4.94346809387207,
          "acoustic_entropy_side": 4.94474983215332,
          "hz": 11833.21735289826
        },
        {
          "acoustic_entropy": 4.943586826324463,
          "acoustic_entropy_side": 4.94470739364624,
          "hz": 12943.144197493959
        },
        {
          "acoustic_entropy": 4.944222927093506,
          "acoustic_entropy_side": 4.944724082946777,
          "hz": 14151.364845322005
        },
        {
          "acoustic_entropy": 4.9443488121032715,
          "acoustic_entropy_side": 4.944715976715088,
          "hz": 15466.58407886509
        },
        {
          "acoustic_entropy": 4.9445013999938965,
          "acoustic_entropy_side": 4.94472599029541,
          "hz": 16898.27756580493
        },
        {
          "acoustic_entropy": 4.944592475891113,
          "acoustic_entropy_side": 4.944730281829834,
          "hz": 18456.760127700032
        },
        {
          "acoustic_entropy": 4.944697380065918,
          "acoustic_entropy_side": 4.944735527038574,
          "hz": 20153.260054456492
        },
        {
          "acoustic_entropy": 4.944733619689941,
          "acoustic_entropy_side": 4.944737911224365,
          "hz": 22000.00000000001
        }
      ],
      "diff_acoustic_entropy": 0.8388172388076782,
      "sn": 6
    },
    {
      "acoustic_entropy": 8.29959774017334,
      "acoustic_entropy_mono": 8.479991912841797,
      "band_eliminated_acoustic_entropies": [
        {
          "acoustic_entropy": 8.202375411987305,
          "acoustic_entropy_side": 8.293658256530762,
          "hz": 129.47220167065723
        },
        {
          "acoustic_entropy": 7.551301956176758,
          "acoustic_entropy_side": 8.181675910949707,
          "hz": 202.92927478742237
        },
        {
          "acoustic_entropy": 8.059142112731934,
          "acoustic_entropy_side": 8.299660682678223,
          "hz": 282.89161906338205
        },
        {
          "acoustic_entropy": 8.507802963256836,
          "acoustic_entropy_side": 8.443474769592285,
          "hz": 369.9353335868758
        },
        {
          "acoustic_entropy": 8.099308013916016,
          "acoustic_entropy_side": 8.193053245544434,
          "hz": 464.6875360973435
        },
        {
          "acoustic_entropy": 8.731554985046387,
          "acoustic_entropy_side": 8.395212173461914,
          "hz": 567.8308811364784
        },
        {
          "acoustic_entropy": 8.162501335144043,
          "acoustic_entropy_side": 8.36898422241211,
          "hz": 680.1084783214808
        },
        {
          "acoustic_entropy": 8.582947731018066,
          "acoustic_entropy_side": 8.275134086608887,
          "hz": 802.3292461747484
        },
        {
          "acoustic_entropy": 8.49113655090332,
          "acoustic_entropy_side": 8.24722671508789,
          "hz": 935.3737400823702
        },
        {
          "acoustic_entropy": 8.17177677154541,
          "acoustic_entropy_side": 8.26986312866211,
          "hz": 1080.2004963696966
        },
        {
          "acoustic_entropy": 8.562112808227539,
          "acoustic_entropy_side": 8.236489295959473,
          "hz": 1237.8529382007157
        },
        {
          "acoustic_entropy": 8.861621856689453,
          "acoustic_entropy_side": 8.57616138458252,
          "hz": 1409.4668930556702
        },
        {
          "acoustic_entropy": 7.815256118774414,
          "acoustic_entropy_side": 8.034012794494629,
          "hz": 1596.2787759475705
        },
        {
          "acoustic_entropy": 8.778236389160156,
          "acoustic_entropy_side": 8.075272560119629,
          "hz": 1799.6344973346393
        },
        {
          "acoustic_entropy": 8.979043006896973,
          "acoustic_entropy_side": 8.429708480834961,
          "hz": 2020.9991599069049
        },
        {
          "acoustic_entropy": 8.060978889465332,
          "acoustic_entropy_side": 8.33450698852539,
          "hz": 2261.9676141086993
        },
        {
          "acoustic_entropy": 8.71334171295166,
          "acoustic_entropy_side": 8.062540054321289,
          "hz": 2524.2759484456974
        },
        {
          "acoustic_entropy": 8.703179359436035,
          "acoustic_entropy_side": 8.4705171585083,
          "hz": 2809.813997359896
        },
        {
          "acoustic_entropy": 8.288566589355469,
          "acoustic_entropy_side": 8.358485221862793,
          "hz": 3120.6389567871424
        },
        {
          "acoustic_entropy": 8.142523765563965,
          "acoustic_entropy_side": 8.244943618774414,
          "hz": 3458.990205492291
        },
        {
          "acoustic_entropy": 8.35657787322998,
          "acoustic_entropy_side": 8.359770774841309,
          "hz": 3827.305438964164
        },
        {
          "acoustic_entropy": 8.333725929260254,
          "acoustic_entropy_side": 8.252227783203125,
          "hz": 4228.238232109126
        },
        {
          "acoustic_entropy": 8.415175437927246,
          "acoustic_entropy_side": 8.338543891906738,
          "hz": 4664.6771572759235
        },
        {
          "acoustic_entropy": 8.378878593444824,
          "acoustic_entropy_side": 8.31643009185791,
          "hz": 5139.766595350093
        },
        {
          "acoustic_entropy": 8.302224159240723,
          "acoustic_entropy_side": 8.284135818481445,
          "hz": 5656.929389854203
        },
        {
          "acoustic_entropy": 8.337932586669922,
          "acoustic_entropy_side": 8.331156730651855,
          "hz": 6219.891507268283
        },
        {
          "acoustic_entropy": 8.304519653320312,
          "acoustic_entropy_side": 8.302083015441895,
          "hz": 6832.70888123896
        },
        {
          "acoustic_entropy": 8.297094345092773,
          "acoustic_entropy_side": 8.3085355758667,
          "hz": 7499.796634079867
        },
        {
          "acoustic_entropy": 8.30764389038086,
          "acoustic_entropy_side": 8.308971405029297,
          "hz": 8225.96088609342
        },
        {
          "acoustic_entropy": 8.297883033752441,
          "acoustic_entropy_side": 8.31479549407959,
          "hz": 9016.43338188839
        },
        {
          "acoustic_entropy": 8.297181129455566,
          "acoustic_entropy_side": 8.308893203735352,
          "hz": 9876.909183162974
        },
        {
          "acoustic_entropy": 8.297660827636719,
          "acoustic_entropy_side": 8.305000305175781,
          "hz": 10813.587699516042
        },
        {
          "acoustic_entropy": 8.302525520324707,
          "acoustic_entropy_side": 8.304067611694336,
          "hz": 11833.21735289826
        },
        {
          "acoustic_entropy": 8.295557975769043,
          "acoustic_entropy_side": 8.302887916564941,
          "hz": 12943.144197493959
        },
        {
          "acoustic_entropy": 8.29565143585205,
          "acoustic_entropy_side": 8.301029205322266,
          "hz": 14151.364845322005
        },
        {
          "acoustic_entropy": 8.296303749084473,
          "acoustic_entropy_side": 8.300298690795898,
          "hz": 15466.58407886509
        },
        {
          "acoustic_entropy": 8.29774284362793,
          "acoustic_entropy_side": 8.300030708312988,
          "hz": 16898.27756580493
        },
        {
          "acoustic_entropy": 8.298196792602539,
          "acoustic_entropy_side": 8.299941062927246,
          "hz": 18456.760127700032
        },
        {
          "acoustic_entropy": 8.298917770385742,
          "acoustic_entropy_side": 8.299769401550293,
          "hz": 20153.260054456492
        },
        {
          "acoustic_entropy": 8.299286842346191,
          "acoustic_entropy_side": 8.299678802490234,
          "hz": 22000.00000000001
        }
      ],
      "diff_acoustic_entropy": 2.319905996322632,
      "sn": 12
    },
    {
      "acoustic_entropy": 11.540570259094238,
      "acoustic_entropy_mono": 11.51015567779541,
      "band_eliminated_acoustic_entropies": [
        {
          "acoustic_entropy": 11.40915584564209,
          "acoustic_entropy_side": 11.389981269836426,
          "hz": 129.47220167065723
        },
        {
          "acoustic_entropy": 11.24644947052002,
          "acoustic_entropy_side": 11.321078300476074,
          "hz": 202.92927478742237
        },
        {
          "acoustic_entropy": 12.119976997375488,
          "acoustic_entropy_side": 11.906256675720215,
          "hz": 282.89161906338205
        },
        {
          "acoustic_entropy": 12.011147499084473,
          "acoustic_entropy_side": 11.843016624450684,
          "hz": 369.9353335868758
        },
        {
          "acoustic_entropy": 11.657939910888672,
          "acoustic_entropy_side": 11.503265380859375,
          "hz": 464.6875360973435
        },
        {
          "acoustic_entropy": 11.2333345413208,
          "acoustic_entropy_side": 11.36223316192627,
          "hz": 567.8308811364784
        },
        {
          "acoustic_entropy": 11.081594467163086,
          "acoustic_entropy_side": 11.409348487854004,
          "hz": 680.1084783214808
        },
        {
          "acoustic_entropy": 11.358002662658691,
          "acoustic_entropy_side": 11.741167068481445,
          "hz": 802.3292461747484
        },
        {
          "acoustic_entropy": 11.37743091583252,
          "acoustic_entropy_side": 11.40949535369873,
          "hz": 935.3737400823702
        },
        {
          "acoustic_entropy": 11.232939720153809,
          "acoustic_entropy_side": 11.220237731933594,
          "hz": 1080.2004963696966
        },
        {
          "acoustic_entropy": 11.902444839477539,
          "acoustic_entropy_side": 11.697196960449219,
          "hz": 1237.8529382007157
        },
        {
          "acoustic_entropy": 11.824169158935547,
          "acoustic_entropy_side": 11.911602020263672,
          "hz": 1409.4668930556702
        },
        {
          "acoustic_entropy": 10.758883476257324,
          "acoustic_entropy_side": 11.334088325500488,
          "hz": 1596.2787759475705
        },
        {
          "acoustic_entropy": 12.36894702911377,
          "acoustic_entropy_side": 11.627945899963379,
          "hz": 1799.6344973346393
        },
        {
          "acoustic_entropy": 12.071821212768555,
          "acoustic_entropy_side": 11.888933181762695,
          "hz": 2020.9991599069049
        },
        {
          "acoustic_entropy": 11.28298568725586,
          "acoustic_entropy_side": 11.586504936218262,
          "hz": 2261.9676141086993
        },
        {
          "acoustic_entropy": 12.153692245483398,
          "acoustic_entropy_side": 11.601799011230469,
          "hz": 2524.2759484456974
        },
        {
          "acoustic_entropy": 12.205277442932129,
          "acoustic_entropy_side": 11.776520729064941,
          "hz": 2809.813997359896
        },
        {
          "acoustic_entropy": 10.999892234802246,
          "acoustic_entropy_side": 11.54150676727295,
          "hz": 3120.6389567871424
        },
        {
          "acoustic_entropy": 11.77584457397461,
