{
  "acoustic_entropy": 121.8135757446289,
  "bands": [
    {
      "high_freq": 148.1999969482422,
      "loudness": -34.942100524902344,
      "loudness_range": 15.752670288085938,
      "mid_mean": -32.783042907714844,
      "mid_to_side_loudness": -17.260211944580078,
      "mid_to_side_loudness_range": 14.624338150024414,
      "side_mean": -55.98610305786133
    },
    {
      "high_freq": 392.3793640136719,
      "loudness": -32.599605560302734,
      "loudness_range": 8.277612686157227,
      "low_freq": 148.1999969482422,
      "mid_mean": -31.08365249633789,
      "mid_to_side_loudness": -5.571408748626709,
      "mid_to_side_loudness_range": 7.754022121429443,
      "side_mean": -37.170372009277344
    },
    {
      "high_freq": 794.6976318359375,
      "loudness": -33.04863357543945,
      "loudness_range": 13.737222671508789,
      "low_freq": 392.3793640136719,
      "mid_mean": -32.206783294677734,
      "mid_to_side_loudness": -4.344912052154541,
      "mid_to_side_loudness_range": 5.76107120513916,
      "side_mean": -36.58110046386719
    },
    {
      "high_freq": 1457.5709228515625,
      "loudness": -35.64473342895508,
      "loudness_range": 14.397077560424805,
      "low_freq": 794.6976318359375,
      "mid_mean": -34.55873489379883,
      "mid_to_side_loudness": -4.5397162437438965,
      "mid_to_side_loudness_range": 9.073495864868164,
      "side_mean": -39.794715881347656
    },
    {
      "high_freq": 2549.74365234375,
      "loudness": -35.96651077270508,
      "loudness_range": 15.788942337036133,
      "low_freq": 1457.5709228515625,
      "mid_mean": -34.492252349853516,
      "mid_to_side_loudness": -6.999381065368652,
      "mid_to_side_loudness_range": 10.879212379455566,
      "side_mean": -50.29457473754883
    },
    {
      "high_freq": 4349.24462890625,
      "loudness": -40.683563232421875,
      "loudness_range": 15.547019958496094,
      "low_freq": 2549.74365234375,
      "mid_mean": -39.27543258666992,
      "mid_to_side_loudness": -6.659069538116455,
      "mid_to_side_loudness_range": 8.611905097961426,
      "side_mean": -53.621097564697266
    },
    {
      "high_freq": 7314.1640625,
      "loudness": -46.46110916137695,
      "loudness_range": 19.52669906616211,
      "low_freq": 4349.24462890625,
      "mid_mean": -52.57592010498047,
      "mid_to_side_loudness": -8.129782676696777,
      "mid_to_side_loudness_range": 7.769783020019531,
      "side_mean": -58.121395111083984
    },
    {
      "high_freq": 12199.2666015625,
      "loudness": -57.698055267333984,
      "loudness_range": 17.779083251953125,
      "low_freq": 7314.1640625,
      "mid_mean": -60.163124084472656,
      "mid_to_side_loudness": -7.9998579025268555,
      "mid_to_side_loudness_range": 10.418453216552734,
      "side_mean": -64.91496276855469
    },
    {
      "loudness": -64.57568359375,
      "loudness_range": 19.18499755859375,
      "low_freq": 12199.2666015625,
      "mid_mean": -64.20721435546875,
      "mid_to_side_loudness": -5.998171806335449,
      "mid_to_side_loudness_range": 7.407536029815674,
      "side_mean": -66.73374938964844
    }
  ],
  "bands_short": [
    {
      "high_freq": 148.1999969482422,
      "loudness": -38.63178253173828,
      "loudness_range": 25.46251106262207,
      "mid_mean": -37.060272216796875,
      "mid_to_side_loudness": -17.04625129699707,
      "mid_to_side_loudness_range": 23.853424072265625,
      "side_mean": -58.560977935791016
    },
    {
      "high_freq": 392.3793640136719,
      "loudness": -33.284690856933594,
      "loudness_range": 12.84316635131836,
      "low_freq": 148.1999969482422,
      "mid_mean": -31.646488189697266,
      "mid_to_side_loudness": -6.052534103393555,
      "mid_to_side_loudness_range": 11.07175064086914,
      "side_mean": -37.81803512573242
    },
    {
      "high_freq": 794.6976318359375,
      "loudness": -34.11061096191406,
      "loudness_range": 17.402034759521484,
      "low_freq": 392.3793640136719,
      "mid_mean": -33.500144958496094,
      "mid_to_side_loudness": -4.085019588470459,
      "mid_to_side_loudness_range": 10.67707633972168,
      "side_mean": -37.80862808227539
    },
    {
      "high_freq": 1457.5709228515625,
      "loudness": -36.54933547973633,
      "loudness_range": 22.209638595581055,
      "low_freq": 794.6976318359375,
      "mid_mean": -35.93246078491211,
      "mid_to_side_loudness": -4.386380195617676,
      "mid_to_side_loudness_range": 10.407361030578613,
      "side_mean": -40.891578674316406
    },
    {
      "high_freq": 2549.74365234375,
      "loudness": -37.480384826660156,
      "loudness_range": 22.193395614624023,
      "low_freq": 1457.5709228515625,
      "mid_mean": -36.66817855834961,
      "mid_to_side_loudness": -6.00644588470459,
      "mid_to_side_loudness_range": 11.18332290649414,
      "side_mean": -51.29521179199219
    },
    {
      "high_freq": 4349.24462890625,
      "loudness": -42.61784362792969,
      "loudness_range": 20.280895233154297,
      "low_freq": 2549.74365234375,
      "mid_mean": -50.81547546386719,
      "mid_to_side_loudness": -5.710168838500977,
      "mid_to_side_loudness_range": 9.836112976074219,
      "side_mean": -54.76702880859375
    },
    {
      "high_freq": 7314.1640625,
      "loudness": -49.15812683105469,
      "loudness_range": 21.93376922607422,
      "low_freq": 4349.24462890625,
      "mid_mean": -54.7042121887207,
      "mid_to_side_loudness": -7.192551136016846,
      "mid_to_side_loudness_range": 8.477311134338379,
      "side_mean": -59.47273635864258
    },
    {
      "high_freq": 12199.2666015625,
      "loudness": -61.77058792114258,
      "loudness_range": 27.896106719970703,
      "low_freq": 7314.1640625,
      "mid_mean": -62.24011993408203,
      "mid_to_side_loudness": -7.131381988525391,
      "mid_to_side_loudness_range": 11.000786781311035,
      "side_mean": -65.92491912841797
    },
    {
      "loudness": -67.69483184814453,
      "loudness_range": 26.74618911743164,
      "low_freq": 12199.2666015625,
      "mid_mean": -65.9258804321289,
      "mid_to_side_loudness": -5.668784141540527,
      "mid_to_side_loudness_range": 8.412773132324219,
      "side_mean": -67.66851043701172
    }
  ],
  "bandwidth": 547.9430541992188,
  "channels": 2,
  "covariance": [
    [
      80.06880187988281,
      48.5449104309082,
      35.84775924682617,
      40.31612777709961,
      33.222259521484375,
      28.27422332763672,
      33.92597198486328,
      34.11885070800781,
      39.839229583740234,
      40.9533805847168,
      36.45713806152344,
      44.14585494995117,
      53.30022430419922,
      38.27444839477539,
      37.59580612182617,
      20.043941497802734,
      24.821155548095703,
      12.71752643585205
    ],
    [
      48.5449104309082,
      111.6270980834961,
      29.52117156982422,
      30.395275115966797,
      30.111738204956055,
      25.696914672851562,
      25.793546676635742,
      28.156354904174805,
      34.286529541015625,
      141.65084838867188,
      34.44037628173828,
      123.72734832763672,
      135.44142150878906,
      95.3476333618164,
      82.60138702392578,
      43.82621383666992,
      51.102561950683594,
      29.289270401000977
    ],
    [
      35.84775924682617,
      29.52117156982422,
      43.84451675415039,
      36.46201705932617,
      43.05818176269531,
      38.072654724121094,
      42.69432067871094,
      33.08127975463867,
      48.24662780761719,
      39.60065841674805,
      44.0117073059082,
      43.73402404785156,
      50.40160369873047,
      37.47760772705078,
      32.1895866394043,
      16.30461311340332,
      18.386592864990234,
      9.676992416381836
    ],
    [
      40.31612777709961,
      30.395275115966797,
      36.46201705932617,
      50.179962158203125,
      41.85197448730469,
      45.79421615600586,
      46.38086700439453,
      51.774356842041016,
      49.426055908203125,
      56.902801513671875,
      43.59605407714844,
      56.31875228881836,
      52.21887969970703,
      42.985069274902344,
      25.493144989013672,
      13.159930229187012,
      12.677741050720215,
      7.270090103149414
    ],
    [
      33.222259521484375,
      30.111738204956055,
      43.05818176269531,
      41.85197448730469,
      51.91164779663086,
      53.495445251464844,
      53.936920166015625,
      47.98210906982422,
      59.30002212524414,
      53.29367446899414,
      50.438201904296875,
      55.06195831298828,
      54.01863479614258,
      43.45095443725586,
      28.067577362060547,
      14.942961692810059,
      14.231175422668457,
      8.881125450134277
    ],
    [
      28.27422332763672,
      25.696914672851562,
      38.072654724121094,
      45.79421615600586,
      53.495445251464844,
      65.23176574707031,
      61.17146682739258,
      60.73873519897461,
      63.21981430053711,
      62.16639709472656,
      49.49418258666992,
      59.59708023071289,
      48.80220413208008,
      42.73801803588867,
      19.72330093383789,
      12.490105628967285,
      9.026209831237793,
      7.87136697769165
    ],
    [
      33.92597198486328,
      25.793546676635742,
      42.69432067871094,
      46.38086700439453,
      53.936920166015625,
      61.17146682739258,
      64.83954620361328,
      58.55788040161133,
      64.7901382446289,
      59.017276763916016,
      52.1387825012207,
      58.16714096069336,
      51.05207061767578,
      42.96022033691406,
      23.293230056762695,
      14.833518981933594,
      11.200032234191895,
      8.651217460632324
    ],
    [
      34.11885070800781,
      28.156354904174805,
      33.08127975463867,
      51.774356842041016,
      47.98210906982422,
      60.73873519897461,
      58.55788040161133,
      67.456298828125,
      58.303924560546875,
      67.62178039550781,
      45.23773956298828,
      62.71795654296875,
      50.50801467895508,
      44.4725341796875,
      20.432077407836914,
      13.871070861816406,
      9.587628364562988,
      8.885290145874023
    ],
    [
      39.839229583740234,
      34.286529541015625,
      48.24662780761719,
      49.426055908203125,
      59.30002212524414,
      63.21981430053711,
      64.7901382446289,
      58.303924560546875,
      71.74481201171875,
      65.19271850585938,
      62.57807540893555,
      67.48360443115234,
      64.65226745605469,
      53.44813919067383,
      34.104515075683594,
      18.198152542114258,
      17.203670501708984,
      10.420486450195312
    ],
    [
      40.9533805847168,
      141.65084838867188,
      39.60065841674805,
      56.902801513671875,
      53.29367446899414,
      62.16639709472656,
      59.017276763916016,
      67.62178039550781,
      65.19271850585938,
      215.22752380371094,
      58.065738677978516,
      186.90907287597656,
      189.2169952392578,
      138.08644104003906,
      103.90982818603516,
      54.9420051574707,
      59.834468841552734,
      35.429744720458984
    ],
    [
      36.45713806152344,
      34.44037628173828,
      44.0117073059082,
      43.59605407714844,
      50.438201904296875,
      49.49418258666992,
      52.1387825012207,
      45.23773956298828,
      62.57807540893555,
      58.065738677978516,
      71.10712432861328,
      64.82530212402344,
      67.00357055664062,
      54.96638870239258,
      41.1212272644043,
      20.56229019165039,
      22.347774505615234,
      11.986486434936523
    ],
    [
      44.14585494995117,
      123.72734832763672,
      43.73402404785156,
      56.31875228881836,
      55.06195831298828,
      59.59708023071289,
      58.16714096069336,
      62.71795654296875,
      67.48360443115234,
      186.90907287597656,
      64.82530212402344,
      166.74412536621094,
      170.52658081054688,
      124.9394302368164,
      95.56405639648438,
      49.8004035949707,
      54.97602462768555,
      31.79502296447754
    ],
    [
      53.30022430419922,
      135.44142150878906,
      50.40160369873047,
      52.21887969970703,
      54.01863479614258,
      48.80220413208008,
      51.05207061767578,
      50.50801467895508,
      64.65226745605469,
      189.2169952392578,
      67.00357055664062,
      170.52658081054688,
      185.0872344970703,
      132.09117126464844,
      111.72876739501953,
      57.852333068847656,
      66.15242004394531,
      37.0146369934082
    ],
    [
      38.27444839477539,
      95.3476333618164,
      37.47760772705078,
      42.985069274902344,
      43.45095443725586,
      42.73801803588867,
      42.96022033691406,
      44.4725341796875,
      53.44813919067383,
      138.08644104003906,
      54.96638870239258,
      124.9394302368164,
      132.09117126464844,
      97.25763702392578,
      78.36164855957031,
      41.23952865600586,
      46.13226318359375,
      26.541929244995117
    ],
    [
      37.59580612182617,
      82.60138702392578,
      32.1895866394043,
      25.493144989013672,
      28.067577362060547,
      19.72330093383789,
      23.293230056762695,
      20.432077407836914,
      34.104515075683594,
      103.90982818603516,
      41.1212272644043,
      95.56405639648438,
      111.72876739501953,
      78.36164855957031,
      79.5370101928711,
      43.70936965942383,
      52.63762283325195,
      30.845674514770508
    ],
    [
      20.043941497802734,
      43.82621383666992,
      16.30461311340332,
      13.159930229187012,
      14.942961692810059,
      12.490105628967285,
      14.833518981933594,
      13.871070861816406,
      18.198152542114258,
      54.9420051574707,
      20.56229019165039,
      49.8004035949707,
      57.852333068847656,
      41.23952865600586,
      43.70936965942383,
      28.16774559020996,
      32.337677001953125,
      22.122297286987305
    ],
    [
      24.821155548095703,
      51.102561950683594,
      18.386592864990234,
      12.677741050720215,
      14.231175422668457,
      9.026209831237793,
      11.200032234191895,
      9.587628364562988,
      17.203670501708984,
      59.834468841552734,
      22.347774505615234,
      54.97602462768555,
      66.15242004394531,
      46.13226318359375,
      52.63762283325195,
      32.337677001953125,
      40.49029541015625,
      26.354326248168945
    ],
    [
      12.71752643585205,
      29.289270401000977,
      9.676992416381836,
      7.270090103149414,
      8.881125450134277,
      7.87136697769165,
      8.651217460632324,
      8.885290145874023,
      10.420486450195312,
      35.429744720458984,
      11.986486434936523,
      31.79502296447754,
      37.0146369934082,
      26.541929244995117,
      30.845674514770508,
      22.122297286987305,
      26.354326248168945,
      19.86128044128418
    ]
  ],
  "covariance_short": [
    [
      128.85525512695312,
      72.0519027709961,
      41.653656005859375,
      40.39937210083008,
      27.423965454101562,
      31.679489135742188,
      36.58025360107422,
      37.704219818115234,
      40.79075241088867,
      43.85993957519531,
      56.849388122558594,
      43.91547393798828,
      50.5240364074707,
      36.487754821777344,
      35.33248519897461,
      20.345439910888672,
      22.628257751464844,
      12.729703903198242
    ],
    [
      72.0519027709961,
      111.47119140625,
      27.34288215637207,
      27.142126083374023,
      20.006925582885742,
      19.940649032592773,
      20.037839889526367,
      24.358972549438477,
      27.062305450439453,
      118.1555404663086,
      125.66842651367188,
      103.96086120605469,
      107.40255737304688,
      78.28749084472656,
      61.61561584472656,
      33.29638671875,
      34.17631912231445,
      19.85670280456543
    ],
    [
      41.653656005859375,
      27.34288215637207,
      55.4969367980957,
      41.79163360595703,
      48.979434967041016,
      51.35213851928711,
      61.11200714111328,
      48.807735443115234,
      62.80377960205078,
      51.16618728637695,
      65.14878845214844,
      50.648651123046875,
      57.615787506103516,
      41.929779052734375,
      33.21120071411133,
      18.55946922302246,
      19.69707679748535,
      11.366438865661621
    ],
    [
      40.39937210083008,
      27.142126083374023,
      41.79163360595703,
      51.3001594543457,
      43.65958023071289,
      55.09468078613281,
      57.36111068725586,
      54.643760681152344,
      60.528343200683594,
      56.33123779296875,
      62.994720458984375,
      54.38349914550781,
      53.33563232421875,
      42.51933670043945,
      24.226715087890625,
      13.36184024810791,
      11.891276359558105,
      7.285881519317627
    ],
    [
      27.423965454101562,
      20.006925582885742,
      48.979434967041016,
      43.65958023071289,
      69.581298828125,
      62.3826904296875,
      75.63316345214844,
      61.468849182128906,
      75.03279113769531,
      62.56472396850586,
      76.5605697631836,
      62.802799224853516,
      66.8116683959961,
      51.20042419433594,
      34.16780471801758,
      19.041025161743164,
      18.06476402282715,
      10.487199783325195
    ],
    [
      31.679489135742188,
      19.940649032592773,
      51.35213851928711,
      55.09468078613281,
      62.3826904296875,
      82.18189239501953,
      83.98462677001953,
      77.65492248535156,
      85.7743911743164,
      74.41657257080078,
      81.99674987792969,
      70.74947357177734,
      67.44949340820312,
      53.35334396362305,
      30.44649887084961,
      17.804641723632812,
      14.447364807128906,
      9.600186347961426
    ],
    [
      36.58025360107422,
      20.037839889526367,
      61.11200714111328,
      57.36111068725586,
      75.63316345214844,
      83.98462677001953,
      105.91706848144531,
      87.33609771728516,
      101.38373565673828,
      82.64348602294922,
      94.2591781616211,
      77.71881103515625,
      78.37287139892578,
      60.86557388305664,
      37.201175689697266,
      22.51329803466797,
      19.543249130249023,
      12.533512115478516
    ],
    [
      37.704219818115234,
      24.358972549438477,
      48.807735443115234,
      54.643760681152344,
      61.468849182128906,
      77.65492248535156,
      87.33609771728516,
      89.38113403320312,
      85.80830383300781,
      82.95185852050781,
      86.87391662597656,
      75.24568939208984,
      70.52101135253906,
      56.22121047973633,
      31.58487892150879,
      19.234813690185547,
      15.33328628540039,
      10.580038070678711
    ],
    [
      40.79075241088867,
      27.062305450439453,
      62.80377960205078,
      60.528343200683594,
      75.03279113769531,
      85.7743911743164,
      101.38373565673828,
      85.80830383300781,
      108.26823425292969,
      86.30098724365234,
      103.18215942382812,
      84.90746307373047,
      89.16858673095703,
      69.17157745361328,
      45.04209518432617,
      25.34544563293457,
      23.596092224121094,
      13.497589111328125
    ],
    [
      43.85993957519531,
      118.1555404663086,
      51.16618728637695,
      56.33123779296875,
      62.56472396850586,
      74.41657257080078,
      82.64348602294922,
      82.95185852050781,
      86.30098724365234,
      212.93505859375,
      221.5166473388672,
      181.78245544433594,
      180.9029083251953,
      131.47300720214844,
      90.80823516845703,
      49.022422790527344,
      47.08201217651367,
      27.63141632080078
    ],
    [
      56.849388122558594,
      125.66842651367188,
      65.14878845214844,
      62.994720458984375,
      76.5605697631836,
      81.99674987792969,
      94.2591781616211,
      86.87391662597656,
      103.18215942382812,
      221.5166473388672,
      243.3489990234375,
      194.97525024414062,
      202.1661376953125,
      145.11512756347656,
      105.54927062988281,
      56.439754486083984,
      56.364967346191406,
      31.963394165039062
    ],
    [
      43.91547393798828,
      103.96086120605469,
      50.648651123046875,
      54.38349914550781,
      62.802799224853516,
      70.74947357177734,
      77.71881103515625,
      75.24568939208984,
      84.90746307373047,
      181.78245544433594,
      194.97525024414062,
      161.56243896484375,
      161.6426239013672,
      118.83650207519531,
      81.9194564819336,
      43.60566711425781,
      42.25718307495117,
      24.196165084838867
    ],
    [
      50.5240364074707,
      107.40255737304688,
      57.615787506103516,
      53.33563232421875,
      66.8116683959961,
      67.44949340820312,
      78.37287139892578,
      70.52101135253906,
      89.16858673095703,
      180.9029083251953,
      202.1661376953125,
      161.6426239013672,
      174.28831481933594,
      125.47213745117188,
      96.99632263183594,
      53.274654388427734,
      54.192420959472656,
      31.45276641845703
    ],
    [
      36.487754821777344,
      78.28749084472656,
      41.929779052734375,
      42.51933670043945,
      51.20042419433594,
      53.35334396362305,
      60.86557388305664,
      56.22121047973633,
      69.17157745361328,
      131.47300720214844,
      145.11512756347656,
      118.83650207519531,
      125.47213745117188,
      93.36396789550781,
      68.35926055908203,
      38.12373352050781,
      37.68398666381836,
      22.28327178955078
    ],
    [
      35.33248519897461,
      61.61561584472656,
      33.21120071411133,
      24.226715087890625,
      34.16780471801758,
      30.44649887084961,
      37.201175689697266,
      31.58487892150879,
      45.04209518432617,
      90.80823516845703,
      105.54927062988281,
      81.9194564819336,
      96.99632263183594,
      68.35926055908203,
      69.05435180664062,
      40.5733757019043,
      44.509925842285156,
      27.26067352294922
    ],
    [
      20.345439910888672,
      33.29638671875,
      18.55946922302246,
      13.36184024810791,
      19.041025161743164,
      17.804641723632812,
      22.51329803466797,
      19.234813690185547,
      25.34544563293457,
      49.022422790527344,
      56.439754486083984,
      43.60566711425781,
      53.274654388427734,
      38.12373352050781,
      40.5733757019043,
      27.52654266357422,
      29.015647888183594,
      20.13549041748047
    ],
    [
      22.628257751464844,
      34.17631912231445,
      19.69707679748535,
      11.891276359558105,
      18.06476402282715,
      14.447364807128906,
      19.543249130249023,
      15.33328628540039,
      23.596092224121094,
      47.08201217651367,
      56.364967346191406,
      42.25718307495117,
      54.192420959472656,
      37.68398666381836,
      44.509925842285156,
      29.015647888183594,
      33.94493865966797,
      22.61685562133789
    ],
    [
      12.729703903198242,
      19.85670280456543,
      11.366438865661621,
      7.285881519317627,
      10.487199783325195,
      9.600186347961426,
      12.533512115478516,
      10.580038070678711,
      13.497589111328125,
      27.63141632080078,
      31.963394165039062,
      24.196165084838867,
      31.45276641845703,
      22.28327178955078,
      27.26067352294922,
      20.13549041748047,
      22.61685562133789,
      17.100130081176758
    ]
  ],
  "damage": -19.550134658813477,
  "diff_bandwidth": 545.6669921875,
  "dissonance": 6.839016736841374,
  "drr": 1.2840520143508911,
  "dynamics": 3.6432435512542725,
  "format": 1245190,
  "frames": 477184,
  "loudness": -22.778484344482422,
  "loudness_range": 8.506795883178711,
  "loudness_range_short": 12.720335006713867,
  "lowpass_true_peak_15khz": -4.217101573944092,
  "mastering3_acoustic_entropies": [
    {
      "acoustic_entropy": 5.457655429840088,
      "acoustic_entropy_mono": 5.315526485443115,
      "band_eliminated_acoustic_entropies": [
        {
          "acoustic_entropy": 4.852291107177734,
          "acoustic_entropy_side": 5.45776891708374,
          "hz": 129.47220167065723
        },
        {
          "acoustic_entropy": 5.2144694328308105,
          "acoustic_entropy_side": 5.458951473236084,
          "hz": 202.92927478742237
        },
        {
          "acoustic_entropy": 5.116531848907471,
          "acoustic_entropy_side": 5.53206205368042,
          "hz": 282.89161906338205
        },
        {
          "acoustic_entropy": 5.3904500007629395,
          "acoustic_entropy_side": 5.334095001220703,
          "hz": 369.9353335868758
        },
        {
          "acoustic_entropy": 4.802204132080078,
          "acoustic_entropy_side": 5.145248889923096,
          "hz": 464.6875360973435
        },
        {
          "acoustic_entropy": 5.148995399475098,
          "acoustic_entropy_side": 5.0897321701049805,
          "hz": 567.8308811364784
        },
        {
          "acoustic_entropy": 5.461689472198486,
          "acoustic_entropy_side": 5.494257926940918,
          "hz": 680.1084783214808
        },
        {
          "acoustic_entropy": 5.48051118850708,
          "acoustic_entropy_side": 5.372521877288818,
          "hz": 802.3292461747484
        },
        {
          "acoustic_entropy": 5.350619792938232,
          "acoustic_entropy_side": 5.431407451629639,
          "hz": 935.3737400823702
        },
        {
          "acoustic_entropy": 5.363544464111328,
          "acoustic_entropy_side": 5.40693473815918,
          "hz": 1080.2004963696966
        },
        {
          "acoustic_entropy": 5.527854919433594,
          "acoustic_entropy_side": 5.539393424987793,
          "hz": 1237.8529382007157
        },
        {
          "acoustic_entropy": 5.255298137664795,
          "acoustic_entropy_side": 5.318542003631592,
          "hz": 1409.4668930556702
        },
        {
          "acoustic_entropy": 5.275224208831787,
          "acoustic_entropy_side": 5.40661096572876,
          "hz": 1596.2787759475705
        },
        {
          "acoustic_entropy": 5.398093223571777,
          "acoustic_entropy_side": 5.4504170417785645,
          "hz": 1799.6344973346393
        },
        {
          "acoustic_entropy": 5.418166160583496,
          "acoustic_entropy_side": 5.4703688621521,
          "hz": 2020.9991599069049
        },
        {
          "acoustic_entropy": 5.130622863769531,
          "acoustic_entropy_side": 5.272588729858398,
          "hz": 2261.9676141086993
        },
        {
          "acoustic_entropy": 5.444654941558838,
          "acoustic_entropy_side": 5.432657718658447,
          "hz": 2524.2759484456974
        },
        {
          "acoustic_entropy": 5.483068466186523,
          "acoustic_entropy_side": 5.441469192504883,
          "hz": 2809.813997359896
        },
        {
          "acoustic_entropy": 5.247316360473633,
          "acoustic_entropy_side": 5.357245922088623,
          "hz": 3120.6389567871424
        },
        {
          "acoustic_entropy": 5.133239269256592,
          "acoustic_entropy_side": 5.427863597869873,
          "hz": 3458.990205492291
        },
        {
          "acoustic_entropy": 5.427270412445068,
          "acoustic_entropy_side": 5.464069366455078,
          "hz": 3827.305438964164
        },
        {
          "acoustic_entropy": 5.4762678146362305,
          "acoustic_entropy_side": 5.471498966217041,
          "hz": 4228.238232109126
        },
        {
          "acoustic_entropy": 5.362425327301025,
          "acoustic_entropy_side": 5.465784549713135,
          "hz": 4664.6771572759235
        },
        {
          "acoustic_entropy": 5.486543655395508,
          "acoustic_entropy_side": 5.461593151092529,
          "hz": 5139.766595350093
        },
        {
          "acoustic_entropy": 5.44077730178833,
          "acoustic_entropy_side": 5.4616193771362305,
          "hz": 5656.929389854203
        },
        {
          "acoustic_entropy": 5.469403266906738,
          "acoustic_entropy_side": 5.463413238525391,
          "hz": 6219.891507268283
        },
        {
          "acoustic_entropy": 5.416220188140869,
          "acoustic_entropy_side": 5.459434509277344,
          "hz": 6832.70888123896
        },
        {
          "acoustic_entropy": 5.387328624725342,
          "acoustic_entropy_side": 5.457768440246582,
          "hz": 7499.796634079867
        },
        {
          "acoustic_entropy": 5.424127101898193,
          "acoustic_entropy_side": 5.458402156829834,
          "hz": 8225.96088609342
        },
        {
          "acoustic_entropy": 5.449953556060791,
          "acoustic_entropy_side": 5.458448886871338,
          "hz": 9016.43338188839
        },
        {
          "acoustic_entropy": 5.457729339599609,
          "acoustic_entropy_side": 5.458376884460449,
          "hz": 9876.909183162974
        },
        {
          "acoustic_entropy": 5.460494518280029,
          "acoustic_entropy_side": 5.458169937133789,
          "hz": 10813.587699516042
        },
        {
          "acoustic_entropy": 5.458337306976318,
          "acoustic_entropy_side": 5.457982063293457,
          "hz": 11833.21735289826
        },
        {
          "acoustic_entropy": 5.458922386169434,
          "acoustic_entropy_side": 5.457931995391846,
          "hz": 12943.144197493959
        },
        {
          "acoustic_entropy": 5.460274696350098,
          "acoustic_entropy_side": 5.45824670791626,
          "hz": 14151.364845322005
        },
        {
          "acoustic_entropy": 5.458163738250732,
          "acoustic_entropy_side": 5.457792282104492,
          "hz": 15466.58407886509
        },
        {
          "acoustic_entropy": 5.457254409790039,
          "acoustic_entropy_side": 5.457746505737305,
          "hz": 16898.27756580493
        },
        {
          "acoustic_entropy": 5.457554340362549,
          "acoustic_entropy_side": 5.4576873779296875,
          "hz": 18456.760127700032
        },
        {
          "acoustic_entropy": 5.45780086517334,
          "acoustic_entropy_side": 5.457705497741699,
          "hz": 20153.260054456492
        },
        {
          "acoustic_entropy": 5.457663536071777,
          "acoustic_entropy_side": 5.457657337188721,
          "hz": 22000.00000000001
        }
      ],
      "diff_acoustic_entropy": 4.667948246002197,
      "sn": 6
    },
    {
      "acoustic_entropy": 7.656360149383545,
      "acoustic_entropy_mono": 8.05591869354248,
      "band_eliminated_acoustic_entropies": [
        {
          "acoustic_entropy": 8.405658721923828,
          "acoustic_entropy_side": 7.656787872314453,
          "hz": 129.47220167065723
        },
        {
          "acoustic_entropy": 7.7497172355651855,
          "acoustic_entropy_side": 7.648282051086426,
          "hz": 202.92927478742237
        },
        {
          "acoustic_entropy": 7.738127708435059,
          "acoustic_entropy_side": 8.065675735473633,
          "hz": 282.89161906338205
        },
        {
          "acoustic_entropy": 8.553125381469727,
          "acoustic_entropy_side": 8.338294982910156,
          "hz": 369.9353335868758
        },
        {
          "acoustic_entropy": 7.6236443519592285,
          "acoustic_entropy_side": 8.44317626953125,
          "hz": 464.6875360973435
        },
        {
          "acoustic_entropy": 7.973299503326416,
          "acoustic_entropy_side": 8.172051429748535,
          "hz": 567.8308811364784
        },
        {
          "acoustic_entropy": 8.379837036132812,
          "acoustic_entropy_side": 8.595559120178223,
          "hz": 680.1084783214808
        },
        {
          "acoustic_entropy": 8.496421813964844,
          "acoustic_entropy_side": 8.02807903289795,
          "hz": 802.3292461747484
        },
        {
          "acoustic_entropy": 7.578286647796631,
          "acoustic_entropy_side": 7.611141204833984,
          "hz": 935.3737400823702
        },
        {
          "acoustic_entropy": 7.833996772766113,
          "acoustic_entropy_side": 7.637823104858398,
          "hz": 1080.2004963696966
        },
        {
          "acoustic_entropy": 7.9495625495910645,
          "acoustic_entropy_side": 7.878091335296631,
          "hz": 1237.8529382007157
        },
        {
          "acoustic_entropy": 7.735613822937012,
          "acoustic_entropy_side": 7.722610950469971,
          "hz": 1409.4668930556702
        },
        {
          "acoustic_entropy": 7.663337230682373,
          "acoustic_entropy_side": 7.617659568786621,
          "hz": 1596.2787759475705
        },
        {
          "acoustic_entropy": 7.643732070922852,
          "acoustic_entropy_side": 7.672392845153809,
          "hz": 1799.6344973346393
        },
        {
          "acoustic_entropy": 7.592573642730713,
          "acoustic_entropy_side": 7.634517669677734,
          "hz": 2020.9991599069049
        },
        {
          "acoustic_entropy": 7.672734260559082,
          "acoustic_entropy_side": 7.727685928344727,
          "hz": 2261.9676141086993
        },
        {
          "acoustic_entropy": 7.595505714416504,
          "acoustic_entropy_side": 7.637272357940674,
          "hz": 2524.2759484456974
        },
        {
          "acoustic_entropy": 7.79810905456543,
          "acoustic_entropy_side": 7.615095138549805,
          "hz": 2809.813997359896
        },
        {
          "acoustic_entropy": 7.891037464141846,
          "acoustic_entropy_side": 7.612861156463623,
          "hz": 3120.6389567871424
        },
        {
          "acoustic_entropy": 7.652482509613037,
          "acoustic_entropy_side": 7.627985954284668,
          "hz": 3458.990205492291
        },
        {
          "acoustic_entropy": 7.730423450469971,
          "acoustic_entropy_side": 7.655730724334717,
          "hz": 3827.305438964164
        },
        {
          "acoustic_entropy": 7.612795829772949,
          "acoustic_entropy_side": 7.6856489181518555,
          "hz": 4228.238232109126
        },
        {
          "acoustic_entropy": 7.788511753082275,
          "acoustic_entropy_side": 7.728789329528809,
          "hz": 4664.6771572759235
        },
        {
          "acoustic_entropy": 7.533528804779053,
          "acoustic_entropy_side": 7.657719135284424,
          "hz": 5139.766595350093
        },
        {
          "acoustic_entropy": 7.62953519821167,
          "acoustic_entropy_side": 7.65609073638916,
          "hz": 5656.929389854203
        },
        {
          "acoustic_entropy": 7.638257026672363,
          "acoustic_entropy_side": 7.643863677978516,
          "hz": 6219.891507268283
        },
        {
          "acoustic_entropy": 7.660215377807617,
          "acoustic_entropy_side": 7.648284435272217,
          "hz": 6832.70888123896
        },
        {
          "acoustic_entropy": 7.658646583557129,
          "acoustic_entropy_side": 7.65431022644043,
          "hz": 7499.796634079867
        },
        {
          "acoustic_entropy": 7.689604759216309,
          "acoustic_entropy_side": 7.656705379486084,
          "hz": 8225.96088609342
        },
        {
          "acoustic_entropy": 7.656640529632568,
          "acoustic_entropy_side": 7.65786075592041,
          "hz": 9016.43338188839
        },
        {
          "acoustic_entropy": 7.635532379150391,
          "acoustic_entropy_side": 7.6590046882629395,
          "hz": 9876.909183162974
        },
        {
          "acoustic_entropy": 7.607717037200928,
          "acoustic_entropy_side": 7.65936803817749,
          "hz": 10813.587699516042
        },
        {
          "acoustic_entropy": 7.614097595214844,
          "acoustic_entropy_side": 7.6592302322387695,
          "hz": 11833.21735289826
        },
        {
          "acoustic_entropy": 7.628727912902832,
          "acoustic_entropy_side": 7.658714771270752,
          "hz": 12943.144197493959
        },
        {
          "acoustic_entropy": 7.662327766418457,
          "acoustic_entropy_side": 7.662273406982422,
          "hz": 14151.364845322005
        },
        {
          "acoustic_entropy": 7.671529293060303,
          "acoustic_entropy_side": 7.6595282554626465,
          "hz": 15466.58407886509
        },
        {
          "acoustic_entropy": 7.674145221710205,
          "acoustic_entropy_side": 7.658825874328613,
          "hz": 16898.27756580493
        },
        {
          "acoustic_entropy": 7.661593437194824,
          "acoustic_entropy_side": 7.658021450042725,
          "hz": 18456.760127700032
        },
        {
          "acoustic_entropy": 7.660069942474365,
          "acoustic_entropy_side": 7.657866954803467,
          "hz": 20153.260054456492
        },
        {
          "acoustic_entropy": 7.656695365905762,
          "acoustic_entropy_side": 7.656511306762695,
          "hz": 22000.00000000001
        }
      ],
      "diff_acoustic_entropy": 7.364194393157959,
      "sn": 12
    },
    {
      "acoustic_entropy": 12.08360481262207,
      "acoustic_entropy_mono": 12.00942611694336,
      "band_eliminated_acoustic_entropies": [
        {
          "acoustic_entropy": 11.992924690246582,
          "acoustic_entropy_side": 12.160908699035645,
          "hz": 129.47220167065723
        },
        {
          "acoustic_entropy": 12.31470775604248,
          "acoustic_entropy_side": 12.116345405578613,
          "hz": 202.92927478742237
        },
        {
          "acoustic_entropy": 12.295523643493652,
          "acoustic_entropy_side": 12.136335372924805,
          "hz": 282.89161906338205
        },
        {
          "acoustic_entropy": 13.069923400878906,
          "acoustic_entropy_side": 12.438817977905273,
          "hz": 369.9353335868758
        },
        {
          "acoustic_entropy": 11.507725715637207,
          "acoustic_entropy_side": 12.361245155334473,
          "hz": 464.6875360973435
        },
        {
          "acoustic_entropy": 13.009037971496582,
          "acoustic_entropy_side": 12.402338027954102,
          "hz": 567.8308811364784
        },
        {
          "acoustic_entropy": 12.359342575073242,
          "acoustic_entropy_side": 12.001350402832031,
          "hz": 680.1084783214808
        },
        {
          "acoustic_entropy": 12.720086097717285,
          "acoustic_entropy_side": 12.41435718536377,
          "hz": 802.3292461747484
        },
        {
          "acoustic_entropy": 12.337540626525879,
          "acoustic_entropy_side": 12.12480640411377,
          "hz": 935.3737400823702
        },
        {
          "acoustic_entropy": 11.930583000183105,
          "acoustic_entropy_side": 12.004986763000488,
          "hz": 1080.2004963696966
        },
        {
          "acoustic_entropy": 12.031550407409668,
          "acoustic_entropy_side": 12.123437881469727,
          "hz": 1237.8529382007157
        },
        {
          "acoustic_entropy": 12.00103759765625,
          "acoustic_entropy_side": 12.023139953613281,
          "hz": 1409.4668930556702
        },
        {
          "acoustic_entropy": 12.209881782531738,
          "acoustic_entropy_side": 12.04552936553955,
          "hz": 1596.2787759475705
        },
        {
          "acoustic_entropy": 12.107897758483887,
          "acoustic_entropy_side": 12.029609680175781,
          "hz": 1799.6344973346393
        },
        {
          "acoustic_entropy": 12.085637092590332,
          "acoustic_entropy_side": 12.054332733154297,
          "hz": 2020.9991599069049
        },
        {
          "acoustic_entropy": 12.101908683776855,
          "acoustic_entropy_side": 12.093524932861328,
          "hz": 2261.9676141086993
        },
        {
          "acoustic_entropy": 12.018712997436523,
          "acoustic_entropy_side": 12.049514770507812,
          "hz": 2524.2759484456974
        },
        {
          "acoustic_entropy": 11.979730606079102,
          "acoustic_entropy_side": 12.092390060424805,
          "hz": 2809.813997359896
        },
        {
          "acoustic_entropy": 12.194153785705566,
          "acoustic_entropy_side": 12.171860694885254,
          "hz": 3120.6389567871424
        },
        {
          "acoustic_entropy": 12.131559371948242,
          "acoustic_entropy_side": 12.07181167602539,
