{
  "acoustic_entropy": 173.74642944335938,
  "bands": [
    {
      "high_freq": 148.1999969482422,
      "loudness": -53.1658935546875,
      "loudness_range": 31.272621154785156,
      "mid_mean": -55.490631103515625,
      "mid_to_side_loudness": -4.3110833168029785,
      "mid_to_side_loudness_range": 10.535853385925293,
      "side_mean": -58.71791076660156
    },
    {
      "high_freq": 392.3793640136719,
      "loudness": -43.836917877197266,
      "loudness_range": 28.459226608276367,
      "low_freq": 148.1999969482422,
      "mid_mean": -42.34122085571289,
      "mid_to_side_loudness": -2.305885076522827,
      "mid_to_side_loudness_range": 6.2646074295043945,
      "side_mean": -44.55726623535156
    },
    {
      "high_freq": 794.6976318359375,
      "loudness": -40.44662857055664,
      "loudness_range": 25.72587776184082,
      "low_freq": 392.3793640136719,
      "mid_mean": -39.108619689941406,
      "mid_to_side_loudness": -1.7967973947525024,
      "mid_to_side_loudness_range": 6.474519729614258,
      "side_mean": -40.953697204589844
    },
    {
      "high_freq": 1457.5709228515625,
      "loudness": -40.78899002075195,
      "loudness_range": 26.42827606201172,
      "low_freq": 794.6976318359375,
      "mid_mean": -39.88131332397461,
      "mid_to_side_loudness": -1.6868479251861572,
      "mid_to_side_loudness_range": 6.502628803253174,
      "side_mean": -41.283992767333984
    },
    {
      "high_freq": 2549.74365234375,
      "loudness": -40.84601593017578,
      "loudness_range": 27.53974723815918,
      "low_freq": 1457.5709228515625,
      "mid_mean": -40.49446487426758,
      "mid_to_side_loudness": -1.4535458087921143,
      "mid_to_side_loudness_range": 6.7024922370910645,
      "side_mean": -41.49989700317383
    },
    {
      "high_freq": 4349.24462890625,
      "loudness": -47.61366271972656,
      "loudness_range": 33.73950958251953,
      "low_freq": 2549.74365234375,
      "mid_mean": -52.66083526611328,
      "mid_to_side_loudness": -1.5697321891784668,
      "mid_to_side_loudness_range": 6.025865077972412,
      "side_mean": -53.776878356933594
    },
    {
      "high_freq": 7314.1640625,
      "loudness": -46.62351608276367,
      "loudness_range": 24.79281234741211,
      "low_freq": 4349.24462890625,
      "mid_mean": -58.125091552734375,
      "mid_to_side_loudness": -1.6616102457046509,
      "mid_to_side_loudness_range": 4.922011375427246,
      "side_mean": -59.30364227294922
    },
    {
      "high_freq": 12199.2666015625,
      "loudness": -49.65804672241211,
      "loudness_range": 23.161399841308594,
      "low_freq": 7314.1640625,
      "mid_mean": -60.72981643676758,
      "mid_to_side_loudness": -0.7557129263877869,
      "mid_to_side_loudness_range": 2.1741743087768555,
      "side_mean": -61.260772705078125
    },
    {
      "loudness": -57.76791000366211,
      "loudness_range": 24.486679077148438,
      "low_freq": 12199.2666015625,
      "mid_mean": -65.23580932617188,
      "mid_to_side_loudness": 1.6514185667037964,
      "mid_to_side_loudness_range": 3.5184497833251953,
      "side_mean": -64.24226379394531
    }
  ],
  "bands_short": [
    {
      "high_freq": 148.1999969482422,
      "loudness": -57.97709655761719,
      "loudness_range": 28.384056091308594,
      "mid_mean": -60.89288330078125,
      "mid_to_side_loudness": -3.304938793182373,
      "mid_to_side_loudness_range": 17.464256286621094,
      "side_mean": -62.861331939697266
    },
    {
      "high_freq": 392.3793640136719,
      "loudness": -44.66464614868164,
      "loudness_range": 31.287979125976562,
      "low_freq": 148.1999969482422,
      "mid_mean": -43.49225616455078,
      "mid_to_side_loudness": -2.1545426845550537,
      "mid_to_side_loudness_range": 10.41356086730957,
      "side_mean": -45.617149353027344
    },
    {
      "high_freq": 794.6976318359375,
      "loudness": -41.19587707519531,
      "loudness_range": 26.994159698486328,
      "low_freq": 392.3793640136719,
      "mid_mean": -40.1601676940918,
      "mid_to_side_loudness": -1.6516777276992798,
      "mid_to_side_loudness_range": 10.327346801757812,
      "side_mean": -41.863807678222656
    },
    {
      "high_freq": 1457.5709228515625,
      "loudness": -41.2941780090332,
      "loudness_range": 28.485586166381836,
      "low_freq": 794.6976318359375,
      "mid_mean": -40.63341522216797,
      "mid_to_side_loudness": -1.511592149734497,
      "mid_to_side_loudness_range": 10.072259902954102,
      "side_mean": -42.030391693115234
    },
    {
      "high_freq": 2549.74365234375,
      "loudness": -41.512001037597656,
      "loudness_range": 29.547924041748047,
      "low_freq": 1457.5709228515625,
      "mid_mean": -41.6134147644043,
      "mid_to_side_loudness": -1.3465412855148315,
      "mid_to_side_loudness_range": 10.202701568603516,
      "side_mean": -42.56779479980469
    },
    {
      "high_freq": 4349.24462890625,
      "loudness": -47.74584197998047,
      "loudness_range": 34.42334747314453,
      "low_freq": 2549.74365234375,
      "mid_mean": -53.38682556152344,
      "mid_to_side_loudness": -1.5222479104995728,
      "mid_to_side_loudness_range": 8.590322494506836,
      "side_mean": -54.48674774169922
    },
    {
      "high_freq": 7314.1640625,
      "loudness": -47.49299621582031,
      "loudness_range": 26.348358154296875,
      "low_freq": 4349.24462890625,
      "mid_mean": -58.6855354309082,
      "mid_to_side_loudness": -1.511859655380249,
      "mid_to_side_loudness_range": 6.103034019470215,
      "side_mean": -59.75146484375
    },
    {
      "high_freq": 12199.2666015625,
      "loudness": -50.94883728027344,
      "loudness_range": 26.12604522705078,
      "low_freq": 7314.1640625,
      "mid_mean": -61.40168762207031,
      "mid_to_side_loudness": -0.6698664426803589,
      "mid_to_side_loudness_range": 2.965282440185547,
      "side_mean": -61.868289947509766
    },
    {
      "loudness": -59.57854080200195,
      "loudness_range": 27.627727508544922,
      "low_freq": 12199.2666015625,
      "mid_mean": -66.04939270019531,
      "mid_to_side_loudness": 1.4105643033981323,
      "mid_to_side_loudness_range": 4.173215389251709,
      "side_mean": -65.27872467041016
    }
  ],
  "bandwidth": 848.7954711914062,
  "channels": 2,
  "covariance": [
    [
      152.72601318359375,
      127.00215911865234,
      115.20175170898438,
      111.14444732666016,
      96.87903594970703,
      91.00264739990234,
      98.8399429321289,
      94.69186401367188,
      108.55734252929688,
      101.48092651367188,
      151.6969757080078,
      142.51791381835938,
      146.38291931152344,
      132.96336364746094,
      125.44759368896484,
      119.04537963867188,
      71.2688217163086,
      84.45745086669922
    ],
    [
      127.00215911865234,
      112.86671447753906,
      99.3462905883789,
      96.53557586669922,
      82.57262420654297,
      77.77776336669922,
      85.06962585449219,
      82.27140045166016,
      94.17732238769531,
      88.31077575683594,
      129.9986114501953,
      122.5071029663086,
      125.64490509033203,
      114.34429931640625,
      107.27449798583984,
      101.87980651855469,
      60.684776306152344,
      71.74977111816406
    ],
    [
      115.20175170898438,
      99.3462905883789,
      109.13677978515625,
      102.60049438476562,
      88.5302963256836,
      83.60380554199219,
      88.84101104736328,
      83.97578430175781,
      94.66921997070312,
      88.09741973876953,
      134.16844177246094,
      125.83108520507812,
      130.9584503173828,
      119.046875,
      112.46097564697266,
      106.67072296142578,
      64.25799560546875,
      76.07526397705078
    ],
    [
      111.14444732666016,
      96.53557586669922,
      102.60049438476562,
      101.87384796142578,
      84.97691345214844,
      80.39955139160156,
      85.18566131591797,
      81.13153076171875,
      90.55154418945312,
      84.92973327636719,
      128.7284393310547,
      120.74458312988281,
      126.0993881225586,
      114.7376480102539,
      108.30778503417969,
      102.79674530029297,
      61.58757019042969,
      72.88048553466797
    ],
    [
      96.87903594970703,
      82.57262420654297,
      88.5302963256836,
      84.97691345214844,
      87.33610534667969,
      81.28495788574219,
      84.28005981445312,
      80.70365142822266,
      85.8716812133789,
      81.6189956665039,
      123.2044448852539,
      116.03677368164062,
      113.7572250366211,
      103.60002136230469,
      95.70384216308594,
      90.78263092041016,
      54.18415451049805,
      64.27536010742188
    ],
    [
      91.00264739990234,
      77.77776336669922,
      83.60380554199219,
      80.39955139160156,
      81.28495788574219,
      81.5904312133789,
      80.7556381225586,
      78.51933288574219,
      81.58877563476562,
      77.98097229003906,
      119.44430541992188,
      112.85347747802734,
      108.57205200195312,
      99.07421875,
      90.65563201904297,
      86.05757141113281,
      51.004512786865234,
      60.47000503540039
    ],
    [
      98.8399429321289,
      85.06962585449219,
      88.84101104736328,
      85.18566131591797,
      84.28005981445312,
      80.7556381225586,
      100.21636962890625,
      93.36763763427734,
      92.49786376953125,
      88.77298736572266,
      132.8108673095703,
      126.31830596923828,
      119.59414672851562,
      109.43500518798828,
      99.66340637207031,
      94.6523666381836,
      56.34623336791992,
      66.80935668945312
    ],
    [
      94.69186401367188,
      82.27140045166016,
      83.97578430175781,
      81.13153076171875,
      80.70365142822266,
      78.51933288574219,
      93.36763763427734,
      97.35710144042969,
      90.06015014648438,
      87.16962432861328,
      129.61376953125,
      123.63424682617188,
      115.3402328491211,
      105.81951904296875,
      95.33059692382812,
      90.6097183227539,
      53.48383331298828,
      63.365108489990234
    ],
    [
      108.55734252929688,
      94.17732238769531,
      94.66921997070312,
      90.55154418945312,
      85.8716812133789,
      81.58877563476562,
      92.49786376953125,
      90.06015014648438,
      117.1351547241211,
      107.14669036865234,
      143.14761352539062,
      137.27288818359375,
      131.9188690185547,
      121.19476318359375,
      110.1048583984375,
      104.6850357055664,
      62.77187728881836,
      74.22660064697266
    ],
    [
      101.48092651367188,
      88.31077575683594,
      88.09741973876953,
      84.92973327636719,
      81.6189956665039,
      77.98097229003906,
      88.77298736572266,
      87.16962432861328,
      107.14669036865234,
      108.80867004394531,
      135.66738891601562,
      130.55758666992188,
      123.91715240478516,
      114.07512664794922,
      102.5419921875,
      97.56594848632812,
      57.903385162353516,
      68.40457916259766
    ],
    [
      151.6969757080078,
      129.9986114501953,
      134.16844177246094,
      128.7284393310547,
      123.2044448852539,
      119.44430541992188,
      132.8108673095703,
      129.61376953125,
      143.14761352539062,
      135.66738891601562,
      212.9250030517578,
      201.37586975097656,
      189.9727020263672,
      173.49513244628906,
      157.42396545410156,
      149.39950561523438,
      87.53425598144531,
      104.04669189453125
    ],
    [
      142.51791381835938,
      122.5071029663086,
      125.83108520507812,
      120.74458312988281,
      116.03677368164062,
      112.85347747802734,
      126.31830596923828,
      123.63424682617188,
      137.27288818359375,
      130.55758666992188,
      201.37586975097656,
      193.21859741210938,
      178.48106384277344,
      163.83554077148438,
      147.12733459472656,
      139.88198852539062,
      81.48605346679688,
      96.64525604248047
    ],
    [
      146.38291931152344,
      125.64490509033203,
      130.9584503173828,
      126.0993881225586,
      113.7572250366211,
      108.57205200195312,
      119.59414672851562,
      115.3402328491211,
      131.9188690185547,
      123.91715240478516,
      189.9727020263672,
      178.48106384277344,
      184.1121826171875,
      167.53756713867188,
      157.0027313232422,
      148.99273681640625,
      88.97491455078125,
      105.53926849365234
    ],
    [
      132.96336364746094,
      114.34429931640625,
      119.046875,
      114.7376480102539,
      103.60002136230469,
      99.07421875,
      109.43500518798828,
      105.81951904296875,
      121.19476318359375,
      114.07512664794922,
      173.49513244628906,
      163.83554077148438,
      167.53756713867188,
      153.56985473632812,
      142.73617553710938,
      135.79090881347656,
      80.62622833251953,
      95.31549835205078
    ],
    [
      125.44759368896484,
      107.27449798583984,
      112.46097564697266,
      108.30778503417969,
      95.70384216308594,
      90.65563201904297,
      99.66340637207031,
      95.33059692382812,
      110.1048583984375,
      102.5419921875,
      157.42396545410156,
      147.12733459472656,
      157.0027313232422,
      142.73617553710938,
      138.89306640625,
      131.9684295654297,
      81.47799682617188,
      96.1386489868164
    ],
    [
      119.04537963867188,
      101.87980651855469,
      106.67072296142578,
      102.79674530029297,
      90.78263092041016,
      86.05757141113281,
      94.6523666381836,
      90.6097183227539,
      104.6850357055664,
      97.56594848632812,
      149.39950561523438,
      139.88198852539062,
      148.99273681640625,
      135.79090881347656,
      131.9684295654297,
      125.61536407470703,
      77.53419494628906,
      91.27660369873047
    ],
    [
      71.2688217163086,
      60.684776306152344,
      64.25799560546875,
      61.58757019042969,
      54.18415451049805,
      51.004512786865234,
      56.34623336791992,
      53.48383331298828,
      62.77187728881836,
      57.903385162353516,
      87.53425598144531,
      81.48605346679688,
      88.97491455078125,
      80.62622833251953,
      81.47799682617188,
      77.53419494628906,
      52.906829833984375,
      61.66462326049805
    ],
    [
      84.45745086669922,
      71.74977111816406,
      76.07526397705078,
      72.88048553466797,
      64.27536010742188,
      60.47000503540039,
      66.80935668945312,
      63.365108489990234,
      74.22660064697266,
      68.40457916259766,
      104.04669189453125,
      96.64525604248047,
      105.53926849365234,
      95.31549835205078,
      96.1386489868164,
      91.27660369873047,
      61.66462326049805,
      72.3550033569336
    ]
  ],
  "covariance_short": [
    [
      97.5411148071289,
      72.80216217041016,
      95.51236724853516,
      90.36627197265625,
      77.0498046875,
      72.65558624267578,
      77.73609161376953,
      75.45407104492188,
      84.0899429321289,
      79.28807067871094,
      114.52989196777344,
      107.67871856689453,
      107.90101623535156,
      98.65350341796875,
      90.66056060791016,
      86.28553009033203,
      46.953548431396484,
      54.89305877685547
    ],
    [
      72.80216217041016,
      68.20372772216797,
      76.78258514404297,
      74.444091796875,
      61.083316802978516,
      58.09087371826172,
      62.62262725830078,
      61.19148254394531,
      68.84611511230469,
      65.14935302734375,
      92.57677459716797,
      87.4746322631836,
      87.60122680664062,
      80.28670501708984,
      73.28055572509766,
      69.80583190917969,
      37.96451950073242,
      44.233036041259766
    ],
    [
      95.51236724853516,
      76.78258514404297,
      127.40225219726562,
      114.92906951904297,
      97.7892074584961,
      91.52587127685547,
      95.55913543701172,
      91.26795959472656,
      102.58228302001953,
      96.04295349121094,
      139.5848388671875,
      130.9554901123047,
      133.5053253173828,
      121.90807342529297,
      112.33695983886719,
      106.80866241455078,
      58.50618362426758,
      68.49125671386719
    ],
    [
      90.36627197265625,
      74.444091796875,
      114.92906951904297,
      117.21878814697266,
      92.27569580078125,
      87.21159362792969,
      90.65821075439453,
      87.41506958007812,
      97.3034896850586,
      92.00700378417969,
      132.92503356933594,
      125.03406524658203,
      127.5022964477539,
      116.70777893066406,
      107.0377426147461,
      101.87028503417969,
      54.9276237487793,
      64.24504852294922
    ],
    [
      77.0498046875,
      61.083316802978516,
      97.7892074584961,
      92.27569580078125,
      98.18958282470703,
      86.8932113647461,
      90.17048645019531,
      86.91796112060547,
      92.26114654541016,
      87.55367279052734,
      125.49308776855469,
      118.40880584716797,
      113.53657531738281,
      103.95386505126953,
      93.6679458618164,
      89.08405303955078,
      48.95146560668945,
      57.27138137817383
    ],
    [
      72.65558624267578,
      58.09087371826172,
      91.52587127685547,
      87.21159362792969,
      86.8932113647461,
      90.29390716552734,
      85.84061431884766,
      84.35743713378906,
      87.13992309570312,
      83.52397918701172,
      121.25482177734375,
      114.77740478515625,
      108.16036224365234,
      99.28915405273438,
      88.46968078613281,
      84.22349548339844,
      45.53374099731445,
      53.22403335571289
    ],
    [
      77.73609161376953,
      62.62262725830078,
      95.55913543701172,
      90.65821075439453,
      90.17048645019531,
      85.84061431884766,
      110.24252319335938,
      99.71553039550781,
      100.30375671386719,
      96.24867248535156,
      135.74009704589844,
      129.14352416992188,
      119.30541229248047,
      109.68354034423828,
      97.37638854980469,
      92.7054672241211,
      50.7177619934082,
      59.3508415222168
    ],
    [
      75.45407104492188,
      61.19148254394531,
      91.26795959472656,
      87.41506958007812,
      86.91796112060547,
      84.35743713378906,
      99.71553039550781,
      108.35458374023438,
      97.31181335449219,
      94.41238403320312,
      133.81622314453125,
      127.83464813232422,
      115.91436767578125,
      106.93102264404297,
      93.59937286376953,
      89.21826171875,
      47.86381530761719,
      55.94193649291992
    ],
    [
      84.0899429321289,
      68.84611511230469,
      102.58228302001953,
      97.3034896850586,
      92.26114654541016,
      87.13992309570312,
      100.30375671386719,
      97.31181335449219,
      130.0801239013672,
      115.73506927490234,
      148.08346557617188,
      142.11912536621094,
      132.85641479492188,
      122.73985290527344,
      108.44258117675781,
      103.37220001220703,
      56.94424819946289,
      66.39157104492188
    ],
    [
      79.28807067871094,
      65.14935302734375,
      96.04295349121094,
      92.00700378417969,
      87.55367279052734,
      83.52397918701172,
      96.24867248535156,
      94.41238403320312,
      115.73506927490234,
      122.11289978027344,
      141.09861755371094,
      136.11245727539062,
      125.21379089355469,
      116.09736633300781,
      101.17893981933594,
      96.565185546875,
      52.13798522949219,
      60.70549774169922
    ],
    [
      114.52989196777344,
      92.57677459716797,
      139.5848388671875,
      132.92503356933594,
      125.49308776855469,
      121.25482177734375,
      135.74009704589844,
      133.81622314453125,
      148.08346557617188,
      141.09861755371094,
      211.00189208984375,
      198.2334442138672,
      184.17623901367188,
      168.9451141357422,
      149.43919372558594,
      142.1866912841797,
      76.12873840332031,
      89.2993392944336
    ],
    [
      107.67871856689453,
      87.4746322631836,
      130.9554901123047,
      125.03406524658203,
      118.40880584716797,
      114.77740478515625,
      129.14352416992188,
      127.83464813232422,
      142.11912536621094,
      136.11245727539062,
      198.2334442138672,
      191.57144165039062,
      172.85626220703125,
      159.60958862304688,
      139.37379455566406,
      132.92379760742188,
      70.28768920898438,
      82.20381927490234
    ],
    [
      107.90101623535156,
      87.60122680664062,
      133.5053253173828,
      127.5022964477539,
      113.53657531738281,
      108.16036224365234,
      119.30541229248047,
      115.91436767578125,
      132.85641479492188,
      125.21379089355469,
      184.17623901367188,
      172.85626220703125,
      176.6815643310547,
      161.0786895751953,
      148.0463104248047,
      140.765625,
      77.37462615966797,
      90.67850494384766
    ],
    [
      98.65350341796875,
      80.28670501708984,
      121.90807342529297,
      116.70777893066406,
      103.95386505126953,
      99.28915405273438,
      109.68354034423828,
      106.93102264404297,
      122.73985290527344,
      116.09736633300781,
      168.9451141357422,
      159.60958862304688,
      161.0786895751953,
      148.6683349609375,
      134.88040161132812,
      128.65628051757812,
      69.8565902709961,
      81.49430847167969
    ],
    [
      90.66056060791016,
      73.28055572509766,
      112.33695983886719,
      107.0377426147461,
      93.6679458618164,
      88.46968078613281,
      97.37638854980469,
      93.59937286376953,
      108.44258117675781,
      101.17893981933594,
      149.43919372558594,
      139.37379455566406,
      148.0463104248047,
      134.88040161132812,
      130.51947021484375,
      124.10737609863281,
      71.44744110107422,
      83.31694030761719
    ],
    [
      86.28553009033203,
      69.80583190917969,
      106.80866241455078,
      101.87028503417969,
      89.08405303955078,
      84.22349548339844,
      92.7054672241211,
      89.21826171875,
      103.37220001220703,
      96.565185546875,
      142.1866912841797,
      132.92379760742188,
      140.765625,
      128.65628051757812,
      124.10737609863281,
      118.44576263427734,
      67.93635559082031,
      79.00313568115234
    ],
    [
      46.953548431396484,
      37.96451950073242,
      58.50618362426758,
      54.9276237487793,
      48.95146560668945,
      45.53374099731445,
      50.7177619934082,
      47.86381530761719,
      56.94424819946289,
      52.13798522949219,
      76.12873840332031,
      70.28768920898438,
      77.37462615966797,
      69.8565902709961,
      71.44744110107422,
      67.93635559082031,
      45.840702056884766,
      52.826534271240234
    ],
    [
      54.89305877685547,
      44.233036041259766,
      68.49125671386719,
      64.24504852294922,
      57.27138137817383,
      53.22403335571289,
      59.3508415222168,
      55.94193649291992,
      66.39157104492188,
      60.70549774169922,
      89.2993392944336,
      82.20381927490234,
      90.67850494384766,
      81.49430847167969,
      83.31694030761719,
      79.00313568115234,
      52.826534271240234,
      61.442874908447266
    ]
  ],
  "damage": -21.207481384277344,
  "diff_bandwidth": 880.1299438476562,
  "dissonance": 8.967667521387119,
  "drr": 14.289883613586426,
  "dynamics": 8.424112319946289,
  "format": 1245190,
  "frames": 27620288,
  "loudness": -29.798757553100586,
  "loudness_range": 26.110721588134766,
  "loudness_range_short": 28.009918212890625,
  "lowpass_true_peak_15khz": -2.030503034591675,
  "mastering3_acoustic_entropies": [
    {
      "acoustic_entropy": 3.0583038330078125,
      "acoustic_entropy_mono": 2.9410033226013184,
      "band_eliminated_acoustic_entropies": [
        {
          "acoustic_entropy": 3.0580694675445557,
          "acoustic_entropy_side": 3.058232545852661,
          "hz": 129.47220167065723
        },
        {
          "acoustic_entropy": 3.0203986167907715,
          "acoustic_entropy_side": 3.024428129196167,
          "hz": 202.92927478742237
        },
        {
          "acoustic_entropy": 2.983858108520508,
          "acoustic_entropy_side": 2.9946846961975098,
          "hz": 282.89161906338205
        },
        {
          "acoustic_entropy": 3.0855889320373535,
          "acoustic_entropy_side": 3.06289005279541,
          "hz": 369.9353335868758
        },
        {
          "acoustic_entropy": 3.031745672225952,
          "acoustic_entropy_side": 3.050813913345337,
          "hz": 464.6875360973435
        },
        {
          "acoustic_entropy": 3.200118064880371,
          "acoustic_entropy_side": 3.1356449127197266,
          "hz": 567.8308811364784
        },
        {
          "acoustic_entropy": 3.051128625869751,
          "acoustic_entropy_side": 3.0991921424865723,
          "hz": 680.1084783214808
        },
        {
          "acoustic_entropy": 3.1647419929504395,
          "acoustic_entropy_side": 3.0276381969451904,
          "hz": 802.3292461747484
        },
        {
          "acoustic_entropy": 3.071319103240967,
          "acoustic_entropy_side": 3.1515614986419678,
          "hz": 935.3737400823702
        },
        {
          "acoustic_entropy": 3.4309675693511963,
          "acoustic_entropy_side": 3.229034662246704,
          "hz": 1080.2004963696966
        },
        {
          "acoustic_entropy": 3.146169662475586,
          "acoustic_entropy_side": 3.055687665939331,
          "hz": 1237.8529382007157
        },
        {
          "acoustic_entropy": 3.198272466659546,
          "acoustic_entropy_side": 3.164947748184204,
          "hz": 1409.4668930556702
        },
        {
          "acoustic_entropy": 3.212282419204712,
          "acoustic_entropy_side": 3.170623302459717,
          "hz": 1596.2787759475705
        },
        {
          "acoustic_entropy": 3.288935422897339,
          "acoustic_entropy_side": 3.2377047538757324,
          "hz": 1799.6344973346393
        },
        {
          "acoustic_entropy": 3.0553581714630127,
          "acoustic_entropy_side": 3.1420392990112305,
          "hz": 2020.9991599069049
        },
        {
          "acoustic_entropy": 3.1609625816345215,
          "acoustic_entropy_side": 3.183025598526001,
          "hz": 2261.9676141086993
        },
        {
          "acoustic_entropy": 3.067986011505127,
          "acoustic_entropy_side": 2.994934320449829,
          "hz": 2524.2759484456974
        },
        {
          "acoustic_entropy": 3.1254115104675293,
          "acoustic_entropy_side": 3.123168706893921,
          "hz": 2809.813997359896
        },
        {
          "acoustic_entropy": 3.0881969928741455,
          "acoustic_entropy_side": 3.0809953212738037,
          "hz": 3120.6389567871424
        },
        {
          "acoustic_entropy": 3.0326318740844727,
          "acoustic_entropy_side": 3.0362765789031982,
          "hz": 3458.990205492291
        },
        {
          "acoustic_entropy": 3.071791887283325,
          "acoustic_entropy_side": 3.062328577041626,
          "hz": 3827.305438964164
        },
        {
          "acoustic_entropy": 3.059481382369995,
          "acoustic_entropy_side": 3.0622568130493164,
          "hz": 4228.238232109126
        },
        {
          "acoustic_entropy": 3.0562844276428223,
          "acoustic_entropy_side": 3.055452823638916,
          "hz": 4664.6771572759235
        },
        {
          "acoustic_entropy": 3.0652236938476562,
          "acoustic_entropy_side": 3.061183214187622,
          "hz": 5139.766595350093
        },
        {
          "acoustic_entropy": 3.059419631958008,
          "acoustic_entropy_side": 3.05768084526062,
          "hz": 5656.929389854203
        },
        {
          "acoustic_entropy": 3.063847064971924,
          "acoustic_entropy_side": 3.059328317642212,
          "hz": 6219.891507268283
        },
        {
          "acoustic_entropy": 3.063981294631958,
          "acoustic_entropy_side": 3.0578207969665527,
          "hz": 6832.70888123896
        },
        {
          "acoustic_entropy": 3.0600204467773438,
          "acoustic_entropy_side": 3.0569026470184326,
          "hz": 7499.796634079867
        },
        {
          "acoustic_entropy": 3.0609683990478516,
          "acoustic_entropy_side": 3.056753635406494,
          "hz": 8225.96088609342
        },
        {
          "acoustic_entropy": 3.059959888458252,
          "acoustic_entropy_side": 3.056804895401001,
          "hz": 9016.43338188839
        },
        {
          "acoustic_entropy": 3.059405565261841,
          "acoustic_entropy_side": 3.0566670894622803,
          "hz": 9876.909183162974
        },
        {
          "acoustic_entropy": 3.0578603744506836,
          "acoustic_entropy_side": 3.0568745136260986,
          "hz": 10813.587699516042
        },
        {
          "acoustic_entropy": 3.057570219039917,
          "acoustic_entropy_side": 3.0571508407592773,
          "hz": 11833.21735289826
        },
        {
          "acoustic_entropy": 3.058323860168457,
          "acoustic_entropy_side": 3.058513641357422,
          "hz": 12943.144197493959
        },
        {
          "acoustic_entropy": 3.0601885318756104,
          "acoustic_entropy_side": 3.0597565174102783,
          "hz": 14151.364845322005
        },
        {
          "acoustic_entropy": 3.0604746341705322,
          "acoustic_entropy_side": 3.0599567890167236,
          "hz": 15466.58407886509
        },
        {
          "acoustic_entropy": 3.0600199699401855,
          "acoustic_entropy_side": 3.0596070289611816,
          "hz": 16898.27756580493
        },
        {
          "acoustic_entropy": 3.0594964027404785,
          "acoustic_entropy_side": 3.0592308044433594,
          "hz": 18456.760127700032
        },
        {
          "acoustic_entropy": 3.058908224105835,
          "acoustic_entropy_side": 3.058871269226074,
          "hz": 20153.260054456492
        },
        {
          "acoustic_entropy": 3.0583078861236572,
          "acoustic_entropy_side": 3.058316469192505,
          "hz": 22000.00000000001
        }
      ],
      "diff_acoustic_entropy": 1.4103906154632568,
      "sn": 6
    },
    {
      "acoustic_entropy": 5.024387359619141,
      "acoustic_entropy_mono": 4.787528991699219,
      "band_eliminated_acoustic_entropies": [
        {
          "acoustic_entropy": 5.027176856994629,
          "acoustic_entropy_side": 5.025221347808838,
          "hz": 129.47220167065723
        },
        {
          "acoustic_entropy": 5.259018421173096,
          "acoustic_entropy_side": 5.120715618133545,
          "hz": 202.92927478742237
        },
        {
          "acoustic_entropy": 5.111260414123535,
          "acoustic_entropy_side": 5.107237339019775,
          "hz": 282.89161906338205
        },
        {
          "acoustic_entropy": 5.13320255279541,
          "acoustic_entropy_side": 5.056171894073486,
          "hz": 369.9353335868758
        },
        {
          "acoustic_entropy": 5.133998870849609,
          "acoustic_entropy_side": 5.078439712524414,
          "hz": 464.6875360973435
        },
        {
          "acoustic_entropy": 5.563032627105713,
          "acoustic_entropy_side": 5.147298336029053,
          "hz": 567.8308811364784
        },
        {
          "acoustic_entropy": 5.162184715270996,
          "acoustic_entropy_side": 5.202524185180664,
          "hz": 680.1084783214808
        },
        {
          "acoustic_entropy": 4.872503280639648,
          "acoustic_entropy_side": 4.904521942138672,
          "hz": 802.3292461747484
        },
        {
          "acoustic_entropy": 5.729623794555664,
          "acoustic_entropy_side": 5.463537216186523,
          "hz": 935.3737400823702
        },
        {
          "acoustic_entropy": 5.464865207672119,
          "acoustic_entropy_side": 5.17382287979126,
          "hz": 1080.2004963696966
        },
        {
          "acoustic_entropy": 5.316657543182373,
          "acoustic_entropy_side": 5.203827857971191,
          "hz": 1237.8529382007157
        },
        {
          "acoustic_entropy": 5.293698310852051,
          "acoustic_entropy_side": 5.26367712020874,
          "hz": 1409.4668930556702
        },
        {
          "acoustic_entropy": 5.167128562927246,
          "acoustic_entropy_side": 4.963039875030518,
          "hz": 1596.2787759475705
        },
        {
          "acoustic_entropy": 5.5647125244140625,
          "acoustic_entropy_side": 5.439030170440674,
          "hz": 1799.6344973346393
        },
        {
          "acoustic_entropy": 5.061433792114258,
          "acoustic_entropy_side": 5.426602840423584,
          "hz": 2020.9991599069049
        },
        {
          "acoustic_entropy": 5.423663139343262,
          "acoustic_entropy_side": 5.534999847412109,
          "hz": 2261.9676141086993
        },
        {
          "acoustic_entropy": 4.887625694274902,
          "acoustic_entropy_side": 5.001411437988281,
          "hz": 2524.2759484456974
        },
        {
          "acoustic_entropy": 5.1605706214904785,
          "acoustic_entropy_side": 5.170614719390869,
          "hz": 2809.813997359896
        },
        {
          "acoustic_entropy": 5.089395999908447,
          "acoustic_entropy_side": 5.105299472808838,
          "hz": 3120.6389567871424
        },
        {
          "acoustic_entropy": 5.059955596923828,
          "acoustic_entropy_side": 5.061795711517334,
          "hz": 3458.990205492291
        },
        {
          "acoustic_entropy": 5.069390773773193,
          "acoustic_entropy_side": 5.0971479415893555,
          "hz": 3827.305438964164
        },
        {
          "acoustic_entropy": 5.0997538566589355,
          "acoustic_entropy_side": 5.0670647621154785,
          "hz": 4228.238232109126
        },
        {
          "acoustic_entropy": 5.08349609375,
          "acoustic_entropy_side": 5.054203033447266,
          "hz": 4664.6771572759235
        },
        {
          "acoustic_entropy": 5.066967010498047,
          "acoustic_entropy_side": 5.046797752380371,
          "hz": 5139.766595350093
        },
        {
          "acoustic_entropy": 5.052123546600342,
          "acoustic_entropy_side": 5.033076763153076,
          "hz": 5656.929389854203
        },
        {
          "acoustic_entropy": 5.048027515411377,
          "acoustic_entropy_side": 5.027047157287598,
          "hz": 6219.891507268283
        },
        {
          "acoustic_entropy": 5.061516284942627,
          "acoustic_entropy_side": 5.035190582275391,
          "hz": 6832.70888123896
        },
        {
          "acoustic_entropy": 5.051080703735352,
          "acoustic_entropy_side": 5.030407905578613,
          "hz": 7499.796634079867
        },
        {
          "acoustic_entropy": 5.023360252380371,
          "acoustic_entropy_side": 5.0293803215026855,
          "hz": 8225.96088609342
        },
        {
          "acoustic_entropy": 5.035131931304932,
          "acoustic_entropy_side": 5.030820846557617,
          "hz": 9016.43338188839
        },
        {
          "acoustic_entropy": 5.0373430252075195,
          "acoustic_entropy_side": 5.033805847167969,
          "hz": 9876.909183162974
        },
        {
          "acoustic_entropy": 5.0587358474731445,
          "acoustic_entropy_side": 5.040243625640869,
          "hz": 10813.587699516042
        },
        {
          "acoustic_entropy": 5.058884143829346,
          "acoustic_entropy_side": 5.041045665740967,
          "hz": 11833.21735289826
        },
        {
          "acoustic_entropy": 5.065623760223389,
          "acoustic_entropy_side": 5.044312477111816,
          "hz": 12943.144197493959
        },
        {
          "acoustic_entropy": 5.082924842834473,
          "acoustic_entropy_side": 5.051212787628174,
          "hz": 14151.364845322005
        },
        {
          "acoustic_entropy": 5.090890407562256,
          "acoustic_entropy_side": 5.05659818649292,
          "hz": 15466.58407886509
        },
        {
          "acoustic_entropy": 5.0798187255859375,
          "acoustic_entropy_side": 5.058474540710449,
          "hz": 16898.27756580493
        },
        {
          "acoustic_entropy": 5.0731377601623535,
          "acoustic_entropy_side": 5.060348033905029,
          "hz": 18456.760127700032
        },
        {
          "acoustic_entropy": 5.058180809020996,
          "acoustic_entropy_side": 5.053729057312012,
          "hz": 20153.260054456492
        },
        {
          "acoustic_entropy": 5.044418811798096,
          "acoustic_entropy_side": 5.042916774749756,
          "hz": 22000.00000000001
        }
      ],
      "diff_acoustic_entropy": 2.498927354812622,
      "sn": 12
    },
    {
      "acoustic_entropy": 12.284915924072266,
      "acoustic_entropy_mono": 11.493456840515137,
      "band_eliminated_acoustic_entropies": [
        {
          "acoustic_entropy": 12.29398250579834,
          "acoustic_entropy_side": 12.291460037231445,
          "hz": 129.47220167065723
        },
        {
          "acoustic_entropy": 11.973666191101074,
          "acoustic_entropy_side": 12.331006050109863,
          "hz": 202.92927478742237
        },
        {
          "acoustic_entropy": 12.578797340393066,
          "acoustic_entropy_side": 12.512125968933105,
          "hz": 282.89161906338205
        },
        {
          "acoustic_entropy": 12.36652946472168,
          "acoustic_entropy_side": 12.354582786560059,
          "hz": 369.9353335868758
        },
        {
          "acoustic_entropy": 12.285907745361328,
          "acoustic_entropy_side": 12.335613250732422,
          "hz": 464.6875360973435
        },
        {
          "acoustic_entropy": 11.005691528320312,
          "acoustic_entropy_side": 11.798654556274414,
          "hz": 567.8308811364784
        },
        {
          "acoustic_entropy": 11.763503074645996,
          "acoustic_entropy_side": 12.255112648010254,
          "hz": 680.1084783214808
        },
        {
          "acoustic_entropy": 11.96232795715332,
          "acoustic_entropy_side": 11.836426734924316,
          "hz": 802.3292461747484
        },
        {
          "acoustic_entropy": 11.911335945129395,
          "acoustic_entropy_side": 12.667400360107422,
          "hz": 935.3737400823702
        },
        {
          "acoustic_entropy": 13.09851360321045,
          "acoustic_entropy_side": 12.405957221984863,
          "hz": 1080.2004963696966
        },
        {
          "acoustic_entropy": 12.18439769744873,
          "acoustic_entropy_side": 12.666556358337402,
          "hz": 1237.8529382007157
        },
        {
          "acoustic_entropy": 11.97745132446289,
          "acoustic_entropy_side": 12.486166000366211,
          "hz": 1409.4668930556702
        },
        {
          "acoustic_entropy": 11.936535835266113,
          "acoustic_entropy_side": 11.975359916687012,
          "hz": 1596.2787759475705
        },
        {
          "acoustic_entropy": 11.950221061706543,
          "acoustic_entropy_side": 12.578957557678223,
          "hz": 1799.6344973346393
        },
        {
          "acoustic_entropy": 12.282244682312012,
          "acoustic_entropy_side": 12.53239631652832,
          "hz": 2020.9991599069049
        },
        {
          "acoustic_entropy": 11.691177368164062,
          "acoustic_entropy_side": 12.206380844116211,
          "hz": 2261.9676141086993
        },
        {
          "acoustic_entropy": 11.530793190002441,
          "acoustic_entropy_side": 12.195755958557129,
          "hz": 2524.2759484456974
        },
        {
          "acoustic_entropy": 12.302976608276367,
          "acoustic_entropy_side": 12.473379135131836,
          "hz": 2809.813997359896
        },
        {
          "acoustic_entropy": 12.631584167480469,
          "acoustic_entropy_side": 12.567342758178711,
          "hz": 3120.6389567871424
        },
        {
          "acoustic_entropy": 12.174149513244629,
          "acoustic_entropy_side": 12.168307304382324,
