{
  "acoustic_entropy": 226.58340454101562,
  "bands": [
    {
      "high_freq": 148.1999969482422,
      "loudness": -41.189571380615234,
      "loudness_range": 23.863529205322266,
      "mid_mean": -38.03849792480469,
      "mid_to_side_loudness": -11.018302917480469,
      "mid_to_side_loudness_range": 14.901070594787598,
      "side_mean": -49.144474029541016
    },
    {
      "high_freq": 392.3793640136719,
      "loudness": -38.249961853027344,
      "loudness_range": 21.827503204345703,
      "low_freq": 148.1999969482422,
      "mid_mean": -35.82460021972656,
      "mid_to_side_loudness": -6.365935802459717,
      "mid_to_side_loudness_range": 13.828691482543945,
      "side_mean": -42.259307861328125
    },
    {
      "high_freq": 794.6976318359375,
      "loudness": -35.92488098144531,
      "loudness_range": 26.446937561035156,
      "low_freq": 392.3793640136719,
      "mid_mean": -33.91161346435547,
      "mid_to_side_loudness": -5.072598934173584,
      "mid_to_side_loudness_range": 16.05599021911621,
      "side_mean": -39.637569427490234
    },
    {
      "high_freq": 1457.5709228515625,
      "loudness": -41.63227844238281,
      "loudness_range": 31.54436683654785,
      "low_freq": 794.6976318359375,
      "mid_mean": -39.45039367675781,
      "mid_to_side_loudness": -5.536520004272461,
      "mid_to_side_loudness_range": 13.98065185546875,
      "side_mean": -45.2027702331543
    },
    {
      "high_freq": 2549.74365234375,
      "loudness": -43.67898178100586,
      "loudness_range": 37.291297912597656,
      "low_freq": 1457.5709228515625,
      "mid_mean": -41.449153900146484,
      "mid_to_side_loudness": -5.529399871826172,
      "mid_to_side_loudness_range": 14.547131538391113,
      "side_mean": -46.98887252807617
    },
    {
      "high_freq": 4349.24462890625,
      "loudness": -44.26730728149414,
      "loudness_range": 35.44975280761719,
      "low_freq": 2549.74365234375,
      "mid_mean": -41.99060821533203,
      "mid_to_side_loudness": -5.639667510986328,
      "mid_to_side_loudness_range": 14.758382797241211,
      "side_mean": -48.22365951538086
    },
    {
      "high_freq": 7314.1640625,
      "loudness": -49.690189361572266,
      "loudness_range": 34.03074645996094,
      "low_freq": 4349.24462890625,
      "mid_mean": -47.41453552246094,
      "mid_to_side_loudness": -4.620462894439697,
      "mid_to_side_loudness_range": 11.754989624023438,
      "side_mean": -52.048885345458984
    },
    {
      "high_freq": 12199.2666015625,
      "loudness": -51.319053649902344,
      "loudness_range": 28.28561782836914,
      "low_freq": 7314.1640625,
      "mid_mean": -49.152225494384766,
      "mid_to_side_loudness": -3.9314029216766357,
      "mid_to_side_loudness_range": 8.522751808166504,
      "side_mean": -53.077117919921875
    },
    {
      "loudness": -53.04975891113281,
      "loudness_range": 22.207839965820312,
      "low_freq": 12199.2666015625,
      "mid_mean": -51.223445892333984,
      "mid_to_side_loudness": -2.9653525352478027,
      "mid_to_side_loudness_range": 5.003705978393555,
      "side_mean": -54.065025329589844
    }
  ],
  "bands_short": [
    {
      "high_freq": 148.1999969482422,
      "loudness": -43.505226135253906,
      "loudness_range": 25.387779235839844,
      "mid_mean": -40.62260818481445,
      "mid_to_side_loudness": -10.16801643371582,
      "mid_to_side_loudness_range": 18.74456787109375,
      "side_mean": -50.98439407348633
    },
    {
      "high_freq": 392.3793640136719,
      "loudness": -38.440574645996094,
      "loudness_range": 22.72138786315918,
      "low_freq": 148.1999969482422,
      "mid_mean": -35.91877746582031,
      "mid_to_side_loudness": -7.101216793060303,
      "mid_to_side_loudness_range": 15.518916130065918,
      "side_mean": -43.16623306274414
    },
    {
      "high_freq": 794.6976318359375,
      "loudness": -36.679100036621094,
      "loudness_range": 27.825103759765625,
      "low_freq": 392.3793640136719,
      "mid_mean": -34.661251068115234,
      "mid_to_side_loudness": -5.0297040939331055,
      "mid_to_side_loudness_range": 15.791383743286133,
      "side_mean": -40.41939163208008
    },
    {
      "high_freq": 1457.5709228515625,
      "loudness": -42.36819839477539,
      "loudness_range": 32.53163146972656,
      "low_freq": 794.6976318359375,
      "mid_mean": -40.2304801940918,
      "mid_to_side_loudness": -5.467736721038818,
      "mid_to_side_loudness_range": 14.498147964477539,
      "side_mean": -46.02482223510742
    },
    {
      "high_freq": 2549.74365234375,
      "loudness": -45.00531768798828,
      "loudness_range": 37.810211181640625,
      "low_freq": 1457.5709228515625,
      "mid_mean": -42.78071212768555,
      "mid_to_side_loudness": -5.399631500244141,
      "mid_to_side_loudness_range": 14.122093200683594,
      "side_mean": -48.440528869628906
    },
    {
      "high_freq": 4349.24462890625,
      "loudness": -45.328670501708984,
      "loudness_range": 36.42064666748047,
      "low_freq": 2549.74365234375,
      "mid_mean": -43.057373046875,
      "mid_to_side_loudness": -5.702315807342529,
      "mid_to_side_loudness_range": 15.190643310546875,
      "side_mean": -49.29997253417969
    },
    {
      "high_freq": 7314.1640625,
      "loudness": -50.91768264770508,
      "loudness_range": 34.94029998779297,
      "low_freq": 4349.24462890625,
      "mid_mean": -48.62248229980469,
      "mid_to_side_loudness": -4.604362964630127,
      "mid_to_side_loudness_range": 11.588432312011719,
      "side_mean": -53.17637252807617
    },
    {
      "high_freq": 12199.2666015625,
      "loudness": -52.723045349121094,
      "loudness_range": 28.978694915771484,
      "low_freq": 7314.1640625,
      "mid_mean": -50.65470886230469,
      "mid_to_side_loudness": -3.9426469802856445,
      "mid_to_side_loudness_range": 7.763360500335693,
      "side_mean": -54.39106750488281
    },
    {
      "loudness": -54.62221145629883,
      "loudness_range": 22.601234436035156,
      "low_freq": 12199.2666015625,
      "mid_mean": -52.71492004394531,
      "mid_to_side_loudness": -3.02664852142334,
      "mid_to_side_loudness_range": 3.6482107639312744,
      "side_mean": -55.58972930908203
    }
  ],
  "bandwidth": 952.1317138671875,
  "channels": 2,
  "covariance": [
    [
      71.70989990234375,
      34.03224182128906,
      15.380297660827637,
      3.802109479904175,
      9.280648231506348,
      2.492361307144165,
      6.889991760253906,
      3.9447500705718994,
      12.98730182647705,
      10.208319664001465,
      13.727349281311035,
      8.968062400817871,
      11.156428337097168,
      8.534869194030762,
      9.445649147033691,
      7.865532398223877,
      7.859735488891602,
      7.600086688995361
    ],
    [
      34.03224182128906,
      23.26024627685547,
      9.756705284118652,
      5.72696590423584,
      6.745551109313965,
      6.056912422180176,
      6.1156415939331055,
      6.131704330444336,
      8.805989265441895,
      8.402836799621582,
      8.261341094970703,
      7.023665428161621,
      5.216951370239258,
      5.741722106933594,
      5.139864921569824,
      5.271642208099365,
      4.321423053741455,
      4.6170220375061035
    ],
    [
      15.380297660827637,
      9.756705284118652,
      54.219303131103516,
      44.33352279663086,
      19.00874900817871,
      30.940296173095703,
      19.01532554626465,
      30.881425857543945,
      22.08495330810547,
      30.976757049560547,
      16.61052131652832,
      27.15129280090332,
      10.000409126281738,
      16.242246627807617,
      4.643096446990967,
      9.593958854675293,
      -0.6295917630195618,
      2.7660090923309326
    ],
    [
      3.802109479904175,
      5.72696590423584,
      44.33352279663086,
      64.462646484375,
      26.52189826965332,
      48.242698669433594,
      31.608301162719727,
      50.14603042602539,
      31.95652198791504,
      44.291900634765625,
      20.939258575439453,
      36.79914093017578,
      13.83312702178955,
      22.727563858032227,
      7.0555033683776855,
      13.448259353637695,
      0.4721359312534332,
      4.5840373039245605
    ],
    [
      9.280648231506348,
      6.745551109313965,
      19.00874900817871,
      26.52189826965332,
      80.87133026123047,
      65.74528503417969,
      74.68446350097656,
      69.36040496826172,
      88.32672119140625,
      78.9879379272461,
      83.34847259521484,
      76.12675476074219,
      64.17799377441406,
      56.17414855957031,
      42.82123565673828,
      38.30495834350586,
      21.926450729370117,
      20.59566307067871
    ],
    [
      2.492361307144165,
      6.056912422180176,
      30.940296173095703,
      48.242698669433594,
      65.74528503417969,
      101.29446411132812,
      77.01563262939453,
      101.61823272705078,
      86.32164001464844,
      104.30248260498047,
      67.58646392822266,
      88.73226928710938,
      47.49226379394531,
      59.972469329833984,
      31.74964141845703,
      40.39052963256836,
      11.1358003616333,
      17.09348487854004
    ],
    [
      6.889991760253906,
      6.1156415939331055,
      19.01532554626465,
      31.608301162719727,
      74.68446350097656,
      77.01563262939453,
      109.64363861083984,
      104.43830871582031,
      116.08858489990234,
      110.39226531982422,
      106.96627807617188,
      103.68037414550781,
      86.23799133300781,
      79.8420639038086,
      58.79866027832031,
      54.415138244628906,
      31.211803436279297,
      29.717060089111328
    ],
    [
      3.9447500705718994,
      6.131704330444336,
      30.881425857543945,
      50.14603042602539,
      69.36040496826172,
      101.61823272705078,
      104.43830871582031,
      132.57369995117188,
      109.16615295410156,
      128.71612548828125,
      85.94709777832031,
      107.91969299316406,
      63.55276107788086,
      76.32264709472656,
      41.087100982666016,
      49.86970138549805,
      15.658417701721191,
      21.799192428588867
    ],
    [
      12.98730182647705,
      8.805989265441895,
      22.08495330810547,
      31.95652198791504,
      88.32672119140625,
      86.32164001464844,
      116.08858489990234,
      109.16615295410156,
      164.0926971435547,
      148.00057983398438,
      149.20919799804688,
      138.75936889648438,
      123.87080383300781,
      111.55718994140625,
      85.99207305908203,
      77.45488739013672,
      47.74213790893555,
      43.9975471496582
    ],
    [
      10.208319664001465,
      8.402836799621582,
      30.976757049560547,
      44.291900634765625,
      78.9879379272461,
      104.30248260498047,
      110.39226531982422,
      128.71612548828125,
      148.00057983398438,
      163.57373046875,
      123.601806640625,
      141.36868286132812,
      97.27381896972656,
      105.90489959716797,
      65.99520111083984,
      71.57494354248047,
      30.126752853393555,
      34.7110595703125
    ],
    [
      13.727349281311035,
      8.261341094970703,
      16.61052131652832,
      20.939258575439453,
      83.34847259521484,
      67.58646392822266,
      106.96627807617188,
      85.94709777832031,
      149.20919799804688,
      123.601806640625,
      169.76951599121094,
      140.8907470703125,
      142.03001403808594,
      118.32109069824219,
      102.88268280029297,
      85.61790466308594,
      62.12968444824219,
      53.43989562988281
    ],
    [
      8.968062400817871,
      7.023665428161621,
      27.15129280090332,
      36.79914093017578,
      76.12675476074219,
      88.73226928710938,
      103.68037414550781,
      107.91969299316406,
      138.75936889648438,
      141.36868286132812,
      140.8907470703125,
      151.70480346679688,
      121.11787414550781,
      119.2568130493164,
      87.5291519165039,
      85.67079162597656,
      48.296607971191406,
      48.705833435058594
    ],
    [
      11.156428337097168,
      5.216951370239258,
      10.000409126281738,
      13.83312702178955,
      64.17799377441406,
      47.49226379394531,
      86.23799133300781,
      63.55276107788086,
      123.87080383300781,
      97.27381896972656,
      142.03001403808594,
      121.11787414550781,
      140.2664794921875,
      114.20921325683594,
      106.10289001464844,
      86.91930389404297,
      71.6833267211914,
      61.51410675048828
    ],
    [
      8.534869194030762,
      5.741722106933594,
      16.242246627807617,
      22.727563858032227,
      56.17414855957031,
      59.972469329833984,
      79.8420639038086,
      76.32264709472656,
      111.55718994140625,
      105.90489959716797,
      118.32109069824219,
      119.2568130493164,
      114.20921325683594,
      108.59708404541016,
      87.12752532958984,
      82.13785552978516,
      58.2713508605957,
      54.893436431884766
    ],
    [
      9.445649147033691,
      5.139864921569824,
      4.643096446990967,
      7.0555033683776855,
      42.82123565673828,
      31.74964141845703,
      58.79866027832031,
      41.087100982666016,
      85.99207305908203,
      65.99520111083984,
      102.88268280029297,
      87.5291519165039,
      106.10289001464844,
      87.12752532958984,
      89.59815216064453,
      74.23039245605469,
      66.38188934326172,
      58.02590560913086
    ],
    [
      7.865532398223877,
      5.271642208099365,
      9.593958854675293,
      13.448259353637695,
      38.30495834350586,
      40.39052963256836,
      54.415138244628906,
      49.86970138549805,
      77.45488739013672,
      71.57494354248047,
      85.61790466308594,
      85.67079162597656,
      86.91930389404297,
      82.13785552978516,
      74.23039245605469,
      70.13490295410156,
      55.802459716796875,
      52.690616607666016
    ],
    [
      7.859735488891602,
      4.321423053741455,
      -0.6295917630195618,
      0.4721359312534332,
      21.926450729370117,
      11.1358003616333,
      31.211803436279297,
      15.658417701721191,
      47.74213790893555,
      30.126752853393555,
      62.12968444824219,
      48.296607971191406,
      71.6833267211914,
      58.2713508605957,
      66.38188934326172,
      55.802459716796875,
      62.65211868286133,
      54.92207336425781
    ],
    [
      7.600086688995361,
      4.6170220375061035,
      2.7660090923309326,
      4.5840373039245605,
      20.59566307067871,
      17.09348487854004,
      29.717060089111328,
      21.799192428588867,
      43.9975471496582,
      34.7110595703125,
      53.43989562988281,
      48.705833435058594,
      61.51410675048828,
      54.893436431884766,
      58.02590560913086,
      52.690616607666016,
      54.92207336425781,
      50.82863998413086
    ]
  ],
  "covariance_short": [
    [
      83.96025848388672,
      33.36777114868164,
      25.216896057128906,
      7.963784217834473,
      7.115602970123291,
      0.9002801179885864,
      5.219184875488281,
      0.6465634703636169,
      9.77710247039795,
      6.149006366729736,
      9.687152862548828,
      5.2864670753479,
      8.187878608703613,
      5.700231075286865,
      6.975592136383057,
      5.409152984619141,
      5.931761264801025,
      5.57990837097168
    ],
    [
      33.36777114868164,
      29.67664909362793,
      14.519806861877441,
      8.337567329406738,
      5.224036693572998,
      4.7220458984375,
      5.038891792297363,
      4.1031293869018555,
      6.747238636016846,
      5.663356304168701,
      5.874331474304199,
      4.971770286560059,
      3.6545188426971436,
      6.418946743011475,
      6.434395790100098,
      5.953662872314453,
      5.56016206741333,
      5.432542324066162
    ],
    [
      25.216896057128906,
      14.519806861877441,
      59.10551452636719,
      46.178123474121094,
      22.729084014892578,
      29.66189956665039,
      18.030187606811523,
      26.871797561645508,
      20.3723087310791,
      27.955074310302734,
      14.714113235473633,
      22.46759033203125,
      8.495574951171875,
      13.424661636352539,
      4.486094951629639,
      8.527999877929688,
      -0.2813136577606201,
      2.6192474365234375
    ],
    [
      7.963784217834473,
      8.337567329406738,
      46.178123474121094,
      68.65288543701172,
      29.879322052001953,
      48.482913970947266,
      30.23146629333496,
      47.593265533447266,
      30.117753982543945,
      42.73917007446289,
      18.330747604370117,
      32.216285705566406,
      11.580052375793457,
      19.842256546020508,
      6.084884166717529,
      12.020672798156738,
      -0.441699355840683,
      3.3620784282684326
    ],
    [
      7.115602970123291,
      5.224036693572998,
      22.729084014892578,
      29.879322052001953,
      88.539306640625,
      69.94928741455078,
      77.37088775634766,
      70.04817199707031,
      90.1459732055664,
      82.43151092529297,
      86.30220031738281,
      77.64567565917969,
      66.65149688720703,
      57.946250915527344,
      45.578025817871094,
      40.79151153564453,
      23.0190372467041,
      21.876943588256836
    ],
    [
      0.9002801179885864,
      4.7220458984375,
      29.66189956665039,
      48.482913970947266,
      69.94928741455078,
      103.54105377197266,
      77.30192565917969,
      99.7718734741211,
      86.7254867553711,
      104.12940979003906,
      67.61915588378906,
      86.53538513183594,
      48.930870056152344,
      59.88606262207031,
      33.801422119140625,
      41.40667724609375,
      12.000624656677246,
      17.385005950927734
    ],
    [
      5.219184875488281,
      5.038891792297363,
      18.030187606811523,
      30.23146629333496,
      77.37088775634766,
      77.30192565917969,
      113.36210632324219,
      105.13719177246094,
      115.17521667480469,
      108.9336929321289,
      106.25162506103516,
      100.6870346069336,
      85.54399871826172,
      78.21919250488281,
      60.23725891113281,
      55.366825103759766,
      31.88711929321289,
      30.396129608154297
    ],
    [
      0.6465634703636169,
      4.1031293869018555,
      26.871797561645508,
      47.593265533447266,
      70.04817199707031,
      99.7718734741211,
      105.13719177246094,
      132.74444580078125,
      106.95623016357422,
      125.07313537597656,
      81.70465850830078,
      101.91397857666016,
      62.057273864746094,
      73.23403930664062,
      41.76665496826172,
      49.52888488769531,
      15.962735176086426,
      21.53634262084961
    ],
    [
      9.77710247039795,
      6.747238636016846,
      20.3723087310791,
      30.117753982543945,
      90.1459732055664,
      86.7254867553711,
      115.17521667480469,
      106.95623016357422,
      162.2330322265625,
      145.7432098388672,
      147.91880798339844,
      135.86964416503906,
      121.87773895263672,
      109.83893585205078,
      86.66205596923828,
      78.60456085205078,
      47.85413360595703,
      44.877044677734375
    ],
    [
      6.149006366729736,
      5.663356304168701,
      27.955074310302734,
      42.73917007446289,
      82.43151092529297,
      104.12940979003906,
      108.9336929321289,
      125.07313537597656,
      145.7432098388672,
      161.66299438476562,
      119.92962646484375,
      137.83087158203125,
      97.31331634521484,
      104.5578842163086,
      68.42998504638672,
      73.35498809814453,
      31.696746826171875,
      36.12361526489258
    ],
    [
      9.687152862548828,
      5.874331474304199,
      14.714113235473633,
      18.330747604370117,
      86.30220031738281,
      67.61915588378906,
      106.25162506103516,
      81.70465850830078,
      147.91880798339844,
      119.92962646484375,
      172.7949676513672,
      140.66465759277344,
      144.4510955810547,
      119.28717803955078,
      107.39627075195312,
      89.81354522705078,
      65.42575073242188,
      57.183441162109375
    ],
    [
      5.2864670753479,
      4.971770286560059,
      22.46759033203125,
      32.216285705566406,
      77.64567565917969,
      86.53538513183594,
      100.6870346069336,
      101.91397857666016,
      135.86964416503906,
      137.83087158203125,
      140.66465759277344,
      147.80374145507812,
      121.25308990478516,
      117.6426773071289,
      90.39583587646484,
      87.46465301513672,
      50.226470947265625,
      50.222381591796875
    ],
    [
      8.187878608703613,
      3.6545188426971436,
      8.495574951171875,
      11.580052375793457,
      66.65149688720703,
      48.930870056152344,
      85.54399871826172,
      62.057273864746094,
      121.87773895263672,
      97.31331634521484,
      144.4510955810547,
      121.25308990478516,
      141.07949829101562,
      114.9481201171875,
      108.56840515136719,
      89.96611022949219,
      72.94876861572266,
      63.66597366333008
    ],
    [
      5.700231075286865,
      6.418946743011475,
      13.424661636352539,
      19.842256546020508,
      57.946250915527344,
      59.88606262207031,
      78.21919250488281,
      73.23403930664062,
      109.83893585205078,
      104.5578842163086,
      119.28717803955078,
      117.6426773071289,
      114.9481201171875,
      108.49925231933594,
      91.60920715332031,
      84.27191162109375,
      59.45085525512695,
      56.234981536865234
    ],
    [
      6.975592136383057,
      6.434395790100098,
      4.486094951629639,
      6.084884166717529,
      45.578025817871094,
      33.801422119140625,
      60.23725891113281,
      41.76665496826172,
      86.66205596923828,
      68.42998504638672,
      107.39627075195312,
      90.39583587646484,
      108.56840515136719,
      91.60920715332031,
      95.85245513916016,
      80.42166900634766,
      70.39347076416016,
      62.286521911621094
    ],
    [
      5.409152984619141,
      5.953662872314453,
      8.527999877929688,
      12.020672798156738,
      40.79151153564453,
      41.40667724609375,
      55.366825103759766,
      49.52888488769531,
      78.60456085205078,
      73.35498809814453,
      89.81354522705078,
      87.46465301513672,
      89.96611022949219,
      84.27191162109375,
      80.42166900634766,
      74.1524658203125,
      57.776390075683594,
      54.7349853515625
    ],
    [
      5.931761264801025,
      5.56016206741333,
      -0.2813136577606201,
      -0.441699355840683,
      23.0190372467041,
      12.000624656677246,
      31.88711929321289,
      15.962735176086426,
      47.85413360595703,
      31.696746826171875,
      65.42575073242188,
      50.226470947265625,
      72.94876861572266,
      59.45085525512695,
      70.39347076416016,
      57.776390075683594,
      63.03200912475586,
      55.62460708618164
    ],
    [
      5.57990837097168,
      5.432542324066162,
      2.6192474365234375,
      3.3620784282684326,
      21.876943588256836,
      17.385005950927734,
      30.396129608154297,
      21.53634262084961,
      44.877044677734375,
      36.12361526489258,
      57.183441162109375,
      50.222381591796875,
      63.66597366333008,
      56.234981536865234,
      62.286521911621094,
      54.7349853515625,
      55.62460708618164,
      51.58037185668945
    ]
  ],
  "damage": -15.317811965942383,
  "diff_bandwidth": 1041.7259521484375,
  "dissonance": 4.9623751081725125,
  "drr": 9.589302062988281,
  "dynamics": 6.435637474060059,
  "format": 1245190,
  "frames": 24967104,
  "loudness": -23.40083885192871,
  "loudness_range": 21.608173370361328,
  "loudness_range_short": 23.770736694335938,
  "lowpass_true_peak_15khz": -0.21045880019664764,
  "mastering3_acoustic_entropies": [
    {
      "acoustic_entropy": 8.9251127243042,
      "acoustic_entropy_mono": 8.4605131149292,
      "band_eliminated_acoustic_entropies": [
        {
          "acoustic_entropy": 8.900788307189941,
          "acoustic_entropy_side": 8.925201416015625,
          "hz": 129.47220167065723
        },
        {
          "acoustic_entropy": 8.508618354797363,
          "acoustic_entropy_side": 8.925631523132324,
          "hz": 202.92927478742237
        },
        {
          "acoustic_entropy": 9.29770565032959,
          "acoustic_entropy_side": 8.853557586669922,
          "hz": 282.89161906338205
        },
        {
          "acoustic_entropy": 9.341270446777344,
          "acoustic_entropy_side": 8.804508209228516,
          "hz": 369.9353335868758
        },
        {
          "acoustic_entropy": 9.90230941772461,
          "acoustic_entropy_side": 9.368973731994629,
          "hz": 464.6875360973435
        },
        {
          "acoustic_entropy": 8.825185775756836,
          "acoustic_entropy_side": 9.35232162475586,
          "hz": 567.8308811364784
        },
        {
          "acoustic_entropy": 8.763015747070312,
          "acoustic_entropy_side": 9.004993438720703,
          "hz": 680.1084783214808
        },
        {
          "acoustic_entropy": 9.425373077392578,
          "acoustic_entropy_side": 8.859350204467773,
          "hz": 802.3292461747484
        },
        {
          "acoustic_entropy": 9.340898513793945,
          "acoustic_entropy_side": 8.831050872802734,
          "hz": 935.3737400823702
        },
        {
          "acoustic_entropy": 9.675747871398926,
          "acoustic_entropy_side": 9.51527214050293,
          "hz": 1080.2004963696966
        },
        {
          "acoustic_entropy": 9.030234336853027,
          "acoustic_entropy_side": 9.094958305358887,
          "hz": 1237.8529382007157
        },
        {
          "acoustic_entropy": 9.430275917053223,
          "acoustic_entropy_side": 9.186310768127441,
          "hz": 1409.4668930556702
        },
        {
          "acoustic_entropy": 9.15625286102295,
          "acoustic_entropy_side": 8.805170059204102,
          "hz": 1596.2787759475705
        },
        {
          "acoustic_entropy": 9.022496223449707,
          "acoustic_entropy_side": 9.205740928649902,
          "hz": 1799.6344973346393
        },
        {
          "acoustic_entropy": 8.910052299499512,
          "acoustic_entropy_side": 8.899066925048828,
          "hz": 2020.9991599069049
        },
        {
          "acoustic_entropy": 8.764190673828125,
          "acoustic_entropy_side": 8.888516426086426,
          "hz": 2261.9676141086993
        },
        {
          "acoustic_entropy": 8.868463516235352,
          "acoustic_entropy_side": 8.829266548156738,
          "hz": 2524.2759484456974
        },
        {
          "acoustic_entropy": 8.589274406433105,
          "acoustic_entropy_side": 8.76309585571289,
          "hz": 2809.813997359896
        },
        {
          "acoustic_entropy": 9.410624504089355,
          "acoustic_entropy_side": 8.919695854187012,
          "hz": 3120.6389567871424
        },
        {
          "acoustic_entropy": 9.053003311157227,
          "acoustic_entropy_side": 8.830514907836914,
          "hz": 3458.990205492291
        },
        {
          "acoustic_entropy": 9.27779483795166,
          "acoustic_entropy_side": 8.997068405151367,
          "hz": 3827.305438964164
        },
        {
          "acoustic_entropy": 9.307517051696777,
          "acoustic_entropy_side": 8.89448070526123,
          "hz": 4228.238232109126
        },
        {
          "acoustic_entropy": 9.018645286560059,
          "acoustic_entropy_side": 8.895336151123047,
          "hz": 4664.6771572759235
        },
        {
          "acoustic_entropy": 8.868928909301758,
          "acoustic_entropy_side": 8.833133697509766,
          "hz": 5139.766595350093
        },
        {
          "acoustic_entropy": 9.078353881835938,
          "acoustic_entropy_side": 9.002662658691406,
          "hz": 5656.929389854203
        },
        {
          "acoustic_entropy": 8.949505805969238,
          "acoustic_entropy_side": 9.091092109680176,
          "hz": 6219.891507268283
        },
        {
          "acoustic_entropy": 8.990799903869629,
          "acoustic_entropy_side": 8.987631797790527,
          "hz": 6832.70888123896
        },
        {
          "acoustic_entropy": 8.93502140045166,
          "acoustic_entropy_side": 8.92636775970459,
          "hz": 7499.796634079867
        },
        {
          "acoustic_entropy": 8.937840461730957,
          "acoustic_entropy_side": 8.928288459777832,
          "hz": 8225.96088609342
        },
        {
          "acoustic_entropy": 8.923028945922852,
          "acoustic_entropy_side": 8.918048858642578,
          "hz": 9016.43338188839
        },
        {
          "acoustic_entropy": 8.930144309997559,
          "acoustic_entropy_side": 8.925806045532227,
          "hz": 9876.909183162974
        },
        {
          "acoustic_entropy": 8.918185234069824,
          "acoustic_entropy_side": 8.925995826721191,
          "hz": 10813.587699516042
        },
        {
          "acoustic_entropy": 9.007676124572754,
          "acoustic_entropy_side": 8.941961288452148,
          "hz": 11833.21735289826
        },
        {
          "acoustic_entropy": 8.93808650970459,
          "acoustic_entropy_side": 8.924084663391113,
          "hz": 12943.144197493959
        },
        {
          "acoustic_entropy": 8.934929847717285,
          "acoustic_entropy_side": 8.925668716430664,
          "hz": 14151.364845322005
        },
        {
          "acoustic_entropy": 8.870906829833984,
          "acoustic_entropy_side": 8.9188232421875,
          "hz": 15466.58407886509
        },
        {
          "acoustic_entropy": 8.897643089294434,
          "acoustic_entropy_side": 8.9251708984375,
          "hz": 16898.27756580493
        },
        {
          "acoustic_entropy": 8.898367881774902,
          "acoustic_entropy_side": 8.933100700378418,
          "hz": 18456.760127700032
        },
        {
          "acoustic_entropy": 8.932086944580078,
          "acoustic_entropy_side": 8.927041053771973,
          "hz": 20153.260054456492
        },
        {
          "acoustic_entropy": 8.925139427185059,
          "acoustic_entropy_side": 8.925131797790527,
          "hz": 22000.00000000001
        }
      ],
      "diff_acoustic_entropy": 3.862560749053955,
      "sn": 6
    },
    {
      "acoustic_entropy": 15.101592063903809,
      "acoustic_entropy_mono": 13.760348320007324,
      "band_eliminated_acoustic_entropies": [
        {
          "acoustic_entropy": 15.290763854980469,
          "acoustic_entropy_side": 15.10526180267334,
          "hz": 129.47220167065723
        },
        {
          "acoustic_entropy": 14.46972370147705,
          "acoustic_entropy_side": 15.139469146728516,
          "hz": 202.92927478742237
        },
        {
          "acoustic_entropy": 15.427630424499512,
          "acoustic_entropy_side": 15.034178733825684,
          "hz": 282.89161906338205
        },
        {
          "acoustic_entropy": 14.762066841125488,
          "acoustic_entropy_side": 14.76928997039795,
          "hz": 369.9353335868758
        },
        {
          "acoustic_entropy": 15.52739429473877,
          "acoustic_entropy_side": 15.00240707397461,
          "hz": 464.6875360973435
        },
        {
          "acoustic_entropy": 15.157243728637695,
          "acoustic_entropy_side": 15.29401683807373,
          "hz": 567.8308811364784
        },
        {
          "acoustic_entropy": 14.525574684143066,
          "acoustic_entropy_side": 14.680954933166504,
          "hz": 680.1084783214808
        },
        {
          "acoustic_entropy": 15.396739959716797,
          "acoustic_entropy_side": 15.499371528625488,
          "hz": 802.3292461747484
        },
        {
          "acoustic_entropy": 15.4805269241333,
          "acoustic_entropy_side": 15.242259979248047,
          "hz": 935.3737400823702
        },
        {
          "acoustic_entropy": 16.020139694213867,
          "acoustic_entropy_side": 15.933755874633789,
          "hz": 1080.2004963696966
        },
        {
          "acoustic_entropy": 14.767284393310547,
          "acoustic_entropy_side": 15.404683113098145,
          "hz": 1237.8529382007157
        },
        {
          "acoustic_entropy": 15.585785865783691,
          "acoustic_entropy_side": 15.887162208557129,
          "hz": 1409.4668930556702
        },
        {
          "acoustic_entropy": 15.54630184173584,
          "acoustic_entropy_side": 15.407486915588379,
          "hz": 1596.2787759475705
        },
        {
          "acoustic_entropy": 15.320724487304688,
          "acoustic_entropy_side": 15.440200805664062,
          "hz": 1799.6344973346393
        },
        {
          "acoustic_entropy": 14.824800491333008,
          "acoustic_entropy_side": 15.400893211364746,
          "hz": 2020.9991599069049
        },
        {
          "acoustic_entropy": 15.950443267822266,
          "acoustic_entropy_side": 15.587444305419922,
          "hz": 2261.9676141086993
        },
        {
          "acoustic_entropy": 15.684248924255371,
          "acoustic_entropy_side": 15.060746192932129,
          "hz": 2524.2759484456974
        },
        {
          "acoustic_entropy": 16.177927017211914,
          "acoustic_entropy_side": 14.76272201538086,
          "hz": 2809.813997359896
        },
        {
          "acoustic_entropy": 15.840071678161621,
          "acoustic_entropy_side": 15.392136573791504,
          "hz": 3120.6389567871424
        },
        {
          "acoustic_entropy": 15.341414451599121,
          "acoustic_entropy_side": 14.923158645629883,
          "hz": 3458.990205492291
        },
        {
          "acoustic_entropy": 15.341933250427246,
          "acoustic_entropy_side": 15.244733810424805,
          "hz": 3827.305438964164
        },
        {
          "acoustic_entropy": 15.777116775512695,
          "acoustic_entropy_side": 15.392634391784668,
          "hz": 4228.238232109126
        },
        {
          "acoustic_entropy": 15.558511734008789,
          "acoustic_entropy_side": 15.392666816711426,
          "hz": 4664.6771572759235
        },
        {
          "acoustic_entropy": 15.492810249328613,
          "acoustic_entropy_side": 15.245282173156738,
          "hz": 5139.766595350093
        },
        {
          "acoustic_entropy": 15.699172973632812,
          "acoustic_entropy_side": 15.595695495605469,
          "hz": 5656.929389854203
        },
        {
          "acoustic_entropy": 15.733073234558105,
          "acoustic_entropy_side": 15.641587257385254,
          "hz": 6219.891507268283
        },
        {
          "acoustic_entropy": 15.303398132324219,
          "acoustic_entropy_side": 15.612383842468262,
          "hz": 6832.70888123896
        },
        {
          "acoustic_entropy": 15.391560554504395,
          "acoustic_entropy_side": 15.233238220214844,
          "hz": 7499.796634079867
        },
        {
          "acoustic_entropy": 15.217419624328613,
          "acoustic_entropy_side": 15.1911039352417,
          "hz": 8225.96088609342
        },
        {
          "acoustic_entropy": 15.450531005859375,
          "acoustic_entropy_side": 15.290451049804688,
          "hz": 9016.43338188839
        },
        {
          "acoustic_entropy": 15.171727180480957,
          "acoustic_entropy_side": 15.178065299987793,
          "hz": 9876.909183162974
        },
        {
          "acoustic_entropy": 15.180577278137207,
          "acoustic_entropy_side": 15.14936637878418,
          "hz": 10813.587699516042
        },
        {
          "acoustic_entropy": 15.027637481689453,
          "acoustic_entropy_side": 15.121292114257812,
          "hz": 11833.21735289826
        },
        {
          "acoustic_entropy": 15.276041984558105,
          "acoustic_entropy_side": 15.111239433288574,
          "hz": 12943.144197493959
        },
        {
          "acoustic_entropy": 15.256117820739746,
          "acoustic_entropy_side": 15.14472770690918,
          "hz": 14151.364845322005
        },
        {
          "acoustic_entropy": 15.467740058898926,
          "acoustic_entropy_side": 15.288814544677734,
          "hz": 15466.58407886509
        },
        {
          "acoustic_entropy": 15.220295906066895,
          "acoustic_entropy_side": 15.461138725280762,
          "hz": 16898.27756580493
        },
        {
          "acoustic_entropy": 15.354049682617188,
          "acoustic_entropy_side": 15.231976509094238,
          "hz": 18456.760127700032
        },
        {
          "acoustic_entropy": 15.495628356933594,
          "acoustic_entropy_side": 15.149306297302246,
          "hz": 20153.260054456492
        },
        {
          "acoustic_entropy": 15.108559608459473,
          "acoustic_entropy_side": 15.1030912399292,
          "hz": 22000.00000000001
        }
      ],
      "diff_acoustic_entropy": 7.172138214111328,
      "sn": 12
    },
    {
      "acoustic_entropy": 23.33885955810547,
      "acoustic_entropy_mono": 21.587543487548828,
      "band_eliminated_acoustic_entropies": [
        {
          "acoustic_entropy": 23.068313598632812,
          "acoustic_entropy_side": 23.285179138183594,
          "hz": 129.47220167065723
        },
        {
          "acoustic_entropy": 23.716978073120117,
          "acoustic_entropy_side": 23.453168869018555,
          "hz": 202.92927478742237
        },
        {
          "acoustic_entropy": 23.771892547607422,
          "acoustic_entropy_side": 23.91229820251465,
          "hz": 282.89161906338205
        },
        {
          "acoustic_entropy": 24.39063262939453,
          "acoustic_entropy_side": 23.185531616210938,
          "hz": 369.9353335868758
        },
        {
          "acoustic_entropy": 24.041719436645508,
          "acoustic_entropy_side": 23.97383689880371,
          "hz": 464.6875360973435
        },
        {
          "acoustic_entropy": 23.390270233154297,
          "acoustic_entropy_side": 23.65888214111328,
          "hz": 567.8308811364784
        },
        {
          "acoustic_entropy": 23.708826065063477,
          "acoustic_entropy_side": 23.67105484008789,
          "hz": 680.1084783214808
        },
        {
          "acoustic_entropy": 23.385536193847656,
          "acoustic_entropy_side": 23.809219360351562,
          "hz": 802.3292461747484
        },
        {
          "acoustic_entropy": 24.125436782836914,
          "acoustic_entropy_side": 24.132482528686523,
          "hz": 935.3737400823702
        },
        {
          "acoustic_entropy": 24.867080688476562,
          "acoustic_entropy_side": 23.703882217407227,
          "hz": 1080.2004963696966
        },
        {
          "acoustic_entropy": 23.382139205932617,
          "acoustic_entropy_side": 23.44097328186035,
          "hz": 1237.8529382007157
        },
        {
          "acoustic_entropy": 23.89752769470215,
          "acoustic_entropy_side": 23.939943313598633,
          "hz": 1409.4668930556702
        },
        {
          "acoustic_entropy": 23.953723907470703,
          "acoustic_entropy_side": 23.034690856933594,
          "hz": 1596.2787759475705
        },
        {
          "acoustic_entropy": 23.560319900512695,
          "acoustic_entropy_side": 23.215654373168945,
          "hz": 1799.6344973346393
        },
        {
          "acoustic_entropy": 23.234556198120117,
          "acoustic_entropy_side": 22.780487060546875,
          "hz": 2020.9991599069049
        },
        {
          "acoustic_entropy": 23.054241180419922,
          "acoustic_entropy_side": 23.36927032470703,
          "hz": 2261.9676141086993
        },
        {
          "acoustic_entropy": 23.997528076171875,
          "acoustic_entropy_side": 23.336261749267578,
          "hz": 2524.2759484456974
        },
        {
          "acoustic_entropy": 24.147672653198242,
          "acoustic_entropy_side": 23.65032196044922,
          "hz": 2809.813997359896
        },
        {
          "acoustic_entropy": 22.86471176147461,
          "acoustic_entropy_side": 22.960195541381836,
          "hz": 3120.6389567871424
        },
        {
