{
  "acoustic_entropy": 147.73760986328125,
  "bands": [
    {
      "high_freq": 148.1999969482422,
      "loudness": -33.2245979309082,
      "loudness_range": 24.79726219177246,
      "mid_mean": -29.595510482788086,
      "mid_to_side_loudness": -41.11624526977539,
      "mid_to_side_loudness_range": 2.769603729248047,
      "side_mean": -65.60909271240234
    },
    {
      "high_freq": 392.3793640136719,
      "loudness": -28.5234432220459,
      "loudness_range": 12.66170883178711,
      "low_freq": 148.1999969482422,
      "mid_mean": -24.865501403808594,
      "mid_to_side_loudness": -42.915855407714844,
      "mid_to_side_loudness_range": 5.487483978271484,
      "side_mean": -65.10165405273438
    },
    {
      "high_freq": 794.6976318359375,
      "loudness": -27.03790283203125,
      "loudness_range": 17.35714340209961,
      "low_freq": 392.3793640136719,
      "mid_mean": -23.3912410736084,
      "mid_to_side_loudness": -42.532325744628906,
      "mid_to_side_loudness_range": 4.589908599853516,
      "side_mean": -63.83174514770508
    },
    {
      "high_freq": 1457.5709228515625,
      "loudness": -30.048839569091797,
      "loudness_range": 22.68716812133789,
      "low_freq": 794.6976318359375,
      "mid_mean": -26.38014793395996,
      "mid_to_side_loudness": -43.89091491699219,
      "mid_to_side_loudness_range": 9.382373809814453,
      "side_mean": -65.46942138671875
    },
    {
      "high_freq": 2549.74365234375,
      "loudness": -33.606224060058594,
      "loudness_range": 21.36652183532715,
      "low_freq": 1457.5709228515625,
      "mid_mean": -29.99095344543457,
      "mid_to_side_loudness": -44.00214385986328,
      "mid_to_side_loudness_range": 10.394638061523438,
      "side_mean": -67.50753784179688
    },
    {
      "high_freq": 4349.24462890625,
      "loudness": -35.96194839477539,
      "loudness_range": 20.70586395263672,
      "low_freq": 2549.74365234375,
      "mid_mean": -32.324798583984375,
      "mid_to_side_loudness": -43.70382308959961,
      "mid_to_side_loudness_range": 12.031543731689453,
      "side_mean": -68.6886978149414
    },
    {
      "high_freq": 7314.1640625,
      "loudness": -42.53771209716797,
      "loudness_range": 20.098583221435547,
      "low_freq": 4349.24462890625,
      "mid_mean": -38.94450378417969,
      "mid_to_side_loudness": -44.57357406616211,
      "mid_to_side_loudness_range": 13.881092071533203,
      "side_mean": -69.6617431640625
    },
    {
      "high_freq": 12199.2666015625,
      "loudness": -49.74797439575195,
      "loudness_range": 23.558677673339844,
      "low_freq": 7314.1640625,
      "mid_mean": -46.88654708862305,
      "mid_to_side_loudness": -47.23197937011719,
      "mid_to_side_loudness_range": 21.828285217285156,
      "side_mean": -69.92526245117188
    },
    {
      "loudness": -63.088050842285156,
      "loudness_range": 12.334705352783203,
      "low_freq": 12199.2666015625,
      "mid_mean": -59.0379753112793,
      "mid_to_side_loudness": -47.91259002685547,
      "mid_to_side_loudness_range": 25.575687408447266,
      "side_mean": -69.99855041503906
    }
  ],
  "bands_short": [
    {
      "high_freq": 148.1999969482422,
      "loudness": -37.8044319152832,
      "loudness_range": 31.030473709106445,
      "mid_mean": -34.28740310668945,
      "mid_to_side_loudness": -40.97163391113281,
      "mid_to_side_loudness_range": 6.229278564453125,
      "side_mean": -66.85598754882812
    },
    {
      "high_freq": 392.3793640136719,
      "loudness": -29.074417114257812,
      "loudness_range": 17.041404724121094,
      "low_freq": 148.1999969482422,
      "mid_mean": -25.46042251586914,
      "mid_to_side_loudness": -43.334102630615234,
      "mid_to_side_loudness_range": 9.658222198486328,
      "side_mean": -65.3514633178711
    },
    {
      "high_freq": 794.6976318359375,
      "loudness": -27.92865753173828,
      "loudness_range": 19.44049072265625,
      "low_freq": 392.3793640136719,
      "mid_mean": -24.30191421508789,
      "mid_to_side_loudness": -42.60041427612305,
      "mid_to_side_loudness_range": 6.547725677490234,
      "side_mean": -64.45880126953125
    },
    {
      "high_freq": 1457.5709228515625,
      "loudness": -31.116443634033203,
      "loudness_range": 24.467933654785156,
      "low_freq": 794.6976318359375,
      "mid_mean": -27.480478286743164,
      "mid_to_side_loudness": -43.11642837524414,
      "mid_to_side_loudness_range": 8.071762084960938,
      "side_mean": -66.08541870117188
    },
    {
      "high_freq": 2549.74365234375,
      "loudness": -34.863468170166016,
      "loudness_range": 24.009977340698242,
      "low_freq": 1457.5709228515625,
      "mid_mean": -31.256420135498047,
      "mid_to_side_loudness": -42.68284225463867,
      "mid_to_side_loudness_range": 7.338108062744141,
      "side_mean": -67.95841979980469
    },
    {
      "high_freq": 4349.24462890625,
      "loudness": -37.42888259887695,
      "loudness_range": 23.688852310180664,
      "low_freq": 2549.74365234375,
      "mid_mean": -33.80854415893555,
      "mid_to_side_loudness": -41.50509262084961,
      "mid_to_side_loudness_range": 3.9160003662109375,
      "side_mean": -68.85889434814453
    },
    {
      "high_freq": 7314.1640625,
      "loudness": -45.05008316040039,
      "loudness_range": 25.61526107788086,
      "low_freq": 4349.24462890625,
      "mid_mean": -41.68754577636719,
      "mid_to_side_loudness": -42.3349609375,
      "mid_to_side_loudness_range": 8.989398956298828,
      "side_mean": -69.71720886230469
    },
    {
      "high_freq": 12199.2666015625,
      "loudness": -53.577083587646484,
      "loudness_range": 30.945777893066406,
      "low_freq": 7314.1640625,
      "mid_mean": -49.7282829284668,
      "mid_to_side_loudness": -43.22331619262695,
      "mid_to_side_loudness_range": 15.516624450683594,
      "side_mean": -69.93852233886719
    },
    {
      "loudness": -63.859596252441406,
      "loudness_range": 13.32900619506836,
      "low_freq": 12199.2666015625,
      "mid_mean": -59.70242691040039,
      "mid_to_side_loudness": -44.07313919067383,
      "mid_to_side_loudness_range": 27.689788818359375,
      "side_mean": -69.99872589111328
    }
  ],
  "bandwidth": 692.9837646484375,
  "channels": 2,
  "covariance": [
    [
      73.68933868408203,
      34.1587028503418,
      17.565021514892578,
      6.987074851989746,
      9.141700744628906,
      2.966869831085205,
      11.754837989807129,
      5.193698406219482,
      13.247261047363281,
      3.6642801761627197,
      15.422296524047852,
      1.9170398712158203,
      26.43923568725586,
      0.9894016981124878,
      31.58004379272461,
      0.26090264320373535,
      10.586666107177734,
      0.010225129313766956
    ],
    [
      34.1587028503418,
      18.708513259887695,
      8.74251937866211,
      3.996727228164673,
      5.067167282104492,
      2.4726736545562744,
      5.727330684661865,
      2.72784686088562,
      6.877408981323242,
      2.1156997680664062,
      7.797745227813721,
      1.1459275484085083,
      13.467686653137207,
      0.5811830163002014,
      15.782249450683594,
      0.14535225927829742,
      5.926558017730713,
      0.005994182080030441
    ],
    [
      17.565021514892578,
      8.74251937866211,
      26.493989944458008,
      13.0221529006958,
      11.25660514831543,
      4.6599836349487305,
      9.123701095581055,
      3.4170913696289062,
      13.033326148986816,
      3.6083455085754395,
      13.053074836730957,
      2.4153850078582764,
      14.138789176940918,
      0.6771681904792786,
      22.27686882019043,
      0.17562822997570038,
      7.967280864715576,
      0.0023309607058763504
    ],
    [
      6.987074851989746,
      3.996727228164673,
      13.0221529006958,
      9.989480018615723,
      4.8573455810546875,
      3.2520084381103516,
      2.7116081714630127,
      1.70723557472229,
      5.536889553070068,
      2.726654052734375,
      4.888315200805664,
      2.310962200164795,
      6.310109615325928,
      0.6626670956611633,
      11.52413558959961,
      0.15377093851566315,
      5.020309925079346,
      0.0012256642803549767
    ],
    [
      9.141700744628906,
      5.067167282104492,
      11.25660514831543,
      4.8573455810546875,
      39.250980377197266,
      27.567245483398438,
      28.059236526489258,
      14.54076099395752,
      23.019386291503906,
      7.319993019104004,
      24.045724868774414,
      4.799452304840088,
      21.95541000366211,
      1.2094149589538574,
      29.878456115722656,
      0.2373703569173813,
      12.879392623901367,
      -0.0006596355815418065
    ],
    [
      2.966869831085205,
      2.4726736545562744,
      4.6599836349487305,
      3.2520084381103516,
      27.567245483398438,
      23.80759620666504,
      18.370115280151367,
      11.576703071594238,
      14.169549942016602,
      5.875933647155762,
      15.530695915222168,
      4.361785411834717,
      13.9822359085083,
      1.1272279024124146,
      20.22486114501953,
      0.21614408493041992,
      9.890830039978027,
      -0.002127726562321186
    ],
    [
      11.754837989807129,
      5.727330684661865,
      9.123701095581055,
      2.7116081714630127,
      28.059236526489258,
      18.370115280151367,
      62.758670806884766,
      37.2886962890625,
      31.760513305664062,
      11.452204704284668,
      38.258079528808594,
      7.938188552856445,
      29.178489685058594,
      1.2883294820785522,
      40.04911422729492,
      0.19830337166786194,
      18.029354095458984,
      0.00659834872931242
    ],
    [
      5.193698406219482,
      2.72784686088562,
      3.4170913696289062,
      1.70723557472229,
      14.54076099395752,
      11.576703071594238,
      37.2886962890625,
      26.793893814086914,
      16.87128257751465,
      8.091499328613281,
      22.336463928222656,
      6.403534412384033,
      15.28936767578125,
      1.0934269428253174,
      22.87274742126465,
      0.1691036820411682,
      11.319790840148926,
      0.00466310977935791
    ],
    [
      13.247261047363281,
      6.877408981323242,
      13.033326148986816,
      5.536889553070068,
      23.019386291503906,
      14.169549942016602,
      31.760513305664062,
      16.87128257751465,
      56.357269287109375,
      21.716156005859375,
      42.89011001586914,
      7.90703821182251,
      35.92565155029297,
      1.7648921012878418,
      41.828556060791016,
      0.2655993103981018,
      17.966787338256836,
      0.007267944980412722
    ],
    [
      3.6642801761627197,
      2.1156997680664062,
      3.6083455085754395,
      2.726654052734375,
      7.319993019104004,
      5.875933647155762,
      11.452204704284668,
      8.091499328613281,
      21.716156005859375,
      13.02273178100586,
      16.15216636657715,
      5.386929035186768,
      13.39270305633545,
      1.2664952278137207,
      14.795716285705566,
      0.20721107721328735,
      7.247230529785156,
      0.004886134527623653
    ],
    [
      15.422296524047852,
      7.797745227813721,
      13.053074836730957,
      4.888315200805664,
      24.045724868774414,
      15.530695915222168,
      38.258079528808594,
      22.336463928222656,
      42.89011001586914,
      16.15216636657715,
      51.64606475830078,
      9.5349760055542,
      42.040184020996094,
      1.8923786878585815,
      47.82866668701172,
      0.29763373732566833,
      20.58123779296875,
      0.009459509514272213
    ],
    [
      1.9170398712158203,
      1.1459275484085083,
      2.4153850078582764,
      2.310962200164795,
      4.799452304840088,
      4.361785411834717,
      7.938188552856445,
      6.403534412384033,
      7.90703821182251,
      5.386929035186768,
      9.5349760055542,
      5.649394989013672,
      7.215353012084961,
      1.231995701789856,
      8.618081092834473,
      0.2007511854171753,
      4.454220294952393,
      0.005350556690245867
    ],
    [
      26.43923568725586,
      13.467686653137207,
      14.138789176940918,
      6.310109615325928,
      21.95541000366211,
      13.9822359085083,
      29.178489685058594,
      15.28936767578125,
      35.92565155029297,
      13.39270305633545,
      42.040184020996094,
      7.215353012084961,
      54.998443603515625,
      2.5187137126922607,
      55.082515716552734,
      0.48345130681991577,
      22.63385581970215,
      0.012705482542514801
    ],
    [
      0.9894016981124878,
      0.5811830163002014,
      0.6771681904792786,
      0.6626670956611633,
      1.2094149589538574,
      1.1272279024124146,
      1.2883294820785522,
      1.0934269428253174,
      1.7648921012878418,
      1.2664952278137207,
      1.8923786878585815,
      1.231995701789856,
      2.5187137126922607,
      0.6578068733215332,
      2.6217634677886963,
      0.15478017926216125,
      1.2088929414749146,
      0.004135788418352604
    ],
    [
      31.58004379272461,
      15.782249450683594,
      22.27686882019043,
      11.52413558959961,
      29.878456115722656,
      20.22486114501953,
      40.04911422729492,
      22.87274742126465,
      41.828556060791016,
      14.795716285705566,
      47.82866668701172,
      8.618081092834473,
      55.082515716552734,
      2.6217634677886963,
      82.65291595458984,
      0.6910179257392883,
      29.888530731201172,
      0.014852702617645264
    ],
    [
      0.26090264320373535,
      0.14535225927829742,
      0.17562822997570038,
      0.15377093851566315,
      0.2373703569173813,
      0.21614408493041992,
      0.19830337166786194,
      0.1691036820411682,
      0.2655993103981018,
      0.20721107721328735,
      0.29763373732566833,
      0.2007511854171753,
      0.48345130681991577,
      0.15478017926216125,
      0.6910179257392883,
      0.08912577480077744,
      0.3031737208366394,
      0.0024289146531373262
    ],
    [
      10.586666107177734,
      5.926558017730713,
      7.967280864715576,
      5.020309925079346,
      12.879392623901367,
      9.890830039978027,
      18.029354095458984,
      11.319790840148926,
      17.966787338256836,
      7.247230529785156,
      20.58123779296875,
      4.454220294952393,
      22.63385581970215,
      1.2088929414749146,
      29.888530731201172,
      0.3031737208366394,
      16.522663116455078,
      0.007214967627078295
    ],
    [
      0.010225129313766956,
      0.005994182080030441,
      0.0023309607058763504,
      0.0012256642803549767,
      -0.0006596355815418065,
      -0.002127726562321186,
      0.00659834872931242,
      0.00466310977935791,
      0.007267944980412722,
      0.004886134527623653,
      0.009459509514272213,
      0.005350556690245867,
      0.012705482542514801,
      0.004135788418352604,
      0.014852702617645264,
      0.0024289146531373262,
      0.007214967627078295,
      0.00030309578869491816
    ]
  ],
  "covariance_short": [
    [
      114.86194610595703,
      38.53544998168945,
      25.559911727905273,
      11.448738098144531,
      12.763223648071289,
      2.984914541244507,
      18.612667083740234,
      6.962909698486328,
      21.40480613708496,
      5.254111289978027,
      21.797697067260742,
      1.9725865125656128,
      31.274112701416016,
      0.7356027960777283,
      30.969757080078125,
      0.12626902759075165,
      10.667534828186035,
      0.006516661494970322
    ],
    [
      38.53544998168945,
      16.693384170532227,
      12.42701530456543,
      6.919192790985107,
      6.006826877593994,
      2.1759207248687744,
      6.580744743347168,
      2.594550848007202,
      7.9712347984313965,
      2.0236268043518066,
      7.608434677124023,
      0.8654356002807617,
      11.739884376525879,
      0.3527607023715973,
      12.099045753479004,
      0.06831520050764084,
      4.522915840148926,
      0.004858819302171469
    ],
    [
      25.559911727905273,
      12.42701530456543,
      38.9167366027832,
      19.469219207763672,
      18.654054641723633,
      7.253734588623047,
      15.266704559326172,
      4.886105060577393,
      18.787601470947266,
      4.194530963897705,
      18.138330459594727,
      2.6923465728759766,
      22.121768951416016,
      0.7833091020584106,
      27.062744140625,
      0.20485113561153412,
      8.765257835388184,
      0.005011214409023523
    ],
    [
      11.448738098144531,
      6.919192790985107,
      19.469219207763672,
      16.03018569946289,
      8.169964790344238,
      5.2605509757995605,
      5.822250843048096,
      2.7856931686401367,
      8.3605375289917,
      3.253735303878784,
      7.958537578582764,
      2.5239548683166504,
      11.377662658691406,
      0.8139022588729858,
      15.07860279083252,
      0.20542015135288239,
      5.740610599517822,
      0.005164426751434803
    ],
    [
      12.763223648071289,
      6.006826877593994,
      18.654054641723633,
      8.169964790344238,
      50.04257583618164,
      31.58516502380371,
      34.20630645751953,
      15.482460975646973,
      29.749290466308594,
      7.665592193603516,
      31.71353530883789,
      5.098726272583008,
      32.81312561035156,
      1.2415521144866943,
      36.97145080566406,
      0.22496569156646729,
      14.171286582946777,
      -0.0006516159046441317
    ],
    [
      2.984914541244507,
      2.1759207248687744,
      7.253734588623047,
      5.2605509757995605,
      31.58516502380371,
      27.332862854003906,
      20.115095138549805,
      11.597113609313965,
      16.597753524780273,
      5.954772472381592,
      18.527301788330078,
      4.511817932128906,
      19.05980682373047,
      1.1519176959991455,
      23.654325485229492,
      0.21864429116249084,
      10.027698516845703,
      -0.003213504096493125
    ],
    [
      18.612667083740234,
      6.580744743347168,
      15.266704559326172,
      5.822250843048096,
      34.20630645751953,
      20.115095138549805,
      72.84786224365234,
      38.561256408691406,
      38.37388610839844,
      11.042291641235352,
      46.7459716796875,
      8.176229476928711,
      40.7304573059082,
      1.4293256998062134,
      48.853515625,
      0.22179540991783142,
      19.91166877746582,
      0.006965933833271265
    ],
    [
      6.962909698486328,
      2.594550848007202,
      4.886105060577393,
      2.7856931686401367,
      15.482460975646973,
      11.597113609313965,
      38.561256408691406,
      27.787456512451172,
      17.614089965820312,
      7.5748677253723145,
      24.03832244873047,
      6.333678245544434,
      19.180240631103516,
      1.1248433589935303,
      25.552488327026367,
      0.1722298264503479,
      11.228286743164062,
      0.0019104842795059085
    ],
    [
      21.40480613708496,
      7.9712347984313965,
      18.787601470947266,
      8.3605375289917,
      29.749290466308594,
      16.597753524780273,
      38.37388610839844,
      17.614089965820312,
      68.44615936279297,
      21.67310333251953,
      54.1368293762207,
      8.412318229675293,
      51.168270111083984,
      1.935727834701538,
      53.277530670166016,
      0.30071815848350525,
      20.409791946411133,
      0.007446431554853916
    ],
    [
      5.254111289978027,
      2.0236268043518066,
      4.194530963897705,
      3.253735303878784,
      7.665592193603516,
      5.954772472381592,
      11.042291641235352,
      7.5748677253723145,
      21.67310333251953,
      13.637311935424805,
      16.303430557250977,
      5.413567543029785,
      15.164422035217285,
      1.274532675743103,
      15.745471954345703,
      0.20320099592208862,
      6.82675838470459,
      0.003138546599075198
    ],
    [
      21.797697067260742,
      7.608434677124023,
      18.138330459594727,
      7.958537578582764,
      31.71353530883789,
      18.527301788330078,
      46.7459716796875,
      24.03832244873047,
      54.1368293762207,
      16.303430557250977,
      68.55571746826172,
      10.796638488769531,
      61.17739486694336,
      2.3328096866607666,
      62.47255325317383,
      0.4269569218158722,
      24.750242233276367,
      0.012921745888888836
    ],
    [
      1.9725865125656128,
      0.8654356002807617,
      2.6923465728759766,
      2.5239548683166504,
      5.098726272583008,
      4.511817932128906,
      8.176229476928711,
      6.333678245544434,
      8.412318229675293,
      5.413567543029785,
      10.796638488769531,
      5.993982315063477,
      9.05833911895752,
      1.3372406959533691,
      9.930636405944824,
      0.25172436237335205,
      4.637938976287842,
      0.011372950859367847
    ],
    [
      31.274112701416016,
      11.739884376525879,
      22.121768951416016,
      11.377662658691406,
      32.81312561035156,
      19.05980682373047,
      40.7304573059082,
      19.180240631103516,
      51.168270111083984,
      15.164422035217285,
      61.17739486694336,
      9.05833911895752,
      80.86904907226562,
      3.34649395942688,
      75.36457061767578,
      0.6900073289871216,
      29.296348571777344,
      0.01869427040219307
    ],
    [
      0.7356027960777283,
      0.3527607023715973,
      0.7833091020584106,
      0.8139022588729858,
      1.2415521144866943,
      1.1519176959991455,
      1.4293256998062134,
      1.1248433589935303,
      1.935727834701538,
      1.274532675743103,
      2.3328096866607666,
      1.3372406959533691,
      3.34649395942688,
      0.849046528339386,
      3.2108991146087646,
      0.20943215489387512,
      1.4564454555511475,
      0.009859109297394753
    ],
    [
      30.969757080078125,
      12.099045753479004,
      27.062744140625,
      15.07860279083252,
      36.97145080566406,
      23.654325485229492,
      48.853515625,
      25.552488327026367,
      53.277530670166016,
      15.745471954345703,
      62.47255325317383,
      9.930636405944824,
      75.36457061767578,
      3.2108991146087646,
      99.90042114257812,
      0.9111037850379944,
      35.892425537109375,
      0.021123087033629417
    ],
    [
      0.12626902759075165,
      0.06831520050764084,
      0.20485113561153412,
      0.20542015135288239,
      0.22496569156646729,
      0.21864429116249084,
      0.22179540991783142,
      0.1722298264503479,
      0.30071815848350525,
      0.20320099592208862,
      0.4269569218158722,
      0.25172436237335205,
      0.6900073289871216,
      0.20943215489387512,
      0.9111037850379944,
      0.1349778175354004,
      0.42142510414123535,
      0.006950891111046076
    ],
    [
      10.667534828186035,
      4.522915840148926,
      8.765257835388184,
      5.740610599517822,
      14.171286582946777,
      10.027698516845703,
      19.91166877746582,
      11.228286743164062,
      20.409791946411133,
      6.82675838470459,
      24.750242233276367,
      4.637938976287842,
      29.296348571777344,
      1.4564454555511475,
      35.892425537109375,
      0.42142510414123535,
      18.874853134155273,
      0.011650966480374336
    ],
    [
      0.006516661494970322,
      0.004858819302171469,
      0.005011214409023523,
      0.005164426751434803,
      -0.0006516159046441317,
      -0.003213504096493125,
      0.006965933833271265,
      0.0019104842795059085,
      0.007446431554853916,
      0.003138546599075198,
      0.012921745888888836,
      0.011372950859367847,
      0.01869427040219307,
      0.009859109297394753,
      0.021123087033629417,
      0.006950891111046076,
      0.011650966480374336,
      0.0016696401871740818
    ]
  ],
  "damage": -7.201529026031494,
  "diff_bandwidth": 705.7576293945312,
  "dissonance": 6.893426406394344,
  "drr": -19.568025588989258,
  "dynamics": 5.018796443939209,
  "format": 1245190,
  "frames": 8885184,
  "loudness": -16.54753875732422,
  "loudness_range": 14.626760482788086,
  "loudness_range_short": 18.11896324157715,
  "lowpass_true_peak_15khz": 0.05157296359539032,
  "mastering3_acoustic_entropies": [
    {
      "acoustic_entropy": 8.550154685974121,
      "acoustic_entropy_mono": 8.550156593322754,
      "band_eliminated_acoustic_entropies": [
        {
          "acoustic_entropy": 8.497922897338867,
          "acoustic_entropy_side": 8.550154685974121,
          "hz": 129.47220167065723
        },
        {
          "acoustic_entropy": 7.477885723114014,
          "acoustic_entropy_side": 8.550154685974121,
          "hz": 202.92927478742237
        },
        {
          "acoustic_entropy": 8.340245246887207,
          "acoustic_entropy_side": 8.550154685974121,
          "hz": 282.89161906338205
        },
        {
          "acoustic_entropy": 8.432984352111816,
          "acoustic_entropy_side": 8.550154685974121,
          "hz": 369.9353335868758
        },
        {
          "acoustic_entropy": 7.729848384857178,
          "acoustic_entropy_side": 8.550154685974121,
          "hz": 464.6875360973435
        },
        {
          "acoustic_entropy": 8.297791481018066,
          "acoustic_entropy_side": 8.550155639648438,
          "hz": 567.8308811364784
        },
        {
          "acoustic_entropy": 7.982618808746338,
          "acoustic_entropy_side": 8.550150871276855,
          "hz": 680.1084783214808
        },
        {
          "acoustic_entropy": 7.970999717712402,
          "acoustic_entropy_side": 8.55015754699707,
          "hz": 802.3292461747484
        },
        {
          "acoustic_entropy": 8.332667350769043,
          "acoustic_entropy_side": 8.550155639648438,
          "hz": 935.3737400823702
        },
        {
          "acoustic_entropy": 8.279950141906738,
          "acoustic_entropy_side": 8.550155639648438,
          "hz": 1080.2004963696966
        },
        {
          "acoustic_entropy": 8.785247802734375,
          "acoustic_entropy_side": 8.550154685974121,
          "hz": 1237.8529382007157
        },
        {
          "acoustic_entropy": 8.29621410369873,
          "acoustic_entropy_side": 8.550154685974121,
          "hz": 1409.4668930556702
        },
        {
          "acoustic_entropy": 7.7551679611206055,
          "acoustic_entropy_side": 8.550153732299805,
          "hz": 1596.2787759475705
        },
        {
          "acoustic_entropy": 8.409527778625488,
          "acoustic_entropy_side": 8.550154685974121,
          "hz": 1799.6344973346393
        },
        {
          "acoustic_entropy": 8.533857345581055,
          "acoustic_entropy_side": 8.550154685974121,
          "hz": 2020.9991599069049
        },
        {
          "acoustic_entropy": 8.691786766052246,
          "acoustic_entropy_side": 8.550154685974121,
          "hz": 2261.9676141086993
        },
        {
          "acoustic_entropy": 8.496064186096191,
          "acoustic_entropy_side": 8.550154685974121,
          "hz": 2524.2759484456974
        },
        {
          "acoustic_entropy": 8.600427627563477,
          "acoustic_entropy_side": 8.550154685974121,
          "hz": 2809.813997359896
        },
        {
          "acoustic_entropy": 8.436155319213867,
          "acoustic_entropy_side": 8.550154685974121,
          "hz": 3120.6389567871424
        },
        {
          "acoustic_entropy": 8.200845718383789,
          "acoustic_entropy_side": 8.550154685974121,
          "hz": 3458.990205492291
        },
        {
          "acoustic_entropy": 8.205381393432617,
          "acoustic_entropy_side": 8.550154685974121,
          "hz": 3827.305438964164
        },
        {
          "acoustic_entropy": 8.101126670837402,
          "acoustic_entropy_side": 8.550154685974121,
          "hz": 4228.238232109126
        },
        {
          "acoustic_entropy": 8.112513542175293,
          "acoustic_entropy_side": 8.550154685974121,
          "hz": 4664.6771572759235
        },
        {
          "acoustic_entropy": 7.934691429138184,
          "acoustic_entropy_side": 8.550154685974121,
          "hz": 5139.766595350093
        },
        {
          "acoustic_entropy": 8.222101211547852,
          "acoustic_entropy_side": 8.550154685974121,
          "hz": 5656.929389854203
        },
        {
          "acoustic_entropy": 8.452826499938965,
          "acoustic_entropy_side": 8.550154685974121,
          "hz": 6219.891507268283
        },
        {
          "acoustic_entropy": 8.488813400268555,
          "acoustic_entropy_side": 8.550154685974121,
          "hz": 6832.70888123896
        },
        {
          "acoustic_entropy": 8.493871688842773,
          "acoustic_entropy_side": 8.550154685974121,
          "hz": 7499.796634079867
        },
        {
          "acoustic_entropy": 8.492758750915527,
          "acoustic_entropy_side": 8.550154685974121,
          "hz": 8225.96088609342
        },
        {
          "acoustic_entropy": 8.518401145935059,
          "acoustic_entropy_side": 8.550154685974121,
          "hz": 9016.43338188839
        },
        {
          "acoustic_entropy": 8.538616180419922,
          "acoustic_entropy_side": 8.550154685974121,
          "hz": 9876.909183162974
        },
        {
          "acoustic_entropy": 8.550185203552246,
          "acoustic_entropy_side": 8.550154685974121,
          "hz": 10813.587699516042
        },
        {
          "acoustic_entropy": 8.553417205810547,
          "acoustic_entropy_side": 8.550154685974121,
          "hz": 11833.21735289826
        },
        {
          "acoustic_entropy": 8.550854682922363,
          "acoustic_entropy_side": 8.550154685974121,
          "hz": 12943.144197493959
        },
        {
          "acoustic_entropy": 8.550203323364258,
          "acoustic_entropy_side": 8.550154685974121,
          "hz": 14151.364845322005
        },
        {
          "acoustic_entropy": 8.550164222717285,
          "acoustic_entropy_side": 8.550154685974121,
          "hz": 15466.58407886509
        },
        {
          "acoustic_entropy": 8.550155639648438,
          "acoustic_entropy_side": 8.550154685974121,
          "hz": 16898.27756580493
        },
        {
          "acoustic_entropy": 8.550153732299805,
          "acoustic_entropy_side": 8.550154685974121,
          "hz": 18456.760127700032
        },
        {
          "acoustic_entropy": 8.550154685974121,
          "acoustic_entropy_side": 8.550154685974121,
          "hz": 20153.260054456492
        },
        {
          "acoustic_entropy": 8.550154685974121,
          "acoustic_entropy_side": 8.550154685974121,
          "hz": 22000.00000000001
        }
      ],
      "diff_acoustic_entropy": 5.2551045417785645,
      "sn": 6
    },
    {
      "acoustic_entropy": 11.445977210998535,
      "acoustic_entropy_mono": 11.446337699890137,
      "band_eliminated_acoustic_entropies": [
        {
          "acoustic_entropy": 11.532597541809082,
          "acoustic_entropy_side": 11.445977210998535,
          "hz": 129.47220167065723
        },
        {
          "acoustic_entropy": 11.433908462524414,
          "acoustic_entropy_side": 11.445974349975586,
          "hz": 202.92927478742237
        },
        {
          "acoustic_entropy": 11.821662902832031,
          "acoustic_entropy_side": 11.445977210998535,
          "hz": 282.89161906338205
        },
        {
          "acoustic_entropy": 11.884830474853516,
          "acoustic_entropy_side": 11.445976257324219,
          "hz": 369.9353335868758
        },
        {
          "acoustic_entropy": 11.167621612548828,
          "acoustic_entropy_side": 11.445974349975586,
          "hz": 464.6875360973435
        },
        {
          "acoustic_entropy": 11.731927871704102,
          "acoustic_entropy_side": 11.446009635925293,
          "hz": 567.8308811364784
        },
        {
          "acoustic_entropy": 11.636080741882324,
          "acoustic_entropy_side": 11.446212768554688,
          "hz": 680.1084783214808
        },
        {
          "acoustic_entropy": 11.428302764892578,
          "acoustic_entropy_side": 11.445975303649902,
          "hz": 802.3292461747484
        },
        {
          "acoustic_entropy": 12.272065162658691,
          "acoustic_entropy_side": 11.445979118347168,
          "hz": 935.3737400823702
        },
        {
          "acoustic_entropy": 12.469914436340332,
          "acoustic_entropy_side": 11.446009635925293,
          "hz": 1080.2004963696966
        },
        {
          "acoustic_entropy": 11.524187088012695,
          "acoustic_entropy_side": 11.44602108001709,
          "hz": 1237.8529382007157
        },
        {
          "acoustic_entropy": 11.31306266784668,
          "acoustic_entropy_side": 11.445981979370117,
          "hz": 1409.4668930556702
        },
        {
          "acoustic_entropy": 11.51640510559082,
          "acoustic_entropy_side": 11.445987701416016,
          "hz": 1596.2787759475705
        },
        {
          "acoustic_entropy": 11.703789710998535,
          "acoustic_entropy_side": 11.445974349975586,
          "hz": 1799.6344973346393
        },
        {
          "acoustic_entropy": 11.961432456970215,
          "acoustic_entropy_side": 11.445975303649902,
          "hz": 2020.9991599069049
        },
        {
          "acoustic_entropy": 11.783947944641113,
          "acoustic_entropy_side": 11.445979118347168,
          "hz": 2261.9676141086993
        },
        {
          "acoustic_entropy": 11.439483642578125,
          "acoustic_entropy_side": 11.445977210998535,
          "hz": 2524.2759484456974
        },
        {
          "acoustic_entropy": 11.942194938659668,
          "acoustic_entropy_side": 11.445977210998535,
          "hz": 2809.813997359896
        },
        {
          "acoustic_entropy": 11.251537322998047,
          "acoustic_entropy_side": 11.445977210998535,
          "hz": 3120.6389567871424
        },
        {
          "acoustic_entropy": 10.880627632141113,
          "acoustic_entropy_side": 11.445977210998535,
          "hz": 3458.990205492291
        },
        {
          "acoustic_entropy": 11.049080848693848,
          "acoustic_entropy_side": 11.445977210998535,
          "hz": 3827.305438964164
        },
        {
          "acoustic_entropy": 11.661079406738281,
          "acoustic_entropy_side": 11.445977210998535,
          "hz": 4228.238232109126
        },
        {
          "acoustic_entropy": 11.710907936096191,
          "acoustic_entropy_side": 11.445977210998535,
          "hz": 4664.6771572759235
        },
        {
          "acoustic_entropy": 11.416793823242188,
          "acoustic_entropy_side": 11.445977210998535,
          "hz": 5139.766595350093
        },
        {
          "acoustic_entropy": 11.370766639709473,
          "acoustic_entropy_side": 11.445977210998535,
          "hz": 5656.929389854203
        },
        {
          "acoustic_entropy": 11.671677589416504,
          "acoustic_entropy_side": 11.445977210998535,
          "hz": 6219.891507268283
        },
        {
          "acoustic_entropy": 11.501401901245117,
          "acoustic_entropy_side": 11.445977210998535,
          "hz": 6832.70888123896
        },
        {
          "acoustic_entropy": 11.515769004821777,
          "acoustic_entropy_side": 11.445977210998535,
          "hz": 7499.796634079867
        },
        {
          "acoustic_entropy": 11.616820335388184,
          "acoustic_entropy_side": 11.445977210998535,
          "hz": 8225.96088609342
        },
        {
          "acoustic_entropy": 11.659737586975098,
          "acoustic_entropy_side": 11.445977210998535,
          "hz": 9016.43338188839
        },
        {
          "acoustic_entropy": 11.548701286315918,
          "acoustic_entropy_side": 11.445977210998535,
          "hz": 9876.909183162974
        },
        {
          "acoustic_entropy": 11.566169738769531,
          "acoustic_entropy_side": 11.445977210998535,
          "hz": 10813.587699516042
        },
        {
          "acoustic_entropy": 11.445186614990234,
          "acoustic_entropy_side": 11.445977210998535,
          "hz": 11833.21735289826
        },
        {
          "acoustic_entropy": 11.437047958374023,
          "acoustic_entropy_side": 11.445977210998535,
          "hz": 12943.144197493959
        },
        {
          "acoustic_entropy": 11.441039085388184,
          "acoustic_entropy_side": 11.445977210998535,
          "hz": 14151.364845322005
        },
        {
          "acoustic_entropy": 11.44461441040039,
          "acoustic_entropy_side": 11.445977210998535,
          "hz": 15466.58407886509
        },
        {
          "acoustic_entropy": 11.445747375488281,
          "acoustic_entropy_side": 11.445977210998535,
          "hz": 16898.27756580493
        },
        {
          "acoustic_entropy": 11.445958137512207,
          "acoustic_entropy_side": 11.445977210998535,
          "hz": 18456.760127700032
        },
        {
          "acoustic_entropy": 11.445976257324219,
          "acoustic_entropy_side": 11.445977210998535,
          "hz": 20153.260054456492
        },
        {
          "acoustic_entropy": 11.445976257324219,
          "acoustic_entropy_side": 11.445977210998535,
          "hz": 22000.00000000001
        }
      ],
      "diff_acoustic_entropy": 9.286293983459473,
      "sn": 12
    },
    {
      "acoustic_entropy": 17.637592315673828,
      "acoustic_entropy_mono": 17.66521453857422,
      "band_eliminated_acoustic_entropies": [
        {
          "acoustic_entropy": 17.422285079956055,
          "acoustic_entropy_side": 17.637592315673828,
          "hz": 129.47220167065723
        },
        {
          "acoustic_entropy": 17.596460342407227,
          "acoustic_entropy_side": 17.637619018554688,
          "hz": 202.92927478742237
        },
        {
          "acoustic_entropy": 17.961645126342773,
          "acoustic_entropy_side": 17.637454986572266,
          "hz": 282.89161906338205
        },
        {
          "acoustic_entropy": 18.055322647094727,
          "acoustic_entropy_side": 17.63836097717285,
          "hz": 369.9353335868758
        },
        {
          "acoustic_entropy": 18.078405380249023,
          "acoustic_entropy_side": 17.633962631225586,
          "hz": 464.6875360973435
        },
        {
          "acoustic_entropy": 17.00737190246582,
          "acoustic_entropy_side": 17.66702651977539,
          "hz": 567.8308811364784
        },
        {
          "acoustic_entropy": 18.466201782226562,
          "acoustic_entropy_side": 17.680831909179688,
          "hz": 680.1084783214808
        },
        {
          "acoustic_entropy": 16.99768829345703,
          "acoustic_entropy_side": 17.613840103149414,
          "hz": 802.3292461747484
        },
        {
          "acoustic_entropy": 18.134931564331055,
          "acoustic_entropy_side": 17.63648223876953,
          "hz": 935.3737400823702
        },
        {
          "acoustic_entropy": 17.59149169921875,
          "acoustic_entropy_side": 17.639463424682617,
          "hz": 1080.2004963696966
        },
        {
          "acoustic_entropy": 17.532451629638672,
          "acoustic_entropy_side": 17.63595962524414,
          "hz": 1237.8529382007157
        },
        {
          "acoustic_entropy": 17.4739933013916,
          "acoustic_entropy_side": 17.639278411865234,
          "hz": 1409.4668930556702
        },
        {
          "acoustic_entropy": 17.69883918762207,
          "acoustic_entropy_side": 17.639339447021484,
          "hz": 1596.2787759475705
        },
        {
          "acoustic_entropy": 18.237329483032227,
          "acoustic_entropy_side": 17.63753318786621,
          "hz": 1799.6344973346393
        },
        {
          "acoustic_entropy": 17.950712203979492,
          "acoustic_entropy_side": 17.63801383972168,
          "hz": 2020.9991599069049
        },
        {
          "acoustic_entropy": 17.941837310791016,
          "acoustic_entropy_side": 17.638690948486328,
          "hz": 2261.9676141086993
        },
        {
          "acoustic_entropy": 17.81521224975586,
          "acoustic_entropy_side": 17.637611389160156,
          "hz": 2524.2759484456974
        },
