{
  "acoustic_entropy": 198.1162567138672,
  "bands": [
    {
      "high_freq": 148.1999969482422,
      "loudness": -19.305152893066406,
      "loudness_range": 8.079150199890137,
      "mid_mean": -16.679964065551758,
      "mid_to_side_loudness": -6.721601486206055,
      "mid_to_side_loudness_range": 12.554024696350098,
      "side_mean": -23.288537979125977
    },
    {
      "high_freq": 392.3793640136719,
      "loudness": -17.486677169799805,
      "loudness_range": 5.673933029174805,
      "low_freq": 148.1999969482422,
      "mid_mean": -15.667426109313965,
      "mid_to_side_loudness": -2.938929319381714,
      "mid_to_side_loudness_range": 7.276828765869141,
      "side_mean": -18.37967872619629
    },
    {
      "high_freq": 794.6976318359375,
      "loudness": -20.507925033569336,
      "loudness_range": 7.02595329284668,
      "low_freq": 392.3793640136719,
      "mid_mean": -18.618783950805664,
      "mid_to_side_loudness": -3.1369824409484863,
      "mid_to_side_loudness_range": 7.336205959320068,
      "side_mean": -21.358875274658203
    },
    {
      "high_freq": 1457.5709228515625,
      "loudness": -21.488056182861328,
      "loudness_range": 5.839744567871094,
      "low_freq": 794.6976318359375,
      "mid_mean": -19.528705596923828,
      "mid_to_side_loudness": -3.5826430320739746,
      "mid_to_side_loudness_range": 8.210546493530273,
      "side_mean": -22.85440444946289
    },
    {
      "high_freq": 2549.74365234375,
      "loudness": -22.433719635009766,
      "loudness_range": 6.6872711181640625,
      "low_freq": 1457.5709228515625,
      "mid_mean": -20.297521591186523,
      "mid_to_side_loudness": -4.305619239807129,
      "mid_to_side_loudness_range": 7.20129919052124,
      "side_mean": -24.353578567504883
    },
    {
      "high_freq": 4349.24462890625,
      "loudness": -24.076969146728516,
      "loudness_range": 6.599201202392578,
      "low_freq": 2549.74365234375,
      "mid_mean": -21.656169891357422,
      "mid_to_side_loudness": -5.208944320678711,
      "mid_to_side_loudness_range": 6.516082763671875,
      "side_mean": -26.69292640686035
    },
    {
      "high_freq": 7314.1640625,
      "loudness": -27.415624618530273,
      "loudness_range": 6.887275695800781,
      "low_freq": 4349.24462890625,
      "mid_mean": -24.91937828063965,
      "mid_to_side_loudness": -5.929675102233887,
      "mid_to_side_loudness_range": 10.168395042419434,
      "side_mean": -30.458820343017578
    },
    {
      "high_freq": 12199.2666015625,
      "loudness": -31.248647689819336,
      "loudness_range": 13.26361083984375,
      "low_freq": 7314.1640625,
      "mid_mean": -28.795856475830078,
      "mid_to_side_loudness": -6.811995983123779,
      "mid_to_side_loudness_range": 13.686405181884766,
      "side_mean": -35.06010818481445
    },
    {
      "loudness": -33.055965423583984,
      "loudness_range": 13.334121704101562,
      "low_freq": 12199.2666015625,
      "mid_mean": -30.793621063232422,
      "mid_to_side_loudness": -8.00942611694336,
      "mid_to_side_loudness_range": 17.987836837768555,
      "side_mean": -38.54854202270508
    }
  ],
  "bands_short": [
    {
      "high_freq": 148.1999969482422,
      "loudness": -20.622297286987305,
      "loudness_range": 10.751495361328125,
      "mid_mean": -18.204402923583984,
      "mid_to_side_loudness": -7.013413429260254,
      "mid_to_side_loudness_range": 17.243135452270508,
      "side_mean": -25.158828735351562
    },
    {
      "high_freq": 392.3793640136719,
      "loudness": -17.171192169189453,
      "loudness_range": 5.805204391479492,
      "low_freq": 148.1999969482422,
      "mid_mean": -15.354432106018066,
      "mid_to_side_loudness": -3.2258360385894775,
      "mid_to_side_loudness_range": 9.954328536987305,
      "side_mean": -18.421171188354492
    },
    {
      "high_freq": 794.6976318359375,
      "loudness": -20.812284469604492,
      "loudness_range": 8.62514877319336,
      "low_freq": 392.3793640136719,
      "mid_mean": -19.026201248168945,
      "mid_to_side_loudness": -3.267289161682129,
      "mid_to_side_loudness_range": 10.503554344177246,
      "side_mean": -21.9005069732666
    },
    {
      "high_freq": 1457.5709228515625,
      "loudness": -21.254467010498047,
      "loudness_range": 6.6762542724609375,
      "low_freq": 794.6976318359375,
      "mid_mean": -19.416568756103516,
      "mid_to_side_loudness": -3.3909006118774414,
      "mid_to_side_loudness_range": 10.181109428405762,
      "side_mean": -22.688201904296875
    },
    {
      "high_freq": 2549.74365234375,
      "loudness": -22.603591918945312,
      "loudness_range": 7.832265853881836,
      "low_freq": 1457.5709228515625,
      "mid_mean": -20.583227157592773,
      "mid_to_side_loudness": -4.213837623596191,
      "mid_to_side_loudness_range": 8.97896671295166,
      "side_mean": -24.47371482849121
    },
    {
      "high_freq": 4349.24462890625,
      "loudness": -24.335487365722656,
      "loudness_range": 8.033946990966797,
      "low_freq": 2549.74365234375,
      "mid_mean": -22.001522064208984,
      "mid_to_side_loudness": -5.1123576164245605,
      "mid_to_side_loudness_range": 8.228048324584961,
      "side_mean": -26.850332260131836
    },
    {
      "high_freq": 7314.1640625,
      "loudness": -28.28080177307129,
      "loudness_range": 10.299440383911133,
      "low_freq": 4349.24462890625,
      "mid_mean": -26.003746032714844,
      "mid_to_side_loudness": -5.220520496368408,
      "mid_to_side_loudness_range": 10.176928520202637,
      "side_mean": -30.56503677368164
    },
    {
      "high_freq": 12199.2666015625,
      "loudness": -31.52311897277832,
      "loudness_range": 13.505998611450195,
      "low_freq": 7314.1640625,
      "mid_mean": -29.190704345703125,
      "mid_to_side_loudness": -6.365057945251465,
      "mid_to_side_loudness_range": 13.875494003295898,
      "side_mean": -35.01041030883789
    },
    {
      "loudness": -33.547306060791016,
      "loudness_range": 13.921133041381836,
      "low_freq": 12199.2666015625,
      "mid_mean": -31.267696380615234,
      "mid_to_side_loudness": -7.775548458099365,
      "mid_to_side_loudness_range": 19.080486297607422,
      "side_mean": -39.203468322753906
    }
  ],
  "bandwidth": 528.9580078125,
  "channels": 2,
  "covariance": [
    [
      14.581329345703125,
      -0.8630427122116089,
      1.3043949604034424,
      -2.299926280975342,
      1.4190621376037598,
      -2.9765148162841797,
      0.6831803321838379,
      -1.2217953205108643,
      2.0585732460021973,
      -0.14862887561321259,
      0.8248907923698425,
      0.17993418872356415,
      -0.08317681401968002,
      1.3028064966201782,
      4.351110935211182,
      1.9429048299789429,
      3.908560037612915,
      -2.6649107933044434
    ],
    [
      -0.8630427122116089,
      11.547019004821777,
      0.9119558334350586,
      3.035745620727539,
      1.588802695274353,
      3.544361114501953,
      0.8486801385879517,
      2.7044332027435303,
      1.6759741306304932,
      3.7515780925750732,
      0.8408100008964539,
      3.399441957473755,
      1.5386970043182373,
      3.419196367263794,
      3.7338075637817383,
      4.271083831787109,
      1.3788870573043823,
      2.4033420085906982
    ],
    [
      1.3043949604034424,
      0.9119558334350586,
      6.680285453796387,
      2.2879374027252197,
      4.343839645385742,
      2.5333504676818848,
      2.091032028198242,
      2.1561455726623535,
      0.8395562171936035,
      1.12332022190094,
      -0.9495173096656799,
      -0.11300628632307053,
      -0.6723902225494385,
      0.5460653901100159,
      1.4816948175430298,
      1.8217859268188477,
      0.6780072450637817,
      2.7948203086853027
    ],
    [
      -2.299926280975342,
      3.035745620727539,
      2.2879374027252197,
      7.359269142150879,
      2.000645160675049,
      5.591115474700928,
      0.6831806898117065,
      4.285225868225098,
      0.28587639331817627,
      3.045720100402832,
      -0.6730209589004517,
      1.3219540119171143,
      -0.2043907642364502,
      2.247647762298584,
      0.0076874312944710255,
      3.397765636444092,
      -1.3992798328399658,
      4.538366794586182
    ],
    [
      1.4190621376037598,
      1.588802695274353,
      4.343839645385742,
      2.000645160675049,
      8.712410926818848,
      4.657114505767822,
      3.902561902999878,
      3.4948806762695312,
      2.4481759071350098,
      1.4696824550628662,
      -0.4206991493701935,
      0.25431984663009644,
      -0.6527910232543945,
      0.7589573264122009,
      1.2170277833938599,
      1.9909285306930542,
      0.6103963255882263,
      4.604793548583984
    ],
    [
      -2.9765148162841797,
      3.544361114501953,
      2.5333504676818848,
      5.591115474700928,
      4.657114505767822,
      10.550804138183594,
      2.01952862739563,
      6.86715030670166,
      0.13968785107135773,
      3.4898931980133057,
      -1.3935561180114746,
      1.442225694656372,
      -0.9980002641677856,
      2.608051300048828,
      -1.4926364421844482,
      3.992332696914673,
      -2.8097915649414062,
      7.713139533996582
    ],
    [
      0.6831803321838379,
      0.8486801385879517,
      2.091032028198242,
      0.6831806898117065,
      3.902561902999878,
      2.01952862739563,
      6.6504106521606445,
      2.319925546646118,
      2.1885015964508057,
      2.087195873260498,
      0.009756220504641533,
      1.1368701457977295,
      -0.599125862121582,
      1.872836709022522,
      2.498645544052124,
      3.070319652557373,
      1.7858625650405884,
      2.8822720050811768
    ],
    [
      -1.2217953205108643,
      2.7044332027435303,
      2.1561455726623535,
      4.285225868225098,
      3.4948806762695312,
      6.86715030670166,
      2.319925546646118,
      9.473837852478027,
      1.1261337995529175,
      5.26577615737915,
      -0.23066973686218262,
      3.4785940647125244,
      0.1287047564983368,
      5.024672508239746,
      1.011987566947937,
      6.737762928009033,
      -0.9822738170623779,
      7.26377010345459
    ],
    [
      2.0585732460021973,
      1.6759741306304932,
      0.8395562171936035,
      0.28587639331817627,
      2.4481759071350098,
      0.13968785107135773,
      2.1885015964508057,
      1.1261337995529175,
      9.101768493652344,
      5.986664772033691,
      5.123434543609619,
      5.268603801727295,
      3.2648465633392334,
      5.7607221603393555,
      3.642347574234009,
      5.454835414886475,
      2.333493232727051,
      2.7256863117218018
    ],
    [
      -0.14862887561321259,
      3.7515780925750732,
      1.12332022190094,
      3.045720100402832,
      1.4696824550628662,
      3.4898931980133057,
      2.087195873260498,
      5.26577615737915,
      5.986664772033691,
      14.907008171081543,
      4.466003894805908,
      11.012008666992188,
      4.2833638191223145,
      12.162630081176758,
      6.157020092010498,
      12.193923950195312,
      2.1722207069396973,
      7.355036735534668
    ],
    [
      0.8248907923698425,
      0.8408100008964539,
      -0.9495173096656799,
      -0.6730209589004517,
      -0.4206991493701935,
      -1.3935561180114746,
      0.009756220504641533,
      -0.23066973686218262,
      5.123434543609619,
      4.466003894805908,
      7.3958306312561035,
      6.005349159240723,
      5.07380485534668,
      5.546478748321533,
      2.8528923988342285,
      4.158122539520264,
      1.4256285429000854,
      -0.4791963994503021
    ],
    [
      0.17993418872356415,
      3.399441957473755,
      -0.11300628632307053,
      1.3219540119171143,
      0.25431984663009644,
      1.442225694656372,
      1.1368701457977295,
      3.4785940647125244,
      5.268603801727295,
      11.012008666992188,
      6.005349159240723,
      15.12669563293457,
      5.41776180267334,
      12.840757369995117,
      6.651410102844238,
      10.741677284240723,
      2.0296645164489746,
      5.27058219909668
    ],
    [
      -0.08317681401968002,
      1.5386970043182373,
      -0.6723902225494385,
      -0.2043907642364502,
      -0.6527910232543945,
      -0.9980002641677856,
      -0.599125862121582,
      0.1287047564983368,
      3.2648465633392334,
      4.2833638191223145,
      5.07380485534668,
      5.41776180267334,
      8.379596710205078,
      5.688267707824707,
      6.588914394378662,
      4.57585334777832,
      2.836207151412964,
      -1.12239670753479
    ],
    [
      1.3028064966201782,
      3.419196367263794,
      0.5460653901100159,
      2.247647762298584,
      0.7589573264122009,
      2.608051300048828,
      1.872836709022522,
      5.024672508239746,
      5.7607221603393555,
      12.162630081176758,
      5.546478748321533,
      12.840757369995117,
      5.688267707824707,
      17.505020141601562,
      8.177268028259277,
      16.076623916625977,
      3.760526657104492,
      8.856578826904297
    ],
    [
      4.351110935211182,
      3.7338075637817383,
      1.4816948175430298,
      0.0076874312944710255,
      1.2170277833938599,
      -1.4926364421844482,
      2.498645544052124,
      1.011987566947937,
      3.642347574234009,
      6.157020092010498,
      2.8528923988342285,
      6.651410102844238,
      6.588914394378662,
      8.177268028259277,
      34.15446853637695,
      10.51154613494873,
      21.541688919067383,
      -1.998995065689087
    ],
    [
      1.9429048299789429,
      4.271083831787109,
      1.8217859268188477,
      3.397765636444092,
      1.9909285306930542,
      3.992332696914673,
      3.070319652557373,
      6.737762928009033,
      5.454835414886475,
      12.193923950195312,
      4.158122539520264,
      10.741677284240723,
      4.57585334777832,
      16.076623916625977,
      10.51154613494873,
      23.325763702392578,
      4.858644962310791,
      11.523783683776855
    ],
    [
      3.908560037612915,
      1.3788870573043823,
      0.6780072450637817,
      -1.3992798328399658,
      0.6103963255882263,
      -2.8097915649414062,
      1.7858625650405884,
      -0.9822738170623779,
      2.333493232727051,
      2.1722207069396973,
      1.4256285429000854,
      2.0296645164489746,
      2.836207151412964,
      3.760526657104492,
      21.541688919067383,
      4.858644962310791,
      32.53176498413086,
      -2.107555627822876
    ],
    [
      -2.6649107933044434,
      2.4033420085906982,
      2.7948203086853027,
      4.538366794586182,
      4.604793548583984,
      7.713139533996582,
      2.8822720050811768,
      7.26377010345459,
      2.7256863117218018,
      7.355036735534668,
      -0.4791963994503021,
      5.27058219909668,
      -1.12239670753479,
      8.856578826904297,
      -1.998995065689087,
      11.523783683776855,
      -2.107555627822876,
      30.528221130371094
    ]
  ],
  "covariance_short": [
    [
      23.402477264404297,
      0.4370586574077606,
      2.417527914047241,
      -3.004598617553711,
      0.4829719066619873,
      -4.10374641418457,
      0.21817824244499207,
      -1.7984744310379028,
      2.7207279205322266,
      0.48317041993141174,
      1.741065263748169,
      1.942068099975586,
      2.469508647918701,
      3.341423749923706,
      3.461512565612793,
      1.7678474187850952,
      2.756343364715576,
      -3.2512192726135254
    ],
    [
      0.4370586574077606,
      21.033641815185547,
      -0.3442208468914032,
      2.615046501159668,
      1.0233330726623535,
      2.520479440689087,
      0.3268923759460449,
      2.1477532386779785,
      2.29580020904541,
      4.0526862144470215,
      1.8924936056137085,
      4.378079414367676,
      3.7407991886138916,
      4.30161190032959,
      3.724114418029785,
      3.6175501346588135,
      2.0514254570007324,
      0.9522606134414673
    ],
    [
      2.417527914047241,
      -0.3442208468914032,
      8.308172225952148,
      1.5056383609771729,
      3.396148920059204,
      1.860178828239441,
      1.5921595096588135,
      1.3095906972885132,
      0.9282939434051514,
      0.23461627960205078,
      -0.8276186585426331,
      -0.6025861501693726,
      0.12926848232746124,
      0.20455168187618256,
      0.8645522594451904,
      0.5528112053871155,
      0.26359888911247253,
      2.308663845062256
    ],
    [
      -3.004598617553711,
      2.615046501159668,
      1.5056383609771729,
      9.703547477722168,
      1.4466171264648438,
      5.396753311157227,
      0.2776850163936615,
      3.768427610397339,
      0.4548439681529999,
      3.0234875679016113,
      -0.46524086594581604,
      1.7167558670043945,
      0.5450173020362854,
      2.2293648719787598,
      0.16275560855865479,
      3.128713846206665,
      -0.9394353628158569,
      5.004357814788818
    ],
    [
      0.4829719066619873,
      1.0233330726623535,
      3.396148920059204,
      1.4466171264648438,
      13.210577964782715,
      4.433929920196533,
      4.529967308044434,
      2.9856462478637695,
      3.0303401947021484,
      1.5342379808425903,
      -0.06107668951153755,
      0.5284262299537659,
      0.08879934996366501,
      0.7959403991699219,
      1.9528559446334839,
      1.7464406490325928,
      1.1640006303787231,
      4.228199005126953
    ],
    [
      -4.10374641418457,
      2.520479440689087,
      1.860178828239441,
      5.396753311157227,
      4.433929920196533,
      14.035470962524414,
      1.865903377532959,
      6.4345550537109375,
      0.38553306460380554,
      3.6723620891571045,
      -1.1872987747192383,
      2.019361972808838,
      -0.37591028213500977,
      2.7457900047302246,
      -1.5634949207305908,
      3.8100016117095947,
      -2.721477508544922,
      8.885141372680664
    ],
    [
      0.21817824244499207,
      0.3268923759460449,
      1.5921595096588135,
      0.2776850163936615,
      4.529967308044434,
      1.865903377532959,
      9.163822174072266,
      2.294642925262451,
      2.6484835147857666,
      1.8728996515274048,
      0.796975314617157,
      1.3173589706420898,
      1.6386048793792725,
      2.081545114517212,
      1.8251515626907349,
      2.061762809753418,
      0.7947638034820557,
      3.3192009925842285
    ],
    [
      -1.7984744310379028,
      2.1477532386779785,
      1.3095906972885132,
      3.768427610397339,
      2.9856462478637695,
      6.4345550537109375,
      2.294642925262451,
      10.040051460266113,
      1.172598123550415,
      5.16873025894165,
      0.13299442827701569,
      4.09271240234375,
      0.9492182731628418,
      4.805671215057373,
      0.42716825008392334,
      5.555308818817139,
      -1.6290327310562134,
      7.627681255340576
    ],
    [
      2.7207279205322266,
      2.29580020904541,
      0.9282939434051514,
      0.4548439681529999,
      3.0303401947021484,
      0.38553306460380554,
      2.6484835147857666,
      1.172598123550415,
      12.929707527160645,
      7.270805835723877,
      6.664597034454346,
      5.857048988342285,
      6.350926876068115,
      6.222752571105957,
      4.3055291175842285,
      5.108953475952148,
      3.1913950443267822,
      3.356297254562378
    ],
    [
      0.48317041993141174,
      4.0526862144470215,
      0.23461627960205078,
      3.0234875679016113,
      1.5342379808425903,
      3.6723620891571045,
      1.8728996515274048,
      5.16873025894165,
      7.270805835723877,
      17.7833309173584,
      6.039429187774658,
      12.17258358001709,
      8.32109260559082,
      12.567988395690918,
      6.538241863250732,
      10.969059944152832,
      2.709590196609497,
      8.837430000305176
    ],
    [
      1.741065263748169,
      1.8924936056137085,
      -0.8276186585426331,
      -0.46524086594581604,
      -0.06107668951153755,
      -1.1872987747192383,
      0.796975314617157,
      0.13299442827701569,
      6.664597034454346,
      6.039429187774658,
      11.962203979492188,
      8.063358306884766,
      9.094014167785645,
      6.89396858215332,
      4.855445384979248,
      4.938191890716553,
      2.8361732959747314,
      0.27064669132232666
    ],
    [
      1.942068099975586,
      4.378079414367676,
      -0.6025861501693726,
      1.7167558670043945,
      0.5284262299537659,
      2.019361972808838,
      1.3173589706420898,
      4.09271240234375,
      5.857048988342285,
      12.17258358001709,
      8.063358306884766,
      19.14352035522461,
      9.577170372009277,
      14.05532455444336,
      7.524415493011475,
      10.971571922302246,
      2.8797085285186768,
      6.836884021759033
    ],
    [
      2.469508647918701,
      3.7407991886138916,
      0.12926848232746124,
      0.5450173020362854,
      0.08879934996366501,
      -0.37591028213500977,
      1.6386048793792725,
      0.9492182731628418,
      6.350926876068115,
      8.32109260559082,
      9.094014167785645,
      9.577170372009277,
      20.826738357543945,
      12.833603858947754,
      14.325868606567383,
      8.741228103637695,
      7.777620792388916,
      2.222503423690796
    ],
    [
      3.341423749923706,
      4.30161190032959,
      0.20455168187618256,
      2.2293648719787598,
      0.7959403991699219,
      2.7457900047302246,
      2.081545114517212,
      4.805671215057373,
      6.222752571105957,
      12.567988395690918,
      6.89396858215332,
      14.05532455444336,
      12.833603858947754,
      23.873165130615234,
      10.091812133789062,
      17.020992279052734,
      5.590013027191162,
      11.671211242675781
    ],
    [
      3.461512565612793,
      3.724114418029785,
      0.8645522594451904,
      0.16275560855865479,
      1.9528559446334839,
      -1.5634949207305908,
      1.8251515626907349,
      0.42716825008392334,
      4.3055291175842285,
      6.538241863250732,
      4.855445384979248,
      7.524415493011475,
      14.325868606567383,
      10.091812133789062,
      34.98357391357422,
      8.565028190612793,
      23.44232177734375,
      0.8805217742919922
    ],
    [
      1.7678474187850952,
      3.6175501346588135,
      0.5528112053871155,
      3.128713846206665,
      1.7464406490325928,
      3.8100016117095947,
      2.061762809753418,
      5.555308818817139,
      5.108953475952148,
      10.969059944152832,
      4.938191890716553,
      10.971571922302246,
      8.741228103637695,
      17.020992279052734,
      8.565028190612793,
      24.173736572265625,
      5.375730991363525,
      16.13663101196289
    ],
    [
      2.756343364715576,
      2.0514254570007324,
      0.26359888911247253,
      -0.9394353628158569,
      1.1640006303787231,
      -2.721477508544922,
      0.7947638034820557,
      -1.6290327310562134,
      3.1913950443267822,
      2.709590196609497,
      2.8361732959747314,
      2.8797085285186768,
      7.777620792388916,
      5.590013027191162,
      23.44232177734375,
      5.375730991363525,
      36.40251541137695,
      1.8305649757385254
    ],
    [
      -3.2512192726135254,
      0.9522606134414673,
      2.308663845062256,
      5.004357814788818,
      4.228199005126953,
      8.885141372680664,
      3.3192009925842285,
      7.627681255340576,
      3.356297254562378,
      8.837430000305176,
      0.27064669132232666,
      6.836884021759033,
      2.222503423690796,
      11.671211242675781,
      0.8805217742919922,
      16.13663101196289,
      1.8305649757385254,
      43.574119567871094
    ]
  ],
  "damage": -4.809117794036865,
  "diff_bandwidth": 636.8322143554688,
  "dissonance": 8.427826433559758,
  "drr": 8.781990051269531,
  "dynamics": 1.4520379304885864,
  "format": 1245190,
  "frames": 16272320,
  "loudness": -8.75562572479248,
  "loudness_range": 2.4161376953125,
  "loudness_range_short": 2.792487621307373,
  "lowpass_true_peak_15khz": 1.0787136554718018,
  "mastering3_acoustic_entropies": [
    {
      "acoustic_entropy": 4.344859600067139,
      "acoustic_entropy_mono": 4.304685592651367,
      "band_eliminated_acoustic_entropies": [
        {
          "acoustic_entropy": 4.376791477203369,
          "acoustic_entropy_side": 4.3499369621276855,
          "hz": 129.47220167065723
        },
        {
          "acoustic_entropy": 4.215001583099365,
          "acoustic_entropy_side": 4.345118999481201,
          "hz": 202.92927478742237
        },
        {
          "acoustic_entropy": 4.425810813903809,
          "acoustic_entropy_side": 4.296797752380371,
          "hz": 282.89161906338205
        },
        {
          "acoustic_entropy": 4.758649826049805,
          "acoustic_entropy_side": 4.314661026000977,
          "hz": 369.9353335868758
        },
        {
          "acoustic_entropy": 4.269347667694092,
          "acoustic_entropy_side": 4.444728374481201,
          "hz": 464.6875360973435
        },
        {
          "acoustic_entropy": 4.591196537017822,
          "acoustic_entropy_side": 4.395451068878174,
          "hz": 567.8308811364784
        },
        {
          "acoustic_entropy": 4.647691249847412,
          "acoustic_entropy_side": 4.656626224517822,
          "hz": 680.1084783214808
        },
        {
          "acoustic_entropy": 4.430633544921875,
          "acoustic_entropy_side": 4.383354663848877,
          "hz": 802.3292461747484
        },
        {
          "acoustic_entropy": 4.292546272277832,
          "acoustic_entropy_side": 4.426242828369141,
          "hz": 935.3737400823702
        },
        {
          "acoustic_entropy": 4.696120738983154,
          "acoustic_entropy_side": 4.340942859649658,
          "hz": 1080.2004963696966
        },
        {
          "acoustic_entropy": 4.724765300750732,
          "acoustic_entropy_side": 4.277576446533203,
          "hz": 1237.8529382007157
        },
        {
          "acoustic_entropy": 4.663679599761963,
          "acoustic_entropy_side": 4.3609700202941895,
          "hz": 1409.4668930556702
        },
        {
          "acoustic_entropy": 4.529309272766113,
          "acoustic_entropy_side": 4.355008125305176,
          "hz": 1596.2787759475705
        },
        {
          "acoustic_entropy": 4.491992950439453,
          "acoustic_entropy_side": 4.374985694885254,
          "hz": 1799.6344973346393
        },
        {
          "acoustic_entropy": 4.3546013832092285,
          "acoustic_entropy_side": 4.36779260635376,
          "hz": 2020.9991599069049
        },
        {
          "acoustic_entropy": 4.188355445861816,
          "acoustic_entropy_side": 4.278179168701172,
          "hz": 2261.9676141086993
        },
        {
          "acoustic_entropy": 4.143045902252197,
          "acoustic_entropy_side": 4.278134822845459,
          "hz": 2524.2759484456974
        },
        {
          "acoustic_entropy": 4.163579940795898,
          "acoustic_entropy_side": 4.281277656555176,
          "hz": 2809.813997359896
        },
        {
          "acoustic_entropy": 4.3123779296875,
          "acoustic_entropy_side": 4.304375648498535,
          "hz": 3120.6389567871424
        },
        {
          "acoustic_entropy": 4.408998489379883,
          "acoustic_entropy_side": 4.338019371032715,
          "hz": 3458.990205492291
        },
        {
          "acoustic_entropy": 4.282942771911621,
          "acoustic_entropy_side": 4.318388938903809,
          "hz": 3827.305438964164
        },
        {
          "acoustic_entropy": 4.44758415222168,
          "acoustic_entropy_side": 4.3112006187438965,
          "hz": 4228.238232109126
        },
        {
          "acoustic_entropy": 4.55385684967041,
          "acoustic_entropy_side": 4.33150577545166,
          "hz": 4664.6771572759235
        },
        {
          "acoustic_entropy": 4.57661771774292,
          "acoustic_entropy_side": 4.330245018005371,
          "hz": 5139.766595350093
        },
        {
          "acoustic_entropy": 4.424073219299316,
          "acoustic_entropy_side": 4.3306779861450195,
          "hz": 5656.929389854203
        },
        {
          "acoustic_entropy": 4.3184590339660645,
          "acoustic_entropy_side": 4.331060886383057,
          "hz": 6219.891507268283
        },
        {
          "acoustic_entropy": 4.3315300941467285,
          "acoustic_entropy_side": 4.338195323944092,
          "hz": 6832.70888123896
        },
        {
          "acoustic_entropy": 4.325363636016846,
          "acoustic_entropy_side": 4.342179775238037,
          "hz": 7499.796634079867
        },
        {
          "acoustic_entropy": 4.345981121063232,
          "acoustic_entropy_side": 4.338649272918701,
          "hz": 8225.96088609342
        },
        {
          "acoustic_entropy": 4.36767578125,
          "acoustic_entropy_side": 4.3426194190979,
          "hz": 9016.43338188839
        },
        {
          "acoustic_entropy": 4.518030166625977,
          "acoustic_entropy_side": 4.343269348144531,
          "hz": 9876.909183162974
        },
        {
          "acoustic_entropy": 4.375164985656738,
          "acoustic_entropy_side": 4.343852996826172,
          "hz": 10813.587699516042
        },
        {
          "acoustic_entropy": 3.9213485717773438,
          "acoustic_entropy_side": 4.344033241271973,
          "hz": 11833.21735289826
        },
        {
          "acoustic_entropy": 4.214907169342041,
          "acoustic_entropy_side": 4.345485210418701,
          "hz": 12943.144197493959
        },
        {
          "acoustic_entropy": 4.303703308105469,
          "acoustic_entropy_side": 4.398235321044922,
          "hz": 14151.364845322005
        },
        {
          "acoustic_entropy": 4.294166564941406,
          "acoustic_entropy_side": 4.34938907623291,
          "hz": 15466.58407886509
        },
        {
          "acoustic_entropy": 4.388715744018555,
          "acoustic_entropy_side": 4.346527576446533,
          "hz": 16898.27756580493
        },
        {
          "acoustic_entropy": 4.444138050079346,
          "acoustic_entropy_side": 4.346251010894775,
          "hz": 18456.760127700032
        },
        {
          "acoustic_entropy": 4.377601623535156,
          "acoustic_entropy_side": 4.346316337585449,
          "hz": 20153.260054456492
        },
        {
          "acoustic_entropy": 4.358676433563232,
          "acoustic_entropy_side": 4.345715522766113,
          "hz": 22000.00000000001
        }
      ],
      "diff_acoustic_entropy": 2.4772815704345703,
      "sn": 6
    },
    {
      "acoustic_entropy": 8.854937553405762,
      "acoustic_entropy_mono": 8.192626953125,
      "band_eliminated_acoustic_entropies": [
        {
          "acoustic_entropy": 9.288215637207031,
          "acoustic_entropy_side": 8.887775421142578,
          "hz": 129.47220167065723
        },
        {
          "acoustic_entropy": 8.69621753692627,
          "acoustic_entropy_side": 8.820945739746094,
          "hz": 202.92927478742237
        },
        {
          "acoustic_entropy": 8.838205337524414,
          "acoustic_entropy_side": 8.817218780517578,
          "hz": 282.89161906338205
        },
        {
          "acoustic_entropy": 9.119531631469727,
          "acoustic_entropy_side": 8.568557739257812,
          "hz": 369.9353335868758
        },
        {
          "acoustic_entropy": 9.101045608520508,
          "acoustic_entropy_side": 9.358057975769043,
          "hz": 464.6875360973435
        },
        {
          "acoustic_entropy": 8.682989120483398,
          "acoustic_entropy_side": 8.696273803710938,
          "hz": 567.8308811364784
        },
        {
          "acoustic_entropy": 8.962593078613281,
          "acoustic_entropy_side": 9.311854362487793,
          "hz": 680.1084783214808
        },
        {
          "acoustic_entropy": 8.970019340515137,
          "acoustic_entropy_side": 8.815624237060547,
          "hz": 802.3292461747484
        },
        {
          "acoustic_entropy": 8.496635437011719,
          "acoustic_entropy_side": 8.723949432373047,
          "hz": 935.3737400823702
        },
        {
          "acoustic_entropy": 8.930526733398438,
          "acoustic_entropy_side": 9.03613567352295,
          "hz": 1080.2004963696966
        },
        {
          "acoustic_entropy": 8.658171653747559,
          "acoustic_entropy_side": 8.896406173706055,
          "hz": 1237.8529382007157
        },
        {
          "acoustic_entropy": 8.922745704650879,
          "acoustic_entropy_side": 8.90623664855957,
          "hz": 1409.4668930556702
        },
        {
          "acoustic_entropy": 9.027901649475098,
          "acoustic_entropy_side": 8.738618850708008,
          "hz": 1596.2787759475705
        },
        {
          "acoustic_entropy": 8.705811500549316,
          "acoustic_entropy_side": 8.843921661376953,
          "hz": 1799.6344973346393
        },
        {
          "acoustic_entropy": 8.925374984741211,
          "acoustic_entropy_side": 8.799032211303711,
          "hz": 2020.9991599069049
        },
        {
          "acoustic_entropy": 8.506952285766602,
          "acoustic_entropy_side": 8.758907318115234,
          "hz": 2261.9676141086993
        },
        {
          "acoustic_entropy": 8.392173767089844,
          "acoustic_entropy_side": 8.76055908203125,
          "hz": 2524.2759484456974
        },
        {
          "acoustic_entropy": 8.664477348327637,
          "acoustic_entropy_side": 8.760315895080566,
          "hz": 2809.813997359896
        },
        {
          "acoustic_entropy": 8.65060806274414,
          "acoustic_entropy_side": 8.731563568115234,
          "hz": 3120.6389567871424
        },
        {
          "acoustic_entropy": 8.887048721313477,
          "acoustic_entropy_side": 8.8319673538208,
          "hz": 3458.990205492291
        },
        {
          "acoustic_entropy": 9.137471199035645,
          "acoustic_entropy_side": 8.898751258850098,
          "hz": 3827.305438964164
        },
        {
          "acoustic_entropy": 8.63017463684082,
          "acoustic_entropy_side": 8.863818168640137,
          "hz": 4228.238232109126
        },
        {
          "acoustic_entropy": 8.316691398620605,
          "acoustic_entropy_side": 8.816049575805664,
          "hz": 4664.6771572759235
        },
        {
          "acoustic_entropy": 8.55078411102295,
          "acoustic_entropy_side": 8.828804969787598,
          "hz": 5139.766595350093
        },
        {
          "acoustic_entropy": 8.422938346862793,
          "acoustic_entropy_side": 8.838216781616211,
          "hz": 5656.929389854203
        },
        {
          "acoustic_entropy": 9.002866744995117,
          "acoustic_entropy_side": 8.844862937927246,
          "hz": 6219.891507268283
        },
        {
          "acoustic_entropy": 8.922178268432617,
          "acoustic_entropy_side": 8.843437194824219,
          "hz": 6832.70888123896
        },
        {
          "acoustic_entropy": 8.854166030883789,
          "acoustic_entropy_side": 8.84231185913086,
          "hz": 7499.796634079867
        },
        {
          "acoustic_entropy": 8.862350463867188,
          "acoustic_entropy_side": 8.855640411376953,
          "hz": 8225.96088609342
        },
        {
          "acoustic_entropy": 8.703070640563965,
          "acoustic_entropy_side": 8.84480094909668,
          "hz": 9016.43338188839
        },
        {
          "acoustic_entropy": 8.800230979919434,
          "acoustic_entropy_side": 8.846732139587402,
          "hz": 9876.909183162974
        },
        {
          "acoustic_entropy": 8.60761833190918,
          "acoustic_entropy_side": 8.836149215698242,
          "hz": 10813.587699516042
        },
        {
          "acoustic_entropy": 8.74935245513916,
          "acoustic_entropy_side": 8.831318855285645,
          "hz": 11833.21735289826
        },
        {
          "acoustic_entropy": 8.834552764892578,
          "acoustic_entropy_side": 8.83670711517334,
          "hz": 12943.144197493959
        },
        {
          "acoustic_entropy": 8.605743408203125,
          "acoustic_entropy_side": 8.694642066955566,
          "hz": 14151.364845322005
        },
        {
          "acoustic_entropy": 8.487611770629883,
          "acoustic_entropy_side": 8.655156135559082,
          "hz": 15466.58407886509
        },
        {
          "acoustic_entropy": 8.851792335510254,
          "acoustic_entropy_side": 8.84897518157959,
          "hz": 16898.27756580493
        },
        {
          "acoustic_entropy": 9.154541015625,
          "acoustic_entropy_side": 8.857650756835938,
          "hz": 18456.760127700032
        },
        {
          "acoustic_entropy": 9.166952133178711,
          "acoustic_entropy_side": 8.869489669799805,
          "hz": 20153.260054456492
        },
        {
          "acoustic_entropy": 9.025932312011719,
          "acoustic_entropy_side": 8.864324569702148,
          "hz": 22000.00000000001
        }
      ],
      "diff_acoustic_entropy": 6.184998989105225,
      "sn": 12
    },
    {
      "acoustic_entropy": 15.19506549835205,
      "acoustic_entropy_mono": 11.979509353637695,
      "band_eliminated_acoustic_entropies": [
        {
          "acoustic_entropy": 14.87948226928711,
          "acoustic_entropy_side": 14.809348106384277,
          "hz": 129.47220167065723
        },
        {
          "acoustic_entropy": 15.190543174743652,
          "acoustic_entropy_side": 15.407890319824219,
          "hz": 202.92927478742237
        },
        {
          "acoustic_entropy": 15.070699691772461,
          "acoustic_entropy_side": 15.198787689208984,
          "hz": 282.89161906338205
        },
        {
          "acoustic_entropy": 14.539670944213867,
          "acoustic_entropy_side": 14.6472806930542,
          "hz": 369.9353335868758
        },
        {
          "acoustic_entropy": 15.03278636932373,
          "acoustic_entropy_side": 15.080592155456543,
          "hz": 464.6875360973435
        },
        {
          "acoustic_entropy": 14.917573928833008,
          "acoustic_entropy_side": 15.194598197937012,
          "hz": 567.8308811364784
        },
        {
          "acoustic_entropy": 14.976964950561523,
          "acoustic_entropy_side": 15.213212966918945,
          "hz": 680.1084783214808
        },
        {
          "acoustic_entropy": 14.798861503601074,
          "acoustic_entropy_side": 14.894746780395508,
          "hz": 802.3292461747484
        },
        {
          "acoustic_entropy": 14.954935073852539,
          "acoustic_entropy_side": 15.279983520507812,
          "hz": 935.3737400823702
        },
        {
          "acoustic_entropy": 15.216903686523438,
          "acoustic_entropy_side": 15.274962425231934,
          "hz": 1080.2004963696966
        },
        {
          "acoustic_entropy": 15.157936096191406,
          "acoustic_entropy_side": 15.48564338684082,
          "hz": 1237.8529382007157
        },
        {
          "acoustic_entropy": 15.307233810424805,
          "acoustic_entropy_side": 15.089913368225098,
          "hz": 1409.4668930556702
        },
        {
          "acoustic_entropy": 15.621297836303711,
          "acoustic_entropy_side": 15.20472526550293,
          "hz": 1596.2787759475705
        },
        {
          "acoustic_entropy": 14.763712882995605,
          "acoustic_entropy_side": 14.490433692932129,
          "hz": 1799.6344973346393
        },
        {
          "acoustic_entropy": 15.429141998291016,
          "acoustic_entropy_side": 15.242595672607422,
          "hz": 2020.9991599069049
        },
        {
          "acoustic_entropy": 15.401172637939453,
          "acoustic_entropy_side": 15.033812522888184,
          "hz": 2261.9676141086993
        },
        {
          "acoustic_entropy": 14.929388999938965,
          "acoustic_entropy_side": 15.109740257263184,
          "hz": 2524.2759484456974
        },
        {
          "acoustic_entropy": 15.046554565429688,
          "acoustic_entropy_side": 15.316055297851562,
          "hz": 2809.813997359896
        },
