{
  "acoustic_entropy": 77.33355712890625,
  "bands": [
    {
      "high_freq": 148.1999969482422,
      "loudness": -35.20289611816406,
      "loudness_range": 37.61180877685547,
      "mid_mean": -52.27042770385742,
      "mid_to_side_loudness": -9.419081687927246,
      "mid_to_side_loudness_range": 22.676774978637695,
      "side_mean": -69.5966796875
    },
    {
      "high_freq": 392.3793640136719,
      "loudness": -26.97163200378418,
      "loudness_range": 31.204633712768555,
      "low_freq": 148.1999969482422,
      "mid_mean": -24.874021530151367,
      "mid_to_side_loudness": -12.460553169250488,
      "mid_to_side_loudness_range": 23.978981018066406,
      "side_mean": -65.78324890136719
    },
    {
      "high_freq": 794.6976318359375,
      "loudness": -33.87345504760742,
      "loudness_range": 31.376047134399414,
      "low_freq": 392.3793640136719,
      "mid_mean": -32.44594192504883,
      "mid_to_side_loudness": -6.010356903076172,
      "mid_to_side_loudness_range": 12.659368515014648,
      "side_mean": -65.16514587402344
    },
    {
      "high_freq": 1457.5709228515625,
      "loudness": -42.76974105834961,
      "loudness_range": 37.027549743652344,
      "low_freq": 794.6976318359375,
      "mid_mean": -42.747196197509766,
      "mid_to_side_loudness": -5.092217922210693,
      "mid_to_side_loudness_range": 22.45445442199707,
      "side_mean": -65.62202453613281
    },
    {
      "high_freq": 2549.74365234375,
      "loudness": -48.52330017089844,
      "loudness_range": 37.80232620239258,
      "low_freq": 1457.5709228515625,
      "mid_mean": -55.39762496948242,
      "mid_to_side_loudness": -1.973017930984497,
      "mid_to_side_loudness_range": 18.129169464111328,
      "side_mean": -65.86327362060547
    },
    {
      "high_freq": 4349.24462890625,
      "loudness": -51.46240997314453,
      "loudness_range": 31.97174072265625,
      "low_freq": 2549.74365234375,
      "mid_mean": -61.196407318115234,
      "mid_to_side_loudness": -3.4249770641326904,
      "mid_to_side_loudness_range": 22.091712951660156,
      "side_mean": -67.749755859375
    },
    {
      "high_freq": 7314.1640625,
      "loudness": -55.072021484375,
      "loudness_range": 26.360069274902344,
      "low_freq": 4349.24462890625,
      "mid_mean": -64.43250274658203,
      "mid_to_side_loudness": -5.873083591461182,
      "mid_to_side_loudness_range": 26.612625122070312,
      "side_mean": -69.31587982177734
    },
    {
      "high_freq": 12199.2666015625,
      "loudness": -45.82162094116211,
      "loudness_range": 23.141067504882812,
      "low_freq": 7314.1640625,
      "mid_mean": -63.62998580932617,
      "mid_to_side_loudness": -6.666596412658691,
      "mid_to_side_loudness_range": 27.76677703857422,
      "side_mean": -69.91602325439453
    },
    {
      "loudness": -58.54621124267578,
      "loudness_range": 28.581111907958984,
      "low_freq": 12199.2666015625,
      "mid_mean": -64.98817443847656,
      "mid_to_side_loudness": -2.6290369033813477,
      "mid_to_side_loudness_range": 14.157365798950195,
      "side_mean": -68.93937683105469
    }
  ],
  "bands_short": [
    {
      "high_freq": 148.1999969482422,
      "loudness": -48.9138069152832,
      "loudness_range": 39.78419876098633,
      "mid_mean": -57.20331954956055,
      "mid_to_side_loudness": -9.368386268615723,
      "mid_to_side_loudness_range": 22.99327278137207,
      "side_mean": -69.59142303466797
    },
    {
      "high_freq": 392.3793640136719,
      "loudness": -27.05538558959961,
      "loudness_range": 32.90679168701172,
      "low_freq": 148.1999969482422,
      "mid_mean": -25.68793487548828,
      "mid_to_side_loudness": -11.074259757995605,
      "mid_to_side_loudness_range": 24.482389450073242,
      "side_mean": -66.00271606445312
    },
    {
      "high_freq": 794.6976318359375,
      "loudness": -34.47936248779297,
      "loudness_range": 33.26868438720703,
      "low_freq": 392.3793640136719,
      "mid_mean": -33.61957550048828,
      "mid_to_side_loudness": -4.673655986785889,
      "mid_to_side_loudness_range": 12.776326179504395,
      "side_mean": -65.3988037109375
    },
    {
      "high_freq": 1457.5709228515625,
      "loudness": -44.46760559082031,
      "loudness_range": 38.92826843261719,
      "low_freq": 794.6976318359375,
      "mid_mean": -51.37240219116211,
      "mid_to_side_loudness": -3.814257860183716,
      "mid_to_side_loudness_range": 11.27226448059082,
      "side_mean": -65.91844177246094
    },
    {
      "high_freq": 2549.74365234375,
      "loudness": -51.30422592163086,
      "loudness_range": 40.32107925415039,
      "low_freq": 1457.5709228515625,
      "mid_mean": -57.76875305175781,
      "mid_to_side_loudness": -0.3113422393798828,
      "mid_to_side_loudness_range": 9.833051681518555,
      "side_mean": -65.993896484375
    },
    {
      "high_freq": 4349.24462890625,
      "loudness": -54.17359161376953,
      "loudness_range": 34.50819396972656,
      "low_freq": 2549.74365234375,
      "mid_mean": -63.20198059082031,
      "mid_to_side_loudness": -1.0945639610290527,
      "mid_to_side_loudness_range": 8.881659507751465,
      "side_mean": -67.90803527832031
    },
    {
      "high_freq": 7314.1640625,
      "loudness": -57.456661224365234,
      "loudness_range": 30.8349609375,
      "low_freq": 4349.24462890625,
      "mid_mean": -66.04657745361328,
      "mid_to_side_loudness": -1.3885447978973389,
      "mid_to_side_loudness_range": 7.700844764709473,
      "side_mean": -69.34068298339844
    },
    {
      "high_freq": 12199.2666015625,
      "loudness": -47.79435348510742,
      "loudness_range": 29.60626220703125,
      "low_freq": 7314.1640625,
      "mid_mean": -65.45543670654297,
      "mid_to_side_loudness": -1.909328579902649,
      "mid_to_side_loudness_range": 7.626023769378662,
      "side_mean": -69.93645477294922
    },
    {
      "loudness": -67.39391326904297,
      "loudness_range": 29.864147186279297,
      "low_freq": 12199.2666015625,
      "mid_mean": -66.28131103515625,
      "mid_to_side_loudness": -2.078536033630371,
      "mid_to_side_loudness_range": 8.979783058166504,
      "side_mean": -68.95152282714844
    }
  ],
  "bandwidth": 389.32672119140625,
  "channels": 2,
  "covariance": [
    [
      400.69464111328125,
      2.7956197261810303,
      131.52650451660156,
      -43.27210998535156,
      71.48472595214844,
      -51.11029815673828,
      45.67325210571289,
      -45.30614471435547,
      104.68121337890625,
      -42.977508544921875,
      94.95672607421875,
      -15.186301231384277,
      82.83158111572266,
      0.9421244263648987,
      111.1502914428711,
      0.9603018164634705,
      68.66986083984375,
      -0.6577606797218323
    ],
    [
      2.7956197261810303,
      6.078036785125732,
      4.10244607925415,
      14.803648948669434,
      6.138123035430908,
      16.24890899658203,
      8.46867847442627,
      15.400762557983398,
      10.406244277954102,
      14.372966766357422,
      9.73994255065918,
      12.6101713180542,
      5.860522270202637,
      7.352207660675049,
      -0.7397231459617615,
      1.5002820491790771,
      -1.3447061777114868,
      0.2595329284667969
    ],
    [
      131.52650451660156,
      4.10244607925415,
      158.83755493164062,
      -14.59725284576416,
      130.17190551757812,
      -23.663137435913086,
      128.43955993652344,
      -20.316287994384766,
      119.69493865966797,
      -16.750579833984375,
      90.57720947265625,
      5.56043815612793,
      63.889068603515625,
      6.974370956420898,
      71.96440124511719,
      1.0265114307403564,
      44.13487243652344,
      -0.9280589818954468
    ],
    [
      -43.27210998535156,
      14.803648948669434,
      -14.59725284576416,
      108.46104431152344,
      -2.94511079788208,
      114.55009460449219,
      26.372159957885742,
      105.34272766113281,
      56.4112434387207,
      101.06199645996094,
      39.80364990234375,
      68.5633544921875,
      6.8456902503967285,
      25.08583641052246,
      -22.902620315551758,
      3.0575315952301025,
      -14.054805755615234,
      2.5824410915374756
    ],
    [
      71.48472595214844,
      6.138123035430908,
      130.17190551757812,
      -2.94511079788208,
      163.75086975097656,
      -6.9531569480896,
      150.25498962402344,
      -7.682425022125244,
      123.49362182617188,
      -4.518197536468506,
      82.17250061035156,
      10.17903995513916,
      54.5112419128418,
      9.310076713562012,
      54.90447235107422,
      1.6367322206497192,
      31.80455207824707,
      -0.7747460603713989
    ],
    [
      -51.11029815673828,
      16.24890899658203,
      -23.663137435913086,
      114.55009460449219,
      -6.9531569480896,
      127.75204467773438,
      23.73046112060547,
      114.61511993408203,
      58.520362854003906,
      110.08362579345703,
      39.29267883300781,
      71.56626892089844,
      5.736940860748291,
      26.889236450195312,
      -26.160051345825195,
      3.593318223953247,
      -16.37877655029297,
      2.7059483528137207
    ],
    [
      45.67325210571289,
      8.46867847442627,
      128.43955993652344,
      26.372159957885742,
      150.25498962402344,
      23.73046112060547,
      199.4849090576172,
      22.912460327148438,
      171.34898376464844,
      24.856237411499023,
      115.16687774658203,
      27.351348876953125,
      69.85833740234375,
      13.695965766906738,
      68.72021484375,
      1.9768846035003662,
      41.90484619140625,
      -0.018397899344563484
    ],
    [
      -45.30614471435547,
      15.400762557983398,
      -20.316287994384766,
      105.34272766113281,
      -7.682425022125244,
      114.61511993408203,
      22.912460327148438,
      105.91606140136719,
      55.14896774291992,
      101.12025451660156,
      36.8962287902832,
      66.28141784667969,
      5.667448997497559,
      24.747705459594727,
      -23.608604431152344,
      3.3149850368499756,
      -14.713801383972168,
      2.5660622119903564
    ],
    [
      104.68121337890625,
      10.406244277954102,
      119.69493865966797,
      56.4112434387207,
      123.49362182617188,
      58.520362854003906,
      171.34898376464844,
      55.14896774291992,
      211.8177032470703,
      54.98102569580078,
      149.78732299804688,
      41.53937911987305,
      90.0787582397461,
      16.785465240478516,
      89.43844604492188,
      2.3663253784179688,
      56.285579681396484,
      1.503921627998352
    ],
    [
      -42.977508544921875,
      14.372966766357422,
      -16.750579833984375,
      101.06199645996094,
      -4.518197536468506,
      110.08362579345703,
      24.856237411499023,
      101.12025451660156,
      54.98102569580078,
      98.98307037353516,
      36.3070068359375,
      64.21915435791016,
      5.566095352172852,
      23.549232482910156,
      -22.299684524536133,
      3.145630359649658,
      -13.963959693908691,
      2.3583943843841553
    ],
    [
      94.95672607421875,
      9.73994255065918,
      90.57720947265625,
      39.80364990234375,
      82.17250061035156,
      39.29267883300781,
      115.16687774658203,
      36.8962287902832,
      149.78732299804688,
      36.3070068359375,
      145.321533203125,
      33.587955474853516,
      99.73099517822266,
      15.179974555969238,
      105.67817687988281,
      2.2979063987731934,
      67.46884155273438,
      0.7564799785614014
    ],
    [
      -15.186301231384277,
      12.6101713180542,
      5.56043815612793,
      68.5633544921875,
      10.17903995513916,
      71.56626892089844,
      27.351348876953125,
      66.28141784667969,
      41.53937911987305,
      64.21915435791016,
      33.587955474853516,
      49.11235809326172,
      10.898787498474121,
      20.098936080932617,
      -10.827154159545898,
      2.794870615005493,
      -7.414312362670898,
      1.4498200416564941
    ],
    [
      82.83158111572266,
      5.860522270202637,
      63.889068603515625,
      6.8456902503967285,
      54.5112419128418,
      5.736940860748291,
      69.85833740234375,
      5.667448997497559,
      90.0787582397461,
      5.566095352172852,
      99.73099517822266,
      10.898787498474121,
      89.51165771484375,
      8.14564037322998,
      103.58598327636719,
      1.4380109310150146,
      66.75000762939453,
      -0.10509291291236877
    ],
    [
      0.9421244263648987,
      7.352207660675049,
      6.974370956420898,
      25.08583641052246,
      9.310076713562012,
      26.889236450195312,
      13.695965766906738,
      24.747705459594727,
      16.785465240478516,
      23.549232482910156,
      15.179974555969238,
      20.098936080932617,
      8.14564037322998,
      10.665900230407715,
      -2.259462356567383,
      1.722452998161316,
      -2.2566094398498535,
      0.4511161744594574
    ],
    [
      111.1502914428711,
      -0.7397231459617615,
      71.96440124511719,
      -22.902620315551758,
      54.90447235107422,
      -26.160051345825195,
      68.72021484375,
      -23.608604431152344,
      89.43844604492188,
      -22.299684524536133,
      105.67817687988281,
      -10.827154159545898,
      103.58598327636719,
      -2.259462356567383,
      146.14132690429688,
      0.05534156784415245,
      95.13666534423828,
      -0.6930513978004456
    ],
    [
      0.9603018164634705,
      1.5002820491790771,
      1.0265114307403564,
      3.0575315952301025,
      1.6367322206497192,
      3.593318223953247,
      1.9768846035003662,
      3.3149850368499756,
      2.3663253784179688,
      3.145630359649658,
      2.2979063987731934,
      2.794870615005493,
      1.4380109310150146,
      1.722452998161316,
      0.05534156784415245,
      0.45921921730041504,
      -0.2562921643257141,
      0.04988161474466324
    ],
    [
      68.66986083984375,
      -1.3447061777114868,
      44.13487243652344,
      -14.054805755615234,
      31.80455207824707,
      -16.37877655029297,
      41.90484619140625,
      -14.713801383972168,
      56.285579681396484,
      -13.963959693908691,
      67.46884155273438,
      -7.414312362670898,
      66.75000762939453,
      -2.2566094398498535,
      95.13666534423828,
      -0.2562921643257141,
      66.5512924194336,
      -0.40666040778160095
    ],
    [
      -0.6577606797218323,
      0.2595329284667969,
      -0.9280589818954468,
      2.5824410915374756,
      -0.7747460603713989,
      2.7059483528137207,
      -0.018397899344563484,
      2.5660622119903564,
      1.503921627998352,
      2.3583943843841553,
      0.7564799785614014,
      1.4498200416564941,
      -0.10509291291236877,
      0.4511161744594574,
      -0.6930513978004456,
      0.04988161474466324,
      -0.40666040778160095,
      0.12876054644584656
    ]
  ],
  "covariance_short": [
    [
      219.53868103027344,
      2.8070874214172363,
      137.89459228515625,
      -16.426233291625977,
      68.74053955078125,
      -21.665658950805664,
      123.6955337524414,
      -18.37904930114746,
      78.4364013671875,
      -18.213106155395508,
      55.08709716796875,
      -1.724807858467102,
      38.3228874206543,
      3.804722547531128,
      45.82930374145508,
      0.9315192103385925,
      24.522058486938477,
      -0.0941602885723114
    ],
    [
      2.8070874214172363,
      4.90785551071167,
      4.320677757263184,
      15.0280179977417,
      6.196779251098633,
      15.758857727050781,
      9.468079566955566,
      14.728763580322266,
      10.803290367126465,
      14.073332786560059,
      9.569145202636719,
      11.715983390808105,
      5.310502052307129,
      6.449803829193115,
      -0.6255120635032654,
      1.0811994075775146,
      -0.724922776222229,
      0.37811747193336487
    ],
    [
      137.89459228515625,
      4.320677757263184,
      191.0028533935547,
      -11.72885799407959,
      146.8257293701172,
      -20.955381393432617,
      155.7352294921875,
      -16.842876434326172,
      114.92584991455078,
      -15.112259864807129,
      74.91497802734375,
      6.967565536499023,
      43.82431411743164,
      8.049046516418457,
      43.83641815185547,
      0.9533898234367371,
      20.8817195892334,
      -0.789828360080719
    ],
    [
      -16.426233291625977,
      15.0280179977417,
      -11.72885799407959,
      102.54239654541016,
      2.413463592529297,
      108.2939453125,
      52.68641662597656,
      97.74748992919922,
      61.3895263671875,
      96.94525909423828,
      43.61140823364258,
      63.65935134887695,
      11.269909858703613,
      24.161739349365234,
      -15.306943893432617,
      2.3519949913024902,
      -8.10196590423584,
      2.5510969161987305
    ],
    [
      68.74053955078125,
      6.196779251098633,
      146.8257293701172,
      2.413463592529297,
      188.79405212402344,
      -1.4505847692489624,
      177.8903350830078,
      -1.753745436668396,
      129.9728546142578,
      -0.6953001022338867,
      74.59432983398438,
      12.545794486999512,
      40.02050018310547,
      10.76888370513916,
      34.60479736328125,
      1.5443724393844604,
      14.832014083862305,
      -0.5377727150917053
    ],
    [
      -21.665658950805664,
      15.758857727050781,
      -20.955381393432617,
      108.2939453125,
      -1.4505847692489624,
      120.93949127197266,
      55.724246978759766,
      106.74134826660156,
      64.43020629882812,
      105.35375213623047,
      43.76008605957031,
      66.12907409667969,
      11.049735069274902,
      26.085086822509766,
      -17.557321548461914,
      2.773653030395508,
      -9.58238697052002,
      2.6863534450531006
    ],
    [
      123.6955337524414,
      9.468079566955566,
      155.7352294921875,
      52.68641662597656,
      177.8903350830078,
      55.724246978759766,
      286.1903381347656,
      50.9801025390625,
      212.72097778320312,
      51.31791305541992,
      121.98175048828125,
      37.04189682006836,
      64.83019256591797,
      15.992838859558105,
      61.91986846923828,
      1.7994226217269897,
      34.513797760009766,
      1.5493721961975098
    ],
    [
      -18.37904930114746,
      14.728763580322266,
      -16.842876434326172,
      97.74748992919922,
      -1.753745436668396,
      106.74134826660156,
      50.9801025390625,
      96.75777435302734,
      59.515018463134766,
      95.40042114257812,
      40.26417922973633,
      60.29459762573242,
      10.163084030151367,
      23.3292236328125,
      -15.439376831054688,
      2.572808027267456,
      -8.401373863220215,
      2.4822137355804443
    ],
    [
      78.4364013671875,
      10.803290367126465,
      114.92584991455078,
      61.3895263671875,
      129.9728546142578,
      64.43020629882812,
      212.72097778320312,
      59.515018463134766,
      197.1890411376953,
      60.65412902832031,
      123.2405776977539,
      42.569313049316406,
      63.8862419128418,
      17.574832916259766,
      56.92399978637695,
      2.0220725536346436,
      32.90748977661133,
      1.6854808330535889
    ],
    [
      -18.213106155395508,
      14.073332786560059,
      -15.112259864807129,
      96.94525909423828,
      -0.6953001022338867,
      105.35375213623047,
      51.31791305541992,
      95.40042114257812,
      60.65412902832031,
      96.24645233154297,
      40.44804000854492,
      60.11664581298828,
      9.92746639251709,
      22.92910385131836,
      -15.185726165771484,
      2.498220920562744,
      -8.248363494873047,
      2.4302594661712646
    ],
    [
      55.08709716796875,
      9.569145202636719,
      74.91497802734375,
      43.61140823364258,
      74.59432983398438,
      43.76008605957031,
      121.98175048828125,
      40.26417922973633,
      123.2405776977539,
      40.44804000854492,
      117.25458526611328,
      34.09691619873047,
      74.01752471923828,
      15.596671104431152,
      72.09711456298828,
      1.953755259513855,
      43.80780029296875,
      0.9158958792686462
    ],
    [
      -1.724807858467102,
      11.715983390808105,
      6.967565536499023,
      63.65935134887695,
      12.545794486999512,
      66.12907409667969,
      37.04189682006836,
      60.29459762573242,
      42.569313049316406,
      60.11664581298828,
      34.09691619873047,
      44.68062210083008,
      12.273212432861328,
      18.921031951904297,
      -6.915810585021973,
      2.1960835456848145,
      -4.089876651763916,
      1.469896674156189
    ],
    [
      38.3228874206543,
      5.310502052307129,
      43.82431411743164,
      11.269909858703613,
      40.02050018310547,
      11.049735069274902,
      64.83019256591797,
      10.163084030151367,
      63.8862419128418,
      9.92746639251709,
      74.01752471923828,
      12.273212432861328,
      66.30050659179688,
      8.441889762878418,
      73.62265014648438,
      1.3451482057571411,
      45.23866271972656,
      0.035943012684583664
    ],
    [
      3.804722547531128,
      6.449803829193115,
      8.049046516418457,
      24.161739349365234,
      10.76888370513916,
      26.085086822509766,
      15.992838859558105,
      23.3292236328125,
      17.574832916259766,
      22.92910385131836,
      15.596671104431152,
      18.921031951904297,
      8.441889762878418,
      10.543067932128906,
      -1.2682182788848877,
      1.510722041130066,
      -1.2806174755096436,
      0.48365089297294617
    ],
    [
      45.82930374145508,
      -0.6255120635032654,
      43.83641815185547,
      -15.306943893432617,
      34.60479736328125,
      -17.557321548461914,
      61.91986846923828,
      -15.439376831054688,
      56.92399978637695,
      -15.185726165771484,
      72.09711456298828,
      -6.915810585021973,
      73.62265014648438,
      -1.2682182788848877,
      108.80865478515625,
      0.21772579848766327,
      67.00251770019531,
      -0.5703650116920471
    ],
    [
      0.9315192103385925,
      1.0811994075775146,
      0.9533898234367371,
      2.3519949913024902,
      1.5443724393844604,
      2.773653030395508,
      1.7994226217269897,
      2.572808027267456,
      2.0220725536346436,
      2.498220920562744,
      1.953755259513855,
      2.1960835456848145,
      1.3451482057571411,
      1.510722041130066,
      0.21772579848766327,
      0.4260156750679016,
      -0.0905420333147049,
      0.05291713774204254
    ],
    [
      24.522058486938477,
      -0.724922776222229,
      20.8817195892334,
      -8.10196590423584,
      14.832014083862305,
      -9.58238697052002,
      34.513797760009766,
      -8.401373863220215,
      32.90748977661133,
      -8.248363494873047,
      43.80780029296875,
      -4.089876651763916,
      45.23866271972656,
      -1.2806174755096436,
      67.00251770019531,
      -0.0905420333147049,
      45.658294677734375,
      -0.28621309995651245
    ],
    [
      -0.0941602885723114,
      0.37811747193336487,
      -0.789828360080719,
      2.5510969161987305,
      -0.5377727150917053,
      2.6863534450531006,
      1.5493721961975098,
      2.4822137355804443,
      1.6854808330535889,
      2.4302594661712646,
      0.9158958792686462,
      1.469896674156189,
      0.035943012684583664,
      0.48365089297294617,
      -0.5703650116920471,
      0.05291713774204254,
      -0.28621309995651245,
      0.14409370720386505
    ]
  ],
  "damage": -8.334477424621582,
  "diff_bandwidth": 389.34490966796875,
  "dissonance": 2.97140608410714,
  "drr": -4.502534866333008,
  "dynamics": 8.655327796936035,
  "format": 1245190,
  "frames": 4037568,
  "loudness": -17.795377731323242,
  "loudness_range": 30.33770751953125,
  "loudness_range_short": 32.12594223022461,
  "lowpass_true_peak_15khz": -0.48524051904678345,
  "mastering3_acoustic_entropies": [
    {
      "acoustic_entropy": 5.526907444000244,
      "acoustic_entropy_mono": 6.256343364715576,
      "band_eliminated_acoustic_entropies": [
        {
          "acoustic_entropy": 5.5129899978637695,
          "acoustic_entropy_side": 5.526908874511719,
          "hz": 129.47220167065723
        },
        {
          "acoustic_entropy": 5.96512508392334,
          "acoustic_entropy_side": 5.52711820602417,
          "hz": 202.92927478742237
        },
        {
          "acoustic_entropy": 6.38862943649292,
          "acoustic_entropy_side": 5.527405738830566,
          "hz": 282.89161906338205
        },
        {
          "acoustic_entropy": 5.85988712310791,
          "acoustic_entropy_side": 5.524633884429932,
          "hz": 369.9353335868758
        },
        {
          "acoustic_entropy": 6.659804821014404,
          "acoustic_entropy_side": 5.547612190246582,
          "hz": 464.6875360973435
        },
        {
          "acoustic_entropy": 5.959011077880859,
          "acoustic_entropy_side": 5.55582332611084,
          "hz": 567.8308811364784
        },
        {
          "acoustic_entropy": 6.116973876953125,
          "acoustic_entropy_side": 5.562505722045898,
          "hz": 680.1084783214808
        },
        {
          "acoustic_entropy": 5.792877197265625,
          "acoustic_entropy_side": 5.536375999450684,
          "hz": 802.3292461747484
        },
        {
          "acoustic_entropy": 5.54399299621582,
          "acoustic_entropy_side": 5.525642395019531,
          "hz": 935.3737400823702
        },
        {
          "acoustic_entropy": 5.607432842254639,
          "acoustic_entropy_side": 5.534623622894287,
          "hz": 1080.2004963696966
        },
        {
          "acoustic_entropy": 5.677933216094971,
          "acoustic_entropy_side": 5.558904647827148,
          "hz": 1237.8529382007157
        },
        {
          "acoustic_entropy": 5.507753372192383,
          "acoustic_entropy_side": 5.548729419708252,
          "hz": 1409.4668930556702
        },
        {
          "acoustic_entropy": 5.533053874969482,
          "acoustic_entropy_side": 5.544256210327148,
          "hz": 1596.2787759475705
        },
        {
          "acoustic_entropy": 5.551376819610596,
          "acoustic_entropy_side": 5.531890869140625,
          "hz": 1799.6344973346393
        },
        {
          "acoustic_entropy": 5.52290678024292,
          "acoustic_entropy_side": 5.524260520935059,
          "hz": 2020.9991599069049
        },
        {
          "acoustic_entropy": 5.492801666259766,
          "acoustic_entropy_side": 5.5230512619018555,
          "hz": 2261.9676141086993
        },
        {
          "acoustic_entropy": 5.526850700378418,
          "acoustic_entropy_side": 5.523626804351807,
          "hz": 2524.2759484456974
        },
        {
          "acoustic_entropy": 5.554091930389404,
          "acoustic_entropy_side": 5.524136543273926,
          "hz": 2809.813997359896
        },
        {
          "acoustic_entropy": 5.593613624572754,
          "acoustic_entropy_side": 5.524199962615967,
          "hz": 3120.6389567871424
        },
        {
          "acoustic_entropy": 5.526708126068115,
          "acoustic_entropy_side": 5.5210347175598145,
          "hz": 3458.990205492291
        },
        {
          "acoustic_entropy": 5.528698921203613,
          "acoustic_entropy_side": 5.526138782501221,
          "hz": 3827.305438964164
        },
        {
          "acoustic_entropy": 5.540577411651611,
          "acoustic_entropy_side": 5.526566028594971,
          "hz": 4228.238232109126
        },
        {
          "acoustic_entropy": 5.535121440887451,
          "acoustic_entropy_side": 5.526846885681152,
          "hz": 4664.6771572759235
        },
        {
          "acoustic_entropy": 5.530614376068115,
          "acoustic_entropy_side": 5.526878356933594,
          "hz": 5139.766595350093
        },
        {
          "acoustic_entropy": 5.528242588043213,
          "acoustic_entropy_side": 5.526899814605713,
          "hz": 5656.929389854203
        },
        {
          "acoustic_entropy": 5.527638912200928,
          "acoustic_entropy_side": 5.5269060134887695,
          "hz": 6219.891507268283
        },
        {
          "acoustic_entropy": 5.531360626220703,
          "acoustic_entropy_side": 5.526906490325928,
          "hz": 6832.70888123896
        },
        {
          "acoustic_entropy": 5.572380065917969,
          "acoustic_entropy_side": 5.526907444000244,
          "hz": 7499.796634079867
        },
        {
          "acoustic_entropy": 5.612459182739258,
          "acoustic_entropy_side": 5.526907444000244,
          "hz": 8225.96088609342
        },
        {
          "acoustic_entropy": 5.687801837921143,
          "acoustic_entropy_side": 5.526907444000244,
          "hz": 9016.43338188839
        },
        {
          "acoustic_entropy": 5.71604585647583,
          "acoustic_entropy_side": 5.526907444000244,
          "hz": 9876.909183162974
        },
        {
          "acoustic_entropy": 5.7047014236450195,
          "acoustic_entropy_side": 5.526907444000244,
          "hz": 10813.587699516042
        },
        {
          "acoustic_entropy": 5.651135444641113,
          "acoustic_entropy_side": 5.526907444000244,
          "hz": 11833.21735289826
        },
        {
          "acoustic_entropy": 5.690608024597168,
          "acoustic_entropy_side": 5.526907444000244,
          "hz": 12943.144197493959
        },
        {
          "acoustic_entropy": 5.579059600830078,
          "acoustic_entropy_side": 5.526907444000244,
          "hz": 14151.364845322005
        },
        {
          "acoustic_entropy": 5.5371413230896,
          "acoustic_entropy_side": 5.526907444000244,
          "hz": 15466.58407886509
        },
        {
          "acoustic_entropy": 5.529166221618652,
          "acoustic_entropy_side": 5.526907444000244,
          "hz": 16898.27756580493
        },
        {
          "acoustic_entropy": 5.527435302734375,
          "acoustic_entropy_side": 5.526907444000244,
          "hz": 18456.760127700032
        },
        {
          "acoustic_entropy": 5.527131080627441,
          "acoustic_entropy_side": 5.526907444000244,
          "hz": 20153.260054456492
        },
        {
          "acoustic_entropy": 5.52695894241333,
          "acoustic_entropy_side": 5.526907444000244,
          "hz": 22000.00000000001
        }
      ],
      "diff_acoustic_entropy": 3.3854336738586426,
      "sn": 6
    },
    {
      "acoustic_entropy": 8.469874382019043,
      "acoustic_entropy_mono": 8.31615924835205,
      "band_eliminated_acoustic_entropies": [
        {
          "acoustic_entropy": 8.48249340057373,
          "acoustic_entropy_side": 8.469871520996094,
          "hz": 129.47220167065723
        },
        {
          "acoustic_entropy": 9.181012153625488,
          "acoustic_entropy_side": 8.472333908081055,
          "hz": 202.92927478742237
        },
        {
          "acoustic_entropy": 9.51286506652832,
          "acoustic_entropy_side": 8.47525691986084,
          "hz": 282.89161906338205
        },
        {
          "acoustic_entropy": 8.850601196289062,
          "acoustic_entropy_side": 8.46774959564209,
          "hz": 369.9353335868758
        },
        {
          "acoustic_entropy": 9.04537582397461,
          "acoustic_entropy_side": 8.467729568481445,
          "hz": 464.6875360973435
        },
        {
          "acoustic_entropy": 9.597450256347656,
          "acoustic_entropy_side": 8.53589916229248,
          "hz": 567.8308811364784
        },
        {
          "acoustic_entropy": 9.176934242248535,
          "acoustic_entropy_side": 8.470921516418457,
          "hz": 680.1084783214808
        },
        {
          "acoustic_entropy": 9.088467597961426,
          "acoustic_entropy_side": 8.503893852233887,
          "hz": 802.3292461747484
        },
        {
          "acoustic_entropy": 8.67151165008545,
          "acoustic_entropy_side": 8.463565826416016,
          "hz": 935.3737400823702
        },
        {
          "acoustic_entropy": 8.29158878326416,
          "acoustic_entropy_side": 8.490084648132324,
          "hz": 1080.2004963696966
        },
        {
          "acoustic_entropy": 8.464681625366211,
          "acoustic_entropy_side": 8.536137580871582,
          "hz": 1237.8529382007157
        },
        {
          "acoustic_entropy": 8.661267280578613,
          "acoustic_entropy_side": 8.49387264251709,
          "hz": 1409.4668930556702
        },
        {
          "acoustic_entropy": 8.589555740356445,
          "acoustic_entropy_side": 8.516274452209473,
          "hz": 1596.2787759475705
        },
        {
          "acoustic_entropy": 8.53707504272461,
          "acoustic_entropy_side": 8.482186317443848,
          "hz": 1799.6344973346393
        },
        {
          "acoustic_entropy": 8.522397994995117,
          "acoustic_entropy_side": 8.466170310974121,
          "hz": 2020.9991599069049
        },
        {
          "acoustic_entropy": 8.341195106506348,
          "acoustic_entropy_side": 8.471153259277344,
          "hz": 2261.9676141086993
        },
        {
          "acoustic_entropy": 8.587332725524902,
          "acoustic_entropy_side": 8.465873718261719,
          "hz": 2524.2759484456974
        },
        {
          "acoustic_entropy": 8.458149909973145,
          "acoustic_entropy_side": 8.464888572692871,
          "hz": 2809.813997359896
        },
        {
          "acoustic_entropy": 8.43761920928955,
          "acoustic_entropy_side": 8.46484088897705,
          "hz": 3120.6389567871424
        },
        {
          "acoustic_entropy": 8.438984870910645,
          "acoustic_entropy_side": 8.464445114135742,
          "hz": 3458.990205492291
        },
        {
          "acoustic_entropy": 8.44527816772461,
          "acoustic_entropy_side": 8.469468116760254,
          "hz": 3827.305438964164
        },
        {
          "acoustic_entropy": 8.39492416381836,
          "acoustic_entropy_side": 8.47021770477295,
          "hz": 4228.238232109126
        },
        {
          "acoustic_entropy": 8.420750617980957,
          "acoustic_entropy_side": 8.471231460571289,
          "hz": 4664.6771572759235
        },
        {
          "acoustic_entropy": 8.4497652053833,
          "acoustic_entropy_side": 8.470589637756348,
          "hz": 5139.766595350093
        },
        {
          "acoustic_entropy": 8.460288047790527,
          "acoustic_entropy_side": 8.469902992248535,
          "hz": 5656.929389854203
        },
        {
          "acoustic_entropy": 8.46577262878418,
          "acoustic_entropy_side": 8.469879150390625,
          "hz": 6219.891507268283
        },
        {
          "acoustic_entropy": 8.44017505645752,
          "acoustic_entropy_side": 8.469882011413574,
          "hz": 6832.70888123896
        },
        {
          "acoustic_entropy": 8.29575252532959,
          "acoustic_entropy_side": 8.46987533569336,
          "hz": 7499.796634079867
        },
        {
          "acoustic_entropy": 8.198168754577637,
          "acoustic_entropy_side": 8.469876289367676,
          "hz": 8225.96088609342
        },
        {
          "acoustic_entropy": 8.14754867553711,
          "acoustic_entropy_side": 8.469874382019043,
          "hz": 9016.43338188839
        },
        {
          "acoustic_entropy": 8.148174285888672,
          "acoustic_entropy_side": 8.469874382019043,
          "hz": 9876.909183162974
        },
        {
          "acoustic_entropy": 8.168864250183105,
          "acoustic_entropy_side": 8.469874382019043,
          "hz": 10813.587699516042
        },
        {
          "acoustic_entropy": 8.32699203491211,
          "acoustic_entropy_side": 8.469874382019043,
          "hz": 11833.21735289826
        },
        {
          "acoustic_entropy": 8.109835624694824,
          "acoustic_entropy_side": 8.469874382019043,
          "hz": 12943.144197493959
        },
        {
          "acoustic_entropy": 8.253093719482422,
          "acoustic_entropy_side": 8.469874382019043,
          "hz": 14151.364845322005
        },
        {
          "acoustic_entropy": 8.37264633178711,
          "acoustic_entropy_side": 8.469874382019043,
          "hz": 15466.58407886509
        },
        {
          "acoustic_entropy": 8.441744804382324,
          "acoustic_entropy_side": 8.469874382019043,
          "hz": 16898.27756580493
        },
        {
          "acoustic_entropy": 8.465054512023926,
          "acoustic_entropy_side": 8.469874382019043,
          "hz": 18456.760127700032
        },
        {
          "acoustic_entropy": 8.471001625061035,
          "acoustic_entropy_side": 8.469874382019043,
          "hz": 20153.260054456492
        },
        {
          "acoustic_entropy": 8.470975875854492,
          "acoustic_entropy_side": 8.469874382019043,
          "hz": 22000.00000000001
        }
      ],
      "diff_acoustic_entropy": 5.173077583312988,
      "sn": 12
    },
    {
      "acoustic_entropy": 14.967540740966797,
      "acoustic_entropy_mono": 13.184057235717773,
      "band_eliminated_acoustic_entropies": [
        {
          "acoustic_entropy": 14.91337776184082,
          "acoustic_entropy_side": 14.967059135437012,
          "hz": 129.47220167065723
        },
        {
          "acoustic_entropy": 14.954360008239746,
          "acoustic_entropy_side": 14.962884902954102,
          "hz": 202.92927478742237
        },
        {
          "acoustic_entropy": 16.251874923706055,
          "acoustic_entropy_side": 14.87759017944336,
          "hz": 282.89161906338205
        },
        {
          "acoustic_entropy": 15.437238693237305,
          "acoustic_entropy_side": 15.045738220214844,
          "hz": 369.9353335868758
        },
        {
          "acoustic_entropy": 15.73452377319336,
          "acoustic_entropy_side": 15.017078399658203,
          "hz": 464.6875360973435
        },
        {
          "acoustic_entropy": 14.85220718383789,
          "acoustic_entropy_side": 14.908583641052246,
          "hz": 567.8308811364784
        },
        {
          "acoustic_entropy": 15.174659729003906,
          "acoustic_entropy_side": 15.012736320495605,
          "hz": 680.1084783214808
        },
        {
          "acoustic_entropy": 15.181828498840332,
          "acoustic_entropy_side": 14.82404899597168,
          "hz": 802.3292461747484
        },
        {
          "acoustic_entropy": 14.852283477783203,
          "acoustic_entropy_side": 14.934456825256348,
          "hz": 935.3737400823702
        },
        {
          "acoustic_entropy": 15.24126148223877,
          "acoustic_entropy_side": 14.94970417022705,
          "hz": 1080.2004963696966
        },
        {
          "acoustic_entropy": 15.309050559997559,
          "acoustic_entropy_side": 14.901739120483398,
          "hz": 1237.8529382007157
        },
        {
          "acoustic_entropy": 14.86850357055664,
          "acoustic_entropy_side": 14.882063865661621,
          "hz": 1409.4668930556702
        },
        {
          "acoustic_entropy": 15.08559513092041,
          "acoustic_entropy_side": 14.752031326293945,
          "hz": 1596.2787759475705
        },
        {
          "acoustic_entropy": 15.039982795715332,
          "acoustic_entropy_side": 15.020464897155762,
          "hz": 1799.6344973346393
        },
        {
          "acoustic_entropy": 14.828595161437988,
          "acoustic_entropy_side": 14.988964080810547,
          "hz": 2020.9991599069049
        },
        {
          "acoustic_entropy": 15.017366409301758,
          "acoustic_entropy_side": 14.938461303710938,
          "hz": 2261.9676141086993
        },
        {
          "acoustic_entropy": 15.143996238708496,
          "acoustic_entropy_side": 14.97883415222168,
          "hz": 2524.2759484456974
        },
        {
          "acoustic_entropy": 14.882185935974121,
          "acoustic_entropy_side": 14.9659423828125,
          "hz": 2809.813997359896
        },
        {
          "acoustic_entropy": 15.103059768676758,
