{
  "acoustic_entropy": 163.99771118164062,
  "bands": [
    {
      "high_freq": 148.1999969482422,
      "loudness": -40.51424026489258,
      "loudness_range": 10.116100311279297,
      "mid_mean": -37.7453498840332,
      "mid_to_side_loudness": -8.54095458984375,
      "mid_to_side_loudness_range": 16.585641860961914,
      "side_mean": -46.66703414916992
    },
    {
      "high_freq": 392.3793640136719,
      "loudness": -31.59107208251953,
      "loudness_range": 11.853231430053711,
      "low_freq": 148.1999969482422,
      "mid_mean": -28.870744705200195,
      "mid_to_side_loudness": -7.02508020401001,
      "mid_to_side_loudness_range": 11.414044380187988,
      "side_mean": -36.08633804321289
    },
    {
      "high_freq": 794.6976318359375,
      "loudness": -27.856618881225586,
      "loudness_range": 14.01671028137207,
      "low_freq": 392.3793640136719,
      "mid_mean": -25.582679748535156,
      "mid_to_side_loudness": -6.0524983406066895,
      "mid_to_side_loudness_range": 15.259023666381836,
      "side_mean": -31.847990036010742
    },
    {
      "high_freq": 1457.5709228515625,
      "loudness": -30.080503463745117,
      "loudness_range": 23.596824645996094,
      "low_freq": 794.6976318359375,
      "mid_mean": -27.160362243652344,
      "mid_to_side_loudness": -9.846667289733887,
      "mid_to_side_loudness_range": 17.797815322875977,
      "side_mean": -37.48241424560547
    },
    {
      "high_freq": 2549.74365234375,
      "loudness": -37.065860748291016,
      "loudness_range": 9.308523178100586,
      "low_freq": 1457.5709228515625,
      "mid_mean": -34.20792007446289,
      "mid_to_side_loudness": -7.256439685821533,
      "mid_to_side_loudness_range": 8.306827545166016,
      "side_mean": -41.82109451293945
    },
    {
      "high_freq": 4349.24462890625,
      "loudness": -35.673736572265625,
      "loudness_range": 16.874481201171875,
      "low_freq": 2549.74365234375,
      "mid_mean": -32.5810661315918,
      "mid_to_side_loudness": -10.434121131896973,
      "mid_to_side_loudness_range": 14.927637100219727,
      "side_mean": -43.712379455566406
    },
    {
      "high_freq": 7314.1640625,
      "loudness": -46.953941345214844,
      "loudness_range": 12.581207275390625,
      "low_freq": 4349.24462890625,
      "mid_mean": -43.83306884765625,
      "mid_to_side_loudness": -8.960461616516113,
      "mid_to_side_loudness_range": 10.423643112182617,
      "side_mean": -53.868831634521484
    },
    {
      "high_freq": 12199.2666015625,
      "loudness": -50.13829040527344,
      "loudness_range": 21.825363159179688,
      "low_freq": 7314.1640625,
      "mid_mean": -47.2265739440918,
      "mid_to_side_loudness": -8.193140029907227,
      "mid_to_side_loudness_range": 9.113079071044922,
      "side_mean": -56.19617462158203
    },
    {
      "loudness": -52.76422882080078,
      "loudness_range": 20.96682357788086,
      "low_freq": 12199.2666015625,
      "mid_mean": -53.179866790771484,
      "mid_to_side_loudness": -7.119034767150879,
      "mid_to_side_loudness_range": 7.620004653930664,
      "side_mean": -59.02846145629883
    }
  ],
  "bands_short": [
    {
      "high_freq": 148.1999969482422,
      "loudness": -44.52382278442383,
      "loudness_range": 18.7647705078125,
      "mid_mean": -42.200904846191406,
      "mid_to_side_loudness": -8.4757719039917,
      "mid_to_side_loudness_range": 23.870656967163086,
      "side_mean": -51.782535552978516
    },
    {
      "high_freq": 392.3793640136719,
      "loudness": -32.58572769165039,
      "loudness_range": 12.884246826171875,
      "low_freq": 148.1999969482422,
      "mid_mean": -30.02126693725586,
      "mid_to_side_loudness": -7.113093376159668,
      "mid_to_side_loudness_range": 14.661521911621094,
      "side_mean": -37.379756927490234
    },
    {
      "high_freq": 794.6976318359375,
      "loudness": -28.498441696166992,
      "loudness_range": 13.901504516601562,
      "low_freq": 392.3793640136719,
      "mid_mean": -26.488279342651367,
      "mid_to_side_loudness": -5.416625022888184,
      "mid_to_side_loudness_range": 16.797691345214844,
      "side_mean": -32.167266845703125
    },
    {
      "high_freq": 1457.5709228515625,
      "loudness": -29.6116886138916,
      "loudness_range": 24.1962947845459,
      "low_freq": 794.6976318359375,
      "mid_mean": -26.887371063232422,
      "mid_to_side_loudness": -9.646082878112793,
      "mid_to_side_loudness_range": 21.02916717529297,
      "side_mean": -37.10293197631836
    },
    {
      "high_freq": 2549.74365234375,
      "loudness": -37.41116714477539,
      "loudness_range": 11.003650665283203,
      "low_freq": 1457.5709228515625,
      "mid_mean": -34.66422653198242,
      "mid_to_side_loudness": -6.980234622955322,
      "mid_to_side_loudness_range": 10.793270111083984,
      "side_mean": -42.04154586791992
    },
    {
      "high_freq": 4349.24462890625,
      "loudness": -36.226863861083984,
      "loudness_range": 19.298431396484375,
      "low_freq": 2549.74365234375,
      "mid_mean": -33.248756408691406,
      "mid_to_side_loudness": -9.887337684631348,
      "mid_to_side_loudness_range": 16.516429901123047,
      "side_mean": -43.917442321777344
    },
    {
      "high_freq": 7314.1640625,
      "loudness": -47.666648864746094,
      "loudness_range": 14.775001525878906,
      "low_freq": 4349.24462890625,
      "mid_mean": -44.66035079956055,
      "mid_to_side_loudness": -8.81423282623291,
      "mid_to_side_loudness_range": 13.724722862243652,
      "side_mean": -54.636966705322266
    },
    {
      "high_freq": 12199.2666015625,
      "loudness": -54.42613983154297,
      "loudness_range": 28.810771942138672,
      "low_freq": 7314.1640625,
      "mid_mean": -52.42122268676758,
      "mid_to_side_loudness": -8.252405166625977,
      "mid_to_side_loudness_range": 12.726837158203125,
      "side_mean": -59.858116149902344
    },
    {
      "loudness": -61.63372039794922,
      "loudness_range": 32.336917877197266,
      "low_freq": 12199.2666015625,
      "mid_mean": -58.24256134033203,
      "mid_to_side_loudness": -7.441359043121338,
      "mid_to_side_loudness_range": 9.426326751708984,
      "side_mean": -63.39097595214844
    }
  ],
  "bandwidth": 857.7254638671875,
  "channels": 2,
  "covariance": [
    [
      14.404098510742188,
      8.544102668762207,
      4.617908000946045,
      3.210080146789551,
      -0.24386249482631683,
      0.014920138753950596,
      0.20104140043258667,
      0.45478495955467224,
      2.8679635524749756,
      3.0385308265686035,
      -0.5517740249633789,
      -0.48368513584136963,
      0.34741753339767456,
      1.6409186124801636,
      -2.5016632080078125,
      -1.316630244255066,
      -1.9714735746383667,
      -1.60293710231781
    ],
    [
      8.544102668762207,
      35.7088737487793,
      2.7494451999664307,
      4.878794193267822,
      1.7135837078094482,
      2.4186201095581055,
      -0.19091467559337616,
      1.7730408906936646,
      4.238595962524414,
      6.528382778167725,
      -2.4451236724853516,
      -2.7678451538085938,
      -1.0928008556365967,
      0.43153196573257446,
      -2.0611727237701416,
      -0.8289390802383423,
      0.4470862150192261,
      0.7190131545066833
    ],
    [
      4.617908000946045,
      2.7494451999664307,
      20.11256980895996,
      7.5310845375061035,
      14.552452087402344,
      2.4172821044921875,
      20.826629638671875,
      6.613147735595703,
      0.6339760422706604,
      -1.6872012615203857,
      13.053739547729492,
      4.367129325866699,
      3.089989423751831,
      2.593327045440674,
      10.154339790344238,
      9.195764541625977,
      12.993053436279297,
      8.573299407958984
    ],
    [
      3.210080146789551,
      4.878794193267822,
      7.5310845375061035,
      10.784527778625488,
      2.814300537109375,
      1.2227740287780762,
      2.0420498847961426,
      1.1015901565551758,
      0.8269075155258179,
      1.1981192827224731,
      2.210336208343506,
      1.9896187782287598,
      2.8924710750579834,
      4.339076042175293,
      4.20140266418457,
      6.082826137542725,
      7.315893650054932,
      5.661016941070557
    ],
    [
      -0.24386249482631683,
      1.7135837078094482,
      14.552452087402344,
      2.814300537109375,
      33.45525360107422,
      7.687987327575684,
      44.530704498291016,
      16.477275848388672,
      -0.40250536799430847,
      -5.929243564605713,
      24.562803268432617,
      6.220302581787109,
      0.9240231513977051,
      -3.7893877029418945,
      17.57913589477539,
      11.955208778381348,
      19.708066940307617,
      12.259804725646973
    ],
    [
      0.014920138753950596,
      2.4186201095581055,
      2.4172821044921875,
      1.2227740287780762,
      7.687987327575684,
      12.24626636505127,
      3.8414463996887207,
      4.2372050285339355,
      3.184180498123169,
      3.1658687591552734,
      0.8143410682678223,
      1.1151831150054932,
      0.29675114154815674,
      2.183635711669922,
      2.9830024242401123,
      4.433042526245117,
      6.263200759887695,
      5.057474136352539
    ],
    [
      0.20104140043258667,
      -0.19091467559337616,
      20.826629638671875,
      2.0420498847961426,
      44.530704498291016,
      3.8414463996887207,
      90.03926849365234,
      34.79143524169922,
      0.13623188436031342,
      -11.67419147491455,
      46.94007110595703,
      12.071767807006836,
      1.4118168354034424,
      -10.757240295410156,
      26.02618980407715,
      14.462922096252441,
      26.390640258789062,
      14.41659164428711
    ],
    [
      0.45478495955467224,
      1.7730408906936646,
      6.613147735595703,
      1.1015901565551758,
      16.477275848388672,
      4.2372050285339355,
      34.79143524169922,
      21.720487594604492,
      5.207108974456787,
      1.2943096160888672,
      16.73442840576172,
      7.200868129730225,
      1.495615839958191,
      -1.2826060056686401,
      11.769834518432617,
      9.12425708770752,
      15.035897254943848,
      9.955175399780273
    ],
    [
      2.8679635524749756,
      4.238595962524414,
      0.6339760422706604,
      0.8269075155258179,
      -0.40250536799430847,
      3.184180498123169,
      0.13623188436031342,
      5.207108974456787,
      16.67829132080078,
      11.925572395324707,
      4.808542728424072,
      7.136632919311523,
      5.795932292938232,
      8.611011505126953,
      2.3679394721984863,
      4.94976806640625,
      5.956202983856201,
      5.552950382232666
    ],
    [
      3.0385308265686035,
      6.528382778167725,
      -1.6872012615203857,
      1.1981192827224731,
      -5.929243564605713,
      3.1658687591552734,
      -11.67419147491455,
      1.2943096160888672,
      11.925572395324707,
      17.61954116821289,
      -3.3997890949249268,
      5.564059734344482,
      4.948328971862793,
      11.134275436401367,
      -1.0800185203552246,
      3.5322601795196533,
      3.7881734371185303,
      4.465425968170166
    ],
    [
      -0.5517740249633789,
      -2.4451236724853516,
      13.053739547729492,
      2.210336208343506,
      24.562803268432617,
      0.8143410682678223,
      46.94007110595703,
      16.73442840576172,
      4.808542728424072,
      -3.3997890949249268,
      43.51560592651367,
      17.721837997436523,
      12.065325736999512,
      1.7605271339416504,
      23.248416900634766,
      14.443787574768066,
      21.24225616455078,
      13.272911071777344
    ],
    [
      -0.48368513584136963,
      -2.7678451538085938,
      4.367129325866699,
      1.9896187782287598,
      6.220302581787109,
      1.1151831150054932,
      12.071767807006836,
      7.200868129730225,
      7.136632919311523,
      5.564059734344482,
      17.721837997436523,
      20.055517196655273,
      12.011750221252441,
      10.874073028564453,
      13.05508041381836,
      12.866658210754395,
      16.008705139160156,
      11.871012687683105
    ],
    [
      0.34741753339767456,
      -1.0928008556365967,
      3.089989423751831,
      2.8924710750579834,
      0.9240231513977051,
      0.29675114154815674,
      1.4118168354034424,
      1.495615839958191,
      5.795932292938232,
      4.948328971862793,
      12.065325736999512,
      12.011750221252441,
      20.31988525390625,
      17.36754035949707,
      20.8405818939209,
      19.32596778869629,
      22.229516983032227,
      18.14579963684082
    ],
    [
      1.6409186124801636,
      0.43153196573257446,
      2.593327045440674,
      4.339076042175293,
      -3.7893877029418945,
      2.183635711669922,
      -10.757240295410156,
      -1.2826060056686401,
      8.611011505126953,
      11.134275436401367,
      1.7605271339416504,
      10.874073028564453,
      17.36754035949707,
      35.22178268432617,
      16.829801559448242,
      29.762157440185547,
      33.43458557128906,
      27.383892059326172
    ],
    [
      -2.5016632080078125,
      -2.0611727237701416,
      10.154339790344238,
      4.20140266418457,
      17.57913589477539,
      2.9830024242401123,
      26.02618980407715,
      11.769834518432617,
      2.3679394721984863,
      -1.0800185203552246,
      23.248416900634766,
      13.05508041381836,
      20.8405818939209,
      16.829801559448242,
      63.43212127685547,
      53.096710205078125,
      70.16287994384766,
      55.69188690185547
    ],
    [
      -1.316630244255066,
      -0.8289390802383423,
      9.195764541625977,
      6.082826137542725,
      11.955208778381348,
      4.433042526245117,
      14.462922096252441,
      9.12425708770752,
      4.94976806640625,
      3.5322601795196533,
      14.443787574768066,
      12.866658210754395,
      19.32596778869629,
      29.762157440185547,
      53.096710205078125,
      57.79560852050781,
      72.47564697265625,
      58.71623611450195
    ],
    [
      -1.9714735746383667,
      0.4470862150192261,
      12.993053436279297,
      7.315893650054932,
      19.708066940307617,
      6.263200759887695,
      26.390640258789062,
      15.035897254943848,
      5.956202983856201,
      3.7881734371185303,
      21.24225616455078,
      16.008705139160156,
      22.229516983032227,
      33.43458557128906,
      70.16287994384766,
      72.47564697265625,
      98.43335723876953,
      77.32547760009766
    ],
    [
      -1.60293710231781,
      0.7190131545066833,
      8.573299407958984,
      5.661016941070557,
      12.259804725646973,
      5.057474136352539,
      14.41659164428711,
      9.955175399780273,
      5.552950382232666,
      4.465425968170166,
      13.272911071777344,
      11.871012687683105,
      18.14579963684082,
      27.383892059326172,
      55.69188690185547,
      58.71623611450195,
      77.32547760009766,
      63.82624053955078
    ]
  ],
  "covariance_short": [
    [
      48.818145751953125,
      21.042190551757812,
      12.536337852478027,
      5.537994861602783,
      4.89534854888916,
      2.24782657623291,
      9.739042282104492,
      3.6144678592681885,
      8.065120697021484,
      4.807452201843262,
      9.249309539794922,
      2.848452568054199,
      9.787389755249023,
      5.462276458740234,
      13.082712173461914,
      8.758095741271973,
      12.804608345031738,
      9.85935115814209
    ],
    [
      21.042190551757812,
      70.66654205322266,
      4.099006175994873,
      5.220403671264648,
      6.145773887634277,
      4.989513874053955,
      6.491123199462891,
      4.828497409820557,
      8.650761604309082,
      8.477341651916504,
      4.83864688873291,
      1.273118495941162,
      5.821959972381592,
      16.155139923095703,
      18.049074172973633,
      11.93225383758545,
      15.417439460754395,
      10.34920883178711
    ],
    [
      12.536337852478027,
      4.099006175994873,
      26.899471282958984,
      8.444334030151367,
      14.094675064086914,
      2.2045857906341553,
      22.093626022338867,
      6.671323299407959,
      2.329131841659546,
      -0.13492104411125183,
      14.916426658630371,
      4.356099605560303,
      6.783624172210693,
      3.293726921081543,
      20.30936622619629,
      11.467005729675293,
      19.197223663330078,
      11.834911346435547
    ],
    [
      5.537994861602783,
      5.220403671264648,
      8.444334030151367,
      15.189092636108398,
      3.1460297107696533,
      1.7766697406768799,
      2.9355380535125732,
      1.832372784614563,
      2.032947301864624,
      1.9658459424972534,
      2.5141913890838623,
      1.4810543060302734,
      3.316490888595581,
      3.7896616458892822,
      8.06200122833252,
      6.0013227462768555,
      7.731388092041016,
      5.869919776916504
    ],
    [
      4.89534854888916,
      6.145773887634277,
      14.094675064086914,
      3.1460297107696533,
      34.75459671020508,
      8.341422080993652,
      43.95396423339844,
      14.954388618469238,
      2.299431800842285,
      -4.455517292022705,
      26.89825439453125,
      7.673263072967529,
      7.5151214599609375,
      -0.8351278305053711,
      29.446367263793945,
      15.652941703796387,
      28.111289978027344,
      16.175413131713867
    ],
    [
      2.24782657623291,
      4.989513874053955,
      2.2045857906341553,
      1.7766697406768799,
      8.341422080993652,
      17.936912536621094,
      3.5763585567474365,
      4.405235767364502,
      3.001178026199341,
      3.2540552616119385,
      0.8875235319137573,
      1.4578328132629395,
      1.7209935188293457,
      3.5508499145507812,
      6.0685272216796875,
      4.874186038970947,
      6.736970901489258,
      5.07155179977417
    ],
    [
      9.739042282104492,
      6.491123199462891,
      22.093626022338867,
      2.9355380535125732,
      43.95396423339844,
      3.5763585567474365,
      98.66210174560547,
      32.044593811035156,
      3.602356433868408,
      -11.83975601196289,
      53.530818939208984,
      12.708333969116211,
      9.859145164489746,
      -10.77520751953125,
      46.92824172973633,
      20.022478103637695,
      42.14549255371094,
      20.954967498779297
    ],
    [
      3.6144678592681885,
      4.828497409820557,
      6.671323299407959,
      1.832372784614563,
      14.954388618469238,
      4.405235767364502,
      32.044593811035156,
      23.687280654907227,
      4.894164562225342,
      1.0913441181182861,
      14.958759307861328,
      5.880094528198242,
      2.8896214962005615,
      -1.1674778461456299,
      16.602336883544922,
      8.643841743469238,
      16.32575035095215,
      9.22923469543457
    ],
    [
      8.065120697021484,
      8.650761604309082,
      2.329131841659546,
      2.032947301864624,
      2.299431800842285,
      3.001178026199341,
      3.602356433868408,
      4.894164562225342,
      21.07223892211914,
      12.615009307861328,
      10.835945129394531,
      9.213926315307617,
      11.921107292175293,
      11.30119514465332,
      6.7509918212890625,
      5.733652591705322,
      4.481131076812744,
      4.235322952270508
    ],
    [
      4.807452201843262,
      8.477341651916504,
      -0.13492104411125183,
      1.9658459424972534,
      -4.455517292022705,
      3.2540552616119385,
      -11.83975601196289,
      1.0913441181182861,
      12.615009307861328,
      19.547924041748047,
      -1.3248168230056763,
      6.252828598022461,
      7.719831466674805,
      13.487533569335938,
      -0.4767906367778778,
      2.7882823944091797,
      -0.692169725894928,
      1.734637975692749
    ],
    [
      9.249309539794922,
      4.83864688873291,
      14.916426658630371,
      2.5141913890838623,
      26.89825439453125,
      0.8875235319137573,
      53.530818939208984,
      14.958759307861328,
      10.835945129394531,
      -1.3248168230056763,
      54.362403869628906,
      21.44997215270996,
      23.235612869262695,
      4.937980651855469,
      38.202178955078125,
      19.307193756103516,
      29.793638229370117,
      16.445005416870117
    ],
    [
      2.848452568054199,
      1.273118495941162,
      4.356099605560303,
      1.4810543060302734,
      7.673263072967529,
      1.4578328132629395,
      12.708333969116211,
      5.880094528198242,
      9.213926315307617,
      6.252828598022461,
      21.44997215270996,
      22.887659072875977,
      17.1212158203125,
      13.43313980102539,
      20.012849807739258,
      13.831141471862793,
      14.977827072143555,
      10.609087944030762
    ],
    [
      9.787389755249023,
      5.821959972381592,
      6.783624172210693,
      3.316490888595581,
      7.5151214599609375,
      1.7209935188293457,
      9.859145164489746,
      2.8896214962005615,
      11.921107292175293,
      7.719831466674805,
      23.235612869262695,
      17.1212158203125,
      32.592220306396484,
      23.321264266967773,
      34.263336181640625,
      25.701316833496094,
      27.125730514526367,
      21.25412940979004
    ],
    [
      5.462276458740234,
      16.155139923095703,
      3.293726921081543,
      3.7896616458892822,
      -0.8351278305053711,
      3.5508499145507812,
      -10.77520751953125,
      -1.1674778461456299,
      11.30119514465332,
      13.487533569335938,
      4.937980651855469,
      13.43313980102539,
      23.321264266967773,
      41.74197769165039,
      35.78487777709961,
      30.562318801879883,
      28.406436920166016,
      24.219335556030273
    ],
    [
      13.082712173461914,
      18.049074172973633,
      20.30936622619629,
      8.06200122833252,
      29.446367263793945,
      6.0685272216796875,
      46.92824172973633,
      16.602336883544922,
      6.7509918212890625,
      -0.4767906367778778,
      38.202178955078125,
      20.012849807739258,
      34.263336181640625,
      35.78487777709961,
      98.70523834228516,
      69.67640686035156,
      89.5726547241211,
      64.39248657226562
    ],
    [
      8.758095741271973,
      11.93225383758545,
      11.467005729675293,
      6.0013227462768555,
      15.652941703796387,
      4.874186038970947,
      20.022478103637695,
      8.643841743469238,
      5.733652591705322,
      2.7882823944091797,
      19.307193756103516,
      13.831141471862793,
      25.701316833496094,
      30.562318801879883,
      69.67640686035156,
      57.83706283569336,
      68.31148529052734,
      55.404476165771484
    ],
    [
      12.804608345031738,
      15.417439460754395,
      19.197223663330078,
      7.731388092041016,
      28.111289978027344,
      6.736970901489258,
      42.14549255371094,
      16.32575035095215,
      4.481131076812744,
      -0.692169725894928,
      29.793638229370117,
      14.977827072143555,
      27.125730514526367,
      28.406436920166016,
      89.5726547241211,
      68.31148529052734,
      96.73734283447266,
      72.79808044433594
    ],
    [
      9.85935115814209,
      10.34920883178711,
      11.834911346435547,
      5.869919776916504,
      16.175413131713867,
      5.07155179977417,
      20.954967498779297,
      9.22923469543457,
      4.235322952270508,
      1.734637975692749,
      16.445005416870117,
      10.609087944030762,
      21.25412940979004,
      24.219335556030273,
      64.39248657226562,
      55.404476165771484,
      72.79808044433594,
      60.218257904052734
    ]
  ],
  "damage": -9.89089584350586,
  "diff_bandwidth": 874.5117797851562,
  "dissonance": 4.141976137558335,
  "drr": 1.8222604990005493,
  "dynamics": 4.964402675628662,
  "format": 1245190,
  "frames": 10689840,
  "loudness": -19.40371322631836,
  "loudness_range": 13.062691688537598,
  "loudness_range_short": 14.017805099487305,
  "lowpass_true_peak_15khz": -3.122990131378174,
  "mastering3_acoustic_entropies": [
    {
      "acoustic_entropy": 6.251856803894043,
      "acoustic_entropy_mono": 6.630261421203613,
      "band_eliminated_acoustic_entropies": [
        {
          "acoustic_entropy": 6.25213098526001,
          "acoustic_entropy_side": 6.251861572265625,
          "hz": 129.47220167065723
        },
        {
          "acoustic_entropy": 6.257549285888672,
          "acoustic_entropy_side": 6.252049922943115,
          "hz": 202.92927478742237
        },
        {
          "acoustic_entropy": 6.441651821136475,
          "acoustic_entropy_side": 6.253906726837158,
          "hz": 282.89161906338205
        },
        {
          "acoustic_entropy": 6.212998867034912,
          "acoustic_entropy_side": 6.258880138397217,
          "hz": 369.9353335868758
        },
        {
          "acoustic_entropy": 6.640501022338867,
          "acoustic_entropy_side": 6.173959732055664,
          "hz": 464.6875360973435
        },
        {
          "acoustic_entropy": 6.448273658752441,
          "acoustic_entropy_side": 6.41203498840332,
          "hz": 567.8308811364784
        },
        {
          "acoustic_entropy": 6.755619525909424,
          "acoustic_entropy_side": 6.463907718658447,
          "hz": 680.1084783214808
        },
        {
          "acoustic_entropy": 6.0508270263671875,
          "acoustic_entropy_side": 6.276806354522705,
          "hz": 802.3292461747484
        },
        {
          "acoustic_entropy": 7.092058181762695,
          "acoustic_entropy_side": 6.230250358581543,
          "hz": 935.3737400823702
        },
        {
          "acoustic_entropy": 6.134449005126953,
          "acoustic_entropy_side": 6.050435543060303,
          "hz": 1080.2004963696966
        },
        {
          "acoustic_entropy": 6.583682060241699,
          "acoustic_entropy_side": 6.214942932128906,
          "hz": 1237.8529382007157
        },
        {
          "acoustic_entropy": 6.4329705238342285,
          "acoustic_entropy_side": 6.279327869415283,
          "hz": 1409.4668930556702
        },
        {
          "acoustic_entropy": 6.464773178100586,
          "acoustic_entropy_side": 6.2742390632629395,
          "hz": 1596.2787759475705
        },
        {
          "acoustic_entropy": 6.532415866851807,
          "acoustic_entropy_side": 6.26612663269043,
          "hz": 1799.6344973346393
        },
        {
          "acoustic_entropy": 6.27932071685791,
          "acoustic_entropy_side": 6.249593734741211,
          "hz": 2020.9991599069049
        },
        {
          "acoustic_entropy": 6.291167259216309,
          "acoustic_entropy_side": 6.248693466186523,
          "hz": 2261.9676141086993
        },
        {
          "acoustic_entropy": 6.277347564697266,
          "acoustic_entropy_side": 6.248300075531006,
          "hz": 2524.2759484456974
        },
        {
          "acoustic_entropy": 6.293212890625,
          "acoustic_entropy_side": 6.249539375305176,
          "hz": 2809.813997359896
        },
        {
          "acoustic_entropy": 6.213399887084961,
          "acoustic_entropy_side": 6.250024318695068,
          "hz": 3120.6389567871424
        },
        {
          "acoustic_entropy": 5.924361705780029,
          "acoustic_entropy_side": 6.246962547302246,
          "hz": 3458.990205492291
        },
        {
          "acoustic_entropy": 5.987384796142578,
          "acoustic_entropy_side": 6.247148036956787,
          "hz": 3827.305438964164
        },
        {
          "acoustic_entropy": 6.10062313079834,
          "acoustic_entropy_side": 6.25269889831543,
          "hz": 4228.238232109126
        },
        {
          "acoustic_entropy": 6.4412336349487305,
          "acoustic_entropy_side": 6.250743389129639,
          "hz": 4664.6771572759235
        },
        {
          "acoustic_entropy": 6.24661922454834,
          "acoustic_entropy_side": 6.251608848571777,
          "hz": 5139.766595350093
        },
        {
          "acoustic_entropy": 6.245805263519287,
          "acoustic_entropy_side": 6.251773834228516,
          "hz": 5656.929389854203
        },
        {
          "acoustic_entropy": 6.25110387802124,
          "acoustic_entropy_side": 6.251859188079834,
          "hz": 6219.891507268283
        },
        {
          "acoustic_entropy": 6.253100395202637,
          "acoustic_entropy_side": 6.251891136169434,
          "hz": 6832.70888123896
        },
        {
          "acoustic_entropy": 6.2322998046875,
          "acoustic_entropy_side": 6.2519354820251465,
          "hz": 7499.796634079867
        },
        {
          "acoustic_entropy": 6.2444000244140625,
          "acoustic_entropy_side": 6.251907825469971,
          "hz": 8225.96088609342
        },
        {
          "acoustic_entropy": 6.252860069274902,
          "acoustic_entropy_side": 6.251897811889648,
          "hz": 9016.43338188839
        },
        {
          "acoustic_entropy": 6.239439964294434,
          "acoustic_entropy_side": 6.25180721282959,
          "hz": 9876.909183162974
        },
        {
          "acoustic_entropy": 6.225998878479004,
          "acoustic_entropy_side": 6.251826286315918,
          "hz": 10813.587699516042
        },
        {
          "acoustic_entropy": 6.239392280578613,
          "acoustic_entropy_side": 6.251858711242676,
          "hz": 11833.21735289826
        },
        {
          "acoustic_entropy": 6.243288516998291,
          "acoustic_entropy_side": 6.251901149749756,
          "hz": 12943.144197493959
        },
        {
          "acoustic_entropy": 6.243053913116455,
          "acoustic_entropy_side": 6.251914024353027,
          "hz": 14151.364845322005
        },
        {
          "acoustic_entropy": 6.244951248168945,
          "acoustic_entropy_side": 6.251909255981445,
          "hz": 15466.58407886509
        },
        {
          "acoustic_entropy": 6.251389980316162,
          "acoustic_entropy_side": 6.251877784729004,
          "hz": 16898.27756580493
        },
        {
          "acoustic_entropy": 6.251941680908203,
          "acoustic_entropy_side": 6.251861095428467,
          "hz": 18456.760127700032
        },
        {
          "acoustic_entropy": 6.251866817474365,
          "acoustic_entropy_side": 6.251857757568359,
          "hz": 20153.260054456492
        },
        {
          "acoustic_entropy": 6.251854419708252,
          "acoustic_entropy_side": 6.251855850219727,
          "hz": 22000.00000000001
        }
      ],
      "diff_acoustic_entropy": 2.896824836730957,
      "sn": 6
    },
    {
      "acoustic_entropy": 9.659793853759766,
      "acoustic_entropy_mono": 10.660134315490723,
      "band_eliminated_acoustic_entropies": [
        {
          "acoustic_entropy": 9.680736541748047,
          "acoustic_entropy_side": 9.66138744354248,
          "hz": 129.47220167065723
        },
        {
          "acoustic_entropy": 9.93662166595459,
          "acoustic_entropy_side": 9.69803237915039,
          "hz": 202.92927478742237
        },
        {
          "acoustic_entropy": 10.414876937866211,
          "acoustic_entropy_side": 9.823480606079102,
          "hz": 282.89161906338205
        },
        {
          "acoustic_entropy": 10.774276733398438,
          "acoustic_entropy_side": 9.827295303344727,
          "hz": 369.9353335868758
        },
        {
          "acoustic_entropy": 9.813448905944824,
          "acoustic_entropy_side": 9.60162353515625,
          "hz": 464.6875360973435
        },
        {
          "acoustic_entropy": 10.570169448852539,
          "acoustic_entropy_side": 10.59816837310791,
          "hz": 567.8308811364784
        },
        {
          "acoustic_entropy": 10.93093204498291,
          "acoustic_entropy_side": 10.876398086547852,
          "hz": 680.1084783214808
        },
        {
          "acoustic_entropy": 10.19353199005127,
          "acoustic_entropy_side": 9.458654403686523,
          "hz": 802.3292461747484
        },
        {
          "acoustic_entropy": 9.614459037780762,
          "acoustic_entropy_side": 9.884970664978027,
          "hz": 935.3737400823702
        },
        {
          "acoustic_entropy": 10.239714622497559,
          "acoustic_entropy_side": 10.023612976074219,
          "hz": 1080.2004963696966
        },
        {
          "acoustic_entropy": 9.752310752868652,
          "acoustic_entropy_side": 9.826905250549316,
          "hz": 1237.8529382007157
        },
        {
          "acoustic_entropy": 9.603989601135254,
          "acoustic_entropy_side": 9.832626342773438,
          "hz": 1409.4668930556702
        },
        {
          "acoustic_entropy": 9.120853424072266,
          "acoustic_entropy_side": 9.584548950195312,
          "hz": 1596.2787759475705
        },
        {
          "acoustic_entropy": 9.883735656738281,
          "acoustic_entropy_side": 9.740567207336426,
          "hz": 1799.6344973346393
        },
        {
          "acoustic_entropy": 9.638622283935547,
          "acoustic_entropy_side": 9.717273712158203,
          "hz": 2020.9991599069049
        },
        {
          "acoustic_entropy": 9.572599411010742,
          "acoustic_entropy_side": 9.745098114013672,
          "hz": 2261.9676141086993
        },
        {
          "acoustic_entropy": 9.725568771362305,
          "acoustic_entropy_side": 9.728458404541016,
          "hz": 2524.2759484456974
        },
        {
          "acoustic_entropy": 9.583574295043945,
          "acoustic_entropy_side": 9.658705711364746,
          "hz": 2809.813997359896
        },
        {
          "acoustic_entropy": 9.60132884979248,
          "acoustic_entropy_side": 9.659568786621094,
          "hz": 3120.6389567871424
        },
        {
          "acoustic_entropy": 9.506243705749512,
          "acoustic_entropy_side": 9.692437171936035,
          "hz": 3458.990205492291
        },
        {
          "acoustic_entropy": 9.607884407043457,
          "acoustic_entropy_side": 9.718778610229492,
          "hz": 3827.305438964164
        },
        {
          "acoustic_entropy": 10.036524772644043,
          "acoustic_entropy_side": 9.748592376708984,
          "hz": 4228.238232109126
        },
        {
          "acoustic_entropy": 9.457664489746094,
          "acoustic_entropy_side": 9.650199890136719,
          "hz": 4664.6771572759235
        },
        {
          "acoustic_entropy": 9.637697219848633,
          "acoustic_entropy_side": 9.663229942321777,
          "hz": 5139.766595350093
        },
        {
          "acoustic_entropy": 9.654834747314453,
          "acoustic_entropy_side": 9.661555290222168,
          "hz": 5656.929389854203
        },
        {
          "acoustic_entropy": 9.663025856018066,
          "acoustic_entropy_side": 9.66089153289795,
          "hz": 6219.891507268283
        },
        {
          "acoustic_entropy": 9.68784236907959,
          "acoustic_entropy_side": 9.661364555358887,
          "hz": 6832.70888123896
        },
        {
          "acoustic_entropy": 10.069721221923828,
          "acoustic_entropy_side": 9.676103591918945,
          "hz": 7499.796634079867
        },
        {
          "acoustic_entropy": 9.993887901306152,
          "acoustic_entropy_side": 9.671357154846191,
          "hz": 8225.96088609342
        },
        {
          "acoustic_entropy": 9.793150901794434,
          "acoustic_entropy_side": 9.66729736328125,
          "hz": 9016.43338188839
        },
        {
          "acoustic_entropy": 10.129288673400879,
          "acoustic_entropy_side": 9.696813583374023,
          "hz": 9876.909183162974
        },
        {
          "acoustic_entropy": 10.09488296508789,
          "acoustic_entropy_side": 9.7086820602417,
          "hz": 10813.587699516042
        },
        {
          "acoustic_entropy": 10.102529525756836,
          "acoustic_entropy_side": 9.719334602355957,
          "hz": 11833.21735289826
        },
        {
          "acoustic_entropy": 10.106463432312012,
          "acoustic_entropy_side": 9.717889785766602,
          "hz": 12943.144197493959
        },
        {
          "acoustic_entropy": 10.160959243774414,
          "acoustic_entropy_side": 9.722734451293945,
          "hz": 14151.364845322005
        },
        {
          "acoustic_entropy": 10.112008094787598,
          "acoustic_entropy_side": 9.699662208557129,
          "hz": 15466.58407886509
        },
        {
          "acoustic_entropy": 9.895133972167969,
          "acoustic_entropy_side": 9.675187110900879,
          "hz": 16898.27756580493
        },
        {
          "acoustic_entropy": 9.705633163452148,
          "acoustic_entropy_side": 9.662294387817383,
          "hz": 18456.760127700032
        },
        {
          "acoustic_entropy": 9.671381950378418,
          "acoustic_entropy_side": 9.660417556762695,
          "hz": 20153.260054456492
        },
        {
          "acoustic_entropy": 9.66174602508545,
          "acoustic_entropy_side": 9.659895896911621,
          "hz": 22000.00000000001
        }
      ],
      "diff_acoustic_entropy": 5.5198187828063965,
      "sn": 12
    },
    {
      "acoustic_entropy": 17.598543167114258,
      "acoustic_entropy_mono": 16.578428268432617,
      "band_eliminated_acoustic_entropies": [
        {
          "acoustic_entropy": 17.59214210510254,
          "acoustic_entropy_side": 17.630878448486328,
          "hz": 129.47220167065723
        },
        {
          "acoustic_entropy": 17.499555587768555,
          "acoustic_entropy_side": 17.4058837890625,
          "hz": 202.92927478742237
        },
        {
          "acoustic_entropy": 17.093957901000977,
          "acoustic_entropy_side": 17.256933212280273,
          "hz": 282.89161906338205
        },
        {
          "acoustic_entropy": 17.92302131652832,
          "acoustic_entropy_side": 17.48503875732422,
          "hz": 369.9353335868758
        },
        {
          "acoustic_entropy": 17.26673126220703,
          "acoustic_entropy_side": 18.24030303955078,
          "hz": 464.6875360973435
        },
        {
          "acoustic_entropy": 17.653261184692383,
          "acoustic_entropy_side": 17.30545997619629,
          "hz": 567.8308811364784
        },
        {
          "acoustic_entropy": 18.844135284423828,
          "acoustic_entropy_side": 18.0645694732666,
          "hz": 680.1084783214808
        },
        {
          "acoustic_entropy": 18.11139488220215,
          "acoustic_entropy_side": 17.222333908081055,
          "hz": 802.3292461747484
        },
        {
          "acoustic_entropy": 17.476551055908203,
          "acoustic_entropy_side": 17.3096923828125,
          "hz": 935.3737400823702
        },
        {
          "acoustic_entropy": 18.614120483398438,
          "acoustic_entropy_side": 18.425764083862305,
          "hz": 1080.2004963696966
        },
        {
          "acoustic_entropy": 17.547086715698242,
          "acoustic_entropy_side": 17.18607521057129,
          "hz": 1237.8529382007157
        },
        {
          "acoustic_entropy": 17.534038543701172,
          "acoustic_entropy_side": 17.642608642578125,
          "hz": 1409.4668930556702
        },
        {
          "acoustic_entropy": 16.962318420410156,
          "acoustic_entropy_side": 17.454833984375,
          "hz": 1596.2787759475705
        },
        {
          "acoustic_entropy": 18.018573760986328,
          "acoustic_entropy_side": 18.389379501342773,
          "hz": 1799.6344973346393
        },
        {
          "acoustic_entropy": 18.05055046081543,
          "acoustic_entropy_side": 17.43983268737793,
          "hz": 2020.9991599069049
        },
        {
          "acoustic_entropy": 17.16805648803711,
          "acoustic_entropy_side": 17.495880126953125,
          "hz": 2261.9676141086993
        },
        {
          "acoustic_entropy": 17.253843307495117,
          "acoustic_entropy_side": 17.422359466552734,
          "hz": 2524.2759484456974
        },
        {
          "acoustic_entropy": 17.75713348388672,
          "acoustic_entropy_side": 17.80377769470215,
          "hz": 2809.813997359896
        },
        {
          "acoustic_entropy": 17.516714096069336,
