{
  "acoustic_entropy": 111.62889862060547,
  "bands": [
    {
      "high_freq": 148.1999969482422,
      "loudness": -53.44502639770508,
      "loudness_range": 22.026077270507812,
      "mid_mean": -54.16706466674805,
      "mid_to_side_loudness": 0.5769869089126587,
      "mid_to_side_loudness_range": 10.070969581604004,
      "side_mean": -53.32668685913086
    },
    {
      "high_freq": 392.3793640136719,
      "loudness": -31.941612243652344,
      "loudness_range": 10.781373977661133,
      "low_freq": 148.1999969482422,
      "mid_mean": -29.861595153808594,
      "mid_to_side_loudness": -3.742368221282959,
      "mid_to_side_loudness_range": 7.28989315032959,
      "side_mean": -33.88072967529297
    },
    {
      "high_freq": 794.6976318359375,
      "loudness": -32.47627258300781,
      "loudness_range": 14.039268493652344,
      "low_freq": 392.3793640136719,
      "mid_mean": -31.554086685180664,
      "mid_to_side_loudness": -0.9808670878410339,
      "mid_to_side_loudness_range": 9.45138168334961,
      "side_mean": -32.6660270690918
    },
    {
      "high_freq": 1457.5709228515625,
      "loudness": -43.595401763916016,
      "loudness_range": 14.486831665039062,
      "low_freq": 794.6976318359375,
      "mid_mean": -42.75455093383789,
      "mid_to_side_loudness": -0.6286352872848511,
      "mid_to_side_loudness_range": 6.84549617767334,
      "side_mean": -43.457279205322266
    },
    {
      "high_freq": 2549.74365234375,
      "loudness": -49.95594024658203,
      "loudness_range": 17.834941864013672,
      "low_freq": 1457.5709228515625,
      "mid_mean": -50.392093658447266,
      "mid_to_side_loudness": -0.5679975748062134,
      "mid_to_side_loudness_range": 5.749058723449707,
      "side_mean": -50.94314956665039
    },
    {
      "high_freq": 4349.24462890625,
      "loudness": -63.79718780517578,
      "loudness_range": 23.02747344970703,
      "low_freq": 2549.74365234375,
      "mid_mean": -61.9618034362793,
      "mid_to_side_loudness": -0.6734526753425598,
      "mid_to_side_loudness_range": 9.497740745544434,
      "side_mean": -62.367835998535156
    },
    {
      "high_freq": 7314.1640625,
      "loudness": -78.20718383789062,
      "loudness_range": 19.670135498046875,
      "low_freq": 4349.24462890625,
      "mid_mean": -68.52165222167969,
      "mid_to_side_loudness": -0.0682167261838913,
      "mid_to_side_loudness_range": 4.8210906982421875,
      "side_mean": -68.49188995361328
    },
    {
      "high_freq": 12199.2666015625,
      "loudness": 0,
      "loudness_range": 0,
      "low_freq": 7314.1640625,
      "mid_mean": -69.79174041748047,
      "mid_to_side_loudness": -0.17316344380378723,
      "mid_to_side_loudness_range": 1.358951449394226,
      "side_mean": -69.79718017578125
    },
    {
      "loudness": 0,
      "loudness_range": 0,
      "low_freq": 12199.2666015625,
      "mid_mean": -69.44120025634766,
      "mid_to_side_loudness": -8.28145694732666,
      "mid_to_side_loudness_range": 1.6066412925720215,
      "side_mean": -69.91072082519531
    }
  ],
  "bands_short": [
    {
      "high_freq": 148.1999969482422,
      "loudness": -59.804866790771484,
      "loudness_range": 21.828140258789062,
      "mid_mean": -58.32944869995117,
      "mid_to_side_loudness": -3.127385377883911,
      "mid_to_side_loudness_range": 15.57448959350586,
      "side_mean": -60.6649055480957
    },
    {
      "high_freq": 392.3793640136719,
      "loudness": -33.09852981567383,
      "loudness_range": 12.6209716796875,
      "low_freq": 148.1999969482422,
      "mid_mean": -31.261409759521484,
      "mid_to_side_loudness": -3.596055507659912,
      "mid_to_side_loudness_range": 11.397591590881348,
      "side_mean": -35.22858428955078
    },
    {
      "high_freq": 794.6976318359375,
      "loudness": -32.05805969238281,
      "loudness_range": 13.990203857421875,
      "low_freq": 392.3793640136719,
      "mid_mean": -31.018661499023438,
      "mid_to_side_loudness": -1.4120765924453735,
      "mid_to_side_loudness_range": 10.6795654296875,
      "side_mean": -32.600746154785156
    },
    {
      "high_freq": 1457.5709228515625,
      "loudness": -43.74088668823242,
      "loudness_range": 15.279590606689453,
      "low_freq": 794.6976318359375,
      "mid_mean": -43.04678726196289,
      "mid_to_side_loudness": -0.5213815569877625,
      "mid_to_side_loudness_range": 8.909510612487793,
      "side_mean": -43.62718200683594
    },
    {
      "high_freq": 2549.74365234375,
      "loudness": -50.8797607421875,
      "loudness_range": 19.510848999023438,
      "low_freq": 1457.5709228515625,
      "mid_mean": -51.30020523071289,
      "mid_to_side_loudness": -0.6062417030334473,
      "mid_to_side_loudness_range": 8.18445873260498,
      "side_mean": -51.88792419433594
    },
    {
      "high_freq": 4349.24462890625,
      "loudness": -63.47504806518555,
      "loudness_range": 24.88387680053711,
      "low_freq": 2549.74365234375,
      "mid_mean": -61.99701690673828,
      "mid_to_side_loudness": -0.33151742815971375,
      "mid_to_side_loudness_range": 10.544740676879883,
      "side_mean": -62.09160614013672
    },
    {
      "high_freq": 7314.1640625,
      "loudness": -78.82888793945312,
      "loudness_range": 19.6065673828125,
      "low_freq": 4349.24462890625,
      "mid_mean": -68.67484283447266,
      "mid_to_side_loudness": -0.1985498070716858,
      "mid_to_side_loudness_range": 5.70927619934082,
      "side_mean": -68.70086669921875
    },
    {
      "high_freq": 12199.2666015625,
      "loudness": -84.62554168701172,
      "loudness_range": 5.229316711425781,
      "low_freq": 7314.1640625,
      "mid_mean": -69.79415130615234,
      "mid_to_side_loudness": -0.20691460371017456,
      "mid_to_side_loudness_range": 2.0925893783569336,
      "side_mean": -69.8024673461914
    },
    {
      "loudness": 0,
      "loudness_range": 0,
      "low_freq": 12199.2666015625,
      "mid_mean": -69.47208404541016,
      "mid_to_side_loudness": -7.9678802490234375,
      "mid_to_side_loudness_range": 3.380141258239746,
      "side_mean": -69.91008758544922
    }
  ],
  "bandwidth": 524.16064453125,
  "channels": 2,
  "covariance": [
    [
      52.21916580200195,
      62.101959228515625,
      2.1880688667297363,
      6.213857650756836,
      8.38936996459961,
      12.559834480285645,
      9.2891206741333,
      9.179101943969727,
      32.796024322509766,
      30.472440719604492,
      20.3587589263916,
      19.380773544311523,
      5.376927852630615,
      5.636094570159912,
      0.3419942259788513,
      0.3131794035434723,
      0.1257895529270172,
      0.05547376349568367
    ],
    [
      62.101959228515625,
      81.80060577392578,
      1.260951280593872,
      6.946351051330566,
      7.746974468231201,
      13.826740264892578,
      10.211640357971191,
      9.495010375976562,
      35.5844612121582,
      33.48781967163086,
      22.57454490661621,
      21.237131118774414,
      6.348598003387451,
      6.5353169441223145,
      0.39154717326164246,
      0.35243484377861023,
      0.1369166076183319,
      0.05726594477891922
    ],
    [
      2.1880688667297363,
      1.260951280593872,
      19.134761810302734,
      12.981059074401855,
      13.141640663146973,
      10.584135055541992,
      16.044828414916992,
      14.224364280700684,
      19.000587463378906,
      19.78765869140625,
      17.503660202026367,
      17.72919464111328,
      5.472700595855713,
      5.13490104675293,
      0.2569428086280823,
      0.23592154681682587,
      0.08828295767307281,
      0.0377364456653595
    ],
    [
      6.213857650756836,
      6.946351051330566,
      12.981059074401855,
      13.81740951538086,
      8.931612968444824,
      7.326772689819336,
      12.199053764343262,
      11.18990707397461,
      15.934410095214844,
      16.866212844848633,
      15.308789253234863,
      14.569289207458496,
      5.338128089904785,
      4.611159324645996,
      0.22899052500724792,
      0.19496019184589386,
      0.07256914675235748,
      0.03133472800254822
    ],
    [
      8.38936996459961,
      7.746974468231201,
      13.141640663146973,
      8.931612968444824,
      30.247201919555664,
      21.36656951904297,
      19.795177459716797,
      21.663896560668945,
      27.145654678344727,
      26.218433380126953,
      24.272340774536133,
      25.2801513671875,
      6.092097282409668,
      6.55943489074707,
      0.3964806795120239,
      0.36253196001052856,
      0.13370341062545776,
      0.049239631742239
    ],
    [
      12.559834480285645,
      13.826740264892578,
      10.584135055541992,
      7.326772689819336,
      21.36656951904297,
      23.934101104736328,
      15.880620002746582,
      17.20393943786621,
      24.47110366821289,
      23.125469207763672,
      20.445289611816406,
      21.49786376953125,
      5.842461109161377,
      6.35870885848999,
      0.36269575357437134,
      0.3672134578227997,
      0.10452903807163239,
      0.052501074969768524
    ],
    [
      9.2891206741333,
      10.211640357971191,
      16.044828414916992,
      12.199053764343262,
      19.795177459716797,
      15.880620002746582,
      27.58000946044922,
      24.260324478149414,
      28.084854125976562,
      27.967796325683594,
      26.514373779296875,
      26.057214736938477,
      7.695761203765869,
      7.922745227813721,
      0.46495261788368225,
      0.4426058232784271,
      0.11262422055006027,
      0.046265386044979095
    ],
    [
      9.179101943969727,
      9.495010375976562,
      14.224364280700684,
      11.18990707397461,
      21.663896560668945,
      17.20393943786621,
      24.260324478149414,
      27.1435604095459,
      29.149845123291016,
      28.677339553833008,
      26.14447784423828,
      26.556434631347656,
      7.2371625900268555,
      7.547019958496094,
      0.4166131019592285,
      0.4173438549041748,
      0.11889234185218811,
      0.04696226865053177
    ],
    [
      32.796024322509766,
      35.5844612121582,
      19.000587463378906,
      15.934410095214844,
      27.145654678344727,
      24.47110366821289,
      28.084854125976562,
      29.149845123291016,
      62.739288330078125,
      60.29103469848633,
      42.51210021972656,
      40.67628860473633,
      10.97875690460205,
      11.297223091125488,
      0.6127575635910034,
      0.6278677582740784,
      0.21861331164836884,
      0.0910620167851448
    ],
    [
      30.472440719604492,
      33.48781967163086,
      19.78765869140625,
      16.866212844848633,
      26.218433380126953,
      23.125469207763672,
      27.967796325683594,
      28.677339553833008,
      60.29103469848633,
      61.380252838134766,
      42.48225402832031,
      40.372737884521484,
      11.504121780395508,
      11.68604850769043,
      0.6170068979263306,
      0.6495106816291809,
      0.21418976783752441,
      0.09046812355518341
    ],
    [
      20.3587589263916,
      22.57454490661621,
      17.503660202026367,
      15.308789253234863,
      24.272340774536133,
      20.445289611816406,
      26.514373779296875,
      26.14447784423828,
      42.51210021972656,
      42.48225402832031,
      40.54704284667969,
      36.3780632019043,
      11.235535621643066,
      12.093045234680176,
      0.6099022030830383,
      0.6482571959495544,
      0.16801217198371887,
      0.07319595664739609
    ],
    [
      19.380773544311523,
      21.237131118774414,
      17.72919464111328,
      14.569289207458496,
      25.2801513671875,
      21.49786376953125,
      26.057214736938477,
      26.556434631347656,
      40.67628860473633,
      40.372737884521484,
      36.3780632019043,
      38.302330017089844,
      10.625883102416992,
      11.359598159790039,
      0.6126701831817627,
      0.5857728123664856,
      0.16547700762748718,
      0.07235515117645264
    ],
    [
      5.376927852630615,
      6.348598003387451,
      5.472700595855713,
      5.338128089904785,
      6.092097282409668,
      5.842461109161377,
      7.695761203765869,
      7.2371625900268555,
      10.97875690460205,
      11.504121780395508,
      11.235535621643066,
      10.625883102416992,
      5.166895389556885,
      4.974312782287598,
      0.2532883882522583,
      0.2675226628780365,
      0.049769409000873566,
      0.026037994772195816
    ],
    [
      5.636094570159912,
      6.5353169441223145,
      5.13490104675293,
      4.611159324645996,
      6.55943489074707,
      6.35870885848999,
      7.922745227813721,
      7.547019958496094,
      11.297223091125488,
      11.68604850769043,
      12.093045234680176,
      11.359598159790039,
      4.974312782287598,
      5.573753833770752,
      0.2724412679672241,
      0.309693843126297,
      0.046672552824020386,
      0.02528742328286171
    ],
    [
      0.3419942259788513,
      0.39154717326164246,
      0.2569428086280823,
      0.22899052500724792,
      0.3964806795120239,
      0.36269575357437134,
      0.46495261788368225,
      0.4166131019592285,
      0.6127575635910034,
      0.6170068979263306,
      0.6099022030830383,
      0.6126701831817627,
      0.2532883882522583,
      0.2724412679672241,
      0.03035450167953968,
      0.025447646155953407,
      0.0034216935746371746,
      0.0017588973278179765
    ],
    [
      0.3131794035434723,
      0.35243484377861023,
      0.23592154681682587,
      0.19496019184589386,
      0.36253196001052856,
      0.3672134578227997,
      0.4426058232784271,
      0.4173438549041748,
      0.6278677582740784,
      0.6495106816291809,
      0.6482571959495544,
      0.5857728123664856,
      0.2675226628780365,
      0.309693843126297,
      0.025447646155953407,
      0.034540921449661255,
      0.0028777853585779667,
      0.0017130471533164382
    ],
    [
      0.1257895529270172,
      0.1369166076183319,
      0.08828295767307281,
      0.07256914675235748,
      0.13370341062545776,
      0.10452903807163239,
      0.11262422055006027,
      0.11889234185218811,
      0.21861331164836884,
      0.21418976783752441,
      0.16801217198371887,
      0.16547700762748718,
      0.049769409000873566,
      0.046672552824020386,
      0.0034216935746371746,
      0.0028777853585779667,
      0.0028181825764477253,
      0.0007191699696704745
    ],
    [
      0.05547376349568367,
      0.05726594477891922,
      0.0377364456653595,
      0.03133472800254822,
      0.049239631742239,
      0.052501074969768524,
      0.046265386044979095,
      0.04696226865053177,
      0.0910620167851448,
      0.09046812355518341,
      0.07319595664739609,
      0.07235515117645264,
      0.026037994772195816,
      0.02528742328286171,
      0.0017588973278179765,
      0.0017130471533164382,
      0.0007191699696704745,
      0.0004836917796637863
    ]
  ],
  "covariance_short": [
    [
      42.02751541137695,
      34.3359260559082,
      8.366154670715332,
      8.958847999572754,
      13.152847290039062,
      14.410971641540527,
      11.94997501373291,
      12.331621170043945,
      30.843704223632812,
      28.654321670532227,
      20.281082153320312,
      19.82526206970215,
      4.7920966148376465,
      4.804154872894287,
      0.3236921429634094,
      0.2868805229663849,
      0.11141841113567352,
      0.05530858039855957
    ],
    [
      34.3359260559082,
      47.536598205566406,
      6.6153059005737305,
      8.585803031921387,
      11.551328659057617,
      13.679925918579102,
      9.874429702758789,
      10.288028717041016,
      26.707300186157227,
      25.167015075683594,
      18.31707000732422,
      17.471214294433594,
      4.809271335601807,
      4.688935279846191,
      0.32324323058128357,
      0.3029538691043854,
      0.109896220266819,
      0.04609311372041702
    ],
    [
      8.366154670715332,
      6.6153059005737305,
      28.431684494018555,
      14.719375610351562,
      14.60569953918457,
      12.537137985229492,
      19.164566040039062,
      17.33319664001465,
      22.94927978515625,
      22.3660945892334,
      19.63433265686035,
      20.768142700195312,
      4.867086410522461,
      4.757534027099609,
      0.28210556507110596,
      0.26501497626304626,
      0.09967382997274399,
      0.042500872164964676
    ],
    [
      8.958847999572754,
      8.585803031921387,
      14.719375610351562,
      18.542232513427734,
      10.319005012512207,
      8.627457618713379,
      13.06273078918457,
      12.095829010009766,
      16.329227447509766,
      17.045541763305664,
      14.93232536315918,
      15.072579383850098,
      4.243899822235107,
      4.043530464172363,
      0.23442374169826508,
      0.21673505008220673,
      0.06738688796758652,
      0.027877599000930786
    ],
    [
      13.152847290039062,
      11.551328659057617,
      14.60569953918457,
      10.319005012512207,
      29.595102310180664,
      22.056962966918945,
      18.893762588500977,
      20.944000244140625,
      28.103317260742188,
      27.591659545898438,
      25.42203140258789,
      25.666339874267578,
      6.221226215362549,
      5.893430709838867,
      0.40092402696609497,
      0.34295690059661865,
      0.145602747797966,
      0.05687762796878815
    ],
    [
      14.410971641540527,
      13.679925918579102,
      12.537137985229492,
      8.627457618713379,
      22.056962966918945,
      29.13057518005371,
      17.049692153930664,
      18.958919525146484,
      27.8762149810791,
      26.618438720703125,
      23.24724769592285,
      23.631053924560547,
      6.5259599685668945,
      6.286428451538086,
      0.3958996832370758,
      0.37678831815719604,
      0.12246661633253098,
      0.06640420109033585
    ],
    [
      11.94997501373291,
      9.874429702758789,
      19.164566040039062,
      13.06273078918457,
      18.893762588500977,
      17.049692153930664,
      31.089847564697266,
      26.25718116760254,
      31.6462459564209,
      31.16209602355957,
      27.380895614624023,
      27.09416961669922,
      7.7219438552856445,
      7.749831199645996,
      0.5190754532814026,
      0.4686753451824188,
      0.1205226257443428,
      0.0519053190946579
    ],
    [
      12.331621170043945,
      10.288028717041016,
      17.33319664001465,
      12.095829010009766,
      20.944000244140625,
      18.958919525146484,
      26.25718116760254,
      31.186647415161133,
      33.186859130859375,
      32.91728591918945,
      29.278013229370117,
      29.830842971801758,
      7.652863502502441,
      7.807156085968018,
      0.47130289673805237,
      0.47892841696739197,
      0.12602606415748596,
      0.0546540804207325
    ],
    [
      30.843704223632812,
      26.707300186157227,
      22.94927978515625,
      16.329227447509766,
      28.103317260742188,
      27.8762149810791,
      31.6462459564209,
      33.186859130859375,
      68.32605743408203,
      63.6521110534668,
      45.737247467041016,
      43.80128479003906,
      10.886414527893066,
      10.908020973205566,
      0.6738102436065674,
      0.6695850491523743,
      0.21315699815750122,
      0.09828656911849976
    ],
    [
      28.654321670532227,
      25.167015075683594,
      22.3660945892334,
      17.045541763305664,
      27.591659545898438,
      26.618438720703125,
      31.16209602355957,
      32.91728591918945,
      63.6521110534668,
      66.20558166503906,
      45.219337463378906,
      42.552978515625,
      11.327616691589355,
      11.157575607299805,
      0.6761564612388611,
      0.6983975172042847,
      0.21140198409557343,
      0.09582525491714478
    ],
    [
      20.281082153320312,
      18.31707000732422,
      19.63433265686035,
      14.93232536315918,
      25.42203140258789,
      23.24724769592285,
      27.380895614624023,
      29.278013229370117,
      45.737247467041016,
      45.219337463378906,
      44.45279312133789,
      41.61438751220703,
      10.62596321105957,
      11.215849876403809,
      0.668851375579834,
      0.6929041743278503,
      0.18348506093025208,
      0.0866667628288269
    ],
    [
      19.82526206970215,
      17.471214294433594,
      20.768142700195312,
      15.072579383850098,
      25.666339874267578,
      23.631053924560547,
      27.09416961669922,
      29.830842971801758,
      43.80128479003906,
      42.552978515625,
      41.61438751220703,
      46.716793060302734,
      9.948610305786133,
      10.411935806274414,
      0.6681596636772156,
      0.6348108053207397,
      0.18412478268146515,
      0.08588380366563797
    ],
    [
      4.7920966148376465,
      4.809271335601807,
      4.867086410522461,
      4.243899822235107,
      6.221226215362549,
      6.5259599685668945,
      7.7219438552856445,
      7.652863502502441,
      10.886414527893066,
      11.327616691589355,
      10.62596321105957,
      9.948610305786133,
      5.3837127685546875,
      4.917715549468994,
      0.3229835629463196,
      0.354204386472702,
      0.05281771719455719,
      0.02883262187242508
    ],
    [
      4.804154872894287,
      4.688935279846191,
      4.757534027099609,
      4.043530464172363,
      5.893430709838867,
      6.286428451538086,
      7.749831199645996,
      7.807156085968018,
      10.908020973205566,
      11.157575607299805,
      11.215849876403809,
      10.411935806274414,
      4.917715549468994,
      5.5847320556640625,
      0.34393712878227234,
      0.39311960339546204,
      0.04936071112751961,
      0.028439009562134743
    ],
    [
      0.3236921429634094,
      0.32324323058128357,
      0.28210556507110596,
      0.23442374169826508,
      0.40092402696609497,
      0.3958996832370758,
      0.5190754532814026,
      0.47130289673805237,
      0.6738102436065674,
      0.6761564612388611,
      0.668851375579834,
      0.6681596636772156,
      0.3229835629463196,
      0.34393712878227234,
      0.05534021928906441,
      0.051092345267534256,
      0.0041381120681762695,
      0.0022774136159569025
    ],
    [
      0.2868805229663849,
      0.3029538691043854,
      0.26501497626304626,
      0.21673505008220673,
      0.34295690059661865,
      0.37678831815719604,
      0.4686753451824188,
      0.47892841696739197,
      0.6695850491523743,
      0.6983975172042847,
      0.6929041743278503,
      0.6348108053207397,
      0.354204386472702,
      0.39311960339546204,
      0.051092345267534256,
      0.07422687858343124,
      0.0035629819612950087,
      0.002264241920784116
    ],
    [
      0.11141841113567352,
      0.109896220266819,
      0.09967382997274399,
      0.06738688796758652,
      0.145602747797966,
      0.12246661633253098,
      0.1205226257443428,
      0.12602606415748596,
      0.21315699815750122,
      0.21140198409557343,
      0.18348506093025208,
      0.18412478268146515,
      0.05281771719455719,
      0.04936071112751961,
      0.0041381120681762695,
      0.0035629819612950087,
      0.01061834767460823,
      0.0008875848725438118
    ],
    [
      0.05530858039855957,
      0.04609311372041702,
      0.042500872164964676,
      0.027877599000930786,
      0.05687762796878815,
      0.06640420109033585,
      0.0519053190946579,
      0.0546540804207325,
      0.09828656911849976,
      0.09582525491714478,
      0.0866667628288269,
      0.08588380366563797,
      0.02883262187242508,
      0.028439009562134743,
      0.0022774136159569025,
      0.002264241920784116,
      0.0008875848725438118,
      0.0008137954282574356
    ]
  ],
  "damage": -16.42482566833496,
  "diff_bandwidth": 527.993896484375,
  "dissonance": 5.332053761868565,
  "drr": 8.107861518859863,
  "dynamics": 3.671597957611084,
  "format": 1245190,
  "frames": 5562304,
  "loudness": -25.334630966186523,
  "loudness_range": 10.245342254638672,
  "loudness_range_short": 11.54026985168457,
  "lowpass_true_peak_15khz": -5.72447395324707,
  "mastering3_acoustic_entropies": [
    {
      "acoustic_entropy": 5.512225151062012,
      "acoustic_entropy_mono": 5.260723114013672,
      "band_eliminated_acoustic_entropies": [
        {
          "acoustic_entropy": 5.5122270584106445,
          "acoustic_entropy_side": 5.512226581573486,
          "hz": 129.47220167065723
        },
        {
          "acoustic_entropy": 5.466928005218506,
          "acoustic_entropy_side": 5.487987518310547,
          "hz": 202.92927478742237
        },
        {
          "acoustic_entropy": 5.5334930419921875,
          "acoustic_entropy_side": 5.8125081062316895,
          "hz": 282.89161906338205
        },
        {
          "acoustic_entropy": 6.180210590362549,
          "acoustic_entropy_side": 5.527239799499512,
          "hz": 369.9353335868758
        },
        {
          "acoustic_entropy": 5.489649295806885,
          "acoustic_entropy_side": 5.572938919067383,
          "hz": 464.6875360973435
        },
        {
          "acoustic_entropy": 5.126653671264648,
          "acoustic_entropy_side": 6.07377815246582,
          "hz": 567.8308811364784
        },
        {
          "acoustic_entropy": 5.36038064956665,
          "acoustic_entropy_side": 5.742952823638916,
          "hz": 680.1084783214808
        },
        {
          "acoustic_entropy": 5.3275299072265625,
          "acoustic_entropy_side": 5.508532524108887,
          "hz": 802.3292461747484
        },
        {
          "acoustic_entropy": 5.651275634765625,
          "acoustic_entropy_side": 5.443699359893799,
          "hz": 935.3737400823702
        },
        {
          "acoustic_entropy": 5.606417655944824,
          "acoustic_entropy_side": 5.671563148498535,
          "hz": 1080.2004963696966
        },
        {
          "acoustic_entropy": 5.647749423980713,
          "acoustic_entropy_side": 5.511544704437256,
          "hz": 1237.8529382007157
        },
        {
          "acoustic_entropy": 5.511175155639648,
          "acoustic_entropy_side": 5.4935479164123535,
          "hz": 1409.4668930556702
        },
        {
          "acoustic_entropy": 5.487850666046143,
          "acoustic_entropy_side": 5.492854595184326,
          "hz": 1596.2787759475705
        },
        {
          "acoustic_entropy": 5.4784698486328125,
          "acoustic_entropy_side": 5.494612693786621,
          "hz": 1799.6344973346393
        },
        {
          "acoustic_entropy": 5.498124122619629,
          "acoustic_entropy_side": 5.507957458496094,
          "hz": 2020.9991599069049
        },
        {
          "acoustic_entropy": 5.510427951812744,
          "acoustic_entropy_side": 5.51068115234375,
          "hz": 2261.9676141086993
        },
        {
          "acoustic_entropy": 5.512693881988525,
          "acoustic_entropy_side": 5.514651775360107,
          "hz": 2524.2759484456974
        },
        {
          "acoustic_entropy": 5.506731986999512,
          "acoustic_entropy_side": 5.512081623077393,
          "hz": 2809.813997359896
        },
        {
          "acoustic_entropy": 5.512414455413818,
          "acoustic_entropy_side": 5.512479305267334,
          "hz": 3120.6389567871424
        },
        {
          "acoustic_entropy": 5.512002468109131,
          "acoustic_entropy_side": 5.512125492095947,
          "hz": 3458.990205492291
        },
        {
          "acoustic_entropy": 5.51213264465332,
          "acoustic_entropy_side": 5.512166500091553,
          "hz": 3827.305438964164
        },
        {
          "acoustic_entropy": 5.512120723724365,
          "acoustic_entropy_side": 5.512206077575684,
          "hz": 4228.238232109126
        },
        {
          "acoustic_entropy": 5.512210845947266,
          "acoustic_entropy_side": 5.512217044830322,
          "hz": 4664.6771572759235
        },
        {
          "acoustic_entropy": 5.512205123901367,
          "acoustic_entropy_side": 5.512213230133057,
          "hz": 5139.766595350093
        },
        {
          "acoustic_entropy": 5.512219429016113,
          "acoustic_entropy_side": 5.5122222900390625,
          "hz": 5656.929389854203
        },
        {
          "acoustic_entropy": 5.5122222900390625,
          "acoustic_entropy_side": 5.5122222900390625,
          "hz": 6219.891507268283
        },
        {
          "acoustic_entropy": 5.512225151062012,
          "acoustic_entropy_side": 5.512225151062012,
          "hz": 6832.70888123896
        },
        {
          "acoustic_entropy": 5.512225151062012,
          "acoustic_entropy_side": 5.512225151062012,
          "hz": 7499.796634079867
        },
        {
          "acoustic_entropy": 5.512225151062012,
          "acoustic_entropy_side": 5.512225151062012,
          "hz": 8225.96088609342
        },
        {
          "acoustic_entropy": 5.512225151062012,
          "acoustic_entropy_side": 5.512225151062012,
          "hz": 9016.43338188839
        },
        {
          "acoustic_entropy": 5.512225151062012,
          "acoustic_entropy_side": 5.512225151062012,
          "hz": 9876.909183162974
        },
        {
          "acoustic_entropy": 5.512225151062012,
          "acoustic_entropy_side": 5.512225151062012,
          "hz": 10813.587699516042
        },
        {
          "acoustic_entropy": 5.512225151062012,
          "acoustic_entropy_side": 5.512225151062012,
          "hz": 11833.21735289826
        },
        {
          "acoustic_entropy": 5.512225151062012,
          "acoustic_entropy_side": 5.512225151062012,
          "hz": 12943.144197493959
        },
        {
          "acoustic_entropy": 5.512225151062012,
          "acoustic_entropy_side": 5.512225151062012,
          "hz": 14151.364845322005
        },
        {
          "acoustic_entropy": 5.512225151062012,
          "acoustic_entropy_side": 5.512225151062012,
          "hz": 15466.58407886509
        },
        {
          "acoustic_entropy": 5.512225151062012,
          "acoustic_entropy_side": 5.512225151062012,
          "hz": 16898.27756580493
        },
        {
          "acoustic_entropy": 5.512225151062012,
          "acoustic_entropy_side": 5.512225151062012,
          "hz": 18456.760127700032
        },
        {
          "acoustic_entropy": 5.512225151062012,
          "acoustic_entropy_side": 5.512225151062012,
          "hz": 20153.260054456492
        },
        {
          "acoustic_entropy": 5.512225151062012,
          "acoustic_entropy_side": 5.512225151062012,
          "hz": 22000.00000000001
        }
      ],
      "diff_acoustic_entropy": 3.86582350730896,
      "sn": 6
    },
    {
      "acoustic_entropy": 8.062400817871094,
      "acoustic_entropy_mono": 7.203014850616455,
      "band_eliminated_acoustic_entropies": [
        {
          "acoustic_entropy": 8.060240745544434,
          "acoustic_entropy_side": 8.060651779174805,
          "hz": 129.47220167065723
        },
        {
          "acoustic_entropy": 7.82965612411499,
          "acoustic_entropy_side": 7.976306438446045,
          "hz": 202.92927478742237
        },
        {
          "acoustic_entropy": 7.7352471351623535,
          "acoustic_entropy_side": 8.421809196472168,
          "hz": 282.89161906338205
        },
        {
          "acoustic_entropy": 9.564723014831543,
          "acoustic_entropy_side": 8.733329772949219,
          "hz": 369.9353335868758
        },
        {
          "acoustic_entropy": 7.700970649719238,
          "acoustic_entropy_side": 7.638378620147705,
          "hz": 464.6875360973435
        },
        {
          "acoustic_entropy": 7.988238334655762,
          "acoustic_entropy_side": 8.791860580444336,
          "hz": 567.8308811364784
        },
        {
          "acoustic_entropy": 8.000448226928711,
          "acoustic_entropy_side": 8.32091999053955,
          "hz": 680.1084783214808
        },
        {
          "acoustic_entropy": 7.559943675994873,
          "acoustic_entropy_side": 7.796050071716309,
          "hz": 802.3292461747484
        },
        {
          "acoustic_entropy": 8.205745697021484,
          "acoustic_entropy_side": 8.449803352355957,
          "hz": 935.3737400823702
        },
        {
          "acoustic_entropy": 7.612071990966797,
          "acoustic_entropy_side": 7.694084167480469,
          "hz": 1080.2004963696966
        },
        {
          "acoustic_entropy": 8.036296844482422,
          "acoustic_entropy_side": 7.781140327453613,
          "hz": 1237.8529382007157
        },
        {
          "acoustic_entropy": 7.727581977844238,
          "acoustic_entropy_side": 7.960356712341309,
          "hz": 1409.4668930556702
        },
        {
          "acoustic_entropy": 8.126651763916016,
          "acoustic_entropy_side": 8.095161437988281,
          "hz": 1596.2787759475705
        },
        {
          "acoustic_entropy": 8.06419563293457,
          "acoustic_entropy_side": 8.070151329040527,
          "hz": 1799.6344973346393
        },
        {
          "acoustic_entropy": 8.038389205932617,
          "acoustic_entropy_side": 8.061033248901367,
          "hz": 2020.9991599069049
        },
        {
          "acoustic_entropy": 8.065571784973145,
          "acoustic_entropy_side": 8.003995895385742,
          "hz": 2261.9676141086993
        },
        {
          "acoustic_entropy": 8.115592002868652,
          "acoustic_entropy_side": 8.063772201538086,
          "hz": 2524.2759484456974
        },
        {
          "acoustic_entropy": 8.132939338684082,
          "acoustic_entropy_side": 8.106148719787598,
          "hz": 2809.813997359896
        },
        {
          "acoustic_entropy": 8.064678192138672,
          "acoustic_entropy_side": 8.065909385681152,
          "hz": 3120.6389567871424
        },
        {
          "acoustic_entropy": 8.072046279907227,
          "acoustic_entropy_side": 8.070870399475098,
          "hz": 3458.990205492291
        },
        {
          "acoustic_entropy": 8.067850112915039,
          "acoustic_entropy_side": 8.064465522766113,
          "hz": 3827.305438964164
        },
        {
          "acoustic_entropy": 8.066603660583496,
          "acoustic_entropy_side": 8.063549041748047,
          "hz": 4228.238232109126
        },
        {
          "acoustic_entropy": 8.063905715942383,
          "acoustic_entropy_side": 8.06313419342041,
          "hz": 4664.6771572759235
        },
        {
          "acoustic_entropy": 8.062472343444824,
          "acoustic_entropy_side": 8.062454223632812,
          "hz": 5139.766595350093
        },
        {
          "acoustic_entropy": 8.06242561340332,
          "acoustic_entropy_side": 8.062417984008789,
          "hz": 5656.929389854203
        },
        {
          "acoustic_entropy": 8.06241226196289,
          "acoustic_entropy_side": 8.062408447265625,
          "hz": 6219.891507268283
        },
        {
          "acoustic_entropy": 8.062402725219727,
          "acoustic_entropy_side": 8.062402725219727,
          "hz": 6832.70888123896
        },
        {
          "acoustic_entropy": 8.062400817871094,
          "acoustic_entropy_side": 8.062400817871094,
          "hz": 7499.796634079867
        },
        {
          "acoustic_entropy": 8.062400817871094,
          "acoustic_entropy_side": 8.062400817871094,
          "hz": 8225.96088609342
        },
        {
          "acoustic_entropy": 8.062400817871094,
          "acoustic_entropy_side": 8.062400817871094,
          "hz": 9016.43338188839
        },
        {
          "acoustic_entropy": 8.062400817871094,
          "acoustic_entropy_side": 8.062400817871094,
          "hz": 9876.909183162974
        },
        {
          "acoustic_entropy": 8.062400817871094,
          "acoustic_entropy_side": 8.062400817871094,
          "hz": 10813.587699516042
        },
        {
          "acoustic_entropy": 8.062400817871094,
          "acoustic_entropy_side": 8.062400817871094,
          "hz": 11833.21735289826
        },
        {
          "acoustic_entropy": 8.062400817871094,
          "acoustic_entropy_side": 8.062400817871094,
          "hz": 12943.144197493959
        },
        {
          "acoustic_entropy": 8.062400817871094,
          "acoustic_entropy_side": 8.062400817871094,
          "hz": 14151.364845322005
        },
        {
          "acoustic_entropy": 8.062400817871094,
          "acoustic_entropy_side": 8.062400817871094,
          "hz": 15466.58407886509
        },
        {
          "acoustic_entropy": 8.062400817871094,
          "acoustic_entropy_side": 8.062400817871094,
          "hz": 16898.27756580493
        },
        {
          "acoustic_entropy": 8.062400817871094,
          "acoustic_entropy_side": 8.062400817871094,
          "hz": 18456.760127700032
        },
        {
          "acoustic_entropy": 8.062400817871094,
          "acoustic_entropy_side": 8.062400817871094,
          "hz": 20153.260054456492
        },
        {
          "acoustic_entropy": 8.062400817871094,
          "acoustic_entropy_side": 8.062400817871094,
          "hz": 22000.00000000001
        }
      ],
      "diff_acoustic_entropy": 6.105458736419678,
      "sn": 12
    },
    {
      "acoustic_entropy": 12.280970573425293,
      "acoustic_entropy_mono": 11.07450008392334,
      "band_eliminated_acoustic_entropies": [
        {
          "acoustic_entropy": 12.312637329101562,
          "acoustic_entropy_side": 12.261398315429688,
          "hz": 129.47220167065723
        },
        {
          "acoustic_entropy": 12.189388275146484,
          "acoustic_entropy_side": 12.053680419921875,
          "hz": 202.92927478742237
        },
        {
          "acoustic_entropy": 13.183968544006348,
          "acoustic_entropy_side": 13.143718719482422,
          "hz": 282.89161906338205
        },
        {
          "acoustic_entropy": 12.515243530273438,
          "acoustic_entropy_side": 12.497298240661621,
          "hz": 369.9353335868758
        },
        {
          "acoustic_entropy": 12.54029655456543,
          "acoustic_entropy_side": 12.595664978027344,
          "hz": 464.6875360973435
        },
        {
          "acoustic_entropy": 12.518243789672852,
          "acoustic_entropy_side": 12.24821662902832,
          "hz": 567.8308811364784
        },
        {
          "acoustic_entropy": 13.026162147521973,
          "acoustic_entropy_side": 12.518365859985352,
          "hz": 680.1084783214808
        },
        {
          "acoustic_entropy": 12.168841361999512,
          "acoustic_entropy_side": 12.336382865905762,
          "hz": 802.3292461747484
        },
        {
          "acoustic_entropy": 12.741110801696777,
          "acoustic_entropy_side": 12.586356163024902,
          "hz": 935.3737400823702
        },
        {
          "acoustic_entropy": 12.404953956604004,
          "acoustic_entropy_side": 12.337677955627441,
          "hz": 1080.2004963696966
        },
        {
          "acoustic_entropy": 13.101393699645996,
          "acoustic_entropy_side": 12.34131145477295,
          "hz": 1237.8529382007157
        },
        {
          "acoustic_entropy": 12.067315101623535,
          "acoustic_entropy_side": 12.373111724853516,
          "hz": 1409.4668930556702
        },
        {
          "acoustic_entropy": 12.103095054626465,
          "acoustic_entropy_side": 12.059647560119629,
          "hz": 1596.2787759475705
        },
        {
          "acoustic_entropy": 12.162924766540527,
          "acoustic_entropy_side": 12.406534194946289,
          "hz": 1799.6344973346393
        },
        {
          "acoustic_entropy": 11.689483642578125,
          "acoustic_entropy_side": 11.997359275817871,
          "hz": 2020.9991599069049
        },
        {
          "acoustic_entropy": 12.368935585021973,
          "acoustic_entropy_side": 12.289334297180176,
          "hz": 2261.9676141086993
        },
        {
          "acoustic_entropy": 12.124408721923828,
          "acoustic_entropy_side": 12.142545700073242,
          "hz": 2524.2759484456974
        },
        {
          "acoustic_entropy": 12.443255424499512,
