{
  "acoustic_entropy": 228.10708618164062,
  "bands": [
    {
      "high_freq": 148.1999969482422,
      "loudness": -27.117570877075195,
      "loudness_range": 20.027408599853516,
      "mid_mean": -23.905006408691406,
      "mid_to_side_loudness": -12.307509422302246,
      "mid_to_side_loudness_range": 17.60098648071289,
      "side_mean": -36.62736129760742
    },
    {
      "high_freq": 392.3793640136719,
      "loudness": -21.933719635009766,
      "loudness_range": 11.688468933105469,
      "low_freq": 148.1999969482422,
      "mid_mean": -19.073869705200195,
      "mid_to_side_loudness": -7.685279846191406,
      "mid_to_side_loudness_range": 9.060201644897461,
      "side_mean": -26.875150680541992
    },
    {
      "high_freq": 794.6976318359375,
      "loudness": -23.80853843688965,
      "loudness_range": 13.599098205566406,
      "low_freq": 392.3793640136719,
      "mid_mean": -21.009321212768555,
      "mid_to_side_loudness": -7.65569543838501,
      "mid_to_side_loudness_range": 11.338505744934082,
      "side_mean": -28.86664390563965
    },
    {
      "high_freq": 1457.5709228515625,
      "loudness": -26.31964874267578,
      "loudness_range": 21.741025924682617,
      "low_freq": 794.6976318359375,
      "mid_mean": -23.51064682006836,
      "mid_to_side_loudness": -8.744672775268555,
      "mid_to_side_loudness_range": 16.082565307617188,
      "side_mean": -32.520565032958984
    },
    {
      "high_freq": 2549.74365234375,
      "loudness": -29.230178833007812,
      "loudness_range": 23.714929580688477,
      "low_freq": 1457.5709228515625,
      "mid_mean": -26.529216766357422,
      "mid_to_side_loudness": -8.150969505310059,
      "mid_to_side_loudness_range": 15.527260780334473,
      "side_mean": -34.4737434387207
    },
    {
      "high_freq": 4349.24462890625,
      "loudness": -30.23031234741211,
      "loudness_range": 23.207408905029297,
      "low_freq": 2549.74365234375,
      "mid_mean": -27.31485366821289,
      "mid_to_side_loudness": -9.334409713745117,
      "mid_to_side_loudness_range": 16.821996688842773,
      "side_mean": -36.9642448425293
    },
    {
      "high_freq": 7314.1640625,
      "loudness": -37.276634216308594,
      "loudness_range": 22.179006576538086,
      "low_freq": 4349.24462890625,
      "mid_mean": -34.864723205566406,
      "mid_to_side_loudness": -6.178934097290039,
      "mid_to_side_loudness_range": 11.092341423034668,
      "side_mean": -40.782562255859375
    },
    {
      "high_freq": 12199.2666015625,
      "loudness": -35.07954788208008,
      "loudness_range": 18.204641342163086,
      "low_freq": 7314.1640625,
      "mid_mean": -32.95078659057617,
      "mid_to_side_loudness": -6.8620500564575195,
      "mid_to_side_loudness_range": 13.141070365905762,
      "side_mean": -40.9249382019043
    },
    {
      "loudness": -40.61423110961914,
      "loudness_range": 22.781164169311523,
      "low_freq": 12199.2666015625,
      "mid_mean": -39.90853500366211,
      "mid_to_side_loudness": -3.1368069648742676,
      "mid_to_side_loudness_range": 6.014808654785156,
      "side_mean": -42.69309997558594
    }
  ],
  "bands_short": [
    {
      "high_freq": 148.1999969482422,
      "loudness": -29.933115005493164,
      "loudness_range": 22.748811721801758,
      "mid_mean": -26.733469009399414,
      "mid_to_side_loudness": -13.725359916687012,
      "mid_to_side_loudness_range": 24.56031036376953,
      "side_mean": -41.07536315917969
    },
    {
      "high_freq": 392.3793640136719,
      "loudness": -22.175853729248047,
      "loudness_range": 13.44237995147705,
      "low_freq": 148.1999969482422,
      "mid_mean": -19.35362434387207,
      "mid_to_side_loudness": -8.0277738571167,
      "mid_to_side_loudness_range": 11.82354736328125,
      "side_mean": -27.4633731842041
    },
    {
      "high_freq": 794.6976318359375,
      "loudness": -24.00660514831543,
      "loudness_range": 14.968961715698242,
      "low_freq": 392.3793640136719,
      "mid_mean": -21.32502555847168,
      "mid_to_side_loudness": -7.457262992858887,
      "mid_to_side_loudness_range": 13.664268493652344,
      "side_mean": -29.013816833496094
    },
    {
      "high_freq": 1457.5709228515625,
      "loudness": -26.755416870117188,
      "loudness_range": 22.773666381835938,
      "low_freq": 794.6976318359375,
      "mid_mean": -24.076026916503906,
      "mid_to_side_loudness": -8.364535331726074,
      "mid_to_side_loudness_range": 18.006336212158203,
      "side_mean": -32.68194580078125
    },
    {
      "high_freq": 2549.74365234375,
      "loudness": -30.105653762817383,
      "loudness_range": 24.920047760009766,
      "low_freq": 1457.5709228515625,
      "mid_mean": -27.586965560913086,
      "mid_to_side_loudness": -7.440741062164307,
      "mid_to_side_loudness_range": 16.616779327392578,
      "side_mean": -35.024505615234375
    },
    {
      "high_freq": 4349.24462890625,
      "loudness": -30.930940628051758,
      "loudness_range": 24.868072509765625,
      "low_freq": 2549.74365234375,
      "mid_mean": -28.217985153198242,
      "mid_to_side_loudness": -8.342988014221191,
      "mid_to_side_loudness_range": 17.512359619140625,
      "side_mean": -37.0598258972168
    },
    {
      "high_freq": 7314.1640625,
      "loudness": -38.81024169921875,
      "loudness_range": 25.15097427368164,
      "low_freq": 4349.24462890625,
      "mid_mean": -36.55387878417969,
      "mid_to_side_loudness": -5.459475994110107,
      "mid_to_side_loudness_range": 12.00815486907959,
      "side_mean": -42.14531326293945
    },
    {
      "high_freq": 12199.2666015625,
      "loudness": -37.213565826416016,
      "loudness_range": 26.042810440063477,
      "low_freq": 7314.1640625,
      "mid_mean": -35.168643951416016,
      "mid_to_side_loudness": -7.197551727294922,
      "mid_to_side_loudness_range": 16.618471145629883,
      "side_mean": -44.49729919433594
    },
    {
      "loudness": -44.95619583129883,
      "loudness_range": 31.370838165283203,
      "low_freq": 12199.2666015625,
      "mid_mean": -44.15166473388672,
      "mid_to_side_loudness": -4.097285747528076,
      "mid_to_side_loudness_range": 11.243997573852539,
      "side_mean": -51.36103057861328
    }
  ],
  "bandwidth": 661.552734375,
  "channels": 2,
  "covariance": [
    [
      56.08351516723633,
      39.78884506225586,
      19.762603759765625,
      28.919679641723633,
      18.969514846801758,
      26.444618225097656,
      28.608354568481445,
      32.979705810546875,
      30.080671310424805,
      34.9315299987793,
      28.783374786376953,
      34.57511901855469,
      35.52857208251953,
      40.99195861816406,
      24.560440063476562,
      42.682552337646484,
      33.63547897338867,
      38.522151947021484
    ],
    [
      39.78884506225586,
      63.26408386230469,
      14.38740348815918,
      25.812362670898438,
      13.167387008666992,
      22.603784561157227,
      20.374832153320312,
      26.37777328491211,
      20.000770568847656,
      27.523513793945312,
      17.288381576538086,
      26.69928550720215,
      23.030147552490234,
      27.72536277770996,
      12.663313865661621,
      27.12139129638672,
      18.078792572021484,
      19.362396240234375
    ],
    [
      19.762603759765625,
      14.38740348815918,
      19.963422775268555,
      18.693513870239258,
      13.632952690124512,
      14.876991271972656,
      16.002777099609375,
      17.983177185058594,
      19.981760025024414,
      20.32927894592285,
      18.4435977935791,
      20.650312423706055,
      21.746408462524414,
      25.75161361694336,
      16.8794002532959,
      26.605226516723633,
      19.656705856323242,
      27.02804183959961
    ],
    [
      28.919679641723633,
      25.812362670898438,
      18.693513870239258,
      30.606477737426758,
      16.61554527282715,
      24.21857452392578,
      24.29193115234375,
      28.985218048095703,
      28.327604293823242,
      31.849258422851562,
      25.096105575561523,
      32.161468505859375,
      28.473630905151367,
      34.75218200683594,
      19.984764099121094,
      36.03569793701172,
      25.500873565673828,
      30.98668670654297
    ],
    [
      18.969514846801758,
      13.167387008666992,
      13.632952690124512,
      16.61554527282715,
      27.121631622314453,
      20.52189826965332,
      25.424304962158203,
      20.74716567993164,
      25.605640411376953,
      24.004924774169922,
      25.527544021606445,
      24.78365135192871,
      21.79330062866211,
      24.514904022216797,
      18.43729019165039,
      21.93695831298828,
      18.663436889648438,
      20.963071823120117
    ],
    [
      26.444618225097656,
      22.603784561157227,
      14.876991271972656,
      24.21857452392578,
      20.52189826965332,
      31.842002868652344,
      26.320785522460938,
      30.64100456237793,
      28.046218872070312,
      32.05292892456055,
      25.067363739013672,
      32.303070068359375,
      25.180028915405273,
      30.102991104125977,
      17.421222686767578,
      30.197471618652344,
      21.447751998901367,
      22.10479164123535
    ],
    [
      28.608354568481445,
      20.374832153320312,
      16.002777099609375,
      24.29193115234375,
      25.424304962158203,
      26.320785522460938,
      61.31952667236328,
      34.314788818359375,
      46.33863067626953,
      35.152950286865234,
      46.74004364013672,
      36.69984436035156,
      35.99195861816406,
      38.822357177734375,
      31.304378509521484,
      40.47645568847656,
      34.066864013671875,
      39.75454330444336
    ],
    [
      32.979705810546875,
      26.37777328491211,
      17.983177185058594,
      28.985218048095703,
      20.74716567993164,
      30.64100456237793,
      34.314788818359375,
      42.75053787231445,
      34.644771575927734,
      39.96674346923828,
      30.614639282226562,
      39.88457107543945,
      32.5712890625,
      40.58970642089844,
      22.029659271240234,
      39.15448760986328,
      28.771068572998047,
      32.39051818847656
    ],
    [
      30.080671310424805,
      20.000770568847656,
      19.981760025024414,
      28.327604293823242,
      25.605640411376953,
      28.046218872070312,
      46.33863067626953,
      34.644771575927734,
      68.4694595336914,
      43.72824478149414,
      59.38800048828125,
      44.36094665527344,
      42.66975402832031,
      46.905494689941406,
      36.012386322021484,
      44.95779800415039,
      34.9979248046875,
      43.22980499267578
    ],
    [
      34.9315299987793,
      27.523513793945312,
      20.32927894592285,
      31.849258422851562,
      24.004924774169922,
      32.05292892456055,
      35.152950286865234,
      39.96674346923828,
      43.72824478149414,
      55.5611572265625,
      39.38589859008789,
      49.38158416748047,
      39.41563415527344,
      49.514442443847656,
      25.94918441772461,
      46.89870071411133,
      31.0875186920166,
      38.26646423339844
    ],
    [
      28.783374786376953,
      17.288381576538086,
      18.4435977935791,
      25.096105575561523,
      25.527544021606445,
      25.067363739013672,
      46.74004364013672,
      30.614639282226562,
      59.38800048828125,
      39.38589859008789,
      68.93309020996094,
      41.912872314453125,
      48.33535385131836,
      48.05908966064453,
      39.20671844482422,
      48.09330749511719,
      38.9932746887207,
      44.651145935058594
    ],
    [
      34.57511901855469,
      26.69928550720215,
      20.650312423706055,
      32.161468505859375,
      24.78365135192871,
      32.303070068359375,
      36.69984436035156,
      39.88457107543945,
      44.36094665527344,
      49.38158416748047,
      41.912872314453125,
      58.682647705078125,
      41.54750061035156,
      56.87510681152344,
      25.7836856842041,
      52.260189056396484,
      29.22115135192871,
      36.23617172241211
    ],
    [
      35.52857208251953,
      23.030147552490234,
      21.746408462524414,
      28.473630905151367,
      21.79330062866211,
      25.180028915405273,
      35.99195861816406,
      32.5712890625,
      42.66975402832031,
      39.41563415527344,
      48.33535385131836,
      41.54750061035156,
      64.88754272460938,
      57.95487594604492,
      43.909889221191406,
      64.30052947998047,
      50.33027267456055,
      57.6467170715332
    ],
    [
      40.99195861816406,
      27.72536277770996,
      25.75161361694336,
      34.75218200683594,
      24.514904022216797,
      30.102991104125977,
      38.822357177734375,
      40.58970642089844,
      46.905494689941406,
      49.514442443847656,
      48.05908966064453,
      56.87510681152344,
      57.95487594604492,
      81.99549102783203,
      38.18193435668945,
      75.14324951171875,
      44.36981964111328,
      57.672367095947266
    ],
    [
      24.560440063476562,
      12.663313865661621,
      16.8794002532959,
      19.984764099121094,
      18.43729019165039,
      17.421222686767578,
      31.304378509521484,
      22.029659271240234,
      36.012386322021484,
      25.94918441772461,
      39.20671844482422,
      25.7836856842041,
      43.909889221191406,
      38.18193435668945,
      62.024925231933594,
      54.918861389160156,
      53.457923889160156,
      53.152671813964844
    ],
    [
      42.682552337646484,
      27.12139129638672,
      26.605226516723633,
      36.03569793701172,
      21.93695831298828,
      30.197471618652344,
      40.47645568847656,
      39.15448760986328,
      44.95779800415039,
      46.89870071411133,
      48.09330749511719,
      52.260189056396484,
      64.30052947998047,
      75.14324951171875,
      54.918861389160156,
      109.28895568847656,
      69.30513000488281,
      86.93328094482422
    ],
    [
      33.63547897338867,
      18.078792572021484,
      19.656705856323242,
      25.500873565673828,
      18.663436889648438,
      21.447751998901367,
      34.066864013671875,
      28.771068572998047,
      34.9979248046875,
      31.0875186920166,
      38.9932746887207,
      29.22115135192871,
      50.33027267456055,
      44.36981964111328,
      53.457923889160156,
      69.30513000488281,
      80.55226135253906,
      76.77735137939453
    ],
    [
      38.522151947021484,
      19.362396240234375,
      27.02804183959961,
      30.98668670654297,
      20.963071823120117,
      22.10479164123535,
      39.75454330444336,
      32.39051818847656,
      43.22980499267578,
      38.26646423339844,
      44.651145935058594,
      36.23617172241211,
      57.6467170715332,
      57.672367095947266,
      53.152671813964844,
      86.93328094482422,
      76.77735137939453,
      112.94947814941406
    ]
  ],
  "covariance_short": [
    [
      70.88178253173828,
      36.48283767700195,
      23.116662979125977,
      29.130352020263672,
      18.057231903076172,
      25.150405883789062,
      26.584806442260742,
      28.805519104003906,
      28.116580963134766,
      31.325786590576172,
      28.92029571533203,
      30.383094787597656,
      36.04386520385742,
      40.56145477294922,
      30.177902221679688,
      49.700504302978516,
      41.63743209838867,
      67.0547866821289
    ],
    [
      36.48283767700195,
      76.41029357910156,
      14.655720710754395,
      26.18762969970703,
      10.866323471069336,
      18.903120040893555,
      17.020435333251953,
      20.23603057861328,
      17.409317016601562,
      22.972877502441406,
      15.858468055725098,
      22.296085357666016,
      21.227571487426758,
      26.873321533203125,
      14.32540225982666,
      30.68922233581543,
      23.16475486755371,
      45.782230377197266
    ],
    [
      23.116662979125977,
      14.655720710754395,
      25.410324096679688,
      21.110736846923828,
      15.224557876586914,
      16.30317497253418,
      16.75433921813965,
      19.16567611694336,
      21.561044692993164,
      22.25661277770996,
      20.255666732788086,
      22.558998107910156,
      23.613510131835938,
      28.51896858215332,
      20.89683723449707,
      34.8001594543457,
      27.603824615478516,
      38.303157806396484
    ],
    [
      29.130352020263672,
      26.18762969970703,
      21.110736846923828,
      37.11550521850586,
      17.83247947692871,
      27.30809211730957,
      24.559986114501953,
      28.83255386352539,
      29.411537170410156,
      32.23844528198242,
      26.71696662902832,
      32.03041076660156,
      30.130294799804688,
      36.64793395996094,
      23.757265090942383,
      42.46253967285156,
      33.15020751953125,
      54.64346694946289
    ],
    [
      18.057231903076172,
      10.866323471069336,
      15.224557876586914,
      17.83247947692871,
      32.58326721191406,
      21.796178817749023,
      26.609973907470703,
      21.856929779052734,
      28.196964263916016,
      25.703556060791016,
      28.99607276916504,
      26.79183006286621,
      24.604930877685547,
      28.64820098876953,
      24.146800994873047,
      31.765249252319336,
      28.71582794189453,
      36.84712219238281
    ],
    [
      25.150405883789062,
      18.903120040893555,
      16.30317497253418,
      27.30809211730957,
      21.796178817749023,
      37.43442153930664,
      26.411846160888672,
      31.23122787475586,
      30.07927894592285,
      33.139678955078125,
      26.816701889038086,
      33.10036849975586,
      26.90645980834961,
      33.5841064453125,
      19.772546768188477,
      36.13282775878906,
      27.566770553588867,
      49.05475997924805
    ],
    [
      26.584806442260742,
      17.020435333251953,
      16.75433921813965,
      24.559986114501953,
      26.609973907470703,
      26.411846160888672,
      67.31842041015625,
      33.849082946777344,
      50.72241973876953,
      36.25484848022461,
      52.56229782104492,
      37.78720474243164,
      39.08610534667969,
      41.761722564697266,
      39.233009338378906,
      50.06968307495117,
      43.670440673828125,
      57.5986442565918
    ],
    [
      28.805519104003906,
      20.23603057861328,
      19.16567611694336,
      28.83255386352539,
      21.856929779052734,
      31.23122787475586,
      33.849082946777344,
      44.81196594238281,
      35.826873779296875,
      40.23283386230469,
      33.077022552490234,
      39.57416915893555,
      34.21474838256836,
      42.377540588378906,
      25.60646629333496,
      46.47029495239258,
      36.16279602050781,
      59.63323974609375
    ],
    [
      28.116580963134766,
      17.409317016601562,
      21.561044692993164,
      29.411537170410156,
      28.196964263916016,
      30.07927894592285,
      50.72241973876953,
      35.826873779296875,
      77.88532257080078,
      47.72015380859375,
      67.13453674316406,
      48.44730758666992,
      48.100887298583984,
      52.915794372558594,
      47.32221603393555,
      62.81766891479492,
      50.81692123413086,
      66.9542007446289
    ],
    [
      31.325786590576172,
      22.972877502441406,
      22.25661277770996,
      32.23844528198242,
      25.703556060791016,
      33.139678955078125,
      36.25484848022461,
      40.23283386230469,
      47.72015380859375,
      58.829978942871094,
      43.602073669433594,
      50.865760803222656,
      43.11029052734375,
      54.27211380004883,
      33.04689025878906,
      59.28615951538086,
      43.749755859375,
      71.1615219116211
    ],
    [
      28.92029571533203,
      15.858468055725098,
      20.255666732788086,
      26.71696662902832,
      28.99607276916504,
      26.816701889038086,
      52.56229782104492,
      33.077022552490234,
      67.13453674316406,
      43.602073669433594,
      81.32878112792969,
      47.78300094604492,
      56.01487350463867,
      55.76417922973633,
      53.92475128173828,
      66.1070327758789,
      56.64650344848633,
      68.49488067626953
    ],
    [
      30.383094787597656,
      22.296085357666016,
      22.558998107910156,
      32.03041076660156,
      26.79183006286621,
      33.10036849975586,
      37.78720474243164,
      39.57416915893555,
      48.44730758666992,
      50.865760803222656,
      47.78300094604492,
      61.58926010131836,
      48.0994758605957,
      63.837615966796875,
      35.21946334838867,
      66.67388916015625,
      46.20275115966797,
      76.01030731201172
    ],
    [
      36.04386520385742,
      21.227571487426758,
      23.613510131835938,
      30.130294799804688,
      24.604930877685547,
      26.90645980834961,
      39.08610534667969,
      34.21474838256836,
      48.100887298583984,
      43.11029052734375,
      56.01487350463867,
      48.0994758605957,
      77.19024658203125,
      69.7945785522461,
      60.093990325927734,
      85.105712890625,
      71.04496002197266,
      93.2596435546875
    ],
    [
      40.56145477294922,
      26.873321533203125,
      28.51896858215332,
      36.64793395996094,
      28.64820098876953,
      33.5841064453125,
      41.761722564697266,
      42.377540588378906,
      52.915794372558594,
      54.27211380004883,
      55.76417922973633,
      63.837615966796875,
      69.7945785522461,
      95.5381851196289,
      53.37970733642578,
      100.38058471679688,
      70.03327941894531,
      108.067138671875
    ],
    [
      30.177902221679688,
      14.32540225982666,
      20.89683723449707,
      23.757265090942383,
      24.146800994873047,
      19.772546768188477,
      39.233009338378906,
      25.60646629333496,
      47.32221603393555,
      33.04689025878906,
      53.92475128173828,
      35.21946334838867,
      60.093990325927734,
      53.37970733642578,
      90.52053833007812,
      81.09703826904297,
      80.21096801757812,
      76.59822845458984
    ],
    [
      49.700504302978516,
      30.68922233581543,
      34.8001594543457,
      42.46253967285156,
      31.765249252319336,
      36.13282775878906,
      50.06968307495117,
      46.47029495239258,
      62.81766891479492,
      59.28615951538086,
      66.1070327758789,
      66.67388916015625,
      85.105712890625,
      100.38058471679688,
      81.09703826904297,
      144.1660919189453,
      106.32070922851562,
      141.7593231201172
    ],
    [
      41.63743209838867,
      23.16475486755371,
      27.603824615478516,
      33.15020751953125,
      28.71582794189453,
      27.566770553588867,
      43.670440673828125,
      36.16279602050781,
      50.81692123413086,
      43.749755859375,
      56.64650344848633,
      46.20275115966797,
      71.04496002197266,
      70.03327941894531,
      80.21096801757812,
      106.32070922851562,
      115.38851165771484,
      119.18009948730469
    ],
    [
      67.0547866821289,
      45.782230377197266,
      38.303157806396484,
      54.64346694946289,
      36.84712219238281,
      49.05475997924805,
      57.5986442565918,
      59.63323974609375,
      66.9542007446289,
      71.1615219116211,
      68.49488067626953,
      76.01030731201172,
      93.2596435546875,
      108.067138671875,
      76.59822845458984,
      141.7593231201172,
      119.18009948730469,
      191.90830993652344
    ]
  ],
  "damage": -7.985958099365234,
  "diff_bandwidth": 706.1858520507812,
  "dissonance": 8.315151990494813,
  "drr": 12.891280174255371,
  "dynamics": 4.314555644989014,
  "format": 1245190,
  "frames": 20616128,
  "loudness": -12.763323783874512,
  "loudness_range": 12.592424392700195,
  "loudness_range_short": 14.001420974731445,
  "lowpass_true_peak_15khz": 0.7631005644798279,
  "mastering3_acoustic_entropies": [
    {
      "acoustic_entropy": 7.079045295715332,
      "acoustic_entropy_mono": 8.323176383972168,
      "band_eliminated_acoustic_entropies": [
        {
          "acoustic_entropy": 7.064079761505127,
          "acoustic_entropy_side": 7.078507900238037,
          "hz": 129.47220167065723
        },
        {
          "acoustic_entropy": 7.11673641204834,
          "acoustic_entropy_side": 7.071919918060303,
          "hz": 202.92927478742237
        },
        {
          "acoustic_entropy": 7.913494110107422,
          "acoustic_entropy_side": 7.1252617835998535,
          "hz": 282.89161906338205
        },
        {
          "acoustic_entropy": 7.098006725311279,
          "acoustic_entropy_side": 7.062174320220947,
          "hz": 369.9353335868758
        },
        {
          "acoustic_entropy": 7.878481864929199,
          "acoustic_entropy_side": 7.125226020812988,
          "hz": 464.6875360973435
        },
        {
          "acoustic_entropy": 7.679076194763184,
          "acoustic_entropy_side": 7.1123127937316895,
          "hz": 567.8308811364784
        },
        {
          "acoustic_entropy": 7.086364269256592,
          "acoustic_entropy_side": 7.099328517913818,
          "hz": 680.1084783214808
        },
        {
          "acoustic_entropy": 7.171778202056885,
          "acoustic_entropy_side": 7.091520309448242,
          "hz": 802.3292461747484
        },
        {
          "acoustic_entropy": 7.899957180023193,
          "acoustic_entropy_side": 7.060885429382324,
          "hz": 935.3737400823702
        },
        {
          "acoustic_entropy": 8.163237571716309,
          "acoustic_entropy_side": 7.07000732421875,
          "hz": 1080.2004963696966
        },
        {
          "acoustic_entropy": 7.095069408416748,
          "acoustic_entropy_side": 7.1806159019470215,
          "hz": 1237.8529382007157
        },
        {
          "acoustic_entropy": 7.903255462646484,
          "acoustic_entropy_side": 7.055339336395264,
          "hz": 1409.4668930556702
        },
        {
          "acoustic_entropy": 6.829657077789307,
          "acoustic_entropy_side": 7.047961235046387,
          "hz": 1596.2787759475705
        },
        {
          "acoustic_entropy": 6.939023971557617,
          "acoustic_entropy_side": 7.0785813331604,
          "hz": 1799.6344973346393
        },
        {
          "acoustic_entropy": 7.466329097747803,
          "acoustic_entropy_side": 7.126681804656982,
          "hz": 2020.9991599069049
        },
        {
          "acoustic_entropy": 6.975469589233398,
          "acoustic_entropy_side": 7.174937725067139,
          "hz": 2261.9676141086993
        },
        {
          "acoustic_entropy": 6.788783073425293,
          "acoustic_entropy_side": 7.153467178344727,
          "hz": 2524.2759484456974
        },
        {
          "acoustic_entropy": 6.958964824676514,
          "acoustic_entropy_side": 7.163865566253662,
          "hz": 2809.813997359896
        },
        {
          "acoustic_entropy": 6.951623916625977,
          "acoustic_entropy_side": 7.096489906311035,
          "hz": 3120.6389567871424
        },
        {
          "acoustic_entropy": 7.255797386169434,
          "acoustic_entropy_side": 7.1179680824279785,
          "hz": 3458.990205492291
        },
        {
          "acoustic_entropy": 7.117648601531982,
          "acoustic_entropy_side": 7.18624210357666,
          "hz": 3827.305438964164
        },
        {
          "acoustic_entropy": 7.197622299194336,
          "acoustic_entropy_side": 7.144853591918945,
          "hz": 4228.238232109126
        },
        {
          "acoustic_entropy": 7.260922431945801,
          "acoustic_entropy_side": 7.234121322631836,
          "hz": 4664.6771572759235
        },
        {
          "acoustic_entropy": 7.241374969482422,
          "acoustic_entropy_side": 7.151660442352295,
          "hz": 5139.766595350093
        },
        {
          "acoustic_entropy": 7.1748270988464355,
          "acoustic_entropy_side": 7.1115570068359375,
          "hz": 5656.929389854203
        },
        {
          "acoustic_entropy": 7.232442855834961,
          "acoustic_entropy_side": 7.1082444190979,
          "hz": 6219.891507268283
        },
        {
          "acoustic_entropy": 7.2688984870910645,
          "acoustic_entropy_side": 7.113270282745361,
          "hz": 6832.70888123896
        },
        {
          "acoustic_entropy": 7.258830547332764,
          "acoustic_entropy_side": 7.124777793884277,
          "hz": 7499.796634079867
        },
        {
          "acoustic_entropy": 7.162492752075195,
          "acoustic_entropy_side": 7.118862628936768,
          "hz": 8225.96088609342
        },
        {
          "acoustic_entropy": 7.113890171051025,
          "acoustic_entropy_side": 7.147680759429932,
          "hz": 9016.43338188839
        },
        {
          "acoustic_entropy": 6.998986721038818,
          "acoustic_entropy_side": 7.12210750579834,
          "hz": 9876.909183162974
        },
        {
          "acoustic_entropy": 6.973404407501221,
          "acoustic_entropy_side": 7.115664958953857,
          "hz": 10813.587699516042
        },
        {
          "acoustic_entropy": 6.974686622619629,
          "acoustic_entropy_side": 7.093443870544434,
          "hz": 11833.21735289826
        },
        {
          "acoustic_entropy": 7.090771198272705,
          "acoustic_entropy_side": 7.069594383239746,
          "hz": 12943.144197493959
        },
        {
          "acoustic_entropy": 7.23574161529541,
          "acoustic_entropy_side": 7.063483715057373,
          "hz": 14151.364845322005
        },
        {
          "acoustic_entropy": 7.179755210876465,
          "acoustic_entropy_side": 7.0670013427734375,
          "hz": 15466.58407886509
        },
        {
          "acoustic_entropy": 7.179876804351807,
          "acoustic_entropy_side": 7.071599960327148,
          "hz": 16898.27756580493
        },
        {
          "acoustic_entropy": 7.170237064361572,
          "acoustic_entropy_side": 7.079473495483398,
          "hz": 18456.760127700032
        },
        {
          "acoustic_entropy": 7.115766525268555,
          "acoustic_entropy_side": 7.080739498138428,
          "hz": 20153.260054456492
        },
        {
          "acoustic_entropy": 7.079231262207031,
          "acoustic_entropy_side": 7.079616546630859,
          "hz": 22000.00000000001
        }
      ],
      "diff_acoustic_entropy": 4.78318977355957,
      "sn": 6
    },
    {
      "acoustic_entropy": 13.010287284851074,
      "acoustic_entropy_mono": 11.947006225585938,
      "band_eliminated_acoustic_entropies": [
        {
          "acoustic_entropy": 12.894991874694824,
          "acoustic_entropy_side": 13.011768341064453,
          "hz": 129.47220167065723
        },
        {
          "acoustic_entropy": 13.04245376586914,
          "acoustic_entropy_side": 13.03412914276123,
          "hz": 202.92927478742237
        },
        {
          "acoustic_entropy": 12.77232551574707,
          "acoustic_entropy_side": 12.800054550170898,
          "hz": 282.89161906338205
        },
        {
          "acoustic_entropy": 13.035117149353027,
          "acoustic_entropy_side": 12.935455322265625,
          "hz": 369.9353335868758
        },
        {
          "acoustic_entropy": 12.799430847167969,
          "acoustic_entropy_side": 12.697136878967285,
          "hz": 464.6875360973435
        },
        {
          "acoustic_entropy": 12.729705810546875,
          "acoustic_entropy_side": 12.800399780273438,
          "hz": 567.8308811364784
        },
        {
          "acoustic_entropy": 12.157663345336914,
          "acoustic_entropy_side": 12.82529354095459,
          "hz": 680.1084783214808
        },
        {
          "acoustic_entropy": 12.512446403503418,
          "acoustic_entropy_side": 12.905189514160156,
          "hz": 802.3292461747484
        },
        {
          "acoustic_entropy": 14.408987998962402,
          "acoustic_entropy_side": 13.08992862701416,
          "hz": 935.3737400823702
        },
        {
          "acoustic_entropy": 12.774025917053223,
          "acoustic_entropy_side": 12.879576683044434,
          "hz": 1080.2004963696966
        },
        {
          "acoustic_entropy": 12.815610885620117,
          "acoustic_entropy_side": 13.368267059326172,
          "hz": 1237.8529382007157
        },
        {
          "acoustic_entropy": 12.807516098022461,
          "acoustic_entropy_side": 13.041281700134277,
          "hz": 1409.4668930556702
        },
        {
          "acoustic_entropy": 12.42337417602539,
          "acoustic_entropy_side": 12.893523216247559,
          "hz": 1596.2787759475705
        },
        {
          "acoustic_entropy": 12.526473045349121,
          "acoustic_entropy_side": 12.993919372558594,
          "hz": 1799.6344973346393
        },
        {
          "acoustic_entropy": 12.521292686462402,
          "acoustic_entropy_side": 12.872159957885742,
          "hz": 2020.9991599069049
        },
        {
          "acoustic_entropy": 12.894516944885254,
          "acoustic_entropy_side": 13.008794784545898,
          "hz": 2261.9676141086993
        },
        {
          "acoustic_entropy": 12.658239364624023,
          "acoustic_entropy_side": 13.136791229248047,
          "hz": 2524.2759484456974
        },
        {
          "acoustic_entropy": 12.767581939697266,
          "acoustic_entropy_side": 12.814739227294922,
          "hz": 2809.813997359896
        },
        {
          "acoustic_entropy": 12.889016151428223,
          "acoustic_entropy_side": 12.99466323852539,
          "hz": 3120.6389567871424
        },
        {
          "acoustic_entropy": 12.9132080078125,
          "acoustic_entropy_side": 13.028353691101074,
          "hz": 3458.990205492291
        },
        {
          "acoustic_entropy": 12.986041069030762,
          "acoustic_entropy_side": 12.995295524597168,
          "hz": 3827.305438964164
        },
        {
          "acoustic_entropy": 12.861343383789062,
          "acoustic_entropy_side": 12.983098030090332,
          "hz": 4228.238232109126
        },
        {
          "acoustic_entropy": 13.145408630371094,
          "acoustic_entropy_side": 12.935882568359375,
          "hz": 4664.6771572759235
        },
        {
          "acoustic_entropy": 12.946708679199219,
          "acoustic_entropy_side": 12.97327995300293,
          "hz": 5139.766595350093
        },
        {
          "acoustic_entropy": 12.85091495513916,
          "acoustic_entropy_side": 12.95969295501709,
          "hz": 5656.929389854203
        },
        {
          "acoustic_entropy": 12.716312408447266,
          "acoustic_entropy_side": 12.970608711242676,
          "hz": 6219.891507268283
        },
        {
          "acoustic_entropy": 12.693655967712402,
          "acoustic_entropy_side": 12.951995849609375,
          "hz": 6832.70888123896
        },
        {
          "acoustic_entropy": 12.880178451538086,
          "acoustic_entropy_side": 12.90703296661377,
          "hz": 7499.796634079867
        },
        {
          "acoustic_entropy": 12.891104698181152,
          "acoustic_entropy_side": 12.913984298706055,
          "hz": 8225.96088609342
        },
        {
          "acoustic_entropy": 12.766557693481445,
          "acoustic_entropy_side": 12.7239351272583,
          "hz": 9016.43338188839
        },
        {
          "acoustic_entropy": 12.840161323547363,
          "acoustic_entropy_side": 12.913373947143555,
          "hz": 9876.909183162974
        },
        {
          "acoustic_entropy": 12.972023010253906,
          "acoustic_entropy_side": 12.934447288513184,
          "hz": 10813.587699516042
        },
        {
          "acoustic_entropy": 12.948881149291992,
          "acoustic_entropy_side": 12.97622013092041,
          "hz": 11833.21735289826
        },
        {
          "acoustic_entropy": 12.826744079589844,
          "acoustic_entropy_side": 12.951881408691406,
          "hz": 12943.144197493959
        },
        {
          "acoustic_entropy": 12.821026802062988,
          "acoustic_entropy_side": 12.949193000793457,
          "hz": 14151.364845322005
        },
        {
          "acoustic_entropy": 12.85328483581543,
          "acoustic_entropy_side": 12.958580017089844,
          "hz": 15466.58407886509
        },
        {
          "acoustic_entropy": 12.916265487670898,
          "acoustic_entropy_side": 12.971306800842285,
          "hz": 16898.27756580493
        },
        {
          "acoustic_entropy": 12.959656715393066,
          "acoustic_entropy_side": 12.991021156311035,
          "hz": 18456.760127700032
        },
        {
          "acoustic_entropy": 12.945500373840332,
          "acoustic_entropy_side": 13.002584457397461,
          "hz": 20153.260054456492
        },
        {
          "acoustic_entropy": 13.01482105255127,
          "acoustic_entropy_side": 13.014363288879395,
          "hz": 22000.00000000001
        }
      ],
      "diff_acoustic_entropy": 9.347497940063477,
      "sn": 12
    },
    {
      "acoustic_entropy": 18.670011520385742,
      "acoustic_entropy_mono": 18.508525848388672,
      "band_eliminated_acoustic_entropies": [
        {
          "acoustic_entropy": 18.34467315673828,
          "acoustic_entropy_side": 18.72764778137207,
          "hz": 129.47220167065723
        },
        {
          "acoustic_entropy": 19.669204711914062,
          "acoustic_entropy_side": 18.545772552490234,
          "hz": 202.92927478742237
        },
        {
          "acoustic_entropy": 19.63311195373535,
          "acoustic_entropy_side": 18.654678344726562,
          "hz": 282.89161906338205
        },
        {
          "acoustic_entropy": 18.602005004882812,
          "acoustic_entropy_side": 18.598148345947266,
          "hz": 369.9353335868758
        },
        {
          "acoustic_entropy": 19.05669403076172,
          "acoustic_entropy_side": 19.02054214477539,
          "hz": 464.6875360973435
        },
        {
          "acoustic_entropy": 18.845346450805664,
          "acoustic_entropy_side": 19.441089630126953,
          "hz": 567.8308811364784
        },
        {
          "acoustic_entropy": 19.27013397216797,
          "acoustic_entropy_side": 18.41681671142578,
          "hz": 680.1084783214808
        },
        {
          "acoustic_entropy": 19.70892906188965,
          "acoustic_entropy_side": 19.05734634399414,
          "hz": 802.3292461747484
        },
        {
          "acoustic_entropy": 18.878238677978516,
          "acoustic_entropy_side": 18.730424880981445,
          "hz": 935.3737400823702
        },
        {
          "acoustic_entropy": 18.26629066467285,
          "acoustic_entropy_side": 18.74361801147461,
          "hz": 1080.2004963696966
        },
        {
          "acoustic_entropy": 19.150941848754883,
          "acoustic_entropy_side": 18.278221130371094,
          "hz": 1237.8529382007157
        },
        {
          "acoustic_entropy": 19.15772247314453,
          "acoustic_entropy_side": 18.437374114990234,
          "hz": 1409.4668930556702
        },
        {
          "acoustic_entropy": 18.647130966186523,
          "acoustic_entropy_side": 18.677356719970703,
          "hz": 1596.2787759475705
        },
        {
          "acoustic_entropy": 18.218881607055664,
          "acoustic_entropy_side": 18.6767520904541,
          "hz": 1799.6344973346393
        },
        {
          "acoustic_entropy": 18.290067672729492,
          "acoustic_entropy_side": 18.60501480102539,
          "hz": 2020.9991599069049
        },
        {
          "acoustic_entropy": 18.49467658996582,
          "acoustic_entropy_side": 18.75371742248535,
          "hz": 2261.9676141086993
        },
        {
          "acoustic_entropy": 18.08349609375,
          "acoustic_entropy_side": 18.661026000976562,
          "hz": 2524.2759484456974
        },
        {
          "acoustic_entropy": 18.374305725097656,
          "acoustic_entropy_side": 18.095584869384766,
          "hz": 2809.813997359896
        },
        {
          "acoustic_entropy": 18.75553321838379,
          "acoustic_entropy_side": 18.919092178344727,
          "hz": 3120.6389567871424
        },
