{
  "acoustic_entropy": 203.20086669921875,
  "bands": [
    {
      "high_freq": 148.1999969482422,
      "loudness": -27.45234489440918,
      "loudness_range": 11.746711730957031,
      "mid_mean": -24.14136505126953,
      "mid_to_side_loudness": -13.166483879089355,
      "mid_to_side_loudness_range": 16.18033218383789,
      "side_mean": -37.577354431152344
    },
    {
      "high_freq": 392.3793640136719,
      "loudness": -21.901973724365234,
      "loudness_range": 11.383525848388672,
      "low_freq": 148.1999969482422,
      "mid_mean": -18.848421096801758,
      "mid_to_side_loudness": -8.895465850830078,
      "mid_to_side_loudness_range": 10.246726989746094,
      "side_mean": -28.031051635742188
    },
    {
      "high_freq": 794.6976318359375,
      "loudness": -24.667774200439453,
      "loudness_range": 16.81922149658203,
      "low_freq": 392.3793640136719,
      "mid_mean": -21.68831443786621,
      "mid_to_side_loudness": -8.412737846374512,
      "mid_to_side_loudness_range": 9.62965202331543,
      "side_mean": -30.12645149230957
    },
    {
      "high_freq": 1457.5709228515625,
      "loudness": -27.752079010009766,
      "loudness_range": 14.111257553100586,
      "low_freq": 794.6976318359375,
      "mid_mean": -24.87257957458496,
      "mid_to_side_loudness": -7.8425092697143555,
      "mid_to_side_loudness_range": 8.531803131103516,
      "side_mean": -32.87128829956055
    },
    {
      "high_freq": 2549.74365234375,
      "loudness": -30.11608123779297,
      "loudness_range": 15.858053207397461,
      "low_freq": 1457.5709228515625,
      "mid_mean": -27.1569881439209,
      "mid_to_side_loudness": -8.024773597717285,
      "mid_to_side_loudness_range": 6.927389144897461,
      "side_mean": -35.2606086730957
    },
    {
      "high_freq": 4349.24462890625,
      "loudness": -32.27374267578125,
      "loudness_range": 12.536462783813477,
      "low_freq": 2549.74365234375,
      "mid_mean": -29.39432716369629,
      "mid_to_side_loudness": -7.262622356414795,
      "mid_to_side_loudness_range": 7.217891216278076,
      "side_mean": -36.775028228759766
    },
    {
      "high_freq": 7314.1640625,
      "loudness": -33.624183654785156,
      "loudness_range": 10.092750549316406,
      "low_freq": 4349.24462890625,
      "mid_mean": -30.709674835205078,
      "mid_to_side_loudness": -7.514256954193115,
      "mid_to_side_loudness_range": 6.620998382568359,
      "side_mean": -38.304813385009766
    },
    {
      "high_freq": 12199.2666015625,
      "loudness": -36.803165435791016,
      "loudness_range": 11.002738952636719,
      "low_freq": 7314.1640625,
      "mid_mean": -33.88650894165039,
      "mid_to_side_loudness": -7.635480880737305,
      "mid_to_side_loudness_range": 6.511223793029785,
      "side_mean": -41.68190002441406
    },
    {
      "loudness": -45.027130126953125,
      "loudness_range": 9.247024536132812,
      "low_freq": 12199.2666015625,
      "mid_mean": -42.58499526977539,
      "mid_to_side_loudness": -5.302609443664551,
      "mid_to_side_loudness_range": 4.345886707305908,
      "side_mean": -47.9203987121582
    }
  ],
  "bands_short": [
    {
      "high_freq": 148.1999969482422,
      "loudness": -32.31960678100586,
      "loudness_range": 20.939851760864258,
      "mid_mean": -29.370471954345703,
      "mid_to_side_loudness": -11.273262023925781,
      "mid_to_side_loudness_range": 21.488784790039062,
      "side_mean": -41.084800720214844
    },
    {
      "high_freq": 392.3793640136719,
      "loudness": -22.16609764099121,
      "loudness_range": 13.05194091796875,
      "low_freq": 148.1999969482422,
      "mid_mean": -19.228574752807617,
      "mid_to_side_loudness": -9.037771224975586,
      "mid_to_side_loudness_range": 13.810513496398926,
      "side_mean": -28.550949096679688
    },
    {
      "high_freq": 794.6976318359375,
      "loudness": -25.156692504882812,
      "loudness_range": 18.036815643310547,
      "low_freq": 392.3793640136719,
      "mid_mean": -22.28284454345703,
      "mid_to_side_loudness": -8.398920059204102,
      "mid_to_side_loudness_range": 12.559981346130371,
      "side_mean": -30.734878540039062
    },
    {
      "high_freq": 1457.5709228515625,
      "loudness": -28.082984924316406,
      "loudness_range": 16.826709747314453,
      "low_freq": 794.6976318359375,
      "mid_mean": -25.395179748535156,
      "mid_to_side_loudness": -7.333174228668213,
      "mid_to_side_loudness_range": 12.338713645935059,
      "side_mean": -32.857818603515625
    },
    {
      "high_freq": 2549.74365234375,
      "loudness": -31.14520835876465,
      "loudness_range": 18.975515365600586,
      "low_freq": 1457.5709228515625,
      "mid_mean": -28.3049373626709,
      "mid_to_side_loudness": -7.693230152130127,
      "mid_to_side_loudness_range": 10.357605934143066,
      "side_mean": -36.10771179199219
    },
    {
      "high_freq": 4349.24462890625,
      "loudness": -33.62645721435547,
      "loudness_range": 17.128530502319336,
      "low_freq": 2549.74365234375,
      "mid_mean": -30.927623748779297,
      "mid_to_side_loudness": -6.719442367553711,
      "mid_to_side_loudness_range": 8.944907188415527,
      "side_mean": -37.75644302368164
    },
    {
      "high_freq": 7314.1640625,
      "loudness": -34.93085861206055,
      "loudness_range": 15.610488891601562,
      "low_freq": 4349.24462890625,
      "mid_mean": -32.15348434448242,
      "mid_to_side_loudness": -7.131190776824951,
      "mid_to_side_loudness_range": 8.423954010009766,
      "side_mean": -39.4057731628418
    },
    {
      "high_freq": 12199.2666015625,
      "loudness": -38.545013427734375,
      "loudness_range": 17.267837524414062,
      "low_freq": 7314.1640625,
      "mid_mean": -35.71588134765625,
      "mid_to_side_loudness": -7.425041198730469,
      "mid_to_side_loudness_range": 8.178465843200684,
      "side_mean": -43.41253662109375
    },
    {
      "loudness": -48.28261184692383,
      "loudness_range": 20.77960205078125,
      "low_freq": 12199.2666015625,
      "mid_mean": -45.810115814208984,
      "mid_to_side_loudness": -6.247965335845947,
      "mid_to_side_loudness_range": 8.027566909790039,
      "side_mean": -52.77949142456055
    }
  ],
  "bandwidth": 559.03564453125,
  "channels": 2,
  "covariance": [
    [
      24.417617797851562,
      11.59774398803711,
      9.178912162780762,
      11.502522468566895,
      11.725150108337402,
      11.22359848022461,
      9.280460357666016,
      10.41149616241455,
      11.047783851623535,
      10.579261779785156,
      10.74524974822998,
      9.581850051879883,
      9.24701976776123,
      10.078474998474121,
      9.738227844238281,
      10.888494491577148,
      9.593253135681152,
      10.045913696289062
    ],
    [
      11.59774398803711,
      32.13445281982422,
      13.59264850616455,
      21.403635025024414,
      19.79157257080078,
      18.41744613647461,
      13.023765563964844,
      15.720429420471191,
      19.923307418823242,
      21.270719528198242,
      17.1052303314209,
      22.325597763061523,
      12.925654411315918,
      16.750564575195312,
      14.170889854431152,
      17.261669158935547,
      12.981566429138184,
      14.004327774047852
    ],
    [
      9.178912162780762,
      13.59264850616455,
      20.914194107055664,
      16.620277404785156,
      14.52476978302002,
      12.044028282165527,
      12.943111419677734,
      11.398799896240234,
      13.685908317565918,
      12.529648780822754,
      13.770885467529297,
      14.311412811279297,
      9.954021453857422,
      10.673689842224121,
      11.255773544311523,
      11.7012300491333,
      11.093341827392578,
      10.449796676635742
    ],
    [
      11.502522468566895,
      21.403635025024414,
      16.620277404785156,
      27.073728561401367,
      22.510334014892578,
      20.416013717651367,
      15.857073783874512,
      17.879165649414062,
      22.012413024902344,
      23.083269119262695,
      19.07733726501465,
      23.501447677612305,
      13.912762641906738,
      16.290239334106445,
      15.674454689025879,
      17.796390533447266,
      14.461709976196289,
      13.875385284423828
    ],
    [
      11.725150108337402,
      19.79157257080078,
      14.52476978302002,
      22.510334014892578,
      37.85630798339844,
      26.970932006835938,
      23.541339874267578,
      21.82811164855957,
      28.757991790771484,
      26.61563491821289,
      23.156352996826172,
      24.813053131103516,
      15.781144142150879,
      17.344158172607422,
      18.39546775817871,
      19.813323974609375,
      16.191526412963867,
      15.272971153259277
    ],
    [
      11.22359848022461,
      18.41744613647461,
      12.044028282165527,
      20.416013717651367,
      26.970932006835938,
      27.649280548095703,
      17.32079315185547,
      19.210433959960938,
      23.646657943725586,
      24.99628257751465,
      19.862354278564453,
      23.724769592285156,
      13.873679161071777,
      16.306812286376953,
      15.879962921142578,
      18.22389030456543,
      14.50180721282959,
      14.037403106689453
    ],
    [
      9.280460357666016,
      13.023765563964844,
      12.943111419677734,
      15.857073783874512,
      23.541339874267578,
      17.32079315185547,
      29.828289031982422,
      20.940263748168945,
      22.47748374938965,
      19.116100311279297,
      16.661237716674805,
      16.848369598388672,
      12.290325164794922,
      12.920806884765625,
      14.223994255065918,
      15.429353713989258,
      12.720602035522461,
      12.144165992736816
    ],
    [
      10.41149616241455,
      15.720429420471191,
      11.398799896240234,
      17.879165649414062,
      21.82811164855957,
      19.210433959960938,
      20.940263748168945,
      23.377981185913086,
      21.703174591064453,
      22.31654930114746,
      17.31185531616211,
      20.239778518676758,
      13.400577545166016,
      15.688299179077148,
      15.398110389709473,
      18.077388763427734,
      13.879999160766602,
      14.261356353759766
    ],
    [
      11.047783851623535,
      19.923307418823242,
      13.685908317565918,
      22.012413024902344,
      28.757991790771484,
      23.646657943725586,
      22.47748374938965,
      21.703174591064453,
      33.092079162597656,
      29.77621841430664,
      22.33501625061035,
      25.80030632019043,
      16.01025390625,
      17.909421920776367,
      18.716949462890625,
      19.837162017822266,
      15.630964279174805,
      15.064793586730957
    ],
    [
      10.579261779785156,
      21.270719528198242,
      12.529648780822754,
      23.083269119262695,
      26.61563491821289,
      24.99628257751465,
      19.116100311279297,
      22.31654930114746,
      29.77621841430664,
      34.05884552001953,
      22.531389236450195,
      28.98227882385254,
      16.03095817565918,
      19.475343704223633,
      18.540712356567383,
      21.172117233276367,
      15.800933837890625,
      15.821785926818848
    ],
    [
      10.74524974822998,
      17.1052303314209,
      13.770885467529297,
      19.07733726501465,
      23.156352996826172,
      19.862354278564453,
      16.661237716674805,
      17.31185531616211,
      22.33501625061035,
      22.531389236450195,
      22.823081970214844,
      23.536100387573242,
      16.2625789642334,
      16.984323501586914,
      16.938034057617188,
      17.670080184936523,
      15.546523094177246,
      14.106462478637695
    ],
    [
      9.581850051879883,
      22.325597763061523,
      14.311412811279297,
      23.501447677612305,
      24.813053131103516,
      23.724769592285156,
      16.848369598388672,
      20.239778518676758,
      25.80030632019043,
      28.98227882385254,
      23.536100387573242,
      31.250118255615234,
      17.17636489868164,
      21.135507583618164,
      18.309532165527344,
      21.41571044921875,
      16.443143844604492,
      16.35543441772461
    ],
    [
      9.24701976776123,
      12.925654411315918,
      9.954021453857422,
      13.912762641906738,
      15.781144142150879,
      13.873679161071777,
      12.290325164794922,
      13.400577545166016,
      16.01025390625,
      16.03095817565918,
      16.2625789642334,
      17.17636489868164,
      19.235309600830078,
      16.141157150268555,
      17.099781036376953,
      15.345943450927734,
      15.620716094970703,
      12.655132293701172
    ],
    [
      10.078474998474121,
      16.750564575195312,
      10.673689842224121,
      16.290239334106445,
      17.344158172607422,
      16.306812286376953,
      12.920806884765625,
      15.688299179077148,
      17.909421920776367,
      19.475343704223633,
      16.984323501586914,
      21.135507583618164,
      16.141157150268555,
      19.287647247314453,
      16.054058074951172,
      18.451311111450195,
      14.746990203857422,
      15.124659538269043
    ],
    [
      9.738227844238281,
      14.170889854431152,
      11.255773544311523,
      15.674454689025879,
      18.39546775817871,
      15.879962921142578,
      14.223994255065918,
      15.398110389709473,
      18.716949462890625,
      18.540712356567383,
      16.938034057617188,
      18.309532165527344,
      17.099781036376953,
      16.054058074951172,
      23.45768928527832,
      18.34971046447754,
      18.097667694091797,
      14.741175651550293
    ],
    [
      10.888494491577148,
      17.261669158935547,
      11.7012300491333,
      17.796390533447266,
      19.813323974609375,
      18.22389030456543,
      15.429353713989258,
      18.077388763427734,
      19.837162017822266,
      21.172117233276367,
      17.670080184936523,
      21.41571044921875,
      15.345943450927734,
      18.451311111450195,
      18.34971046447754,
      21.405324935913086,
      16.614952087402344,
      17.33345603942871
    ],
    [
      9.593253135681152,
      12.981566429138184,
      11.093341827392578,
      14.461709976196289,
      16.191526412963867,
      14.50180721282959,
      12.720602035522461,
      13.879999160766602,
      15.630964279174805,
      15.800933837890625,
      15.546523094177246,
      16.443143844604492,
      15.620716094970703,
      14.746990203857422,
      18.097667694091797,
      16.614952087402344,
      19.446046829223633,
      16.243467330932617
    ],
    [
      10.045913696289062,
      14.004327774047852,
      10.449796676635742,
      13.875385284423828,
      15.272971153259277,
      14.037403106689453,
      12.144165992736816,
      14.261356353759766,
      15.064793586730957,
      15.821785926818848,
      14.106462478637695,
      16.35543441772461,
      12.655132293701172,
      15.124659538269043,
      14.741175651550293,
      17.33345603942871,
      16.243467330932617,
      18.34564208984375
    ]
  ],
  "covariance_short": [
    [
      54.14703369140625,
      17.068326950073242,
      18.30183219909668,
      13.845614433288574,
      14.348846435546875,
      12.907648086547852,
      11.8525390625,
      11.0966157913208,
      13.94970703125,
      12.62863826751709,
      14.300061225891113,
      13.90869140625,
      15.693150520324707,
      16.56203842163086,
      15.46016788482666,
      17.930505752563477,
      19.821937561035156,
      22.578826904296875
    ],
    [
      17.068326950073242,
      40.301204681396484,
      13.077197074890137,
      18.124492645263672,
      16.377504348754883,
      15.07758617401123,
      12.110672950744629,
      13.10387897491455,
      16.444242477416992,
      17.14754867553711,
      16.766006469726562,
      19.192333221435547,
      12.983383178710938,
      16.3158016204834,
      13.076639175415039,
      16.600698471069336,
      16.8957462310791,
      19.399606704711914
    ],
    [
      18.30183219909668,
      13.077197074890137,
      27.797779083251953,
      17.964433670043945,
      15.307924270629883,
      12.36113452911377,
      14.31420612335205,
      12.190095901489258,
      15.89200496673584,
      13.740583419799805,
      17.35447120666504,
      16.382444381713867,
      14.19785213470459,
      14.775632858276367,
      14.723917961120605,
      15.341753959655762,
      18.126916885375977,
      17.876312255859375
    ],
    [
      13.845614433288574,
      18.124492645263672,
      17.964433670043945,
      32.899131774902344,
      22.610681533813477,
      20.95392417907715,
      18.89842987060547,
      19.61227035522461,
      25.145742416381836,
      26.024778366088867,
      23.002880096435547,
      26.461650848388672,
      15.815400123596191,
      19.541828155517578,
      18.130598068237305,
      21.451061248779297,
      21.228979110717773,
      22.904315948486328
    ],
    [
      14.348846435546875,
      16.377504348754883,
      15.307924270629883,
      22.610681533813477,
      43.24326705932617,
      28.007774353027344,
      27.32027244567871,
      22.74297523498535,
      32.16162872314453,
      28.858379364013672,
      28.21023941040039,
      27.246301651000977,
      18.331777572631836,
      19.580039978027344,
      21.323190689086914,
      22.875410079956055,
      23.619382858276367,
      23.93683624267578
    ],
    [
      12.907648086547852,
      15.07758617401123,
      12.36113452911377,
      20.95392417907715,
      28.007774353027344,
      32.50308609008789,
      19.62893295288086,
      20.502899169921875,
      26.33286476135254,
      27.284351348876953,
      23.50503158569336,
      26.0482234954834,
      15.425521850585938,
      18.30612564086914,
      17.356475830078125,
      20.79137420654297,
      19.799684524536133,
      21.06116485595703
    ],
    [
      11.8525390625,
      12.110672950744629,
      14.31420612335205,
      18.89842987060547,
      27.32027244567871,
      19.62893295288086,
      39.791175842285156,
      23.82481575012207,
      30.491830825805664,
      24.82695198059082,
      24.049468994140625,
      22.26140594482422,
      17.00385284423828,
      17.329042434692383,
      20.65740203857422,
      20.526432037353516,
      22.055988311767578,
      21.3203182220459
    ],
    [
      11.0966157913208,
      13.10387897491455,
      12.190095901489258,
      19.61227035522461,
      22.74297523498535,
      20.502899169921875,
      23.82481575012207,
      28.877592086791992,
      25.424245834350586,
      26.51799964904785,
      21.50815773010254,
      23.882665634155273,
      15.524277687072754,
      18.69925880432129,
      18.027481079101562,
      21.022579193115234,
      19.081554412841797,
      20.495431900024414
    ],
    [
      13.94970703125,
      16.444242477416992,
      15.89200496673584,
      25.145742416381836,
      32.16162872314453,
      26.33286476135254,
      30.491830825805664,
      25.424245834350586,
      45.93073654174805,
      36.96633529663086,
      32.40996170043945,
      32.359066009521484,
      22.168684005737305,
      24.051773071289062,
      26.028011322021484,
      27.2861328125,
      28.537508010864258,
      30.042516708374023
    ],
    [
      12.62863826751709,
      17.14754867553711,
      13.740583419799805,
      26.024778366088867,
      28.858379364013672,
      27.284351348876953,
      24.82695198059082,
      26.51799964904785,
      36.96633529663086,
      42.886051177978516,
      29.815988540649414,
      34.894676208496094,
      20.118715286254883,
      25.14851188659668,
      23.24644660949707,
      27.983665466308594,
      25.806676864624023,
      29.46552848815918
    ],
    [
      14.300061225891113,
      16.766006469726562,
      17.35447120666504,
      23.002880096435547,
      28.21023941040039,
      23.50503158569336,
      24.049468994140625,
      21.50815773010254,
      32.40996170043945,
      29.815988540649414,
      38.448062896728516,
      32.935237884521484,
      25.957340240478516,
      25.56678009033203,
      27.127758026123047,
      28.074674606323242,
      32.0548210144043,
      32.08333969116211
    ],
    [
      13.90869140625,
      19.192333221435547,
      16.382444381713867,
      26.461650848388672,
      27.246301651000977,
      26.0482234954834,
      22.26140594482422,
      23.882665634155273,
      32.359066009521484,
      34.894676208496094,
      32.935237884521484,
      40.10063934326172,
      22.931427001953125,
      28.84882354736328,
      24.57253074645996,
      30.18198013305664,
      29.242557525634766,
      33.23434066772461
    ],
    [
      15.693150520324707,
      12.983383178710938,
      14.19785213470459,
      15.815400123596191,
      18.331777572631836,
      15.425521850585938,
      17.00385284423828,
      15.524277687072754,
      22.168684005737305,
      20.118715286254883,
      25.957340240478516,
      22.931427001953125,
      31.649946212768555,
      25.605031967163086,
      28.297527313232422,
      25.430747985839844,
      31.9980525970459,
      28.315702438354492
    ],
    [
      16.56203842163086,
      16.3158016204834,
      14.775632858276367,
      19.541828155517578,
      19.580039978027344,
      18.30612564086914,
      17.329042434692383,
      18.69925880432129,
      24.051773071289062,
      25.14851188659668,
      25.56678009033203,
      28.84882354736328,
      25.605031967163086,
      31.411521911621094,
      24.60466957092285,
      29.7944393157959,
      29.79205322265625,
      33.97980499267578
    ],
    [
      15.46016788482666,
      13.076639175415039,
      14.723917961120605,
      18.130598068237305,
      21.323190689086914,
      17.356475830078125,
      20.65740203857422,
      18.027481079101562,
      26.028011322021484,
      23.24644660949707,
      27.127758026123047,
      24.57253074645996,
      28.297527313232422,
      24.60466957092285,
      37.7419319152832,
      31.049339294433594,
      38.74041748046875,
      34.05176544189453
    ],
    [
      17.930505752563477,
      16.600698471069336,
      15.341753959655762,
      21.451061248779297,
      22.875410079956055,
      20.79137420654297,
      20.526432037353516,
      21.022579193115234,
      27.2861328125,
      27.983665466308594,
      28.074674606323242,
      30.18198013305664,
      25.430747985839844,
      29.7944393157959,
      31.049339294433594,
      38.583106994628906,
      37.11102294921875,
      43.737178802490234
    ],
    [
      19.821937561035156,
      16.8957462310791,
      18.126916885375977,
      21.228979110717773,
      23.619382858276367,
      19.799684524536133,
      22.055988311767578,
      19.081554412841797,
      28.537508010864258,
      25.806676864624023,
      32.0548210144043,
      29.242557525634766,
      31.9980525970459,
      29.79205322265625,
      38.74041748046875,
      37.11102294921875,
      53.839813232421875,
      48.61860275268555
    ],
    [
      22.578826904296875,
      19.399606704711914,
      17.876312255859375,
      22.904315948486328,
      23.93683624267578,
      21.06116485595703,
      21.3203182220459,
      20.495431900024414,
      30.042516708374023,
      29.46552848815918,
      32.08333969116211,
      33.23434066772461,
      28.315702438354492,
      33.97980499267578,
      34.05176544189453,
      43.737178802490234,
      48.61860275268555,
      71.78665161132812
    ]
  ],
  "damage": -7.0384931564331055,
  "diff_bandwidth": 576.1829223632812,
  "dissonance": 7.802102672098003,
  "drr": 1.9343949556350708,
  "dynamics": 3.5515546798706055,
  "format": 1245190,
  "frames": 10368960,
  "loudness": -13.646921157836914,
  "loudness_range": 9.926214218139648,
  "loudness_range_short": 12.145116806030273,
  "lowpass_true_peak_15khz": 0.48175084590911865,
  "mastering3_acoustic_entropies": [
    {
      "acoustic_entropy": 6.793210506439209,
      "acoustic_entropy_mono": 6.820464134216309,
      "band_eliminated_acoustic_entropies": [
        {
          "acoustic_entropy": 6.93536376953125,
          "acoustic_entropy_side": 6.793483734130859,
          "hz": 129.47220167065723
        },
        {
          "acoustic_entropy": 6.7453155517578125,
          "acoustic_entropy_side": 6.791514873504639,
          "hz": 202.92927478742237
        },
        {
          "acoustic_entropy": 7.418116092681885,
          "acoustic_entropy_side": 6.895318984985352,
          "hz": 282.89161906338205
        },
        {
          "acoustic_entropy": 6.6447343826293945,
          "acoustic_entropy_side": 6.830677032470703,
          "hz": 369.9353335868758
        },
        {
          "acoustic_entropy": 5.723515033721924,
          "acoustic_entropy_side": 6.577632904052734,
          "hz": 464.6875360973435
        },
        {
          "acoustic_entropy": 6.384891510009766,
          "acoustic_entropy_side": 6.686883449554443,
          "hz": 567.8308811364784
        },
        {
          "acoustic_entropy": 5.958193302154541,
          "acoustic_entropy_side": 6.77092170715332,
          "hz": 680.1084783214808
        },
        {
          "acoustic_entropy": 6.800021171569824,
          "acoustic_entropy_side": 6.802889823913574,
          "hz": 802.3292461747484
        },
        {
          "acoustic_entropy": 6.865932941436768,
          "acoustic_entropy_side": 6.841686725616455,
          "hz": 935.3737400823702
        },
        {
          "acoustic_entropy": 6.574028491973877,
          "acoustic_entropy_side": 6.733279228210449,
          "hz": 1080.2004963696966
        },
        {
          "acoustic_entropy": 6.5523176193237305,
          "acoustic_entropy_side": 6.644207000732422,
          "hz": 1237.8529382007157
        },
        {
          "acoustic_entropy": 7.166517734527588,
          "acoustic_entropy_side": 6.806177616119385,
          "hz": 1409.4668930556702
        },
        {
          "acoustic_entropy": 6.719078063964844,
          "acoustic_entropy_side": 6.809019565582275,
          "hz": 1596.2787759475705
        },
        {
          "acoustic_entropy": 7.214487075805664,
          "acoustic_entropy_side": 6.914373874664307,
          "hz": 1799.6344973346393
        },
        {
          "acoustic_entropy": 6.6641693115234375,
          "acoustic_entropy_side": 6.881397724151611,
          "hz": 2020.9991599069049
        },
        {
          "acoustic_entropy": 6.976396083831787,
          "acoustic_entropy_side": 6.850411415100098,
          "hz": 2261.9676141086993
        },
        {
          "acoustic_entropy": 6.81685733795166,
          "acoustic_entropy_side": 6.805516242980957,
          "hz": 2524.2759484456974
        },
        {
          "acoustic_entropy": 6.934182167053223,
          "acoustic_entropy_side": 6.804988384246826,
          "hz": 2809.813997359896
        },
        {
          "acoustic_entropy": 7.049358367919922,
          "acoustic_entropy_side": 6.810456275939941,
          "hz": 3120.6389567871424
        },
        {
          "acoustic_entropy": 6.866868495941162,
          "acoustic_entropy_side": 6.789667129516602,
          "hz": 3458.990205492291
        },
        {
          "acoustic_entropy": 7.096612930297852,
          "acoustic_entropy_side": 6.792109489440918,
          "hz": 3827.305438964164
        },
        {
          "acoustic_entropy": 6.878701686859131,
          "acoustic_entropy_side": 6.775968074798584,
          "hz": 4228.238232109126
        },
        {
          "acoustic_entropy": 6.729528903961182,
          "acoustic_entropy_side": 6.759337425231934,
          "hz": 4664.6771572759235
        },
        {
          "acoustic_entropy": 6.7558674812316895,
          "acoustic_entropy_side": 6.767152309417725,
          "hz": 5139.766595350093
        },
        {
          "acoustic_entropy": 6.999011039733887,
          "acoustic_entropy_side": 6.784024715423584,
          "hz": 5656.929389854203
        },
        {
          "acoustic_entropy": 6.691650390625,
          "acoustic_entropy_side": 6.7800397872924805,
          "hz": 6219.891507268283
        },
        {
          "acoustic_entropy": 6.6707024574279785,
          "acoustic_entropy_side": 6.774933815002441,
          "hz": 6832.70888123896
        },
        {
          "acoustic_entropy": 6.774307727813721,
          "acoustic_entropy_side": 6.775582313537598,
          "hz": 7499.796634079867
        },
        {
          "acoustic_entropy": 6.604736328125,
          "acoustic_entropy_side": 6.778573036193848,
          "hz": 8225.96088609342
        },
        {
          "acoustic_entropy": 6.811169147491455,
          "acoustic_entropy_side": 6.778102874755859,
          "hz": 9016.43338188839
        },
        {
          "acoustic_entropy": 6.8125319480896,
          "acoustic_entropy_side": 6.789331912994385,
          "hz": 9876.909183162974
        },
        {
          "acoustic_entropy": 6.966493606567383,
          "acoustic_entropy_side": 6.7998480796813965,
          "hz": 10813.587699516042
        },
        {
          "acoustic_entropy": 6.754530906677246,
          "acoustic_entropy_side": 6.797530174255371,
          "hz": 11833.21735289826
        },
        {
          "acoustic_entropy": 6.741539001464844,
          "acoustic_entropy_side": 6.794476509094238,
          "hz": 12943.144197493959
        },
        {
          "acoustic_entropy": 6.764941215515137,
          "acoustic_entropy_side": 6.793099880218506,
          "hz": 14151.364845322005
        },
        {
          "acoustic_entropy": 6.781314849853516,
          "acoustic_entropy_side": 6.793193340301514,
          "hz": 15466.58407886509
        },
        {
          "acoustic_entropy": 6.791841506958008,
          "acoustic_entropy_side": 6.793296813964844,
          "hz": 16898.27756580493
        },
        {
          "acoustic_entropy": 6.7929863929748535,
          "acoustic_entropy_side": 6.79322624206543,
          "hz": 18456.760127700032
        },
        {
          "acoustic_entropy": 6.79313850402832,
          "acoustic_entropy_side": 6.793212890625,
          "hz": 20153.260054456492
        },
        {
          "acoustic_entropy": 6.793190956115723,
          "acoustic_entropy_side": 6.793210506439209,
          "hz": 22000.00000000001
        }
      ],
      "diff_acoustic_entropy": 3.9932503700256348,
      "sn": 6
    },
    {
      "acoustic_entropy": 10.900071144104004,
      "acoustic_entropy_mono": 9.556256294250488,
      "band_eliminated_acoustic_entropies": [
        {
          "acoustic_entropy": 10.198080062866211,
          "acoustic_entropy_side": 10.90083122253418,
          "hz": 129.47220167065723
        },
        {
          "acoustic_entropy": 9.938148498535156,
          "acoustic_entropy_side": 10.781548500061035,
          "hz": 202.92927478742237
        },
        {
          "acoustic_entropy": 10.882234573364258,
          "acoustic_entropy_side": 10.593928337097168,
          "hz": 282.89161906338205
        },
        {
          "acoustic_entropy": 9.417566299438477,
          "acoustic_entropy_side": 10.136154174804688,
          "hz": 369.9353335868758
        },
        {
          "acoustic_entropy": 10.651010513305664,
          "acoustic_entropy_side": 10.960436820983887,
          "hz": 464.6875360973435
        },
        {
          "acoustic_entropy": 10.047489166259766,
          "acoustic_entropy_side": 11.05529499053955,
          "hz": 567.8308811364784
        },
        {
          "acoustic_entropy": 10.225190162658691,
          "acoustic_entropy_side": 10.501705169677734,
          "hz": 680.1084783214808
        },
        {
          "acoustic_entropy": 10.62993335723877,
          "acoustic_entropy_side": 10.891589164733887,
          "hz": 802.3292461747484
        },
        {
          "acoustic_entropy": 10.466079711914062,
          "acoustic_entropy_side": 10.726041793823242,
          "hz": 935.3737400823702
        },
        {
          "acoustic_entropy": 10.934388160705566,
          "acoustic_entropy_side": 10.841460227966309,
          "hz": 1080.2004963696966
        },
        {
          "acoustic_entropy": 11.000946998596191,
          "acoustic_entropy_side": 10.785177230834961,
          "hz": 1237.8529382007157
        },
        {
          "acoustic_entropy": 10.548113822937012,
          "acoustic_entropy_side": 10.7959566116333,
          "hz": 1409.4668930556702
        },
        {
          "acoustic_entropy": 9.885696411132812,
          "acoustic_entropy_side": 10.696423530578613,
          "hz": 1596.2787759475705
        },
        {
          "acoustic_entropy": 10.658039093017578,
          "acoustic_entropy_side": 10.825277328491211,
          "hz": 1799.6344973346393
        },
        {
          "acoustic_entropy": 10.397114753723145,
          "acoustic_entropy_side": 10.612870216369629,
          "hz": 2020.9991599069049
        },
        {
          "acoustic_entropy": 10.019097328186035,
          "acoustic_entropy_side": 10.415146827697754,
          "hz": 2261.9676141086993
        },
        {
          "acoustic_entropy": 10.48178482055664,
          "acoustic_entropy_side": 10.648414611816406,
          "hz": 2524.2759484456974
        },
        {
          "acoustic_entropy": 10.903688430786133,
          "acoustic_entropy_side": 10.739164352416992,
          "hz": 2809.813997359896
        },
        {
          "acoustic_entropy": 11.043848037719727,
          "acoustic_entropy_side": 10.788663864135742,
          "hz": 3120.6389567871424
        },
        {
          "acoustic_entropy": 10.434121131896973,
          "acoustic_entropy_side": 10.390856742858887,
          "hz": 3458.990205492291
        },
        {
          "acoustic_entropy": 10.554606437683105,
          "acoustic_entropy_side": 10.431558609008789,
          "hz": 3827.305438964164
        },
        {
          "acoustic_entropy": 10.54610824584961,
          "acoustic_entropy_side": 10.447632789611816,
          "hz": 4228.238232109126
        },
        {
          "acoustic_entropy": 10.511815071105957,
          "acoustic_entropy_side": 10.5941801071167,
          "hz": 4664.6771572759235
        },
        {
          "acoustic_entropy": 10.615935325622559,
          "acoustic_entropy_side": 10.799162864685059,
          "hz": 5139.766595350093
        },
        {
          "acoustic_entropy": 10.190774917602539,
          "acoustic_entropy_side": 10.879008293151855,
          "hz": 5656.929389854203
        },
        {
          "acoustic_entropy": 10.454965591430664,
          "acoustic_entropy_side": 10.865078926086426,
          "hz": 6219.891507268283
        },
        {
          "acoustic_entropy": 10.611112594604492,
          "acoustic_entropy_side": 10.874972343444824,
          "hz": 6832.70888123896
        },
        {
          "acoustic_entropy": 10.664674758911133,
          "acoustic_entropy_side": 10.890114784240723,
          "hz": 7499.796634079867
        },
        {
          "acoustic_entropy": 10.772123336791992,
          "acoustic_entropy_side": 10.89599609375,
          "hz": 8225.96088609342
        },
        {
          "acoustic_entropy": 10.826858520507812,
          "acoustic_entropy_side": 10.875547409057617,
          "hz": 9016.43338188839
        },
        {
          "acoustic_entropy": 10.60299301147461,
          "acoustic_entropy_side": 10.894462585449219,
          "hz": 9876.909183162974
        },
        {
          "acoustic_entropy": 10.630324363708496,
          "acoustic_entropy_side": 10.924844741821289,
          "hz": 10813.587699516042
        },
        {
          "acoustic_entropy": 10.684869766235352,
          "acoustic_entropy_side": 10.913284301757812,
          "hz": 11833.21735289826
        },
        {
          "acoustic_entropy": 10.401123046875,
          "acoustic_entropy_side": 10.902877807617188,
          "hz": 12943.144197493959
        },
        {
          "acoustic_entropy": 10.709911346435547,
          "acoustic_entropy_side": 10.901786804199219,
          "hz": 14151.364845322005
        },
        {
          "acoustic_entropy": 10.878963470458984,
          "acoustic_entropy_side": 10.9015531539917,
          "hz": 15466.58407886509
        },
        {
          "acoustic_entropy": 10.915671348571777,
          "acoustic_entropy_side": 10.90151596069336,
          "hz": 16898.27756580493
        },
        {
          "acoustic_entropy": 10.900087356567383,
          "acoustic_entropy_side": 10.900920867919922,
          "hz": 18456.760127700032
        },
        {
          "acoustic_entropy": 10.898292541503906,
          "acoustic_entropy_side": 10.899981498718262,
          "hz": 20153.260054456492
        },
        {
          "acoustic_entropy": 10.899417877197266,
          "acoustic_entropy_side": 10.899942398071289,
          "hz": 22000.00000000001
        }
      ],
      "diff_acoustic_entropy": 8.038684844970703,
      "sn": 12
    },
    {
      "acoustic_entropy": 13.549696922302246,
      "acoustic_entropy_mono": 13.635313034057617,
      "band_eliminated_acoustic_entropies": [
        {
          "acoustic_entropy": 12.963655471801758,
          "acoustic_entropy_side": 13.617073059082031,
          "hz": 129.47220167065723
        },
        {
          "acoustic_entropy": 14.184515953063965,
          "acoustic_entropy_side": 13.578315734863281,
          "hz": 202.92927478742237
        },
        {
          "acoustic_entropy": 14.310401916503906,
          "acoustic_entropy_side": 14.108691215515137,
          "hz": 282.89161906338205
        },
        {
          "acoustic_entropy": 13.108111381530762,
          "acoustic_entropy_side": 13.2216157913208,
          "hz": 369.9353335868758
        },
        {
          "acoustic_entropy": 14.573208808898926,
          "acoustic_entropy_side": 14.24942684173584,
          "hz": 464.6875360973435
        },
        {
          "acoustic_entropy": 13.939043045043945,
          "acoustic_entropy_side": 14.242825508117676,
          "hz": 567.8308811364784
        },
        {
          "acoustic_entropy": 13.777412414550781,
          "acoustic_entropy_side": 13.693610191345215,
          "hz": 680.1084783214808
        },
        {
          "acoustic_entropy": 14.838332176208496,
          "acoustic_entropy_side": 14.108768463134766,
          "hz": 802.3292461747484
        },
        {
          "acoustic_entropy": 13.66122055053711,
          "acoustic_entropy_side": 13.953742980957031,
          "hz": 935.3737400823702
        },
        {
          "acoustic_entropy": 13.429044723510742,
          "acoustic_entropy_side": 13.486525535583496,
          "hz": 1080.2004963696966
        },
        {
          "acoustic_entropy": 14.00406551361084,
          "acoustic_entropy_side": 14.178762435913086,
          "hz": 1237.8529382007157
        },
        {
          "acoustic_entropy": 13.47213363647461,
          "acoustic_entropy_side": 13.900148391723633,
          "hz": 1409.4668930556702
        },
        {
          "acoustic_entropy": 13.393413543701172,
          "acoustic_entropy_side": 13.614224433898926,
          "hz": 1596.2787759475705
        },
        {
          "acoustic_entropy": 13.827241897583008,
          "acoustic_entropy_side": 13.892520904541016,
          "hz": 1799.6344973346393
        },
        {
          "acoustic_entropy": 13.494368553161621,
          "acoustic_entropy_side": 12.874983787536621,
          "hz": 2020.9991599069049
        },
        {
          "acoustic_entropy": 14.030940055847168,
          "acoustic_entropy_side": 13.631103515625,
          "hz": 2261.9676141086993
        },
        {
          "acoustic_entropy": 13.83055591583252,
          "acoustic_entropy_side": 13.705527305603027,
          "hz": 2524.2759484456974
        },
        {
          "acoustic_entropy": 13.844079971313477,
          "acoustic_entropy_side": 13.575814247131348,
          "hz": 2809.813997359896
        },
        {
