{
  "acoustic_entropy": 167.45077514648438,
  "bands": [
    {
      "high_freq": 148.1999969482422,
      "loudness": -41.91029357910156,
      "loudness_range": 31.94637107849121,
      "mid_mean": -45.632049560546875,
      "mid_to_side_loudness": 0.6960422992706299,
      "mid_to_side_loudness_range": 7.772448539733887,
      "side_mean": -44.704341888427734
    },
    {
      "high_freq": 392.3793640136719,
      "loudness": -27.944005966186523,
      "loudness_range": 18.254554748535156,
      "low_freq": 148.1999969482422,
      "mid_mean": -27.980205535888672,
      "mid_to_side_loudness": -1.4445828199386597,
      "mid_to_side_loudness_range": 9.40107536315918,
      "side_mean": -29.67696189880371
    },
    {
      "high_freq": 794.6976318359375,
      "loudness": -31.704797744750977,
      "loudness_range": 16.378816604614258,
      "low_freq": 392.3793640136719,
      "mid_mean": -30.220197677612305,
      "mid_to_side_loudness": -2.080838203430176,
      "mid_to_side_loudness_range": 8.321438789367676,
      "side_mean": -33.0855712890625
    },
    {
      "high_freq": 1457.5709228515625,
      "loudness": -35.378047943115234,
      "loudness_range": 22.455808639526367,
      "low_freq": 794.6976318359375,
      "mid_mean": -34.47151565551758,
      "mid_to_side_loudness": -2.234666585922241,
      "mid_to_side_loudness_range": 10.06628704071045,
      "side_mean": -37.398658752441406
    },
    {
      "high_freq": 2549.74365234375,
      "loudness": -39.49508285522461,
      "loudness_range": 19.96333885192871,
      "low_freq": 1457.5709228515625,
      "mid_mean": -38.169822692871094,
      "mid_to_side_loudness": -2.47430157661438,
      "mid_to_side_loudness_range": 8.602004051208496,
      "side_mean": -41.531070709228516
    },
    {
      "high_freq": 4349.24462890625,
      "loudness": -46.12644958496094,
      "loudness_range": 23.803985595703125,
      "low_freq": 2549.74365234375,
      "mid_mean": -45.67207336425781,
      "mid_to_side_loudness": -1.5563846826553345,
      "mid_to_side_loudness_range": 3.9958996772766113,
      "side_mean": -48.40623474121094
    },
    {
      "high_freq": 7314.1640625,
      "loudness": -56.42219161987305,
      "loudness_range": 29.17052459716797,
      "low_freq": 4349.24462890625,
      "mid_mean": -56.60991287231445,
      "mid_to_side_loudness": 0.19773870706558228,
      "mid_to_side_loudness_range": 2.5505356788635254,
      "side_mean": -56.438934326171875
    },
    {
      "high_freq": 12199.2666015625,
      "loudness": -65.40314483642578,
      "loudness_range": 21.570289611816406,
      "low_freq": 7314.1640625,
      "mid_mean": -63.858219146728516,
      "mid_to_side_loudness": 2.75537371635437,
      "mid_to_side_loudness_range": 7.30773401260376,
      "side_mean": -61.78059005737305
    },
    {
      "loudness": -69.4501724243164,
      "loudness_range": 6.4423065185546875,
      "low_freq": 12199.2666015625,
      "mid_mean": -66.02318572998047,
      "mid_to_side_loudness": -0.031102389097213745,
      "mid_to_side_loudness_range": 1.347205400466919,
      "side_mean": -66.00455474853516
    }
  ],
  "bands_short": [
    {
      "high_freq": 148.1999969482422,
      "loudness": -48.306549072265625,
      "loudness_range": 35.88044738769531,
      "mid_mean": -51.2314338684082,
      "mid_to_side_loudness": 1.2105047702789307,
      "mid_to_side_loudness_range": 12.03118896484375,
      "side_mean": -50.11998748779297
    },
    {
      "high_freq": 392.3793640136719,
      "loudness": -28.142507553100586,
      "loudness_range": 20.16813087463379,
      "low_freq": 148.1999969482422,
      "mid_mean": -28.412630081176758,
      "mid_to_side_loudness": -1.3663721084594727,
      "mid_to_side_loudness_range": 12.55280590057373,
      "side_mean": -30.181547164916992
    },
    {
      "high_freq": 794.6976318359375,
      "loudness": -32.130714416503906,
      "loudness_range": 17.479337692260742,
      "low_freq": 392.3793640136719,
      "mid_mean": -30.99082374572754,
      "mid_to_side_loudness": -2.0039541721343994,
      "mid_to_side_loudness_range": 11.20086669921875,
      "side_mean": -33.88031768798828
    },
    {
      "high_freq": 1457.5709228515625,
      "loudness": -33.586151123046875,
      "loudness_range": 21.401691436767578,
      "low_freq": 794.6976318359375,
      "mid_mean": -32.50149917602539,
      "mid_to_side_loudness": -2.5272789001464844,
      "mid_to_side_loudness_range": 13.295028686523438,
      "side_mean": -35.53981399536133
    },
    {
      "high_freq": 2549.74365234375,
      "loudness": -39.65188217163086,
      "loudness_range": 20.761966705322266,
      "low_freq": 1457.5709228515625,
      "mid_mean": -38.42702102661133,
      "mid_to_side_loudness": -2.5612802505493164,
      "mid_to_side_loudness_range": 10.463146209716797,
      "side_mean": -41.93678283691406
    },
    {
      "high_freq": 4349.24462890625,
      "loudness": -46.423316955566406,
      "loudness_range": 24.12027359008789,
      "low_freq": 2549.74365234375,
      "mid_mean": -46.01850509643555,
      "mid_to_side_loudness": -1.6283353567123413,
      "mid_to_side_loudness_range": 6.494378089904785,
      "side_mean": -50.16518020629883
    },
    {
      "high_freq": 7314.1640625,
      "loudness": -56.7990608215332,
      "loudness_range": 28.40005111694336,
      "low_freq": 4349.24462890625,
      "mid_mean": -56.91262435913086,
      "mid_to_side_loudness": 0.1848263293504715,
      "mid_to_side_loudness_range": 4.410674095153809,
      "side_mean": -56.750328063964844
    },
    {
      "high_freq": 12199.2666015625,
      "loudness": -65.98517608642578,
      "loudness_range": 21.38479995727539,
      "low_freq": 7314.1640625,
      "mid_mean": -64.23970031738281,
      "mid_to_side_loudness": 2.7943003177642822,
      "mid_to_side_loudness_range": 7.7383012771606445,
      "side_mean": -62.17816162109375
    },
    {
      "loudness": -69.5809097290039,
      "loudness_range": 6.137092590332031,
      "low_freq": 12199.2666015625,
      "mid_mean": -66.09375,
      "mid_to_side_loudness": -0.06190785765647888,
      "mid_to_side_loudness_range": 1.897430181503296,
      "side_mean": -66.09872436523438
    }
  ],
  "bandwidth": 512.8458862304688,
  "channels": 2,
  "covariance": [
    [
      199.1333770751953,
      190.49009704589844,
      91.9810791015625,
      88.00836181640625,
      32.78874206542969,
      19.19538116455078,
      68.63252258300781,
      45.348609924316406,
      32.654109954833984,
      13.762721061706543,
      17.443849563598633,
      22.53601837158203,
      16.110445022583008,
      14.954034805297852,
      -29.40949249267578,
      -24.807859420776367,
      -9.242568969726562,
      -11.777290344238281
    ],
    [
      190.49009704589844,
      190.4182586669922,
      89.86145782470703,
      88.01223754882812,
      33.908729553222656,
      21.367019653320312,
      69.78054809570312,
      47.13185501098633,
      37.102455139160156,
      18.31618881225586,
      22.668893814086914,
      27.346311569213867,
      20.10921859741211,
      19.008625030517578,
      -26.688091278076172,
      -21.53893280029297,
      -8.639443397521973,
      -10.994876861572266
    ],
    [
      91.9810791015625,
      89.86145782470703,
      97.6881103515625,
      85.31431579589844,
      14.543961524963379,
      11.651663780212402,
      42.5802001953125,
      31.57257843017578,
      25.529939651489258,
      17.839130401611328,
      15.564470291137695,
      21.423078536987305,
      14.913993835449219,
      13.309989929199219,
      -12.716434478759766,
      -12.059386253356934,
      -8.033177375793457,
      -10.071331977844238
    ],
    [
      88.00836181640625,
      88.01223754882812,
      85.31431579589844,
      98.71806335449219,
      17.81250762939453,
      15.218639373779297,
      50.024391174316406,
      40.05305862426758,
      32.7064094543457,
      25.278379440307617,
      25.647066116333008,
      32.7467155456543,
      23.218217849731445,
      21.470428466796875,
      -8.897924423217773,
      -7.046070098876953,
      -7.059804916381836,
      -8.803197860717773
    ],
    [
      32.78874206542969,
      33.908729553222656,
      14.543961524963379,
      17.81250762939453,
      43.00071334838867,
      36.08271789550781,
      34.73463821411133,
      35.17972946166992,
      33.322994232177734,
      33.49533462524414,
      31.438241958618164,
      31.767881393432617,
      27.200252532958984,
      26.331300735473633,
      5.92813777923584,
      8.300708770751953,
      0.6578394174575806,
      0.30176615715026855
    ],
    [
      19.19538116455078,
      21.367019653320312,
      11.651663780212402,
      15.218639373779297,
      36.08271789550781,
      44.91065979003906,
      23.463632583618164,
      29.08885955810547,
      27.479433059692383,
      34.65177917480469,
      29.18339729309082,
      35.36058044433594,
      26.04373550415039,
      25.01070213317871,
      10.35921573638916,
      11.901633262634277,
      1.7746950387954712,
      1.700168251991272
    ],
    [
      68.63252258300781,
      69.78054809570312,
      42.5802001953125,
      50.024391174316406,
      34.73463821411133,
      23.463632583618164,
      84.87822723388672,
      68.23714447021484,
      54.78181838989258,
      39.402984619140625,
      46.43804168701172,
      43.438682556152344,
      42.864315032958984,
      41.17840576171875,
      5.576982498168945,
      11.812679290771484,
      0.5640704035758972,
      0.37690919637680054
    ],
    [
      45.348609924316406,
      47.13185501098633,
      31.57257843017578,
      40.05305862426758,
      35.17972946166992,
      29.08885955810547,
      68.23714447021484,
      75.37516784667969,
      48.9659538269043,
      40.28948211669922,
      46.31006622314453,
      45.230228424072266,
      36.949241638183594,
      35.253787994384766,
      9.39017391204834,
      13.426644325256348,
      1.2366385459899902,
      1.0951541662216187
    ],
    [
      32.654109954833984,
      37.102455139160156,
      25.529939651489258,
      32.7064094543457,
      33.322994232177734,
      27.479433059692383,
      54.78181838989258,
      48.9659538269043,
      66.45018768310547,
      56.30263137817383,
      56.37395095825195,
      54.85038757324219,
      50.37086868286133,
      49.1624870300293,
      12.154080390930176,
      18.35166358947754,
      1.6021147966384888,
      1.5330774784088135
    ],
    [
      13.762721061706543,
      18.31618881225586,
      17.839130401611328,
      25.278379440307617,
      33.49533462524414,
      34.65177917480469,
      39.402984619140625,
      40.28948211669922,
      56.30263137817383,
      65.84420013427734,
      61.550872802734375,
      60.761600494384766,
      51.16294860839844,
      50.06778335571289,
      18.43294906616211,
      23.37688446044922,
      3.159003257751465,
      3.42584228515625
    ],
    [
      17.443849563598633,
      22.668893814086914,
      15.564470291137695,
      25.647066116333008,
      31.438241958618164,
      29.18339729309082,
      46.43804168701172,
      46.31006622314453,
      56.37395095825195,
      61.550872802734375,
      83.99024200439453,
      79.00717163085938,
      65.94515228271484,
      65.81647491455078,
      26.239120483398438,
      33.82122039794922,
      5.1593194007873535,
      6.064857482910156
    ],
    [
      22.53601837158203,
      27.346311569213867,
      21.423078536987305,
      32.7467155456543,
      31.767881393432617,
      35.36058044433594,
      43.438682556152344,
      45.230228424072266,
      54.85038757324219,
      60.761600494384766,
      79.00717163085938,
      94.85612487792969,
      74.4698715209961,
      74.30329895019531,
      31.052392959594727,
      39.808204650878906,
      7.631144046783447,
      8.598844528198242
    ],
    [
      16.110445022583008,
      20.10921859741211,
      14.913993835449219,
      23.218217849731445,
      27.200252532958984,
      26.04373550415039,
      42.864315032958984,
      36.949241638183594,
      50.37086868286133,
      51.16294860839844,
      65.94515228271484,
      74.4698715209961,
      87.44990539550781,
      87.05025482177734,
      38.27665328979492,
      51.04120635986328,
      12.127228736877441,
      13.688915252685547
    ],
    [
      14.954034805297852,
      19.008625030517578,
      13.309989929199219,
      21.470428466796875,
      26.331300735473633,
      25.01070213317871,
      41.17840576171875,
      35.253787994384766,
      49.1624870300293,
      50.06778335571289,
      65.81647491455078,
      74.30329895019531,
      87.05025482177734,
      87.35681915283203,
      38.84071731567383,
      51.56460952758789,
      12.346898078918457,
      13.961125373840332
    ],
    [
      -29.40949249267578,
      -26.688091278076172,
      -12.716434478759766,
      -8.897924423217773,
      5.92813777923584,
      10.35921573638916,
      5.576982498168945,
      9.39017391204834,
      12.154080390930176,
      18.43294906616211,
      26.239120483398438,
      31.052392959594727,
      38.27665328979492,
      38.84071731567383,
      33.65004348754883,
      37.760711669921875,
      10.486566543579102,
      12.393854141235352
    ],
    [
      -24.807859420776367,
      -21.53893280029297,
      -12.059386253356934,
      -7.046070098876953,
      8.300708770751953,
      11.901633262634277,
      11.812679290771484,
      13.426644325256348,
      18.35166358947754,
      23.37688446044922,
      33.82122039794922,
      39.808204650878906,
      51.04120635986328,
      51.56460952758789,
      37.760711669921875,
      45.205223083496094,
      12.237771034240723,
      14.494061470031738
    ],
    [
      -9.242568969726562,
      -8.639443397521973,
      -8.033177375793457,
      -7.059804916381836,
      0.6578394174575806,
      1.7746950387954712,
      0.5640704035758972,
      1.2366385459899902,
      1.6021147966384888,
      3.159003257751465,
      5.1593194007873535,
      7.631144046783447,
      12.127228736877441,
      12.346898078918457,
      10.486566543579102,
      12.237771034240723,
      4.378043174743652,
      5.11561918258667
    ],
    [
      -11.777290344238281,
      -10.994876861572266,
      -10.071331977844238,
      -8.803197860717773,
      0.30176615715026855,
      1.700168251991272,
      0.37690919637680054,
      1.0951541662216187,
      1.5330774784088135,
      3.42584228515625,
      6.064857482910156,
      8.598844528198242,
      13.688915252685547,
      13.961125373840332,
      12.393854141235352,
      14.494061470031738,
      5.11561918258667,
      6.108473300933838
    ]
  ],
  "covariance_short": [
    [
      192.04615783691406,
      187.21585083007812,
      83.13673400878906,
      79.36087036132812,
      33.827083587646484,
      23.582077026367188,
      46.99228286743164,
      17.890209197998047,
      24.811328887939453,
      6.079199314117432,
      11.549723625183105,
      44.979740142822266,
      32.403446197509766,
      32.150508880615234,
      -18.431903839111328,
      -9.172526359558105,
      -2.127476453781128,
      -3.784611701965332
    ],
    [
      187.21585083007812,
      194.2505645751953,
      84.2035903930664,
      82.51354217529297,
      37.63584899902344,
      27.36087417602539,
      50.903507232666016,
      21.90808868408203,
      30.87108612060547,
      12.256176948547363,
      18.216552734375,
      53.7332878112793,
      39.371788024902344,
      39.274620056152344,
      -15.704474449157715,
      -5.654424667358398,
      -1.2742924690246582,
      -2.9130008220672607
    ],
    [
      83.13673400878906,
      84.2035903930664,
      98.9658203125,
      80.7649917602539,
      12.648904800415039,
      11.315360069274902,
      37.18573760986328,
      22.12044906616211,
      23.274320602416992,
      14.211638450622559,
      16.143022537231445,
      20.86845588684082,
      16.43197250366211,
      15.212357521057129,
      -10.885764122009277,
      -8.585429191589355,
      -5.930668830871582,
      -7.307271957397461
    ],
    [
      79.36087036132812,
      82.51354217529297,
      80.7649917602539,
      106.2431640625,
      16.844202041625977,
      15.491241455078125,
      44.4787712097168,
      31.886531829833984,
      32.25370788574219,
      23.326929092407227,
      26.73491096496582,
      32.46513366699219,
      24.407995223999023,
      23.371070861816406,
      -8.949463844299316,
      -6.075101375579834,
      -5.332437992095947,
      -6.569756507873535
    ],
    [
      33.827083587646484,
      37.63584899902344,
      12.648904800415039,
      16.844202041625977,
      55.2411003112793,
      43.91442108154297,
      37.37053680419922,
      32.293575286865234,
      34.5052375793457,
      30.263479232788086,
      28.545513153076172,
      28.95213508605957,
      24.156349182128906,
      23.627851486206055,
      2.5024654865264893,
      5.7337846755981445,
      0.0951622799038887,
      -0.1890535056591034
    ],
    [
      23.582077026367188,
      27.36087417602539,
      11.315360069274902,
      15.491241455078125,
      43.91442108154297,
      58.385826110839844,
      32.40633773803711,
      31.735044479370117,
      30.527271270751953,
      32.31637191772461,
      27.447946548461914,
      32.29832077026367,
      23.410625457763672,
      22.330841064453125,
      5.845312118530273,
      8.176804542541504,
      0.3693409264087677,
      0.19435548782348633
    ],
    [
      46.99228286743164,
      50.903507232666016,
      37.18573760986328,
      44.4787712097168,
      37.37053680419922,
      32.40633773803711,
      72.7358169555664,
      54.76914596557617,
      48.837181091308594,
      39.49162673950195,
      44.8878059387207,
      43.22817611694336,
      43.6915283203125,
      42.962223052978516,
      7.172314643859863,
      13.11656665802002,
      0.7885777354240417,
      0.7697813510894775
    ],
    [
      17.890209197998047,
      21.90808868408203,
      22.12044906616211,
      31.886531829833984,
      32.293575286865234,
      31.735044479370117,
      54.76914596557617,
      64.17118835449219,
      41.09192657470703,
      38.79570007324219,
      42.69187927246094,
      42.72232437133789,
      37.37608337402344,
      36.34794998168945,
      11.62051010131836,
      15.373068809509277,
      2.025916814804077,
      2.2103092670440674
    ],
    [
      24.811328887939453,
      30.87108612060547,
      23.274320602416992,
      32.25370788574219,
      34.5052375793457,
      30.527271270751953,
      48.837181091308594,
      41.09192657470703,
      68.69847106933594,
      56.324283599853516,
      57.144439697265625,
      55.40688705444336,
      51.091896057128906,
      50.253273010253906,
      11.665233612060547,
      18.078750610351562,
      1.6840041875839233,
      1.5551608800888062
    ],
    [
      6.079199314117432,
      12.256176948547363,
      14.211638450622559,
      23.326929092407227,
      30.263479232788086,
      32.31637191772461,
      39.49162673950195,
      38.79570007324219,
      56.324283599853516,
      69.72856903076172,
      62.58049392700195,
      61.512733459472656,
      51.69398880004883,
      50.76094055175781,
      18.107568740844727,
      23.08502197265625,
      3.052877902984619,
      3.26190185546875
    ],
    [
      11.549723625183105,
      18.216552734375,
      16.143022537231445,
      26.73491096496582,
      28.545513153076172,
      27.447946548461914,
      44.8878059387207,
      42.69187927246094,
      57.144439697265625,
      62.58049392700195,
      86.30281066894531,
      79.37770080566406,
      65.62284088134766,
      65.60152435302734,
      24.707080841064453,
      32.15419387817383,
      4.915240287780762,
      5.6332807540893555
    ],
    [
      44.979740142822266,
      53.7332878112793,
      20.86845588684082,
      32.46513366699219,
      28.95213508605957,
      32.29832077026367,
      43.22817611694336,
      42.72232437133789,
      55.40688705444336,
      61.512733459472656,
      79.37770080566406,
      116.5827865600586,
      86.42069244384766,
      86.62155151367188,
      34.97821807861328,
      45.78666687011719,
      11.38784408569336,
      12.00712776184082
    ],
    [
      32.403446197509766,
      39.371788024902344,
      16.43197250366211,
      24.407995223999023,
      24.156349182128906,
      23.410625457763672,
      43.6915283203125,
      37.37608337402344,
      51.091896057128906,
      51.69398880004883,
      65.62284088134766,
      86.42069244384766,
      86.40235900878906,
      84.9835433959961,
      35.668052673339844,
      47.97431564331055,
      11.357150077819824,
      12.614338874816895
    ],
    [
      32.150508880615234,
      39.274620056152344,
      15.212357521057129,
      23.371070861816406,
      23.627851486206055,
      22.330841064453125,
      42.962223052978516,
      36.34794998168945,
      50.253273010253906,
      50.76094055175781,
      65.60152435302734,
      86.62155151367188,
      84.9835433959961,
      85.77256774902344,
      35.86933135986328,
      48.124210357666016,
      11.430645942687988,
      12.69447135925293
    ],
    [
      -18.431903839111328,
      -15.704474449157715,
      -10.885764122009277,
      -8.949463844299316,
      2.5024654865264893,
      5.845312118530273,
      7.172314643859863,
      11.62051010131836,
      11.665233612060547,
      18.107568740844727,
      24.707080841064453,
      34.97821807861328,
      35.668052673339844,
      35.86933135986328,
      32.70689010620117,
      35.9371452331543,
      10.015924453735352,
      11.469584465026855
    ],
    [
      -9.172526359558105,
      -5.654424667358398,
      -8.585429191589355,
      -6.075101375579834,
      5.7337846755981445,
      8.176804542541504,
      13.11656665802002,
      15.373068809509277,
      18.078750610351562,
      23.08502197265625,
      32.15419387817383,
      45.78666687011719,
      47.97431564331055,
      48.124210357666016,
      35.9371452331543,
      43.16110610961914,
      11.587084770202637,
      13.342430114746094
    ],
    [
      -2.127476453781128,
      -1.2742924690246582,
      -5.930668830871582,
      -5.332437992095947,
      0.0951622799038887,
      0.3693409264087677,
      0.7885777354240417,
      2.025916814804077,
      1.6840041875839233,
      3.052877902984619,
      4.915240287780762,
      11.38784408569336,
      11.357150077819824,
      11.430645942687988,
      10.015924453735352,
      11.587084770202637,
      4.34462308883667,
      4.876753330230713
    ],
    [
      -3.784611701965332,
      -2.9130008220672607,
      -7.307271957397461,
      -6.569756507873535,
      -0.1890535056591034,
      0.19435548782348633,
      0.7697813510894775,
      2.2103092670440674,
      1.5551608800888062,
      3.26190185546875,
      5.6332807540893555,
      12.00712776184082,
      12.614338874816895,
      12.69447135925293,
      11.469584465026855,
      13.342430114746094,
      4.876753330230713,
      5.838641166687012
    ]
  ],
  "damage": -14.457756042480469,
  "diff_bandwidth": 526.4030151367188,
  "dissonance": 4.494382024415856,
  "drr": 5.774092674255371,
  "dynamics": 4.931320667266846,
  "format": 1245190,
  "frames": 2074560,
  "loudness": -20.825014114379883,
  "loudness_range": 15.992594718933105,
  "loudness_range_short": 16.919387817382812,
  "lowpass_true_peak_15khz": -4.7626872062683105,
  "mastering3_acoustic_entropies": [
    {
      "acoustic_entropy": 7.44208288192749,
      "acoustic_entropy_mono": 7.455142974853516,
      "band_eliminated_acoustic_entropies": [
        {
          "acoustic_entropy": 7.421082973480225,
          "acoustic_entropy_side": 7.420479774475098,
          "hz": 129.47220167065723
        },
        {
          "acoustic_entropy": 7.931082725524902,
          "acoustic_entropy_side": 7.591771602630615,
          "hz": 202.92927478742237
        },
        {
          "acoustic_entropy": 6.723620414733887,
          "acoustic_entropy_side": 7.509476661682129,
          "hz": 282.89161906338205
        },
        {
          "acoustic_entropy": 7.325521469116211,
          "acoustic_entropy_side": 7.500728607177734,
          "hz": 369.9353335868758
        },
        {
          "acoustic_entropy": 7.2013092041015625,
          "acoustic_entropy_side": 7.431088924407959,
          "hz": 464.6875360973435
        },
        {
          "acoustic_entropy": 7.557927131652832,
          "acoustic_entropy_side": 7.408149242401123,
          "hz": 567.8308811364784
        },
        {
          "acoustic_entropy": 6.977579593658447,
          "acoustic_entropy_side": 7.616515636444092,
          "hz": 680.1084783214808
        },
        {
          "acoustic_entropy": 7.694249153137207,
          "acoustic_entropy_side": 7.57443380355835,
          "hz": 802.3292461747484
        },
        {
          "acoustic_entropy": 7.975268363952637,
          "acoustic_entropy_side": 7.587452411651611,
          "hz": 935.3737400823702
        },
        {
          "acoustic_entropy": 7.598616600036621,
          "acoustic_entropy_side": 7.385461330413818,
          "hz": 1080.2004963696966
        },
        {
          "acoustic_entropy": 6.861422061920166,
          "acoustic_entropy_side": 7.4389753341674805,
          "hz": 1237.8529382007157
        },
        {
          "acoustic_entropy": 7.347230911254883,
          "acoustic_entropy_side": 7.44959831237793,
          "hz": 1409.4668930556702
        },
        {
          "acoustic_entropy": 7.088719367980957,
          "acoustic_entropy_side": 7.304596900939941,
          "hz": 1596.2787759475705
        },
        {
          "acoustic_entropy": 7.386430740356445,
          "acoustic_entropy_side": 7.377596855163574,
          "hz": 1799.6344973346393
        },
        {
          "acoustic_entropy": 7.4870805740356445,
          "acoustic_entropy_side": 7.424928665161133,
          "hz": 2020.9991599069049
        },
        {
          "acoustic_entropy": 7.48989725112915,
          "acoustic_entropy_side": 7.416868209838867,
          "hz": 2261.9676141086993
        },
        {
          "acoustic_entropy": 7.267395496368408,
          "acoustic_entropy_side": 7.25784969329834,
          "hz": 2524.2759484456974
        },
        {
          "acoustic_entropy": 7.402518272399902,
          "acoustic_entropy_side": 7.370378017425537,
          "hz": 2809.813997359896
        },
        {
          "acoustic_entropy": 7.451565742492676,
          "acoustic_entropy_side": 7.441156387329102,
          "hz": 3120.6389567871424
        },
        {
          "acoustic_entropy": 7.3456501960754395,
          "acoustic_entropy_side": 7.326969623565674,
          "hz": 3458.990205492291
        },
        {
          "acoustic_entropy": 7.484010696411133,
          "acoustic_entropy_side": 7.500935077667236,
          "hz": 3827.305438964164
        },
        {
          "acoustic_entropy": 7.443963050842285,
          "acoustic_entropy_side": 7.442078113555908,
          "hz": 4228.238232109126
        },
        {
          "acoustic_entropy": 7.447281360626221,
          "acoustic_entropy_side": 7.443728446960449,
          "hz": 4664.6771572759235
        },
        {
          "acoustic_entropy": 7.4185686111450195,
          "acoustic_entropy_side": 7.478889465332031,
          "hz": 5139.766595350093
        },
        {
          "acoustic_entropy": 7.380102634429932,
          "acoustic_entropy_side": 7.403298854827881,
          "hz": 5656.929389854203
        },
        {
          "acoustic_entropy": 7.438945293426514,
          "acoustic_entropy_side": 7.441004753112793,
          "hz": 6219.891507268283
        },
        {
          "acoustic_entropy": 7.438259601593018,
          "acoustic_entropy_side": 7.440006256103516,
          "hz": 6832.70888123896
        },
        {
          "acoustic_entropy": 7.4326863288879395,
          "acoustic_entropy_side": 7.434628009796143,
          "hz": 7499.796634079867
        },
        {
          "acoustic_entropy": 7.432689189910889,
          "acoustic_entropy_side": 7.434760093688965,
          "hz": 8225.96088609342
        },
        {
          "acoustic_entropy": 7.411777973175049,
          "acoustic_entropy_side": 7.418169021606445,
          "hz": 9016.43338188839
        },
        {
          "acoustic_entropy": 7.427465438842773,
          "acoustic_entropy_side": 7.429447650909424,
          "hz": 9876.909183162974
        },
        {
          "acoustic_entropy": 7.348565578460693,
          "acoustic_entropy_side": 7.349832057952881,
          "hz": 10813.587699516042
        },
        {
          "acoustic_entropy": 7.446105480194092,
          "acoustic_entropy_side": 7.430689811706543,
          "hz": 11833.21735289826
        },
        {
          "acoustic_entropy": 7.395453929901123,
          "acoustic_entropy_side": 7.416335105895996,
          "hz": 12943.144197493959
        },
        {
          "acoustic_entropy": 7.433985233306885,
          "acoustic_entropy_side": 7.43534517288208,
          "hz": 14151.364845322005
        },
        {
          "acoustic_entropy": 7.441469669342041,
          "acoustic_entropy_side": 7.441652297973633,
          "hz": 15466.58407886509
        },
        {
          "acoustic_entropy": 7.442013263702393,
          "acoustic_entropy_side": 7.4420552253723145,
          "hz": 16898.27756580493
        },
        {
          "acoustic_entropy": 7.442076206207275,
          "acoustic_entropy_side": 7.442082405090332,
          "hz": 18456.760127700032
        },
        {
          "acoustic_entropy": 7.44208288192749,
          "acoustic_entropy_side": 7.44208288192749,
          "hz": 20153.260054456492
        },
        {
          "acoustic_entropy": 7.44208288192749,
          "acoustic_entropy_side": 7.44208288192749,
          "hz": 22000.00000000001
        }
      ],
      "diff_acoustic_entropy": 1.2159485816955566,
      "sn": 6
    },
    {
      "acoustic_entropy": 11.552862167358398,
      "acoustic_entropy_mono": 10.586782455444336,
      "band_eliminated_acoustic_entropies": [
        {
          "acoustic_entropy": 11.570175170898438,
          "acoustic_entropy_side": 11.589879035949707,
          "hz": 129.47220167065723
        },
        {
          "acoustic_entropy": 11.588732719421387,
          "acoustic_entropy_side": 11.643701553344727,
          "hz": 202.92927478742237
        },
        {
          "acoustic_entropy": 11.212438583374023,
          "acoustic_entropy_side": 12.23535442352295,
          "hz": 282.89161906338205
        },
        {
          "acoustic_entropy": 11.426011085510254,
          "acoustic_entropy_side": 11.48904037475586,
          "hz": 369.9353335868758
        },
        {
          "acoustic_entropy": 11.873146057128906,
          "acoustic_entropy_side": 11.55496883392334,
          "hz": 464.6875360973435
        },
        {
          "acoustic_entropy": 11.842164993286133,
          "acoustic_entropy_side": 11.483452796936035,
          "hz": 567.8308811364784
        },
        {
          "acoustic_entropy": 11.28957462310791,
          "acoustic_entropy_side": 11.61558723449707,
          "hz": 680.1084783214808
        },
        {
          "acoustic_entropy": 11.399452209472656,
          "acoustic_entropy_side": 11.500786781311035,
          "hz": 802.3292461747484
        },
        {
          "acoustic_entropy": 11.866933822631836,
          "acoustic_entropy_side": 11.384063720703125,
          "hz": 935.3737400823702
        },
        {
          "acoustic_entropy": 12.19189167022705,
          "acoustic_entropy_side": 12.150240898132324,
          "hz": 1080.2004963696966
        },
        {
          "acoustic_entropy": 10.96145248413086,
          "acoustic_entropy_side": 11.501203536987305,
          "hz": 1237.8529382007157
        },
        {
          "acoustic_entropy": 11.321158409118652,
          "acoustic_entropy_side": 11.568982124328613,
          "hz": 1409.4668930556702
        },
        {
          "acoustic_entropy": 11.202667236328125,
          "acoustic_entropy_side": 11.526607513427734,
          "hz": 1596.2787759475705
        },
        {
          "acoustic_entropy": 11.066304206848145,
          "acoustic_entropy_side": 11.331932067871094,
          "hz": 1799.6344973346393
        },
        {
          "acoustic_entropy": 11.58164119720459,
          "acoustic_entropy_side": 11.473357200622559,
          "hz": 2020.9991599069049
        },
        {
          "acoustic_entropy": 11.557621002197266,
          "acoustic_entropy_side": 11.552409172058105,
          "hz": 2261.9676141086993
        },
        {
          "acoustic_entropy": 11.499091148376465,
          "acoustic_entropy_side": 11.579506874084473,
          "hz": 2524.2759484456974
        },
        {
          "acoustic_entropy": 11.76214599609375,
          "acoustic_entropy_side": 11.660233497619629,
          "hz": 2809.813997359896
        },
        {
          "acoustic_entropy": 11.625045776367188,
          "acoustic_entropy_side": 11.531392097473145,
          "hz": 3120.6389567871424
        },
        {
          "acoustic_entropy": 11.869474411010742,
          "acoustic_entropy_side": 11.966344833374023,
          "hz": 3458.990205492291
        },
        {
          "acoustic_entropy": 11.406238555908203,
          "acoustic_entropy_side": 11.330831527709961,
          "hz": 3827.305438964164
        },
        {
          "acoustic_entropy": 11.51978588104248,
          "acoustic_entropy_side": 11.576104164123535,
          "hz": 4228.238232109126
        },
        {
          "acoustic_entropy": 11.573223114013672,
          "acoustic_entropy_side": 11.505550384521484,
          "hz": 4664.6771572759235
        },
        {
          "acoustic_entropy": 11.189679145812988,
          "acoustic_entropy_side": 11.399243354797363,
          "hz": 5139.766595350093
        },
        {
          "acoustic_entropy": 11.480671882629395,
          "acoustic_entropy_side": 11.515653610229492,
          "hz": 5656.929389854203
        },
        {
          "acoustic_entropy": 11.571173667907715,
          "acoustic_entropy_side": 11.568171501159668,
          "hz": 6219.891507268283
        },
        {
          "acoustic_entropy": 11.556047439575195,
          "acoustic_entropy_side": 11.556931495666504,
          "hz": 6832.70888123896
        },
        {
          "acoustic_entropy": 11.549924850463867,
          "acoustic_entropy_side": 11.561694145202637,
          "hz": 7499.796634079867
        },
        {
          "acoustic_entropy": 11.556748390197754,
          "acoustic_entropy_side": 11.566906929016113,
          "hz": 8225.96088609342
        },
        {
          "acoustic_entropy": 11.543169975280762,
          "acoustic_entropy_side": 11.547534942626953,
          "hz": 9016.43338188839
        },
        {
          "acoustic_entropy": 11.542243957519531,
          "acoustic_entropy_side": 11.54458236694336,
          "hz": 9876.909183162974
        },
        {
          "acoustic_entropy": 11.4245023727417,
          "acoustic_entropy_side": 11.463528633117676,
          "hz": 10813.587699516042
        },
        {
          "acoustic_entropy": 11.300819396972656,
          "acoustic_entropy_side": 11.300432205200195,
          "hz": 11833.21735289826
        },
        {
          "acoustic_entropy": 11.239720344543457,
          "acoustic_entropy_side": 11.313775062561035,
          "hz": 12943.144197493959
        },
        {
          "acoustic_entropy": 11.544610977172852,
          "acoustic_entropy_side": 11.54647445678711,
          "hz": 14151.364845322005
        },
        {
          "acoustic_entropy": 11.55229663848877,
          "acoustic_entropy_side": 11.552452087402344,
          "hz": 15466.58407886509
        },
        {
          "acoustic_entropy": 11.552779197692871,
          "acoustic_entropy_side": 11.55281925201416,
          "hz": 16898.27756580493
        },
        {
          "acoustic_entropy": 11.552850723266602,
          "acoustic_entropy_side": 11.552857398986816,
          "hz": 18456.760127700032
        },
        {
          "acoustic_entropy": 11.5528564453125,
          "acoustic_entropy_side": 11.552862167358398,
          "hz": 20153.260054456492
        },
        {
          "acoustic_entropy": 11.552861213684082,
          "acoustic_entropy_side": 11.552862167358398,
          "hz": 22000.00000000001
        }
      ],
      "diff_acoustic_entropy": 2.778975009918213,
      "sn": 12
    },
    {
      "acoustic_entropy": 18.78858184814453,
      "acoustic_entropy_mono": 15.062789916992188,
      "band_eliminated_acoustic_entropies": [
        {
          "acoustic_entropy": 18.253934860229492,
          "acoustic_entropy_side": 18.22197723388672,
          "hz": 129.47220167065723
        },
        {
          "acoustic_entropy": 18.426130294799805,
          "acoustic_entropy_side": 18.430131912231445,
          "hz": 202.92927478742237
        },
        {
          "acoustic_entropy": 18.939510345458984,
          "acoustic_entropy_side": 19.192394256591797,
          "hz": 282.89161906338205
        },
        {
          "acoustic_entropy": 18.249794006347656,
          "acoustic_entropy_side": 17.993392944335938,
          "hz": 369.9353335868758
        },
        {
          "acoustic_entropy": 19.126235961914062,
          "acoustic_entropy_side": 18.726654052734375,
          "hz": 464.6875360973435
        },
        {
          "acoustic_entropy": 18.668746948242188,
          "acoustic_entropy_side": 18.024316787719727,
          "hz": 567.8308811364784
        },
        {
          "acoustic_entropy": 17.73814582824707,
          "acoustic_entropy_side": 17.75698471069336,
          "hz": 680.1084783214808
        },
        {
          "acoustic_entropy": 18.872970581054688,
          "acoustic_entropy_side": 18.494945526123047,
          "hz": 802.3292461747484
        },
        {
          "acoustic_entropy": 18.482309341430664,
          "acoustic_entropy_side": 18.997953414916992,
          "hz": 935.3737400823702
        },
        {
          "acoustic_entropy": 19.559202194213867,
          "acoustic_entropy_side": 18.877477645874023,
          "hz": 1080.2004963696966
        },
        {
          "acoustic_entropy": 17.343547821044922,
          "acoustic_entropy_side": 18.800827026367188,
          "hz": 1237.8529382007157
        },
        {
          "acoustic_entropy": 18.222713470458984,
          "acoustic_entropy_side": 19.670991897583008,
          "hz": 1409.4668930556702
        },
        {
          "acoustic_entropy": 17.607248306274414,
          "acoustic_entropy_side": 17.19520378112793,
          "hz": 1596.2787759475705
        },
        {
          "acoustic_entropy": 17.95232582092285,
          "acoustic_entropy_side": 17.541183471679688,
          "hz": 1799.6344973346393
        },
        {
          "acoustic_entropy": 19.04635238647461,
          "acoustic_entropy_side": 19.1007137298584,
          "hz": 2020.9991599069049
        },
        {
          "acoustic_entropy": 18.512222290039062,
          "acoustic_entropy_side": 18.706378936767578,
          "hz": 2261.9676141086993
        },
        {
          "acoustic_entropy": 18.00941276550293,
          "acoustic_entropy_side": 17.689144134521484,
          "hz": 2524.2759484456974
        },
        {
          "acoustic_entropy": 18.436954498291016,
          "acoustic_entropy_side": 18.26787757873535,
          "hz": 2809.813997359896
        },
        {
          "acoustic_entropy": 19.13093376159668,
