{
  "acoustic_entropy": 197.7407684326172,
  "bands": [
    {
      "high_freq": 148.1999969482422,
      "loudness": -19.011157989501953,
      "loudness_range": 10.193883895874023,
      "mid_mean": -15.330233573913574,
      "mid_to_side_loudness": -25.314355850219727,
      "mid_to_side_loudness_range": 18.199386596679688,
      "side_mean": -42.352420806884766
    },
    {
      "high_freq": 392.3793640136719,
      "loudness": -22.156810760498047,
      "loudness_range": 11.710504531860352,
      "low_freq": 148.1999969482422,
      "mid_mean": -18.5913143157959,
      "mid_to_side_loudness": -16.23798179626465,
      "mid_to_side_loudness_range": 10.735796928405762,
      "side_mean": -34.999839782714844
    },
    {
      "high_freq": 794.6976318359375,
      "loudness": -23.0688419342041,
      "loudness_range": 10.942865371704102,
      "low_freq": 392.3793640136719,
      "mid_mean": -19.59938621520996,
      "mid_to_side_loudness": -13.54893970489502,
      "mid_to_side_loudness_range": 8.942249298095703,
      "side_mean": -33.26476287841797
    },
    {
      "high_freq": 1457.5709228515625,
      "loudness": -22.114030838012695,
      "loudness_range": 13.850275039672852,
      "low_freq": 794.6976318359375,
      "mid_mean": -18.670072555541992,
      "mid_to_side_loudness": -13.00365161895752,
      "mid_to_side_loudness_range": 10.369564056396484,
      "side_mean": -31.790157318115234
    },
    {
      "high_freq": 2549.74365234375,
      "loudness": -19.830541610717773,
      "loudness_range": 13.546436309814453,
      "low_freq": 1457.5709228515625,
      "mid_mean": -16.434005737304688,
      "mid_to_side_loudness": -12.487090110778809,
      "mid_to_side_loudness_range": 10.07160758972168,
      "side_mean": -28.992473602294922
    },
    {
      "high_freq": 4349.24462890625,
      "loudness": -22.1845703125,
      "loudness_range": 9.738006591796875,
      "low_freq": 2549.74365234375,
      "mid_mean": -18.74848747253418,
      "mid_to_side_loudness": -12.88949203491211,
      "mid_to_side_loudness_range": 8.409196853637695,
      "side_mean": -31.707365036010742
    },
    {
      "high_freq": 7314.1640625,
      "loudness": -24.72567367553711,
      "loudness_range": 9.302885055541992,
      "low_freq": 4349.24462890625,
      "mid_mean": -21.225404739379883,
      "mid_to_side_loudness": -14.095701217651367,
      "mid_to_side_loudness_range": 8.37866497039795,
      "side_mean": -35.3983154296875
    },
    {
      "high_freq": 12199.2666015625,
      "loudness": -27.178030014038086,
      "loudness_range": 9.414388656616211,
      "low_freq": 7314.1640625,
      "mid_mean": -23.76315689086914,
      "mid_to_side_loudness": -12.680556297302246,
      "mid_to_side_loudness_range": 8.531707763671875,
      "side_mean": -36.594261169433594
    },
    {
      "loudness": -34.29304122924805,
      "loudness_range": 10.513040542602539,
      "low_freq": 12199.2666015625,
      "mid_mean": -31.10175323486328,
      "mid_to_side_loudness": -10.906294822692871,
      "mid_to_side_loudness_range": 10.18739128112793,
      "side_mean": -42.01841735839844
    }
  ],
  "bands_short": [
    {
      "high_freq": 148.1999969482422,
      "loudness": -22.158723831176758,
      "loudness_range": 19.569217681884766,
      "mid_mean": -18.469884872436523,
      "mid_to_side_loudness": -25.425992965698242,
      "mid_to_side_loudness_range": 20.445770263671875,
      "side_mean": -46.7946891784668
    },
    {
      "high_freq": 392.3793640136719,
      "loudness": -22.8677978515625,
      "loudness_range": 16.776710510253906,
      "low_freq": 148.1999969482422,
      "mid_mean": -19.304458618164062,
      "mid_to_side_loudness": -16.66993522644043,
      "mid_to_side_loudness_range": 15.532989501953125,
      "side_mean": -36.37793731689453
    },
    {
      "high_freq": 794.6976318359375,
      "loudness": -23.999940872192383,
      "loudness_range": 15.924201011657715,
      "low_freq": 392.3793640136719,
      "mid_mean": -20.6060733795166,
      "mid_to_side_loudness": -13.18624210357666,
      "mid_to_side_loudness_range": 13.54238510131836,
      "side_mean": -33.94291687011719
    },
    {
      "high_freq": 1457.5709228515625,
      "loudness": -23.183584213256836,
      "loudness_range": 17.77031707763672,
      "low_freq": 794.6976318359375,
      "mid_mean": -19.87632942199707,
      "mid_to_side_loudness": -12.168479919433594,
      "mid_to_side_loudness_range": 13.861237525939941,
      "side_mean": -32.165489196777344
    },
    {
      "high_freq": 2549.74365234375,
      "loudness": -21.102392196655273,
      "loudness_range": 18.00394058227539,
      "low_freq": 1457.5709228515625,
      "mid_mean": -17.796611785888672,
      "mid_to_side_loudness": -11.772781372070312,
      "mid_to_side_loudness_range": 12.865463256835938,
      "side_mean": -29.688268661499023
    },
    {
      "high_freq": 4349.24462890625,
      "loudness": -23.40887451171875,
      "loudness_range": 14.640053749084473,
      "low_freq": 2549.74365234375,
      "mid_mean": -20.051517486572266,
      "mid_to_side_loudness": -12.148244857788086,
      "mid_to_side_loudness_range": 11.379202842712402,
      "side_mean": -32.3042106628418
    },
    {
      "high_freq": 7314.1640625,
      "loudness": -27.130277633666992,
      "loudness_range": 17.11272621154785,
      "low_freq": 4349.24462890625,
      "mid_mean": -23.681961059570312,
      "mid_to_side_loudness": -13.553845405578613,
      "mid_to_side_loudness_range": 11.440128326416016,
      "side_mean": -37.34104537963867
    },
    {
      "high_freq": 12199.2666015625,
      "loudness": -30.317720413208008,
      "loudness_range": 20.450754165649414,
      "low_freq": 7314.1640625,
      "mid_mean": -26.86956024169922,
      "mid_to_side_loudness": -14.047195434570312,
      "mid_to_side_loudness_range": 13.416955947875977,
      "side_mean": -41.09476852416992
    },
    {
      "loudness": -39.775821685791016,
      "loudness_range": 25.052276611328125,
      "low_freq": 12199.2666015625,
      "mid_mean": -36.51345443725586,
      "mid_to_side_loudness": -12.793283462524414,
      "mid_to_side_loudness_range": 14.408506393432617,
      "side_mean": -49.78110122680664
    }
  ],
  "bandwidth": 684.5360107421875,
  "channels": 2,
  "covariance": [
    [
      28.842443466186523,
      11.990707397460938,
      10.273659706115723,
      6.502891540527344,
      5.738854885101318,
      4.501000881195068,
      -6.922045707702637,
      -6.421982765197754,
      -5.185380935668945,
      -6.846893310546875,
      0.7912526726722717,
      -0.3681528568267822,
      5.436042785644531,
      3.708742618560791,
      6.748219966888428,
      8.651983261108398,
      3.175743341445923,
      4.4891581535339355
    ],
    [
      11.990707397460938,
      19.576839447021484,
      7.923956394195557,
      5.691184043884277,
      4.683926582336426,
      3.979140520095825,
      -0.7202662825584412,
      -1.03684663772583,
      0.9312580227851868,
      -0.0951528325676918,
      4.062319755554199,
      2.6453018188476562,
      4.701480388641357,
      2.517857074737549,
      5.4967546463012695,
      6.600628852844238,
      8.271672248840332,
      9.216285705566406
    ],
    [
      10.273659706115723,
      7.923956394195557,
      19.518798828125,
      12.477840423583984,
      8.065584182739258,
      4.586949348449707,
      -0.751514196395874,
      -3.206812858581543,
      0.07165813446044922,
      -3.45068621635437,
      3.9119160175323486,
      0.46789076924324036,
      7.891753673553467,
      3.351895332336426,
      9.329303741455078,
      8.567330360412598,
      8.69870662689209,
      7.607057094573975
    ],
    [
      6.502891540527344,
      5.691184043884277,
      12.477840423583984,
      17.60783576965332,
      7.212231636047363,
      7.572444438934326,
      -0.26049819588661194,
      -0.24404366314411163,
      -0.33104845881462097,
      -0.3019215166568756,
      2.183464288711548,
      2.656874656677246,
      4.276508808135986,
      3.5249762535095215,
      5.157164573669434,
      5.614004135131836,
      4.118221282958984,
      2.9422175884246826
    ],
    [
      5.738854885101318,
      4.683926582336426,
      8.065584182739258,
      7.212231636047363,
      15.445941925048828,
      11.080857276916504,
      6.701136112213135,
      4.742123126983643,
      6.296778202056885,
      4.357119083404541,
      6.8639397621154785,
      5.3335957527160645,
      7.5275187492370605,
      5.765100955963135,
      8.177265167236328,
      7.539928913116455,
      6.110662937164307,
      5.446421146392822
    ],
    [
      4.501000881195068,
      3.979140520095825,
      4.586949348449707,
      7.572444438934326,
      11.080857276916504,
      16.27578353881836,
      5.214370250701904,
      9.023945808410645,
      6.53998327255249,
      10.76722526550293,
      6.8745646476745605,
      10.683066368103027,
      6.008341312408447,
      9.12802791595459,
      6.226469993591309,
      8.297396659851074,
      3.784210443496704,
      4.332956314086914
    ],
    [
      -6.922045707702637,
      -0.7202662825584412,
      -0.751514196395874,
      -0.26049819588661194,
      6.701136112213135,
      5.214370250701904,
      25.789836883544922,
      19.315587997436523,
      19.203842163085938,
      17.893518447875977,
      10.001663208007812,
      9.619346618652344,
      4.4161696434021,
      4.109992980957031,
      2.769561529159546,
      1.4437942504882812,
      6.953783988952637,
      6.882412433624268
    ],
    [
      -6.421982765197754,
      -1.03684663772583,
      -3.206812858581543,
      -0.24404366314411163,
      4.742123126983643,
      9.023945808410645,
      19.315587997436523,
      25.428014755249023,
      18.039724349975586,
      24.165681838989258,
      10.426108360290527,
      15.867552757263184,
      3.562361001968384,
      8.350887298583984,
      1.3552701473236084,
      2.4927241802215576,
      4.663443088531494,
      5.507363319396973
    ],
    [
      -5.185380935668945,
      0.9312580227851868,
      0.07165813446044922,
      -0.33104845881462097,
      6.296778202056885,
      6.53998327255249,
      19.203842163085938,
      18.039724349975586,
      23.790016174316406,
      22.564224243164062,
      13.755790710449219,
      13.238480567932129,
      6.686892986297607,
      6.617819309234619,
      5.280892848968506,
      4.2106757164001465,
      9.067009925842285,
      9.173929214477539
    ],
    [
      -6.846893310546875,
      -0.0951528325676918,
      -3.45068621635437,
      -0.3019215166568756,
      4.357119083404541,
      10.76722526550293,
      17.893518447875977,
      24.165681838989258,
      22.564224243164062,
      32.6700553894043,
      13.16351318359375,
      20.699573516845703,
      4.359622478485107,
      10.553466796875,
      2.5438761711120605,
      4.630537033081055,
      7.155943870544434,
      9.321547508239746
    ],
    [
      0.7912526726722717,
      4.062319755554199,
      3.9119160175323486,
      2.183464288711548,
      6.8639397621154785,
      6.8745646476745605,
      10.001663208007812,
      10.426108360290527,
      13.755790710449219,
      13.16351318359375,
      13.60616683959961,
      11.627825736999512,
      8.569751739501953,
      7.389139652252197,
      7.728988170623779,
      6.94629430770874,
      10.261910438537598,
      10.55955696105957
    ],
    [
      -0.3681528568267822,
      2.6453018188476562,
      0.46789076924324036,
      2.656874656677246,
      5.3335957527160645,
      10.683066368103027,
      9.619346618652344,
      15.867552757263184,
      13.238480567932129,
      20.699573516845703,
      11.627825736999512,
      18.83647918701172,
      5.716293811798096,
      11.01321029663086,
      4.608105182647705,
      6.543163299560547,
      6.807643890380859,
      8.79476261138916
    ],
    [
      5.436042785644531,
      4.701480388641357,
      7.891753673553467,
      4.276508808135986,
      7.5275187492370605,
      6.008341312408447,
      4.4161696434021,
      3.562361001968384,
      6.686892986297607,
      4.359622478485107,
      8.569751739501953,
      5.716293811798096,
      12.948145866394043,
      8.5280122756958,
      11.68858528137207,
      9.535028457641602,
      9.651079177856445,
      8.6652250289917
    ],
    [
      3.708742618560791,
      2.517857074737549,
      3.351895332336426,
      3.5249762535095215,
      5.765100955963135,
      9.12802791595459,
      4.109992980957031,
      8.350887298583984,
      6.617819309234619,
      10.553466796875,
      7.389139652252197,
      11.01321029663086,
      8.5280122756958,
      12.069228172302246,
      7.49100399017334,
      9.826476097106934,
      5.646671772003174,
      7.614028453826904
    ],
    [
      6.748219966888428,
      5.4967546463012695,
      9.329303741455078,
      5.157164573669434,
      8.177265167236328,
      6.226469993591309,
      2.769561529159546,
      1.3552701473236084,
      5.280892848968506,
      2.5438761711120605,
      7.728988170623779,
      4.608105182647705,
      11.68858528137207,
      7.49100399017334,
      16.51397132873535,
      12.898241996765137,
      11.851754188537598,
      10.208075523376465
    ],
    [
      8.651983261108398,
      6.600628852844238,
      8.567330360412598,
      5.614004135131836,
      7.539928913116455,
      8.297396659851074,
      1.4437942504882812,
      2.4927241802215576,
      4.2106757164001465,
      4.630537033081055,
      6.94629430770874,
      6.543163299560547,
      9.535028457641602,
      9.826476097106934,
      12.898241996765137,
      18.17669105529785,
      10.270556449890137,
      15.18466567993164
    ],
    [
      3.175743341445923,
      8.271672248840332,
      8.69870662689209,
      4.118221282958984,
      6.110662937164307,
      3.784210443496704,
      6.953783988952637,
      4.663443088531494,
      9.067009925842285,
      7.155943870544434,
      10.261910438537598,
      6.807643890380859,
      9.651079177856445,
      5.646671772003174,
      11.851754188537598,
      10.270556449890137,
      21.306917190551758,
      19.817028045654297
    ],
    [
      4.4891581535339355,
      9.216285705566406,
      7.607057094573975,
      2.9422175884246826,
      5.446421146392822,
      4.332956314086914,
      6.882412433624268,
      5.507363319396973,
      9.173929214477539,
      9.321547508239746,
      10.55955696105957,
      8.79476261138916,
      8.6652250289917,
      7.614028453826904,
      10.208075523376465,
      15.18466567993164,
      19.817028045654297,
      31.07697868347168
    ]
  ],
  "covariance_short": [
    [
      46.12845993041992,
      28.19317626953125,
      17.8050479888916,
      6.992273807525635,
      7.648059844970703,
      4.644966125488281,
      -1.2646030187606812,
      -2.2538392543792725,
      0.8584940433502197,
      -1.0546131134033203,
      5.085202693939209,
      3.9264721870422363,
      9.297298431396484,
      8.714030265808105,
      9.517075538635254,
      13.60628604888916,
      12.054784774780273,
      17.258838653564453
    ],
    [
      28.19317626953125,
      50.93703842163086,
      23.077499389648438,
      13.364812850952148,
      11.9783296585083,
      8.461149215698242,
      1.130579948425293,
      -0.7032978534698486,
      3.6217262744903564,
      1.0470525026321411,
      9.531082153320312,
      6.744525909423828,
      13.191338539123535,
      9.713851928710938,
      15.194977760314941,
      16.026885986328125,
      17.494342803955078,
      22.094711303710938
    ],
    [
      17.8050479888916,
      23.077499389648438,
      36.87370300292969,
      16.764278411865234,
      15.277287483215332,
      10.147445678710938,
      -0.0786961019039154,
      -2.199416399002075,
      2.7693514823913574,
      -0.6796691417694092,
      8.899643898010254,
      4.856180667877197,
      14.974093437194824,
      11.03145980834961,
      16.47443199157715,
      17.946880340576172,
      17.67318344116211,
      21.806604385375977
    ],
    [
      6.992273807525635,
      13.364812850952148,
      16.764278411865234,
      23.72141456604004,
      10.812071800231934,
      10.545785903930664,
      0.7485794425010681,
      1.135486125946045,
      1.6802411079406738,
      1.7472620010375977,
      5.023918628692627,
      5.5796895027160645,
      7.194976329803467,
      7.3439860343933105,
      7.51137638092041,
      9.212591171264648,
      7.841093063354492,
      10.649807929992676
    ],
    [
      7.648059844970703,
      11.9783296585083,
      15.277287483215332,
      10.812071800231934,
      31.940492630004883,
      17.59111785888672,
      13.20302677154541,
      7.220586776733398,
      12.467989921569824,
      6.589852809906006,
      14.390996932983398,
      9.641356468200684,
      17.545063018798828,
      14.452545166015625,
      18.37492561340332,
      18.445329666137695,
      17.442630767822266,
      20.923717498779297
    ],
    [
      4.644966125488281,
      8.461149215698242,
      10.147445678710938,
      10.545785903930664,
      17.59111785888672,
      24.562084197998047,
      7.93576192855835,
      9.947297096252441,
      8.730513572692871,
      11.091094017028809,
      10.64155101776123,
      12.993666648864746,
      12.806138038635254,
      15.9364652633667,
      12.837056159973145,
      17.331098556518555,
      11.819276809692383,
      18.38758087158203
    ],
    [
      -1.2646030187606812,
      1.130579948425293,
      -0.0786961019039154,
      0.7485794425010681,
      13.20302677154541,
      7.93576192855835,
      44.29257583618164,
      25.89421844482422,
      32.72590255737305,
      25.270261764526367,
      21.55303192138672,
      16.293874740600586,
      15.361886978149414,
      13.429149627685547,
      16.285266876220703,
      15.962940216064453,
      18.737686157226562,
      20.84220314025879
    ],
    [
      -2.2538392543792725,
      -0.7032978534698486,
      -2.199416399002075,
      1.135486125946045,
      7.220586776733398,
      9.947297096252441,
      25.89421844482422,
      30.463584899902344,
      23.67952537536621,
      27.349403381347656,
      16.28583335876465,
      19.29505729675293,
      10.028191566467285,
      15.284026145935059,
      9.122254371643066,
      14.280157089233398,
      11.64635181427002,
      17.551761627197266
    ],
    [
      0.8584940433502197,
      3.6217262744903564,
      2.7693514823913574,
      1.6802411079406738,
      12.467989921569824,
      8.730513572692871,
      32.72590255737305,
      23.67952537536621,
      41.28468704223633,
      31.061952590942383,
      26.826976776123047,
      20.713253021240234,
      18.58554458618164,
      17.00997543334961,
      19.025489807128906,
      19.94059944152832,
      20.873220443725586,
      24.72552490234375
    ],
    [
      -1.0546131134033203,
      1.0470525026321411,
      -0.6796691417694092,
      1.7472620010375977,
      6.589852809906006,
      11.091094017028809,
      25.270261764526367,
      27.349403381347656,
      31.061952590942383,
      39.92654037475586,
      20.84125518798828,
      25.81998634338379,
      12.162346839904785,
      19.269126892089844,
      11.56356143951416,
      17.96571922302246,
      14.899513244628906,
      22.051305770874023
    ],
    [
      5.085202693939209,
      9.531082153320312,
      8.899643898010254,
      5.023918628692627,
      14.390996932983398,
      10.64155101776123,
      21.55303192138672,
      16.28583335876465,
      26.826976776123047,
      20.84125518798828,
      29.94776725769043,
      20.538665771484375,
      23.223867416381836,
      20.35076141357422,
      22.44611358642578,
      24.82611083984375,
      25.493022918701172,
      31.883386611938477
    ],
    [
      3.9264721870422363,
      6.744525909423828,
      4.856180667877197,
      5.5796895027160645,
      9.641356468200684,
      12.993666648864746,
      16.293874740600586,
      19.29505729675293,
      20.713253021240234,
      25.81998634338379,
      20.538665771484375,
      26.907346725463867,
      15.501712799072266,
      22.41514778137207,
      14.091724395751953,
      21.804718017578125,
      17.872623443603516,
      26.940828323364258
    ],
    [
      9.297298431396484,
      13.191338539123535,
      14.974093437194824,
      7.194976329803467,
      17.545063018798828,
      12.806138038635254,
      15.361886978149414,
      10.028191566467285,
      18.58554458618164,
      12.162346839904785,
      23.223867416381836,
      15.501712799072266,
      35.844547271728516,
      26.838247299194336,
      35.0709114074707,
      36.24412155151367,
      36.32334899902344,
      44.28577423095703
    ],
    [
      8.714030265808105,
      9.713851928710938,
      11.03145980834961,
      7.3439860343933105,
      14.452545166015625,
      15.9364652633667,
      13.429149627685547,
      15.284026145935059,
      17.00997543334961,
      19.269126892089844,
      20.35076141357422,
      22.41514778137207,
      26.838247299194336,
      33.556087493896484,
      26.21626091003418,
      38.16685485839844,
      30.255538940429688,
      45.176055908203125
    ],
    [
      9.517075538635254,
      15.194977760314941,
      16.47443199157715,
      7.51137638092041,
      18.37492561340332,
      12.837056159973145,
      16.285266876220703,
      9.122254371643066,
      19.025489807128906,
      11.56356143951416,
      22.44611358642578,
      14.091724395751953,
      35.0709114074707,
      26.21626091003418,
      48.991764068603516,
      46.67116928100586,
      47.35002517700195,
      54.66813659667969
    ],
    [
      13.60628604888916,
      16.026885986328125,
      17.946880340576172,
      9.212591171264648,
      18.445329666137695,
      17.331098556518555,
      15.962940216064453,
      14.280157089233398,
      19.94059944152832,
      17.96571922302246,
      24.82611083984375,
      21.804718017578125,
      36.24412155151367,
      38.16685485839844,
      46.67116928100586,
      65.6397476196289,
      51.994712829589844,
      76.18067932128906
    ],
    [
      12.054784774780273,
      17.494342803955078,
      17.67318344116211,
      7.841093063354492,
      17.442630767822266,
      11.819276809692383,
      18.737686157226562,
      11.64635181427002,
      20.873220443725586,
      14.899513244628906,
      25.493022918701172,
      17.872623443603516,
      36.32334899902344,
      30.255538940429688,
      47.35002517700195,
      51.994712829589844,
      70.54034423828125,
      74.61802673339844
    ],
    [
      17.258838653564453,
      22.094711303710938,
      21.806604385375977,
      10.649807929992676,
      20.923717498779297,
      18.38758087158203,
      20.84220314025879,
      17.551761627197266,
      24.72552490234375,
      22.051305770874023,
      31.883386611938477,
      26.940828323364258,
      44.28577423095703,
      45.176055908203125,
      54.66813659667969,
      76.18067932128906,
      74.61802673339844,
      107.70117950439453
    ]
  ],
  "damage": -4.665393829345703,
  "diff_bandwidth": 712.637451171875,
  "dissonance": 9.899936866033233,
  "drr": 15.69969654083252,
  "dynamics": 2.554934501647949,
  "format": 1245190,
  "frames": 9277464,
  "loudness": -8.415220260620117,
  "loudness_range": 5.877920150756836,
  "loudness_range_short": 10.07464599609375,
  "lowpass_true_peak_15khz": 2.315166473388672,
  "mastering3_acoustic_entropies": [
    {
      "acoustic_entropy": 7.411532878875732,
      "acoustic_entropy_mono": 7.133544921875,
      "band_eliminated_acoustic_entropies": [
        {
          "acoustic_entropy": 7.256535053253174,
          "acoustic_entropy_side": 7.411530494689941,
          "hz": 129.47220167065723
        },
        {
          "acoustic_entropy": 7.073678016662598,
          "acoustic_entropy_side": 7.411516189575195,
          "hz": 202.92927478742237
        },
        {
          "acoustic_entropy": 7.506006717681885,
          "acoustic_entropy_side": 7.411501884460449,
          "hz": 282.89161906338205
        },
        {
          "acoustic_entropy": 7.529628753662109,
          "acoustic_entropy_side": 7.409102916717529,
          "hz": 369.9353335868758
        },
        {
          "acoustic_entropy": 6.774517059326172,
          "acoustic_entropy_side": 7.384162425994873,
          "hz": 464.6875360973435
        },
        {
          "acoustic_entropy": 6.931622505187988,
          "acoustic_entropy_side": 7.39829158782959,
          "hz": 567.8308811364784
        },
        {
          "acoustic_entropy": 6.858818054199219,
          "acoustic_entropy_side": 7.4134087562561035,
          "hz": 680.1084783214808
        },
        {
          "acoustic_entropy": 6.980865478515625,
          "acoustic_entropy_side": 7.429768085479736,
          "hz": 802.3292461747484
        },
        {
          "acoustic_entropy": 6.9934306144714355,
          "acoustic_entropy_side": 7.42154598236084,
          "hz": 935.3737400823702
        },
        {
          "acoustic_entropy": 6.475142955780029,
          "acoustic_entropy_side": 7.406486511230469,
          "hz": 1080.2004963696966
        },
        {
          "acoustic_entropy": 7.53652286529541,
          "acoustic_entropy_side": 7.443435192108154,
          "hz": 1237.8529382007157
        },
        {
          "acoustic_entropy": 7.265732288360596,
          "acoustic_entropy_side": 7.457047939300537,
          "hz": 1409.4668930556702
        },
        {
          "acoustic_entropy": 7.338522434234619,
          "acoustic_entropy_side": 7.490506649017334,
          "hz": 1596.2787759475705
        },
        {
          "acoustic_entropy": 6.885077953338623,
          "acoustic_entropy_side": 7.427361965179443,
          "hz": 1799.6344973346393
        },
        {
          "acoustic_entropy": 7.447601318359375,
          "acoustic_entropy_side": 7.384317874908447,
          "hz": 2020.9991599069049
        },
        {
          "acoustic_entropy": 7.773791790008545,
          "acoustic_entropy_side": 7.483187675476074,
          "hz": 2261.9676141086993
        },
        {
          "acoustic_entropy": 7.36618185043335,
          "acoustic_entropy_side": 7.498945236206055,
          "hz": 2524.2759484456974
        },
        {
          "acoustic_entropy": 7.230349540710449,
          "acoustic_entropy_side": 7.493898391723633,
          "hz": 2809.813997359896
        },
        {
          "acoustic_entropy": 7.614925384521484,
          "acoustic_entropy_side": 7.428382873535156,
          "hz": 3120.6389567871424
        },
        {
          "acoustic_entropy": 7.507580757141113,
          "acoustic_entropy_side": 7.440053939819336,
          "hz": 3458.990205492291
        },
        {
          "acoustic_entropy": 7.397854804992676,
          "acoustic_entropy_side": 7.447017192840576,
          "hz": 3827.305438964164
        },
        {
          "acoustic_entropy": 7.480014801025391,
          "acoustic_entropy_side": 7.45259428024292,
          "hz": 4228.238232109126
        },
        {
          "acoustic_entropy": 7.490776538848877,
          "acoustic_entropy_side": 7.433900356292725,
          "hz": 4664.6771572759235
        },
        {
          "acoustic_entropy": 7.405518531799316,
          "acoustic_entropy_side": 7.441572666168213,
          "hz": 5139.766595350093
        },
        {
          "acoustic_entropy": 7.315240383148193,
          "acoustic_entropy_side": 7.42290735244751,
          "hz": 5656.929389854203
        },
        {
          "acoustic_entropy": 7.193089485168457,
          "acoustic_entropy_side": 7.416827201843262,
          "hz": 6219.891507268283
        },
        {
          "acoustic_entropy": 7.369514465332031,
          "acoustic_entropy_side": 7.416223049163818,
          "hz": 6832.70888123896
        },
        {
          "acoustic_entropy": 7.300168514251709,
          "acoustic_entropy_side": 7.41796350479126,
          "hz": 7499.796634079867
        },
        {
          "acoustic_entropy": 7.338593482971191,
          "acoustic_entropy_side": 7.416477203369141,
          "hz": 8225.96088609342
        },
        {
          "acoustic_entropy": 7.373805999755859,
          "acoustic_entropy_side": 7.416399955749512,
          "hz": 9016.43338188839
        },
        {
          "acoustic_entropy": 7.43554162979126,
          "acoustic_entropy_side": 7.413645267486572,
          "hz": 9876.909183162974
        },
        {
          "acoustic_entropy": 7.386349201202393,
          "acoustic_entropy_side": 7.416014671325684,
          "hz": 10813.587699516042
        },
        {
          "acoustic_entropy": 7.312621593475342,
          "acoustic_entropy_side": 7.416101932525635,
          "hz": 11833.21735289826
        },
        {
          "acoustic_entropy": 7.2613043785095215,
          "acoustic_entropy_side": 7.384032726287842,
          "hz": 12943.144197493959
        },
        {
          "acoustic_entropy": 7.27781867980957,
          "acoustic_entropy_side": 7.340359687805176,
          "hz": 14151.364845322005
        },
        {
          "acoustic_entropy": 7.357850551605225,
          "acoustic_entropy_side": 7.403331756591797,
          "hz": 15466.58407886509
        },
        {
          "acoustic_entropy": 7.390007495880127,
          "acoustic_entropy_side": 7.407175064086914,
          "hz": 16898.27756580493
        },
        {
          "acoustic_entropy": 7.359348297119141,
          "acoustic_entropy_side": 7.413783073425293,
          "hz": 18456.760127700032
        },
        {
          "acoustic_entropy": 7.357295989990234,
          "acoustic_entropy_side": 7.414302825927734,
          "hz": 20153.260054456492
        },
        {
          "acoustic_entropy": 7.404600620269775,
          "acoustic_entropy_side": 7.413508892059326,
          "hz": 22000.00000000001
        }
      ],
      "diff_acoustic_entropy": 6.066741466522217,
      "sn": 6
    },
    {
      "acoustic_entropy": 11.131327629089355,
      "acoustic_entropy_mono": 10.726815223693848,
      "band_eliminated_acoustic_entropies": [
        {
          "acoustic_entropy": 10.011612892150879,
          "acoustic_entropy_side": 11.131417274475098,
          "hz": 129.47220167065723
        },
        {
          "acoustic_entropy": 10.747068405151367,
          "acoustic_entropy_side": 11.1317720413208,
          "hz": 202.92927478742237
        },
        {
          "acoustic_entropy": 11.262713432312012,
          "acoustic_entropy_side": 11.135692596435547,
          "hz": 282.89161906338205
        },
        {
          "acoustic_entropy": 10.925909042358398,
          "acoustic_entropy_side": 11.230255126953125,
          "hz": 369.9353335868758
        },
        {
          "acoustic_entropy": 10.307336807250977,
          "acoustic_entropy_side": 11.26213550567627,
          "hz": 464.6875360973435
        },
        {
          "acoustic_entropy": 11.009235382080078,
          "acoustic_entropy_side": 11.259857177734375,
          "hz": 567.8308811364784
        },
        {
          "acoustic_entropy": 10.006046295166016,
          "acoustic_entropy_side": 11.214112281799316,
          "hz": 680.1084783214808
        },
        {
          "acoustic_entropy": 10.371105194091797,
          "acoustic_entropy_side": 11.050131797790527,
          "hz": 802.3292461747484
        },
        {
          "acoustic_entropy": 10.911299705505371,
          "acoustic_entropy_side": 11.200203895568848,
          "hz": 935.3737400823702
        },
        {
          "acoustic_entropy": 10.953011512756348,
          "acoustic_entropy_side": 10.789401054382324,
          "hz": 1080.2004963696966
        },
        {
          "acoustic_entropy": 11.380416870117188,
          "acoustic_entropy_side": 11.25321102142334,
          "hz": 1237.8529382007157
        },
        {
          "acoustic_entropy": 10.463086128234863,
          "acoustic_entropy_side": 11.176055908203125,
          "hz": 1409.4668930556702
        },
        {
          "acoustic_entropy": 10.931877136230469,
          "acoustic_entropy_side": 10.9157075881958,
          "hz": 1596.2787759475705
        },
        {
          "acoustic_entropy": 10.708337783813477,
          "acoustic_entropy_side": 10.834709167480469,
          "hz": 1799.6344973346393
        },
        {
          "acoustic_entropy": 10.711280822753906,
          "acoustic_entropy_side": 11.018978118896484,
          "hz": 2020.9991599069049
        },
        {
          "acoustic_entropy": 11.22087574005127,
          "acoustic_entropy_side": 11.046150207519531,
          "hz": 2261.9676141086993
        },
        {
          "acoustic_entropy": 10.265095710754395,
          "acoustic_entropy_side": 11.104848861694336,
          "hz": 2524.2759484456974
        },
        {
          "acoustic_entropy": 10.52372932434082,
          "acoustic_entropy_side": 11.220271110534668,
          "hz": 2809.813997359896
        },
        {
          "acoustic_entropy": 11.08543872833252,
          "acoustic_entropy_side": 11.15001106262207,
          "hz": 3120.6389567871424
        },
        {
          "acoustic_entropy": 10.841103553771973,
          "acoustic_entropy_side": 11.03799819946289,
          "hz": 3458.990205492291
        },
        {
          "acoustic_entropy": 10.912365913391113,
          "acoustic_entropy_side": 11.085882186889648,
          "hz": 3827.305438964164
        },
        {
          "acoustic_entropy": 11.116227149963379,
          "acoustic_entropy_side": 11.046375274658203,
          "hz": 4228.238232109126
        },
        {
          "acoustic_entropy": 11.00595760345459,
          "acoustic_entropy_side": 11.120434761047363,
          "hz": 4664.6771572759235
        },
        {
          "acoustic_entropy": 11.073511123657227,
          "acoustic_entropy_side": 11.066132545471191,
          "hz": 5139.766595350093
        },
        {
          "acoustic_entropy": 11.069557189941406,
          "acoustic_entropy_side": 11.094350814819336,
          "hz": 5656.929389854203
        },
        {
          "acoustic_entropy": 11.089546203613281,
          "acoustic_entropy_side": 11.11024284362793,
          "hz": 6219.891507268283
        },
        {
          "acoustic_entropy": 11.032095909118652,
          "acoustic_entropy_side": 11.063740730285645,
          "hz": 6832.70888123896
        },
        {
          "acoustic_entropy": 10.973221778869629,
          "acoustic_entropy_side": 11.06521224975586,
          "hz": 7499.796634079867
        },
        {
          "acoustic_entropy": 11.048323631286621,
          "acoustic_entropy_side": 11.22490406036377,
          "hz": 8225.96088609342
        },
        {
          "acoustic_entropy": 11.292928695678711,
          "acoustic_entropy_side": 11.135266304016113,
          "hz": 9016.43338188839
        },
        {
          "acoustic_entropy": 11.263338088989258,
          "acoustic_entropy_side": 11.131073951721191,
          "hz": 9876.909183162974
        },
        {
          "acoustic_entropy": 11.094245910644531,
          "acoustic_entropy_side": 11.178467750549316,
          "hz": 10813.587699516042
        },
        {
          "acoustic_entropy": 11.188908576965332,
          "acoustic_entropy_side": 11.192458152770996,
          "hz": 11833.21735289826
        },
        {
          "acoustic_entropy": 11.22470760345459,
          "acoustic_entropy_side": 11.161372184753418,
          "hz": 12943.144197493959
        },
        {
          "acoustic_entropy": 10.901992797851562,
          "acoustic_entropy_side": 10.711498260498047,
          "hz": 14151.364845322005
        },
        {
          "acoustic_entropy": 11.187409400939941,
          "acoustic_entropy_side": 10.992237091064453,
          "hz": 15466.58407886509
        },
        {
          "acoustic_entropy": 11.191518783569336,
          "acoustic_entropy_side": 11.09045124053955,
          "hz": 16898.27756580493
        },
        {
          "acoustic_entropy": 11.097512245178223,
          "acoustic_entropy_side": 11.127375602722168,
          "hz": 18456.760127700032
        },
        {
          "acoustic_entropy": 11.280418395996094,
          "acoustic_entropy_side": 11.112333297729492,
          "hz": 20153.260054456492
        },
        {
          "acoustic_entropy": 11.118197441101074,
          "acoustic_entropy_side": 11.096144676208496,
          "hz": 22000.00000000001
        }
      ],
      "diff_acoustic_entropy": 9.637081146240234,
      "sn": 12
    },
    {
      "acoustic_entropy": 15.213778495788574,
      "acoustic_entropy_mono": 14.067390441894531,
      "band_eliminated_acoustic_entropies": [
        {
          "acoustic_entropy": 15.079117774963379,
          "acoustic_entropy_side": 15.21446704864502,
          "hz": 129.47220167065723
        },
        {
          "acoustic_entropy": 15.665766716003418,
          "acoustic_entropy_side": 15.206427574157715,
          "hz": 202.92927478742237
        },
        {
          "acoustic_entropy": 15.47432804107666,
          "acoustic_entropy_side": 15.236734390258789,
          "hz": 282.89161906338205
        },
        {
          "acoustic_entropy": 15.013916969299316,
          "acoustic_entropy_side": 15.233369827270508,
          "hz": 369.9353335868758
        },
        {
          "acoustic_entropy": 15.074159622192383,
          "acoustic_entropy_side": 15.325822830200195,
          "hz": 464.6875360973435
        },
        {
          "acoustic_entropy": 14.752484321594238,
          "acoustic_entropy_side": 15.631871223449707,
          "hz": 567.8308811364784
        },
        {
          "acoustic_entropy": 15.298310279846191,
          "acoustic_entropy_side": 15.212075233459473,
          "hz": 680.1084783214808
        },
        {
          "acoustic_entropy": 15.24165153503418,
          "acoustic_entropy_side": 15.300162315368652,
          "hz": 802.3292461747484
        },
        {
          "acoustic_entropy": 15.065546989440918,
          "acoustic_entropy_side": 15.740096092224121,
          "hz": 935.3737400823702
        },
        {
          "acoustic_entropy": 15.578208923339844,
          "acoustic_entropy_side": 15.156859397888184,
          "hz": 1080.2004963696966
        },
        {
          "acoustic_entropy": 15.662074089050293,
          "acoustic_entropy_side": 15.238207817077637,
          "hz": 1237.8529382007157
        },
        {
          "acoustic_entropy": 15.285283088684082,
          "acoustic_entropy_side": 15.172487258911133,
          "hz": 1409.4668930556702
        },
        {
          "acoustic_entropy": 15.56867504119873,
          "acoustic_entropy_side": 15.418150901794434,
          "hz": 1596.2787759475705
        },
        {
          "acoustic_entropy": 15.293850898742676,
          "acoustic_entropy_side": 15.329421997070312,
          "hz": 1799.6344973346393
        },
        {
          "acoustic_entropy": 15.533624649047852,
          "acoustic_entropy_side": 15.695701599121094,
          "hz": 2020.9991599069049
        },
        {
          "acoustic_entropy": 16.104501724243164,
          "acoustic_entropy_side": 15.812192916870117,
          "hz": 2261.9676141086993
        },
        {
          "acoustic_entropy": 15.371167182922363,
          "acoustic_entropy_side": 15.46916675567627,
          "hz": 2524.2759484456974
        },
        {
          "acoustic_entropy": 15.777106285095215,
          "acoustic_entropy_side": 15.58191967010498,
          "hz": 2809.813997359896
        },
        {
          "acoustic_entropy": 15.656542778015137,
