{
  "acoustic_entropy": 220.76345825195312,
  "bands": [
    {
      "high_freq": 148.1999969482422,
      "loudness": -21.967178344726562,
      "loudness_range": 13.506574630737305,
      "mid_mean": -18.534395217895508,
      "mid_to_side_loudness": -12.860075950622559,
      "mid_to_side_loudness_range": 11.416443824768066,
      "side_mean": -31.942289352416992
    },
    {
      "high_freq": 392.3793640136719,
      "loudness": -21.948495864868164,
      "loudness_range": 10.418350219726562,
      "low_freq": 148.1999969482422,
      "mid_mean": -18.677085876464844,
      "mid_to_side_loudness": -11.205402374267578,
      "mid_to_side_loudness_range": 11.405715942382812,
      "side_mean": -30.127090454101562
    },
    {
      "high_freq": 794.6976318359375,
      "loudness": -20.229412078857422,
      "loudness_range": 12.015869140625,
      "low_freq": 392.3793640136719,
      "mid_mean": -17.045597076416016,
      "mid_to_side_loudness": -10.65058422088623,
      "mid_to_side_loudness_range": 10.880434036254883,
      "side_mean": -27.840770721435547
    },
    {
      "high_freq": 1457.5709228515625,
      "loudness": -21.66141128540039,
      "loudness_range": 15.902335166931152,
      "low_freq": 794.6976318359375,
      "mid_mean": -18.614887237548828,
      "mid_to_side_loudness": -9.26819896697998,
      "mid_to_side_loudness_range": 11.784431457519531,
      "side_mean": -28.04247283935547
    },
    {
      "high_freq": 2549.74365234375,
      "loudness": -22.153223037719727,
      "loudness_range": 13.880593299865723,
      "low_freq": 1457.5709228515625,
      "mid_mean": -19.301401138305664,
      "mid_to_side_loudness": -7.679985523223877,
      "mid_to_side_loudness_range": 9.300233840942383,
      "side_mean": -27.034196853637695
    },
    {
      "high_freq": 4349.24462890625,
      "loudness": -20.15028953552246,
      "loudness_range": 15.02142333984375,
      "low_freq": 2549.74365234375,
      "mid_mean": -17.33115577697754,
      "mid_to_side_loudness": -7.302710056304932,
      "mid_to_side_loudness_range": 8.98779010772705,
      "side_mean": -24.713106155395508
    },
    {
      "high_freq": 7314.1640625,
      "loudness": -26.245105743408203,
      "loudness_range": 13.24110221862793,
      "low_freq": 4349.24462890625,
      "mid_mean": -23.841718673706055,
      "mid_to_side_loudness": -5.610967636108398,
      "mid_to_side_loudness_range": 9.888428688049316,
      "side_mean": -29.451011657714844
    },
    {
      "high_freq": 12199.2666015625,
      "loudness": -28.6429443359375,
      "loudness_range": 16.784652709960938,
      "low_freq": 7314.1640625,
      "mid_mean": -25.970096588134766,
      "mid_to_side_loudness": -6.652690410614014,
      "mid_to_side_loudness_range": 9.522980690002441,
      "side_mean": -32.674259185791016
    },
    {
      "loudness": -39.01225280761719,
      "loudness_range": 16.49692726135254,
      "low_freq": 12199.2666015625,
      "mid_mean": -36.426544189453125,
      "mid_to_side_loudness": -5.810086727142334,
      "mid_to_side_loudness_range": 7.713798999786377,
      "side_mean": -42.49993133544922
    }
  ],
  "bands_short": [
    {
      "high_freq": 148.1999969482422,
      "loudness": -26.773582458496094,
      "loudness_range": 20.455745697021484,
      "mid_mean": -23.423147201538086,
      "mid_to_side_loudness": -13.075695991516113,
      "mid_to_side_loudness_range": 16.156719207763672,
      "side_mean": -37.30683517456055
    },
    {
      "high_freq": 392.3793640136719,
      "loudness": -22.450183868408203,
      "loudness_range": 15.702466011047363,
      "low_freq": 148.1999969482422,
      "mid_mean": -19.418001174926758,
      "mid_to_side_loudness": -10.135289192199707,
      "mid_to_side_loudness_range": 15.136533737182617,
      "side_mean": -29.790542602539062
    },
    {
      "high_freq": 794.6976318359375,
      "loudness": -21.295276641845703,
      "loudness_range": 14.555850982666016,
      "low_freq": 392.3793640136719,
      "mid_mean": -18.2304630279541,
      "mid_to_side_loudness": -10.347123146057129,
      "mid_to_side_loudness_range": 14.34182071685791,
      "side_mean": -28.771244049072266
    },
    {
      "high_freq": 1457.5709228515625,
      "loudness": -22.1392879486084,
      "loudness_range": 19.23537826538086,
      "low_freq": 794.6976318359375,
      "mid_mean": -19.260814666748047,
      "mid_to_side_loudness": -8.880794525146484,
      "mid_to_side_loudness_range": 14.28382682800293,
      "side_mean": -28.266803741455078
    },
    {
      "high_freq": 2549.74365234375,
      "loudness": -23.380489349365234,
      "loudness_range": 17.716629028320312,
      "low_freq": 1457.5709228515625,
      "mid_mean": -20.691390991210938,
      "mid_to_side_loudness": -7.327825546264648,
      "mid_to_side_loudness_range": 11.718914031982422,
      "side_mean": -28.081695556640625
    },
    {
      "high_freq": 4349.24462890625,
      "loudness": -21.095304489135742,
      "loudness_range": 18.28238296508789,
      "low_freq": 2549.74365234375,
      "mid_mean": -18.3964900970459,
      "mid_to_side_loudness": -7.141341686248779,
      "mid_to_side_loudness_range": 10.705740928649902,
      "side_mean": -25.615781784057617
    },
    {
      "high_freq": 7314.1640625,
      "loudness": -27.464603424072266,
      "loudness_range": 17.505573272705078,
      "low_freq": 4349.24462890625,
      "mid_mean": -25.173389434814453,
      "mid_to_side_loudness": -5.603156566619873,
      "mid_to_side_loudness_range": 11.822101593017578,
      "side_mean": -30.756254196166992
    },
    {
      "high_freq": 12199.2666015625,
      "loudness": -30.284311294555664,
      "loudness_range": 20.331714630126953,
      "low_freq": 7314.1640625,
      "mid_mean": -27.708133697509766,
      "mid_to_side_loudness": -6.813706398010254,
      "mid_to_side_loudness_range": 12.281108856201172,
      "side_mean": -34.769989013671875
    },
    {
      "loudness": -42.774227142333984,
      "loudness_range": 26.165185928344727,
      "low_freq": 12199.2666015625,
      "mid_mean": -40.412841796875,
      "mid_to_side_loudness": -5.00709342956543,
      "mid_to_side_loudness_range": 9.147466659545898,
      "side_mean": -45.59342575073242
    }
  ],
  "bandwidth": 846.469970703125,
  "channels": 2,
  "covariance": [
    [
      27.815982818603516,
      16.260175704956055,
      8.458508491516113,
      8.066646575927734,
      3.189486265182495,
      4.432168483734131,
      3.381676197052002,
      5.595944881439209,
      4.2157883644104,
      5.77161979675293,
      2.6249547004699707,
      4.554007053375244,
      1.6693975925445557,
      5.734537124633789,
      2.8032469749450684,
      6.467696189880371,
      5.834346771240234,
      8.641434669494629
    ],
    [
      16.260175704956055,
      22.09596824645996,
      7.3216938972473145,
      11.019018173217773,
      4.186844348907471,
      4.983438014984131,
      4.410470485687256,
      6.5792460441589355,
      2.7518081665039062,
      5.3692731857299805,
      1.259877324104309,
      3.971247673034668,
      2.020829677581787,
      6.444972038269043,
      4.279600143432617,
      7.368101596832275,
      5.139657497406006,
      9.027387619018555
    ],
    [
      8.458508491516113,
      7.3216938972473145,
      17.736045837402344,
      13.630578994750977,
      6.598766803741455,
      7.886079788208008,
      7.224708557128906,
      7.990938186645508,
      5.847196578979492,
      6.937651634216309,
      5.931943893432617,
      5.85169792175293,
      2.9892311096191406,
      4.983892440795898,
      5.233876705169678,
      5.375402927398682,
      6.433504581451416,
      8.037284851074219
    ],
    [
      8.066646575927734,
      11.019018173217773,
      13.630578994750977,
      26.373201370239258,
      13.424193382263184,
      17.585041046142578,
      14.154292106628418,
      17.631792068481445,
      8.951157569885254,
      14.41330337524414,
      5.753578186035156,
      10.858976364135742,
      5.165639877319336,
      12.619305610656738,
      10.5009765625,
      14.080888748168945,
      9.060003280639648,
      15.204560279846191
    ],
    [
      3.189486265182495,
      4.186844348907471,
      6.598766803741455,
      13.424193382263184,
      22.633541107177734,
      18.448244094848633,
      15.292365074157715,
      15.48150634765625,
      6.771838188171387,
      9.2033052444458,
      3.8668463230133057,
      6.337703227996826,
      3.2122371196746826,
      6.943813323974609,
      10.641331672668457,
      10.766501426696777,
      6.731579780578613,
      9.07606029510498
    ],
    [
      4.432168483734131,
      4.983438014984131,
      7.886079788208008,
      17.585041046142578,
      18.448244094848633,
      30.402875900268555,
      18.712356567382812,
      25.850793838500977,
      10.349214553833008,
      16.384946823120117,
      6.895758152008057,
      12.386373519897461,
      4.535523414611816,
      11.919690132141113,
      9.283356666564941,
      12.717255592346191,
      4.998508930206299,
      11.5169677734375
    ],
    [
      3.381676197052002,
      4.410470485687256,
      7.224708557128906,
      14.154292106628418,
      15.292365074157715,
      18.712356567382812,
      35.29780578613281,
      29.539531707763672,
      14.46298599243164,
      15.477437973022461,
      2.7123818397521973,
      7.121603488922119,
      3.5512542724609375,
      10.197471618652344,
      11.963504791259766,
      14.465168952941895,
      8.119993209838867,
      12.634529113769531
    ],
    [
      5.595944881439209,
      6.5792460441589355,
      7.990938186645508,
      17.631792068481445,
      15.48150634765625,
      25.850793838500977,
      29.539531707763672,
      41.96434783935547,
      16.549407958984375,
      25.227094650268555,
      8.626165390014648,
      17.622343063354492,
      8.005232810974121,
      20.460285186767578,
      12.58301067352295,
      21.06174659729004,
      10.990339279174805,
      18.602724075317383
    ],
    [
      4.2157883644104,
      2.7518081665039062,
      5.847196578979492,
      8.951157569885254,
      6.771838188171387,
      10.349214553833008,
      14.46298599243164,
      16.549407958984375,
      24.830961227416992,
      22.840272903442383,
      16.791187286376953,
      17.881383895874023,
      9.105362892150879,
      14.17194938659668,
      7.790323734283447,
      12.661958694458008,
      10.025053024291992,
      12.472006797790527
    ],
    [
      5.77161979675293,
      5.3692731857299805,
      6.937651634216309,
      14.41330337524414,
      9.2033052444458,
      16.384946823120117,
      15.477437973022461,
      25.227094650268555,
      22.840272903442383,
      31.370880126953125,
      16.803447723388672,
      24.54691505432129,
      12.602388381958008,
      23.725183486938477,
      12.681278228759766,
      21.36880111694336,
      15.485380172729492,
      21.439773559570312
    ],
    [
      2.6249547004699707,
      1.259877324104309,
      5.931943893432617,
      5.753578186035156,
      3.8668463230133057,
      6.895758152008057,
      2.7123818397521973,
      8.626165390014648,
      16.791187286376953,
      16.803447723388672,
      23.510818481445312,
      21.364608764648438,
      13.470759391784668,
      15.689838409423828,
      7.973413467407227,
      12.115849494934082,
      11.26685619354248,
      12.726218223571777
    ],
    [
      4.554007053375244,
      3.971247673034668,
      5.85169792175293,
      10.858976364135742,
      6.337703227996826,
      12.386373519897461,
      7.121603488922119,
      17.622343063354492,
      17.881383895874023,
      24.54691505432129,
      21.364608764648438,
      28.74231719970703,
      17.88702392578125,
      27.1835994720459,
      13.54199504852295,
      23.643470764160156,
      18.13751792907715,
      23.849170684814453
    ],
    [
      1.6693975925445557,
      2.020829677581787,
      2.9892311096191406,
      5.165639877319336,
      3.2122371196746826,
      4.535523414611816,
      3.5512542724609375,
      8.005232810974121,
      9.105362892150879,
      12.602388381958008,
      13.470759391784668,
      17.88702392578125,
      20.792076110839844,
      23.925365447998047,
      18.100805282592773,
      24.163171768188477,
      20.675615310668945,
      24.29098129272461
    ],
    [
      5.734537124633789,
      6.444972038269043,
      4.983892440795898,
      12.619305610656738,
      6.943813323974609,
      11.919690132141113,
      10.197471618652344,
      20.460285186767578,
      14.17194938659668,
      23.725183486938477,
      15.689838409423828,
      27.1835994720459,
      23.925365447998047,
      39.01082229614258,
      23.713274002075195,
      38.484867095947266,
      28.11945915222168,
      37.30280303955078
    ],
    [
      2.8032469749450684,
      4.279600143432617,
      5.233876705169678,
      10.5009765625,
      10.641331672668457,
      9.283356666564941,
      11.963504791259766,
      12.58301067352295,
      7.790323734283447,
      12.681278228759766,
      7.973413467407227,
      13.54199504852295,
      18.100805282592773,
      23.713274002075195,
      30.363265991210938,
      33.509056091308594,
      29.48967933654785,
      32.934730529785156
    ],
    [
      6.467696189880371,
      7.368101596832275,
      5.375402927398682,
      14.080888748168945,
      10.766501426696777,
      12.717255592346191,
      14.465168952941895,
      21.06174659729004,
      12.661958694458008,
      21.36880111694336,
      12.115849494934082,
      23.643470764160156,
      24.163171768188477,
      38.484867095947266,
      33.509056091308594,
      48.680511474609375,
      35.816593170166016,
      45.38112258911133
    ],
    [
      5.834346771240234,
      5.139657497406006,
      6.433504581451416,
      9.060003280639648,
      6.731579780578613,
      4.998508930206299,
      8.119993209838867,
      10.990339279174805,
      10.025053024291992,
      15.485380172729492,
      11.26685619354248,
      18.13751792907715,
      20.675615310668945,
      28.11945915222168,
      29.48967933654785,
      35.816593170166016,
      41.575767517089844,
      42.256202697753906
    ],
    [
      8.641434669494629,
      9.027387619018555,
      8.037284851074219,
      15.204560279846191,
      9.07606029510498,
      11.5169677734375,
      12.634529113769531,
      18.602724075317383,
      12.472006797790527,
      21.439773559570312,
      12.726218223571777,
      23.849170684814453,
      24.29098129272461,
      37.30280303955078,
      32.934730529785156,
      45.38112258911133,
      42.256202697753906,
      53.03362274169922
    ]
  ],
  "covariance_short": [
    [
      57.42819595336914,
      31.995073318481445,
      24.841053009033203,
      16.023990631103516,
      5.995516777038574,
      5.568974018096924,
      8.000993728637695,
      10.023968696594238,
      8.827751159667969,
      10.691946029663086,
      6.445476055145264,
      9.26191234588623,
      7.6660661697387695,
      13.607925415039062,
      9.050943374633789,
      14.66173267364502,
      16.35005760192871,
      18.68088150024414
    ],
    [
      31.995073318481445,
      44.14966583251953,
      16.19403839111328,
      17.75571632385254,
      5.691072463989258,
      6.191134929656982,
      6.919273376464844,
      10.584750175476074,
      5.4399824142456055,
      9.870582580566406,
      4.338723659515381,
      8.060396194458008,
      4.730682373046875,
      11.370908737182617,
      6.707343578338623,
      11.634421348571777,
      10.731513023376465,
      15.392500877380371
    ],
    [
      24.841053009033203,
      16.19403839111328,
      37.754459381103516,
      19.142526626586914,
      10.46303653717041,
      12.341341018676758,
      10.986848831176758,
      11.663073539733887,
      13.386056900024414,
      13.81220817565918,
      12.147436141967773,
      12.347588539123535,
      11.193790435791016,
      13.203006744384766,
      12.01583480834961,
      14.163941383361816,
      18.187715530395508,
      18.591272354125977
    ],
    [
      16.023990631103516,
      17.75571632385254,
      19.142526626586914,
      30.716405868530273,
      11.247639656066895,
      16.604467391967773,
      12.444311141967773,
      16.111337661743164,
      9.601820945739746,
      15.320907592773438,
      7.019813060760498,
      11.97753620147705,
      7.338096618652344,
      14.263726234436035,
      12.272525787353516,
      15.663248062133789,
      14.433882713317871,
      18.003173828125
    ],
    [
      5.995516777038574,
      5.691072463989258,
      10.46303653717041,
      11.247639656066895,
      32.688682556152344,
      22.031661987304688,
      16.969186782836914,
      17.74601173400879,
      10.38825511932373,
      12.871323585510254,
      10.014189720153809,
      11.062884330749512,
      7.841017246246338,
      10.74290657043457,
      14.770501136779785,
      14.321988105773926,
      13.121108055114746,
      13.446479797363281
    ],
    [
      5.568974018096924,
      6.191134929656982,
      12.341341018676758,
      16.604467391967773,
      22.031661987304688,
      39.06669235229492,
      20.805360794067383,
      28.346954345703125,
      15.411633491516113,
      22.475196838378906,
      12.820308685302734,
      18.963335037231445,
      9.865556716918945,
      17.733552932739258,
      13.65465259552002,
      18.281936645507812,
      13.57914924621582,
      18.316051483154297
    ],
    [
      8.000993728637695,
      6.919273376464844,
      10.986848831176758,
      12.444311141967773,
      16.969186782836914,
      20.805360794067383,
      47.82645797729492,
      34.85097885131836,
      21.862220764160156,
      21.827634811401367,
      9.1808500289917,
      12.06794548034668,
      8.356582641601562,
      13.084360122680664,
      17.055572509765625,
      16.33651351928711,
      13.843085289001465,
      15.376638412475586
    ],
    [
      10.023968696594238,
      10.584750175476074,
      11.663073539733887,
      16.111337661743164,
      17.74601173400879,
      28.346954345703125,
      34.85097885131836,
      48.664852142333984,
      21.843908309936523,
      31.73157501220703,
      12.84162712097168,
      22.269805908203125,
      13.086173057556152,
      24.845361709594727,
      17.651229858398438,
      25.413116455078125,
      18.605266571044922,
      24.60022735595703
    ],
    [
      8.827751159667969,
      5.4399824142456055,
      13.386056900024414,
      9.601820945739746,
      10.38825511932373,
      15.411633491516113,
      21.862220764160156,
      21.843908309936523,
      42.03886413574219,
      35.25507736206055,
      27.557085037231445,
      27.834596633911133,
      19.254493713378906,
      23.453649520874023,
      13.406481742858887,
      19.96930503845215,
      18.688997268676758,
      21.310758590698242
    ],
    [
      10.691946029663086,
      9.870582580566406,
      13.81220817565918,
      15.320907592773438,
      12.871323585510254,
      22.475196838378906,
      21.827634811401367,
      31.73157501220703,
      35.25507736206055,
      45.87498474121094,
      26.20783233642578,
      35.254364013671875,
      22.205204010009766,
      34.099098205566406,
      18.53150177001953,
      29.610706329345703,
      25.682174682617188,
      31.378564834594727
    ],
    [
      6.445476055145264,
      4.338723659515381,
      12.147436141967773,
      7.019813060760498,
      10.014189720153809,
      12.820308685302734,
      9.1808500289917,
      12.84162712097168,
      27.557085037231445,
      26.20783233642578,
      39.79985809326172,
      33.626304626464844,
      27.310155868530273,
      27.06903648376465,
      15.907408714294434,
      21.993532180786133,
      23.203903198242188,
      23.655385971069336
    ],
    [
      9.26191234588623,
      8.060396194458008,
      12.347588539123535,
      11.97753620147705,
      11.062884330749512,
      18.963335037231445,
      12.06794548034668,
      22.269805908203125,
      27.834596633911133,
      35.254364013671875,
      33.626304626464844,
      42.64698028564453,
      30.143245697021484,
      40.16189956665039,
      20.976863861083984,
      34.69588851928711,
      30.675846099853516,
      35.47250747680664
    ],
    [
      7.6660661697387695,
      4.730682373046875,
      11.193790435791016,
      7.338096618652344,
      7.841017246246338,
      9.865556716918945,
      8.356582641601562,
      13.086173057556152,
      19.254493713378906,
      22.205204010009766,
      27.310155868530273,
      30.143245697021484,
      39.89030456542969,
      39.814693450927734,
      30.577775955200195,
      39.53277587890625,
      40.892051696777344,
      40.5477409362793
    ],
    [
      13.607925415039062,
      11.370908737182617,
      13.203006744384766,
      14.263726234436035,
      10.74290657043457,
      17.733552932739258,
      13.084360122680664,
      24.845361709594727,
      23.453649520874023,
      34.099098205566406,
      27.06903648376465,
      40.16189956665039,
      39.814693450927734,
      57.95635986328125,
      34.621891021728516,
      54.54176712036133,
      48.313743591308594,
      55.562904357910156
    ],
    [
      9.050943374633789,
      6.707343578338623,
      12.01583480834961,
      12.272525787353516,
      14.770501136779785,
      13.65465259552002,
      17.055572509765625,
      17.651229858398438,
      13.406481742858887,
      18.53150177001953,
      15.907408714294434,
      20.976863861083984,
      30.577775955200195,
      34.621891021728516,
      51.50923156738281,
      50.20505905151367,
      53.21586990356445,
      48.77848815917969
    ],
    [
      14.66173267364502,
      11.634421348571777,
      14.163941383361816,
      15.663248062133789,
      14.321988105773926,
      18.281936645507812,
      16.33651351928711,
      25.413116455078125,
      19.96930503845215,
      29.610706329345703,
      21.993532180786133,
      34.69588851928711,
      39.53277587890625,
      54.54176712036133,
      50.20505905151367,
      69.67644500732422,
      61.44160461425781,
      66.01551818847656
    ],
    [
      16.35005760192871,
      10.731513023376465,
      18.187715530395508,
      14.433882713317871,
      13.121108055114746,
      13.57914924621582,
      13.843085289001465,
      18.605266571044922,
      18.688997268676758,
      25.682174682617188,
      23.203903198242188,
      30.675846099853516,
      40.892051696777344,
      48.313743591308594,
      53.21586990356445,
      61.44160461425781,
      81.1956558227539,
      73.78364562988281
    ],
    [
      18.68088150024414,
      15.392500877380371,
      18.591272354125977,
      18.003173828125,
      13.446479797363281,
      18.316051483154297,
      15.376638412475586,
      24.60022735595703,
      21.310758590698242,
      31.378564834594727,
      23.655385971069336,
      35.47250747680664,
      40.5477409362793,
      55.562904357910156,
      48.77848815917969,
      66.01551818847656,
      73.78364562988281,
      79.74390411376953
    ]
  ],
  "damage": -5.820198059082031,
  "diff_bandwidth": 844.10302734375,
  "dissonance": 10.288455115797033,
  "drr": 8.00026798248291,
  "dynamics": 2.646540880203247,
  "format": 1245190,
  "frames": 8448000,
  "loudness": -8.420186996459961,
  "loudness_range": 6.133425712585449,
  "loudness_range_short": 9.495316505432129,
  "lowpass_true_peak_15khz": 1.136208415031433,
  "mastering3_acoustic_entropies": [
    {
      "acoustic_entropy": 7.824276924133301,
      "acoustic_entropy_mono": 8.250497817993164,
      "band_eliminated_acoustic_entropies": [
        {
          "acoustic_entropy": 7.717332363128662,
          "acoustic_entropy_side": 7.824219703674316,
          "hz": 129.47220167065723
        },
        {
          "acoustic_entropy": 7.600366592407227,
          "acoustic_entropy_side": 7.824430465698242,
          "hz": 202.92927478742237
        },
        {
          "acoustic_entropy": 7.8899736404418945,
          "acoustic_entropy_side": 7.823970794677734,
          "hz": 282.89161906338205
        },
        {
          "acoustic_entropy": 8.112492561340332,
          "acoustic_entropy_side": 7.834705352783203,
          "hz": 369.9353335868758
        },
        {
          "acoustic_entropy": 8.532219886779785,
          "acoustic_entropy_side": 7.790477752685547,
          "hz": 464.6875360973435
        },
        {
          "acoustic_entropy": 7.638092517852783,
          "acoustic_entropy_side": 7.809359550476074,
          "hz": 567.8308811364784
        },
        {
          "acoustic_entropy": 7.66646671295166,
          "acoustic_entropy_side": 7.832796096801758,
          "hz": 680.1084783214808
        },
        {
          "acoustic_entropy": 8.015422821044922,
          "acoustic_entropy_side": 7.679391384124756,
          "hz": 802.3292461747484
        },
        {
          "acoustic_entropy": 8.582413673400879,
          "acoustic_entropy_side": 7.857856750488281,
          "hz": 935.3737400823702
        },
        {
          "acoustic_entropy": 8.431312561035156,
          "acoustic_entropy_side": 7.967704772949219,
          "hz": 1080.2004963696966
        },
        {
          "acoustic_entropy": 8.24687671661377,
          "acoustic_entropy_side": 7.8728485107421875,
          "hz": 1237.8529382007157
        },
        {
          "acoustic_entropy": 8.136907577514648,
          "acoustic_entropy_side": 7.7237019538879395,
          "hz": 1409.4668930556702
        },
        {
          "acoustic_entropy": 7.9686994552612305,
          "acoustic_entropy_side": 7.885179042816162,
          "hz": 1596.2787759475705
        },
        {
          "acoustic_entropy": 7.828195095062256,
          "acoustic_entropy_side": 7.823068141937256,
          "hz": 1799.6344973346393
        },
        {
          "acoustic_entropy": 7.548648834228516,
          "acoustic_entropy_side": 7.699110507965088,
          "hz": 2020.9991599069049
        },
        {
          "acoustic_entropy": 7.656916618347168,
          "acoustic_entropy_side": 7.668263912200928,
          "hz": 2261.9676141086993
        },
        {
          "acoustic_entropy": 7.776546478271484,
          "acoustic_entropy_side": 7.7525553703308105,
          "hz": 2524.2759484456974
        },
        {
          "acoustic_entropy": 7.912417888641357,
          "acoustic_entropy_side": 7.774322509765625,
          "hz": 2809.813997359896
        },
        {
          "acoustic_entropy": 7.78697395324707,
          "acoustic_entropy_side": 7.6951398849487305,
          "hz": 3120.6389567871424
        },
        {
          "acoustic_entropy": 7.516400337219238,
          "acoustic_entropy_side": 7.932347297668457,
          "hz": 3458.990205492291
        },
        {
          "acoustic_entropy": 7.839705944061279,
          "acoustic_entropy_side": 7.834455966949463,
          "hz": 3827.305438964164
        },
        {
          "acoustic_entropy": 7.910693645477295,
          "acoustic_entropy_side": 7.906164169311523,
          "hz": 4228.238232109126
        },
        {
          "acoustic_entropy": 7.941873550415039,
          "acoustic_entropy_side": 7.772847652435303,
          "hz": 4664.6771572759235
        },
        {
          "acoustic_entropy": 7.953192710876465,
          "acoustic_entropy_side": 7.893417835235596,
          "hz": 5139.766595350093
        },
        {
          "acoustic_entropy": 7.9939398765563965,
          "acoustic_entropy_side": 7.874168872833252,
          "hz": 5656.929389854203
        },
        {
          "acoustic_entropy": 8.057795524597168,
          "acoustic_entropy_side": 7.90827751159668,
          "hz": 6219.891507268283
        },
        {
          "acoustic_entropy": 8.059392929077148,
          "acoustic_entropy_side": 7.941256999969482,
          "hz": 6832.70888123896
        },
        {
          "acoustic_entropy": 8.018770217895508,
          "acoustic_entropy_side": 7.960939884185791,
          "hz": 7499.796634079867
        },
        {
          "acoustic_entropy": 8.04191780090332,
          "acoustic_entropy_side": 7.981094837188721,
          "hz": 8225.96088609342
        },
        {
          "acoustic_entropy": 8.059901237487793,
          "acoustic_entropy_side": 7.977258682250977,
          "hz": 9016.43338188839
        },
        {
          "acoustic_entropy": 8.072118759155273,
          "acoustic_entropy_side": 7.962250709533691,
          "hz": 9876.909183162974
        },
        {
          "acoustic_entropy": 8.12055492401123,
          "acoustic_entropy_side": 7.8988518714904785,
          "hz": 10813.587699516042
        },
        {
          "acoustic_entropy": 8.084382057189941,
          "acoustic_entropy_side": 7.876312732696533,
          "hz": 11833.21735289826
        },
        {
          "acoustic_entropy": 7.933175086975098,
          "acoustic_entropy_side": 7.844518661499023,
          "hz": 12943.144197493959
        },
        {
          "acoustic_entropy": 7.879751682281494,
          "acoustic_entropy_side": 7.829226016998291,
          "hz": 14151.364845322005
        },
        {
          "acoustic_entropy": 7.849041938781738,
          "acoustic_entropy_side": 7.823272228240967,
          "hz": 15466.58407886509
        },
        {
          "acoustic_entropy": 7.836637496948242,
          "acoustic_entropy_side": 7.8217902183532715,
          "hz": 16898.27756580493
        },
        {
          "acoustic_entropy": 7.838158130645752,
          "acoustic_entropy_side": 7.82202672958374,
          "hz": 18456.760127700032
        },
        {
          "acoustic_entropy": 7.83751106262207,
          "acoustic_entropy_side": 7.8233137130737305,
          "hz": 20153.260054456492
        },
        {
          "acoustic_entropy": 7.825876235961914,
          "acoustic_entropy_side": 7.8242340087890625,
          "hz": 22000.00000000001
        }
      ],
      "diff_acoustic_entropy": 7.333083629608154,
      "sn": 6
    },
    {
      "acoustic_entropy": 12.748984336853027,
      "acoustic_entropy_mono": 12.834981918334961,
      "band_eliminated_acoustic_entropies": [
        {
          "acoustic_entropy": 12.777782440185547,
          "acoustic_entropy_side": 12.748043060302734,
          "hz": 129.47220167065723
        },
        {
          "acoustic_entropy": 12.282054901123047,
          "acoustic_entropy_side": 12.72143268585205,
          "hz": 202.92927478742237
        },
        {
          "acoustic_entropy": 13.114474296569824,
          "acoustic_entropy_side": 12.736031532287598,
          "hz": 282.89161906338205
        },
        {
          "acoustic_entropy": 12.937880516052246,
          "acoustic_entropy_side": 12.752924919128418,
          "hz": 369.9353335868758
        },
        {
          "acoustic_entropy": 12.289507865905762,
          "acoustic_entropy_side": 13.045088768005371,
          "hz": 464.6875360973435
        },
        {
          "acoustic_entropy": 11.70641803741455,
          "acoustic_entropy_side": 12.643177032470703,
          "hz": 567.8308811364784
        },
        {
          "acoustic_entropy": 12.476984977722168,
          "acoustic_entropy_side": 12.820549964904785,
          "hz": 680.1084783214808
        },
        {
          "acoustic_entropy": 12.2188138961792,
          "acoustic_entropy_side": 12.587013244628906,
          "hz": 802.3292461747484
        },
        {
          "acoustic_entropy": 12.655457496643066,
          "acoustic_entropy_side": 12.628016471862793,
          "hz": 935.3737400823702
        },
        {
          "acoustic_entropy": 12.752591133117676,
          "acoustic_entropy_side": 12.586902618408203,
          "hz": 1080.2004963696966
        },
        {
          "acoustic_entropy": 12.445314407348633,
          "acoustic_entropy_side": 12.991767883300781,
          "hz": 1237.8529382007157
        },
        {
          "acoustic_entropy": 12.45382022857666,
          "acoustic_entropy_side": 12.73045825958252,
          "hz": 1409.4668930556702
        },
        {
          "acoustic_entropy": 12.811638832092285,
          "acoustic_entropy_side": 12.941207885742188,
          "hz": 1596.2787759475705
        },
        {
          "acoustic_entropy": 12.069388389587402,
          "acoustic_entropy_side": 12.546785354614258,
          "hz": 1799.6344973346393
        },
        {
          "acoustic_entropy": 12.665959358215332,
          "acoustic_entropy_side": 12.741912841796875,
          "hz": 2020.9991599069049
        },
        {
          "acoustic_entropy": 12.967985153198242,
          "acoustic_entropy_side": 12.886887550354004,
          "hz": 2261.9676141086993
        },
        {
          "acoustic_entropy": 13.232730865478516,
          "acoustic_entropy_side": 12.906758308410645,
          "hz": 2524.2759484456974
        },
        {
          "acoustic_entropy": 13.076262474060059,
          "acoustic_entropy_side": 12.9489164352417,
          "hz": 2809.813997359896
        },
        {
          "acoustic_entropy": 13.096396446228027,
          "acoustic_entropy_side": 12.954455375671387,
          "hz": 3120.6389567871424
        },
        {
          "acoustic_entropy": 12.949797630310059,
          "acoustic_entropy_side": 12.738566398620605,
          "hz": 3458.990205492291
        },
        {
          "acoustic_entropy": 13.094611167907715,
          "acoustic_entropy_side": 12.809809684753418,
          "hz": 3827.305438964164
        },
        {
          "acoustic_entropy": 12.651750564575195,
          "acoustic_entropy_side": 12.653112411499023,
          "hz": 4228.238232109126
        },
        {
          "acoustic_entropy": 12.79468822479248,
          "acoustic_entropy_side": 12.702845573425293,
          "hz": 4664.6771572759235
        },
        {
          "acoustic_entropy": 12.502036094665527,
          "acoustic_entropy_side": 12.645971298217773,
          "hz": 5139.766595350093
        },
        {
          "acoustic_entropy": 12.433439254760742,
          "acoustic_entropy_side": 12.639092445373535,
          "hz": 5656.929389854203
        },
        {
          "acoustic_entropy": 12.423007011413574,
          "acoustic_entropy_side": 12.653395652770996,
          "hz": 6219.891507268283
        },
        {
          "acoustic_entropy": 12.524205207824707,
          "acoustic_entropy_side": 12.692065238952637,
          "hz": 6832.70888123896
        },
        {
          "acoustic_entropy": 12.569417953491211,
          "acoustic_entropy_side": 12.719096183776855,
          "hz": 7499.796634079867
        },
        {
          "acoustic_entropy": 12.664410591125488,
          "acoustic_entropy_side": 12.7748441696167,
          "hz": 8225.96088609342
        },
        {
          "acoustic_entropy": 12.75071907043457,
          "acoustic_entropy_side": 12.749584197998047,
          "hz": 9016.43338188839
        },
        {
          "acoustic_entropy": 12.776754379272461,
          "acoustic_entropy_side": 12.784869194030762,
          "hz": 9876.909183162974
        },
        {
          "acoustic_entropy": 12.771174430847168,
          "acoustic_entropy_side": 12.737236022949219,
          "hz": 10813.587699516042
        },
        {
          "acoustic_entropy": 12.67616081237793,
          "acoustic_entropy_side": 12.750844955444336,
          "hz": 11833.21735289826
        },
        {
          "acoustic_entropy": 12.653873443603516,
          "acoustic_entropy_side": 12.747891426086426,
          "hz": 12943.144197493959
        },
        {
          "acoustic_entropy": 12.46642780303955,
          "acoustic_entropy_side": 12.731027603149414,
          "hz": 14151.364845322005
        },
        {
          "acoustic_entropy": 12.613187789916992,
          "acoustic_entropy_side": 12.733638763427734,
          "hz": 15466.58407886509
        },
        {
          "acoustic_entropy": 12.663689613342285,
          "acoustic_entropy_side": 12.74019718170166,
          "hz": 16898.27756580493
        },
        {
          "acoustic_entropy": 12.693354606628418,
          "acoustic_entropy_side": 12.745325088500977,
          "hz": 18456.760127700032
        },
        {
          "acoustic_entropy": 12.690617561340332,
          "acoustic_entropy_side": 12.746203422546387,
          "hz": 20153.260054456492
        },
        {
          "acoustic_entropy": 12.74091911315918,
          "acoustic_entropy_side": 12.748774528503418,
          "hz": 22000.00000000001
        }
      ],
      "diff_acoustic_entropy": 12.080802917480469,
      "sn": 12
    },
    {
      "acoustic_entropy": 18.031248092651367,
      "acoustic_entropy_mono": 17.36684799194336,
      "band_eliminated_acoustic_entropies": [
        {
          "acoustic_entropy": 18.707258224487305,
          "acoustic_entropy_side": 18.18623924255371,
          "hz": 129.47220167065723
        },
        {
          "acoustic_entropy": 18.307781219482422,
          "acoustic_entropy_side": 18.29475212097168,
          "hz": 202.92927478742237
        },
        {
          "acoustic_entropy": 18.588184356689453,
          "acoustic_entropy_side": 18.101287841796875,
          "hz": 282.89161906338205
        },
        {
          "acoustic_entropy": 18.336286544799805,
          "acoustic_entropy_side": 17.562074661254883,
          "hz": 369.9353335868758
        },
        {
          "acoustic_entropy": 19.236534118652344,
          "acoustic_entropy_side": 18.14829444885254,
          "hz": 464.6875360973435
        },
        {
          "acoustic_entropy": 17.63847541809082,
          "acoustic_entropy_side": 18.879898071289062,
          "hz": 567.8308811364784
        },
        {
          "acoustic_entropy": 18.45573616027832,
          "acoustic_entropy_side": 17.88567543029785,
          "hz": 680.1084783214808
        },
        {
          "acoustic_entropy": 18.017345428466797,
          "acoustic_entropy_side": 18.3529109954834,
          "hz": 802.3292461747484
        },
        {
          "acoustic_entropy": 18.582979202270508,
          "acoustic_entropy_side": 18.276765823364258,
          "hz": 935.3737400823702
        },
        {
          "acoustic_entropy": 18.05691146850586,
          "acoustic_entropy_side": 18.081239700317383,
          "hz": 1080.2004963696966
        },
        {
          "acoustic_entropy": 18.19247055053711,
          "acoustic_entropy_side": 18.532712936401367,
          "hz": 1237.8529382007157
        },
        {
          "acoustic_entropy": 18.843345642089844,
          "acoustic_entropy_side": 18.59942626953125,
          "hz": 1409.4668930556702
        },
        {
          "acoustic_entropy": 18.08724021911621,
          "acoustic_entropy_side": 18.09300994873047,
          "hz": 1596.2787759475705
        },
        {
          "acoustic_entropy": 18.418001174926758,
          "acoustic_entropy_side": 17.859033584594727,
          "hz": 1799.6344973346393
        },
        {
          "acoustic_entropy": 18.346923828125,
          "acoustic_entropy_side": 18.016420364379883,
          "hz": 2020.9991599069049
        },
        {
          "acoustic_entropy": 18.57155418395996,
          "acoustic_entropy_side": 17.9501895904541,
          "hz": 2261.9676141086993
        },
        {
          "acoustic_entropy": 18.25619125366211,
          "acoustic_entropy_side": 17.959636688232422,
          "hz": 2524.2759484456974
        },
        {
          "acoustic_entropy": 18.34922218322754,
          "acoustic_entropy_side": 18.352581024169922,
          "hz": 2809.813997359896
        },
        {
          "acoustic_entropy": 18.044076919555664,
