{
  "acoustic_entropy": 157.07496643066406,
  "bands": [
    {
      "high_freq": 148.1999969482422,
      "loudness": -32.33917999267578,
      "loudness_range": 10.51838493347168,
      "mid_mean": -29.005266189575195,
      "mid_to_side_loudness": -10.90535831451416,
      "mid_to_side_loudness_range": 7.592337131500244,
      "side_mean": -40.215694427490234
    },
    {
      "high_freq": 392.3793640136719,
      "loudness": -26.34624481201172,
      "loudness_range": 8.813034057617188,
      "low_freq": 148.1999969482422,
      "mid_mean": -22.741559982299805,
      "mid_to_side_loudness": -16.86522102355957,
      "mid_to_side_loudness_range": 5.919833183288574,
      "side_mean": -39.71654510498047
    },
    {
      "high_freq": 794.6976318359375,
      "loudness": -35.411128997802734,
      "loudness_range": 23.651962280273438,
      "low_freq": 392.3793640136719,
      "mid_mean": -31.9357852935791,
      "mid_to_side_loudness": -15.488334655761719,
      "mid_to_side_loudness_range": 13.534936904907227,
      "side_mean": -47.4421272277832
    },
    {
      "high_freq": 1457.5709228515625,
      "loudness": -41.335609436035156,
      "loudness_range": 23.470375061035156,
      "low_freq": 794.6976318359375,
      "mid_mean": -38.23036575317383,
      "mid_to_side_loudness": -10.426220893859863,
      "mid_to_side_loudness_range": 13.786951065063477,
      "side_mean": -48.665130615234375
    },
    {
      "high_freq": 2549.74365234375,
      "loudness": -40.74635696411133,
      "loudness_range": 28.4451904296875,
      "low_freq": 1457.5709228515625,
      "mid_mean": -37.72031784057617,
      "mid_to_side_loudness": -9.315537452697754,
      "mid_to_side_loudness_range": 11.10291576385498,
      "side_mean": -46.92619323730469
    },
    {
      "high_freq": 4349.24462890625,
      "loudness": -40.61052703857422,
      "loudness_range": 28.731246948242188,
      "low_freq": 2549.74365234375,
      "mid_mean": -37.924068450927734,
      "mid_to_side_loudness": -6.5894293785095215,
      "mid_to_side_loudness_range": 7.207566738128662,
      "side_mean": -44.485103607177734
    },
    {
      "high_freq": 7314.1640625,
      "loudness": -43.98128128051758,
      "loudness_range": 27.426925659179688,
      "low_freq": 4349.24462890625,
      "mid_mean": -42.52812957763672,
      "mid_to_side_loudness": -2.418064832687378,
      "mid_to_side_loudness_range": 7.223236083984375,
      "side_mean": -44.92655944824219
    },
    {
      "high_freq": 12199.2666015625,
      "loudness": -50.966243743896484,
      "loudness_range": 27.107723236083984,
      "low_freq": 7314.1640625,
      "mid_mean": -50.25675964355469,
      "mid_to_side_loudness": -1.608416199684143,
      "mid_to_side_loudness_range": 8.5736665725708,
      "side_mean": -51.770015716552734
    },
    {
      "loudness": -63.79118728637695,
      "loudness_range": 26.298091888427734,
      "low_freq": 12199.2666015625,
      "mid_mean": -61.025630950927734,
      "mid_to_side_loudness": -2.8982114791870117,
      "mid_to_side_loudness_range": 6.3541178703308105,
      "side_mean": -63.1162223815918
    }
  ],
  "bands_short": [
    {
      "high_freq": 148.1999969482422,
      "loudness": -38.123992919921875,
      "loudness_range": 15.61855697631836,
      "mid_mean": -35.21637725830078,
      "mid_to_side_loudness": -7.936500549316406,
      "mid_to_side_loudness_range": 11.290277481079102,
      "side_mean": -43.26018524169922
    },
    {
      "high_freq": 392.3793640136719,
      "loudness": -26.143075942993164,
      "loudness_range": 10.594827651977539,
      "low_freq": 148.1999969482422,
      "mid_mean": -22.562789916992188,
      "mid_to_side_loudness": -16.125246047973633,
      "mid_to_side_loudness_range": 6.917235374450684,
      "side_mean": -38.823875427246094
    },
    {
      "high_freq": 794.6976318359375,
      "loudness": -35.753292083740234,
      "loudness_range": 24.86859130859375,
      "low_freq": 392.3793640136719,
      "mid_mean": -32.28174591064453,
      "mid_to_side_loudness": -16.605846405029297,
      "mid_to_side_loudness_range": 15.258413314819336,
      "side_mean": -49.042755126953125
    },
    {
      "high_freq": 1457.5709228515625,
      "loudness": -42.03896713256836,
      "loudness_range": 27.628686904907227,
      "low_freq": 794.6976318359375,
      "mid_mean": -38.88385772705078,
      "mid_to_side_loudness": -12.682713508605957,
      "mid_to_side_loudness_range": 17.0617733001709,
      "side_mean": -51.76505661010742
    },
    {
      "high_freq": 2549.74365234375,
      "loudness": -42.1950569152832,
      "loudness_range": 32.40515899658203,
      "low_freq": 1457.5709228515625,
      "mid_mean": -39.162567138671875,
      "mid_to_side_loudness": -10.326814651489258,
      "mid_to_side_loudness_range": 13.057008743286133,
      "side_mean": -49.866416931152344
    },
    {
      "high_freq": 4349.24462890625,
      "loudness": -42.15757369995117,
      "loudness_range": 32.262779235839844,
      "low_freq": 2549.74365234375,
      "mid_mean": -39.46449661254883,
      "mid_to_side_loudness": -7.057877063751221,
      "mid_to_side_loudness_range": 7.559399127960205,
      "side_mean": -46.68559265136719
    },
    {
      "high_freq": 7314.1640625,
      "loudness": -46.39405822753906,
      "loudness_range": 30.740238189697266,
      "low_freq": 4349.24462890625,
      "mid_mean": -45.297237396240234,
      "mid_to_side_loudness": -2.3038887977600098,
      "mid_to_side_loudness_range": 8.45267105102539,
      "side_mean": -47.64478302001953
    },
    {
      "high_freq": 12199.2666015625,
      "loudness": -53.63895797729492,
      "loudness_range": 30.61071014404297,
      "low_freq": 7314.1640625,
      "mid_mean": -52.970481872558594,
      "mid_to_side_loudness": -1.4130982160568237,
      "mid_to_side_loudness_range": 9.508613586425781,
      "side_mean": -54.27311706542969
    },
    {
      "loudness": -63.33285140991211,
      "loudness_range": 26.771087646484375,
      "low_freq": 12199.2666015625,
      "mid_mean": -62.32111740112305,
      "mid_to_side_loudness": -2.885941982269287,
      "mid_to_side_loudness_range": 5.6636433601379395,
      "side_mean": -64.22122955322266
    }
  ],
  "bandwidth": 606.1818237304688,
  "channels": 2,
  "covariance": [
    [
      16.943016052246094,
      9.268865585327148,
      4.6348700523376465,
      3.692002058029175,
      7.128087043762207,
      4.684657096862793,
      2.3734097480773926,
      3.263920307159424,
      2.6160085201263428,
      2.402883291244507,
      2.313223123550415,
      2.688001871109009,
      2.7272841930389404,
      3.545881748199463,
      6.21779203414917,
      6.987003803253174,
      2.537916660308838,
      2.2434964179992676
    ],
    [
      9.268865585327148,
      10.700662612915039,
      3.522301197052002,
      3.179117441177368,
      4.9923553466796875,
      3.5737497806549072,
      4.219976425170898,
      4.316177845001221,
      4.474325656890869,
      3.771162748336792,
      4.33927059173584,
      4.002708435058594,
      4.9090166091918945,
      5.098984718322754,
      9.200520515441895,
      9.453831672668457,
      4.943562984466553,
      4.150258541107178
    ],
    [
      4.6348700523376465,
      3.522301197052002,
      12.360625267028809,
      11.942486763000488,
      13.910273551940918,
      13.366262435913086,
      14.62675666809082,
      11.685163497924805,
      15.510712623596191,
      11.468354225158691,
      13.970556259155273,
      12.453314781188965,
      12.33568000793457,
      11.922455787658691,
      14.867363929748535,
      14.221476554870605,
      8.782147407531738,
      6.807399272918701
    ],
    [
      3.692002058029175,
      3.179117441177368,
      11.942486763000488,
      15.483055114746094,
      19.373788833618164,
      20.587722778320312,
      21.329248428344727,
      17.55121421813965,
      22.933475494384766,
      17.67371368408203,
      22.250822067260742,
      19.367643356323242,
      21.142375946044922,
      18.499391555786133,
      24.39455795288086,
      21.637351989746094,
      16.81244468688965,
      12.58257007598877
    ],
    [
      7.128087043762207,
      4.9923553466796875,
      13.910273551940918,
      19.373788833618164,
      65.81245422363281,
      58.01665496826172,
      58.46835708618164,
      39.08877944946289,
      66.79698944091797,
      48.717994689941406,
      63.93901443481445,
      53.28733825683594,
      55.27861404418945,
      45.23352813720703,
      58.2193489074707,
      47.52212905883789,
      46.14081573486328,
      33.05044937133789
    ],
    [
      4.684657096862793,
      3.5737497806549072,
      13.366262435913086,
      20.587722778320312,
      58.01665496826172,
      69.44210815429688,
      56.35247802734375,
      47.46872329711914,
      64.49522399902344,
      52.06232452392578,
      61.89618682861328,
      53.6815185546875,
      57.076663970947266,
      46.034706115722656,
      61.75209045410156,
      49.46189880371094,
      47.66163635253906,
      34.06483840942383
    ],
    [
      2.3734097480773926,
      4.219976425170898,
      14.62675666809082,
      21.329248428344727,
      58.46835708618164,
      56.35247802734375,
      73.53983306884766,
      52.345947265625,
      74.51766204833984,
      55.1506462097168,
      69.71403503417969,
      58.58460235595703,
      60.7242317199707,
      50.15797805786133,
      61.99688720703125,
      50.32984161376953,
      50.19249725341797,
      35.81680679321289
    ],
    [
      3.263920307159424,
      4.316177845001221,
      11.685163497924805,
      17.55121421813965,
      39.08877944946289,
      47.46872329711914,
      52.345947265625,
      53.702247619628906,
      52.54487228393555,
      45.25773620605469,
      49.3265495300293,
      44.80478286743164,
      45.471492767333984,
      38.20151138305664,
      49.335914611816406,
      40.03205871582031,
      38.07119369506836,
      27.321514129638672
    ],
    [
      2.6160085201263428,
      4.474325656890869,
      15.510712623596191,
      22.933475494384766,
      66.79698944091797,
      64.49522399902344,
      74.51766204833984,
      52.54487228393555,
      98.3236312866211,
      72.17562103271484,
      89.85255432128906,
      75.36007690429688,
      77.0309829711914,
      64.15782928466797,
      76.85084533691406,
      63.12254333496094,
      61.06834411621094,
      44.337066650390625
    ],
    [
      2.402883291244507,
      3.771162748336792,
      11.468354225158691,
      17.67371368408203,
      48.717994689941406,
      52.06232452392578,
      55.1506462097168,
      45.25773620605469,
      72.17562103271484,
      61.05086898803711,
      68.06109619140625,
      60.62345504760742,
      61.793540954589844,
      51.759517669677734,
      63.63451385498047,
      51.58604049682617,
      49.83335494995117,
      36.44300842285156
    ],
    [
      2.313223123550415,
      4.33927059173584,
      13.970556259155273,
      22.250822067260742,
      63.93901443481445,
      61.89618682861328,
      69.71403503417969,
      49.3265495300293,
      89.85255432128906,
      68.06109619140625,
      97.03092956542969,
      83.07466125488281,
      89.83806610107422,
      75.66941833496094,
      87.20974731445312,
      73.1800765991211,
      67.13373565673828,
      50.37356948852539
    ],
    [
      2.688001871109009,
      4.002708435058594,
      12.453314781188965,
      19.367643356323242,
      53.28733825683594,
      53.6815185546875,
      58.58460235595703,
      44.80478286743164,
      75.36007690429688,
      60.62345504760742,
      83.07466125488281,
      75.63591003417969,
      80.29317474365234,
      68.93695831298828,
      79.21271514892578,
      66.57942199707031,
      59.73664855957031,
      45.2474250793457
    ],
    [
      2.7272841930389404,
      4.9090166091918945,
      12.33568000793457,
      21.142375946044922,
      55.27861404418945,
      57.076663970947266,
      60.7242317199707,
      45.471492767333984,
      77.0309829711914,
      61.793540954589844,
      89.83806610107422,
      80.29317474365234,
      112.76509094238281,
      94.1316146850586,
      105.38522338867188,
      92.20774841308594,
      72.9909896850586,
      59.37204360961914
    ],
    [
      3.545881748199463,
      5.098984718322754,
      11.922455787658691,
      18.499391555786133,
      45.23352813720703,
      46.034706115722656,
      50.15797805786133,
      38.20151138305664,
      64.15782928466797,
      51.759517669677734,
      75.66941833496094,
      68.93695831298828,
      94.1316146850586,
      82.70110321044922,
      86.2358169555664,
      78.29927825927734,
      57.48037338256836,
      47.966129302978516
    ],
    [
      6.21779203414917,
      9.200520515441895,
      14.867363929748535,
      24.39455795288086,
      58.2193489074707,
      61.75209045410156,
      61.99688720703125,
      49.335914611816406,
      76.85084533691406,
      63.63451385498047,
      87.20974731445312,
      79.21271514892578,
      105.38522338867188,
      86.2358169555664,
      114.55287170410156,
      97.24665832519531,
      80.02745819091797,
      63.38429641723633
    ],
    [
      6.987003803253174,
      9.453831672668457,
      14.221476554870605,
      21.637351989746094,
      47.52212905883789,
      49.46189880371094,
      50.32984161376953,
      40.03205871582031,
      63.12254333496094,
      51.58604049682617,
      73.1800765991211,
      66.57942199707031,
      92.20774841308594,
      78.29927825927734,
      97.24665832519531,
      87.5275650024414,
      64.1023941040039,
      52.89661407470703
    ],
    [
      2.537916660308838,
      4.943562984466553,
      8.782147407531738,
      16.81244468688965,
      46.14081573486328,
      47.66163635253906,
      50.19249725341797,
      38.07119369506836,
      61.06834411621094,
      49.83335494995117,
      67.13373565673828,
      59.73664855957031,
      72.9909896850586,
      57.48037338256836,
      80.02745819091797,
      64.1023941040039,
      64.27766418457031,
      48.39793395996094
    ],
    [
      2.2434964179992676,
      4.150258541107178,
      6.807399272918701,
      12.58257007598877,
      33.05044937133789,
      34.06483840942383,
      35.81680679321289,
      27.321514129638672,
      44.337066650390625,
      36.44300842285156,
      50.37356948852539,
      45.2474250793457,
      59.37204360961914,
      47.966129302978516,
      63.38429641723633,
      52.89661407470703,
      48.39793395996094,
      38.33511734008789
    ]
  ],
  "covariance_short": [
    [
      35.04117965698242,
      20.976375579833984,
      8.996026992797852,
      6.99472188949585,
      8.510623931884766,
      7.940700054168701,
      9.081403732299805,
      10.087191581726074,
      8.847637176513672,
      11.336596488952637,
      9.039888381958008,
      9.204353332519531,
      10.763850212097168,
      11.891594886779785,
      11.786137580871582,
      12.793498039245605,
      6.362362861633301,
      5.376512050628662
    ],
    [
      20.976375579833984,
      20.723222732543945,
      3.3992326259613037,
      3.268479108810425,
      5.533717155456543,
      6.372880935668945,
      7.3884077072143555,
      9.38201904296875,
      7.638821125030518,
      10.086164474487305,
      8.20341682434082,
      7.993288516998291,
      9.99457836151123,
      10.066549301147461,
      11.159066200256348,
      11.110200881958008,
      6.603343963623047,
      5.3974175453186035
    ],
    [
      8.996026992797852,
      3.3992326259613037,
      18.404253005981445,
      14.840202331542969,
      16.31279945373535,
      15.081748962402344,
      14.474665641784668,
      12.620320320129395,
      14.39318561553955,
      15.012188911437988,
      11.94392204284668,
      12.178638458251953,
      8.651908874511719,
      10.557354927062988,
      10.030611038208008,
      10.188036918640137,
      5.758995532989502,
      4.015677452087402
    ],
    [
      6.99472188949585,
      3.268479108810425,
      14.840202331542969,
      17.452945709228516,
      18.097673416137695,
      20.690414428710938,
      17.141712188720703,
      17.72164535522461,
      18.373489379882812,
      19.922964096069336,
      17.118633270263672,
      16.808948516845703,
      15.180356979370117,
      15.230449676513672,
      17.130456924438477,
      15.571463584899902,
      11.391473770141602,
      8.163068771362305
    ],
    [
      8.510623931884766,
      5.533717155456543,
      16.31279945373535,
      18.097673416137695,
      68.85589599609375,
      63.66111755371094,
      61.96897506713867,
      47.776275634765625,
      70.09042358398438,
      60.01548385620117,
      67.66796112060547,
      60.71216583251953,
      57.915855407714844,
      50.90400695800781,
      57.57682418823242,
      48.10820007324219,
      42.53413009643555,
      30.410890579223633
    ],
    [
      7.940700054168701,
      6.372880935668945,
      15.081748962402344,
      20.690414428710938,
      63.66111755371094,
      83.6905517578125,
      64.44528198242188,
      64.87767791748047,
      73.97278594970703,
      73.12479400634766,
      72.03128814697266,
      67.51080322265625,
      68.74234008789062,
      58.44422149658203,
      72.0684814453125,
      58.71311569213867,
      52.22833251953125,
      37.68804168701172
    ],
    [
      9.081403732299805,
      7.3884077072143555,
      14.474665641784668,
      17.141712188720703,
      61.96897506713867,
      64.44528198242188,
      89.88447570800781,
      71.44248962402344,
      84.47760772705078,
      73.52241516113281,
      80.01786804199219,
      72.76671600341797,
      73.35810852050781,
      64.16786193847656,
      70.43818664550781,
      58.70550537109375,
      52.243350982666016,
      37.77406692504883
    ],
    [
      10.087191581726074,
      9.38201904296875,
      12.620320320129395,
      17.72164535522461,
      47.776275634765625,
      64.87767791748047,
      71.44248962402344,
      90.45433807373047,
      68.96643829345703,
      79.48310852050781,
      65.0076904296875,
      65.39016723632812,
      65.0784912109375,
      57.81138610839844,
      70.2242202758789,
      58.11934280395508,
      48.73295593261719,
      35.63374710083008
    ],
    [
      8.847637176513672,
      7.638821125030518,
      14.39318561553955,
      18.373489379882812,
      70.09042358398438,
      73.97278594970703,
      84.47760772705078,
      68.96643829345703,
      115.7123794555664,
      97.3653793334961,
      107.06977081298828,
      97.1754379272461,
      94.62164306640625,
      83.41714477539062,
      89.53033447265625,
      76.60469818115234,
      64.59449768066406,
      47.74345016479492
    ],
    [
      11.336596488952637,
      10.086164474487305,
      15.012188911437988,
      19.922964096069336,
      60.01548385620117,
      73.12479400634766,
      73.52241516113281,
      79.48310852050781,
      97.3653793334961,
      104.32136535644531,
      92.33451080322266,
      90.4281997680664,
      87.18266296386719,
      78.02838897705078,
      91.30217742919922,
      77.25513458251953,
      62.70521926879883,
      46.5693473815918
    ],
    [
      9.039888381958008,
      8.20341682434082,
      11.94392204284668,
      17.118633270263672,
      67.66796112060547,
      72.03128814697266,
      80.01786804199219,
      65.0076904296875,
      107.06977081298828,
      92.33451080322266,
      121.2381591796875,
      109.21041107177734,
      111.4227066040039,
      98.34156799316406,
      104.05512237548828,
      90.39173889160156,
      73.66926574707031,
      56.155906677246094
    ],
    [
      9.204353332519531,
      7.993288516998291,
      12.178638458251953,
      16.808948516845703,
      60.71216583251953,
      67.51080322265625,
      72.76671600341797,
      65.39016723632812,
      97.1754379272461,
      90.4281997680664,
      109.21041107177734,
      106.34564971923828,
      104.98006439208984,
      94.50929260253906,
      99.65716552734375,
      86.81372833251953,
      68.93545532226562,
      52.92058563232422
    ],
    [
      10.763850212097168,
      9.99457836151123,
      8.651908874511719,
      15.180356979370117,
      57.915855407714844,
      68.74234008789062,
      73.35810852050781,
      65.0784912109375,
      94.62164306640625,
      87.18266296386719,
      111.4227066040039,
      104.98006439208984,
      134.89810180664062,
      115.50285339355469,
      125.01496887207031,
      109.04855346679688,
      83.35485076904297,
      66.84810638427734
    ],
    [
      11.891594886779785,
      10.066549301147461,
      10.557354927062988,
      15.230449676513672,
      50.90400695800781,
      58.44422149658203,
      64.16786193847656,
      57.81138610839844,
      83.41714477539062,
      78.02838897705078,
      98.34156799316406,
      94.50929260253906,
      115.50285339355469,
      107.16737365722656,
      104.77587890625,
      95.89756774902344,
      67.16747283935547,
      55.11142349243164
    ],
    [
      11.786137580871582,
      11.159066200256348,
      10.030611038208008,
      17.130456924438477,
      57.57682418823242,
      72.0684814453125,
      70.43818664550781,
      70.2242202758789,
      89.53033447265625,
      91.30217742919922,
      104.05512237548828,
      99.65716552734375,
      125.01496887207031,
      104.77587890625,
      131.15567016601562,
      110.65571594238281,
      87.82598114013672,
      69.0194091796875
    ],
    [
      12.793498039245605,
      11.110200881958008,
      10.188036918640137,
      15.571463584899902,
      48.10820007324219,
      58.71311569213867,
      58.70550537109375,
      58.11934280395508,
      76.60469818115234,
      77.25513458251953,
      90.39173889160156,
      86.81372833251953,
      109.04855346679688,
      95.89756774902344,
      110.65571594238281,
      99.56694030761719,
      70.87489318847656,
      57.700904846191406
    ],
    [
      6.362362861633301,
      6.603343963623047,
      5.758995532989502,
      11.391473770141602,
      42.53413009643555,
      52.22833251953125,
      52.243350982666016,
      48.73295593261719,
      64.59449768066406,
      62.70521926879883,
      73.66926574707031,
      68.93545532226562,
      83.35485076904297,
      67.16747283935547,
      87.82598114013672,
      70.87489318847656,
      66.31034088134766,
      50.35118103027344
    ],
    [
      5.376512050628662,
      5.3974175453186035,
      4.015677452087402,
      8.163068771362305,
      30.410890579223633,
      37.68804168701172,
      37.77406692504883,
      35.63374710083008,
      47.74345016479492,
      46.5693473815918,
      56.155906677246094,
      52.92058563232422,
      66.84810638427734,
      55.11142349243164,
      69.0194091796875,
      57.700904846191406,
      50.35118103027344,
      40.08464813232422
    ]
  ],
  "damage": -13.395631790161133,
  "diff_bandwidth": 678.0339965820312,
  "dissonance": 6.699359357113518,
  "drr": 13.2876615524292,
  "dynamics": 3.975560188293457,
  "format": 1245190,
  "frames": 13828032,
  "loudness": -19.70164680480957,
  "loudness_range": 11.570828437805176,
  "loudness_range_short": 13.583580017089844,
  "lowpass_true_peak_15khz": -2.3702268600463867,
  "mastering3_acoustic_entropies": [
    {
      "acoustic_entropy": 6.683696746826172,
      "acoustic_entropy_mono": 6.5791707038879395,
      "band_eliminated_acoustic_entropies": [
        {
          "acoustic_entropy": 6.691556453704834,
          "acoustic_entropy_side": 6.683226585388184,
          "hz": 129.47220167065723
        },
        {
          "acoustic_entropy": 7.117544174194336,
          "acoustic_entropy_side": 6.690057754516602,
          "hz": 202.92927478742237
        },
        {
          "acoustic_entropy": 7.05458402633667,
          "acoustic_entropy_side": 6.693698406219482,
          "hz": 282.89161906338205
        },
        {
          "acoustic_entropy": 7.376706600189209,
          "acoustic_entropy_side": 6.688870429992676,
          "hz": 369.9353335868758
        },
        {
          "acoustic_entropy": 7.000494956970215,
          "acoustic_entropy_side": 6.681483268737793,
          "hz": 464.6875360973435
        },
        {
          "acoustic_entropy": 6.691556930541992,
          "acoustic_entropy_side": 6.679891109466553,
          "hz": 567.8308811364784
        },
        {
          "acoustic_entropy": 7.607831954956055,
          "acoustic_entropy_side": 6.673394680023193,
          "hz": 680.1084783214808
        },
        {
          "acoustic_entropy": 7.053246974945068,
          "acoustic_entropy_side": 6.6682047843933105,
          "hz": 802.3292461747484
        },
        {
          "acoustic_entropy": 6.88997220993042,
          "acoustic_entropy_side": 6.6815714836120605,
          "hz": 935.3737400823702
        },
        {
          "acoustic_entropy": 6.666745662689209,
          "acoustic_entropy_side": 6.668467998504639,
          "hz": 1080.2004963696966
        },
        {
          "acoustic_entropy": 6.582589149475098,
          "acoustic_entropy_side": 6.662647724151611,
          "hz": 1237.8529382007157
        },
        {
          "acoustic_entropy": 6.695971965789795,
          "acoustic_entropy_side": 6.682833194732666,
          "hz": 1409.4668930556702
        },
        {
          "acoustic_entropy": 6.545882701873779,
          "acoustic_entropy_side": 6.675980091094971,
          "hz": 1596.2787759475705
        },
        {
          "acoustic_entropy": 6.78070068359375,
          "acoustic_entropy_side": 6.707071781158447,
          "hz": 1799.6344973346393
        },
        {
          "acoustic_entropy": 6.420417308807373,
          "acoustic_entropy_side": 6.661491394042969,
          "hz": 2020.9991599069049
        },
        {
          "acoustic_entropy": 6.477340221405029,
          "acoustic_entropy_side": 6.6294450759887695,
          "hz": 2261.9676141086993
        },
        {
          "acoustic_entropy": 6.508482456207275,
          "acoustic_entropy_side": 6.643052101135254,
          "hz": 2524.2759484456974
        },
        {
          "acoustic_entropy": 6.477806091308594,
          "acoustic_entropy_side": 6.645036697387695,
          "hz": 2809.813997359896
        },
        {
          "acoustic_entropy": 6.337754249572754,
          "acoustic_entropy_side": 6.6055588722229,
          "hz": 3120.6389567871424
        },
        {
          "acoustic_entropy": 6.791199684143066,
          "acoustic_entropy_side": 6.71639347076416,
          "hz": 3458.990205492291
        },
        {
          "acoustic_entropy": 6.655264854431152,
          "acoustic_entropy_side": 6.730417251586914,
          "hz": 3827.305438964164
        },
        {
          "acoustic_entropy": 6.79096794128418,
          "acoustic_entropy_side": 6.703558921813965,
          "hz": 4228.238232109126
        },
        {
          "acoustic_entropy": 6.7557573318481445,
          "acoustic_entropy_side": 6.701831340789795,
          "hz": 4664.6771572759235
        },
        {
          "acoustic_entropy": 6.707272052764893,
          "acoustic_entropy_side": 6.686220645904541,
          "hz": 5139.766595350093
        },
        {
          "acoustic_entropy": 6.5898332595825195,
          "acoustic_entropy_side": 6.698202133178711,
          "hz": 5656.929389854203
        },
        {
          "acoustic_entropy": 6.629283428192139,
          "acoustic_entropy_side": 6.727532386779785,
          "hz": 6219.891507268283
        },
        {
          "acoustic_entropy": 6.640317916870117,
          "acoustic_entropy_side": 6.712861061096191,
          "hz": 6832.70888123896
        },
        {
          "acoustic_entropy": 6.661712646484375,
          "acoustic_entropy_side": 6.699356555938721,
          "hz": 7499.796634079867
        },
        {
          "acoustic_entropy": 6.6668243408203125,
          "acoustic_entropy_side": 6.688249588012695,
          "hz": 8225.96088609342
        },
        {
          "acoustic_entropy": 6.684913635253906,
          "acoustic_entropy_side": 6.682669639587402,
          "hz": 9016.43338188839
        },
        {
          "acoustic_entropy": 6.693394184112549,
          "acoustic_entropy_side": 6.682129859924316,
          "hz": 9876.909183162974
        },
        {
          "acoustic_entropy": 6.6998209953308105,
          "acoustic_entropy_side": 6.681475639343262,
          "hz": 10813.587699516042
        },
        {
          "acoustic_entropy": 6.71010160446167,
          "acoustic_entropy_side": 6.683978080749512,
          "hz": 11833.21735289826
        },
        {
          "acoustic_entropy": 6.709785461425781,
          "acoustic_entropy_side": 6.685917854309082,
          "hz": 12943.144197493959
        },
        {
          "acoustic_entropy": 6.691432952880859,
          "acoustic_entropy_side": 6.684157848358154,
          "hz": 14151.364845322005
        },
        {
          "acoustic_entropy": 6.684700965881348,
          "acoustic_entropy_side": 6.683732986450195,
          "hz": 15466.58407886509
        },
        {
          "acoustic_entropy": 6.683858871459961,
          "acoustic_entropy_side": 6.683699607849121,
          "hz": 16898.27756580493
        },
        {
          "acoustic_entropy": 6.683701992034912,
          "acoustic_entropy_side": 6.683696746826172,
          "hz": 18456.760127700032
        },
        {
          "acoustic_entropy": 6.68369722366333,
          "acoustic_entropy_side": 6.683696746826172,
          "hz": 20153.260054456492
        },
        {
          "acoustic_entropy": 6.683696746826172,
          "acoustic_entropy_side": 6.683696746826172,
          "hz": 22000.00000000001
        }
      ],
      "diff_acoustic_entropy": 4.902756214141846,
      "sn": 6
    },
    {
      "acoustic_entropy": 9.220373153686523,
      "acoustic_entropy_mono": 9.68637466430664,
      "band_eliminated_acoustic_entropies": [
        {
          "acoustic_entropy": 9.211682319641113,
          "acoustic_entropy_side": 9.228496551513672,
          "hz": 129.47220167065723
        },
        {
          "acoustic_entropy": 8.969626426696777,
          "acoustic_entropy_side": 9.201506614685059,
          "hz": 202.92927478742237
        },
        {
          "acoustic_entropy": 9.228747367858887,
          "acoustic_entropy_side": 9.221356391906738,
          "hz": 282.89161906338205
        },
        {
          "acoustic_entropy": 9.007963180541992,
          "acoustic_entropy_side": 9.230180740356445,
          "hz": 369.9353335868758
        },
        {
          "acoustic_entropy": 8.849761009216309,
          "acoustic_entropy_side": 9.244194984436035,
          "hz": 464.6875360973435
        },
        {
          "acoustic_entropy": 8.896899223327637,
          "acoustic_entropy_side": 9.373769760131836,
          "hz": 567.8308811364784
        },
        {
          "acoustic_entropy": 9.719600677490234,
          "acoustic_entropy_side": 9.601780891418457,
          "hz": 680.1084783214808
        },
        {
          "acoustic_entropy": 9.409430503845215,
          "acoustic_entropy_side": 9.44289493560791,
          "hz": 802.3292461747484
        },
        {
          "acoustic_entropy": 9.597476959228516,
          "acoustic_entropy_side": 9.302083969116211,
          "hz": 935.3737400823702
        },
        {
          "acoustic_entropy": 9.305803298950195,
          "acoustic_entropy_side": 9.55706787109375,
          "hz": 1080.2004963696966
        },
        {
          "acoustic_entropy": 9.65733528137207,
          "acoustic_entropy_side": 9.334823608398438,
          "hz": 1237.8529382007157
        },
        {
          "acoustic_entropy": 9.156248092651367,
          "acoustic_entropy_side": 9.258390426635742,
          "hz": 1409.4668930556702
        },
        {
          "acoustic_entropy": 8.993388175964355,
          "acoustic_entropy_side": 9.291485786437988,
          "hz": 1596.2787759475705
        },
        {
          "acoustic_entropy": 9.40052604675293,
          "acoustic_entropy_side": 9.38027572631836,
          "hz": 1799.6344973346393
        },
        {
          "acoustic_entropy": 9.36229419708252,
          "acoustic_entropy_side": 9.330177307128906,
          "hz": 2020.9991599069049
        },
        {
          "acoustic_entropy": 9.232604026794434,
          "acoustic_entropy_side": 9.251120567321777,
          "hz": 2261.9676141086993
        },
        {
          "acoustic_entropy": 9.355881690979004,
          "acoustic_entropy_side": 9.209733009338379,
          "hz": 2524.2759484456974
        },
        {
          "acoustic_entropy": 9.17737865447998,
          "acoustic_entropy_side": 9.269533157348633,
          "hz": 2809.813997359896
        },
        {
          "acoustic_entropy": 9.147762298583984,
          "acoustic_entropy_side": 9.228527069091797,
          "hz": 3120.6389567871424
        },
        {
          "acoustic_entropy": 9.091792106628418,
          "acoustic_entropy_side": 9.179428100585938,
          "hz": 3458.990205492291
        },
        {
          "acoustic_entropy": 9.306133270263672,
          "acoustic_entropy_side": 9.162692070007324,
          "hz": 3827.305438964164
        },
        {
          "acoustic_entropy": 9.301243782043457,
          "acoustic_entropy_side": 9.226951599121094,
          "hz": 4228.238232109126
        },
        {
          "acoustic_entropy": 9.329010963439941,
          "acoustic_entropy_side": 9.21411418914795,
          "hz": 4664.6771572759235
        },
        {
          "acoustic_entropy": 9.254779815673828,
          "acoustic_entropy_side": 9.249761581420898,
          "hz": 5139.766595350093
        },
        {
          "acoustic_entropy": 9.221437454223633,
          "acoustic_entropy_side": 9.224455833435059,
          "hz": 5656.929389854203
        },
        {
          "acoustic_entropy": 9.177689552307129,
          "acoustic_entropy_side": 9.226637840270996,
          "hz": 6219.891507268283
        },
        {
          "acoustic_entropy": 9.214835166931152,
          "acoustic_entropy_side": 9.211761474609375,
          "hz": 6832.70888123896
        },
        {
          "acoustic_entropy": 9.192994117736816,
          "acoustic_entropy_side": 9.215865135192871,
          "hz": 7499.796634079867
        },
        {
          "acoustic_entropy": 9.23222541809082,
          "acoustic_entropy_side": 9.212149620056152,
          "hz": 8225.96088609342
        },
        {
          "acoustic_entropy": 9.22313404083252,
          "acoustic_entropy_side": 9.223021507263184,
          "hz": 9016.43338188839
        },
        {
          "acoustic_entropy": 9.188093185424805,
          "acoustic_entropy_side": 9.222393035888672,
          "hz": 9876.909183162974
        },
        {
          "acoustic_entropy": 9.175662994384766,
          "acoustic_entropy_side": 9.206198692321777,
          "hz": 10813.587699516042
        },
        {
          "acoustic_entropy": 9.137578010559082,
          "acoustic_entropy_side": 9.189717292785645,
          "hz": 11833.21735289826
        },
        {
          "acoustic_entropy": 9.133684158325195,
          "acoustic_entropy_side": 9.193155288696289,
          "hz": 12943.144197493959
        },
        {
          "acoustic_entropy": 9.185482025146484,
          "acoustic_entropy_side": 9.214670181274414,
          "hz": 14151.364845322005
        },
        {
          "acoustic_entropy": 9.216984748840332,
          "acoustic_entropy_side": 9.220032691955566,
          "hz": 15466.58407886509
        },
        {
          "acoustic_entropy": 9.219880104064941,
          "acoustic_entropy_side": 9.22035026550293,
          "hz": 16898.27756580493
        },
        {
          "acoustic_entropy": 9.220345497131348,
          "acoustic_entropy_side": 9.220369338989258,
          "hz": 18456.760127700032
        },
        {
          "acoustic_entropy": 9.220372200012207,
          "acoustic_entropy_side": 9.220373153686523,
          "hz": 20153.260054456492
        },
        {
          "acoustic_entropy": 9.220373153686523,
          "acoustic_entropy_side": 9.220373153686523,
          "hz": 22000.00000000001
        }
      ],
      "diff_acoustic_entropy": 7.1065168380737305,
      "sn": 12
    },
    {
      "acoustic_entropy": 13.33409309387207,
      "acoustic_entropy_mono": 13.26428508758545,
      "band_eliminated_acoustic_entropies": [
        {
          "acoustic_entropy": 13.81624698638916,
          "acoustic_entropy_side": 13.512834548950195,
          "hz": 129.47220167065723
        },
        {
          "acoustic_entropy": 14.248825073242188,
          "acoustic_entropy_side": 13.144267082214355,
          "hz": 202.92927478742237
        },
        {
          "acoustic_entropy": 13.204876899719238,
          "acoustic_entropy_side": 13.036703109741211,
          "hz": 282.89161906338205
        },
        {
          "acoustic_entropy": 13.762227058410645,
          "acoustic_entropy_side": 13.616625785827637,
          "hz": 369.9353335868758
        },
        {
          "acoustic_entropy": 13.682574272155762,
          "acoustic_entropy_side": 13.494250297546387,
          "hz": 464.6875360973435
        },
        {
          "acoustic_entropy": 13.431772232055664,
          "acoustic_entropy_side": 13.87411117553711,
          "hz": 567.8308811364784
        },
        {
          "acoustic_entropy": 14.570737838745117,
          "acoustic_entropy_side": 13.851710319519043,
          "hz": 680.1084783214808
        },
        {
          "acoustic_entropy": 14.48201847076416,
          "acoustic_entropy_side": 13.922396659851074,
          "hz": 802.3292461747484
        },
        {
          "acoustic_entropy": 13.549012184143066,
          "acoustic_entropy_side": 13.417326927185059,
          "hz": 935.3737400823702
        },
        {
          "acoustic_entropy": 13.425275802612305,
          "acoustic_entropy_side": 13.998250961303711,
          "hz": 1080.2004963696966
        },
        {
          "acoustic_entropy": 14.040417671203613,
          "acoustic_entropy_side": 13.740680694580078,
          "hz": 1237.8529382007157
        },
        {
          "acoustic_entropy": 13.92365837097168,
          "acoustic_entropy_side": 13.71700668334961,
          "hz": 1409.4668930556702
        },
        {
          "acoustic_entropy": 13.495904922485352,
          "acoustic_entropy_side": 13.590384483337402,
          "hz": 1596.2787759475705
        },
        {
          "acoustic_entropy": 13.027650833129883,
          "acoustic_entropy_side": 13.176372528076172,
          "hz": 1799.6344973346393
        },
        {
          "acoustic_entropy": 13.672649383544922,
          "acoustic_entropy_side": 13.430684089660645,
          "hz": 2020.9991599069049
        },
        {
          "acoustic_entropy": 13.63451099395752,
          "acoustic_entropy_side": 13.565900802612305,
          "hz": 2261.9676141086993
        },
        {
          "acoustic_entropy": 13.576183319091797,
          "acoustic_entropy_side": 13.662801742553711,
          "hz": 2524.2759484456974
        },
        {
          "acoustic_entropy": 13.451957702636719,
          "acoustic_entropy_side": 13.262001037597656,
          "hz": 2809.813997359896
        },
        {
          "acoustic_entropy": 13.716082572937012,
          "acoustic_entropy_side": 13.386799812316895,
          "hz": 3120.6389567871424
        },
        {
          "acoustic_entropy": 13.399816513061523,
          "acoustic_entropy_side": 13.341068267822266,
          "hz": 3458.990205492291
        },
        {
