{
  "acoustic_entropy": 222.03704833984375,
  "bands": [
    {
      "high_freq": 148.1999969482422,
      "loudness": -26.71125602722168,
      "loudness_range": 10.591039657592773,
      "mid_mean": -24.58353042602539,
      "mid_to_side_loudness": -3.9973652362823486,
      "mid_to_side_loudness_range": 6.213875770568848,
      "side_mean": -28.608469009399414
    },
    {
      "high_freq": 392.3793640136719,
      "loudness": -26.68354034423828,
      "loudness_range": 11.647647857666016,
      "low_freq": 148.1999969482422,
      "mid_mean": -25.69417953491211,
      "mid_to_side_loudness": -0.7896415591239929,
      "mid_to_side_loudness_range": 4.601825714111328,
      "side_mean": -26.46855926513672
    },
    {
      "high_freq": 794.6976318359375,
      "loudness": -26.319116592407227,
      "loudness_range": 9.838638305664062,
      "low_freq": 392.3793640136719,
      "mid_mean": -25.041587829589844,
      "mid_to_side_loudness": -1.4984221458435059,
      "mid_to_side_loudness_range": 5.3554229736328125,
      "side_mean": -26.53005027770996
    },
    {
      "high_freq": 1457.5709228515625,
      "loudness": -25.595787048339844,
      "loudness_range": 8.946783065795898,
      "low_freq": 794.6976318359375,
      "mid_mean": -24.047182083129883,
      "mid_to_side_loudness": -2.144582986831665,
      "mid_to_side_loudness_range": 5.004493236541748,
      "side_mean": -26.205646514892578
    },
    {
      "high_freq": 2549.74365234375,
      "loudness": -27.24469566345215,
      "loudness_range": 9.326488494873047,
      "low_freq": 1457.5709228515625,
      "mid_mean": -25.37089729309082,
      "mid_to_side_loudness": -3.0524489879608154,
      "mid_to_side_loudness_range": 4.954339027404785,
      "side_mean": -28.456932067871094
    },
    {
      "high_freq": 4349.24462890625,
      "loudness": -30.812847137451172,
      "loudness_range": 13.093801498413086,
      "low_freq": 2549.74365234375,
      "mid_mean": -28.830047607421875,
      "mid_to_side_loudness": -3.442674398422241,
      "mid_to_side_loudness_range": 5.671380996704102,
      "side_mean": -32.31897735595703
    },
    {
      "high_freq": 7314.1640625,
      "loudness": -38.611751556396484,
      "loudness_range": 14.343940734863281,
      "low_freq": 4349.24462890625,
      "mid_mean": -37.05087661743164,
      "mid_to_side_loudness": -2.1412904262542725,
      "mid_to_side_loudness_range": 4.008398056030273,
      "side_mean": -39.19224548339844
    },
    {
      "high_freq": 12199.2666015625,
      "loudness": -43.53641891479492,
      "loudness_range": 16.688766479492188,
      "low_freq": 7314.1640625,
      "mid_mean": -42.05909729003906,
      "mid_to_side_loudness": -1.7779552936553955,
      "mid_to_side_loudness_range": 2.0187811851501465,
      "side_mean": -43.82646560668945
    },
    {
      "loudness": -51.526397705078125,
      "loudness_range": 22.578399658203125,
      "low_freq": 12199.2666015625,
      "mid_mean": -49.462974548339844,
      "mid_to_side_loudness": -3.265209913253784,
      "mid_to_side_loudness_range": 3.176469326019287,
      "side_mean": -52.87849044799805
    }
  ],
  "bands_short": [
    {
      "high_freq": 148.1999969482422,
      "loudness": -28.999553680419922,
      "loudness_range": 14.459117889404297,
      "mid_mean": -26.563095092773438,
      "mid_to_side_loudness": -5.132645606994629,
      "mid_to_side_loudness_range": 8.454816818237305,
      "side_mean": -31.879213333129883
    },
    {
      "high_freq": 392.3793640136719,
      "loudness": -26.697214126586914,
      "loudness_range": 13.731666564941406,
      "low_freq": 148.1999969482422,
      "mid_mean": -25.870494842529297,
      "mid_to_side_loudness": -0.753426730632782,
      "mid_to_side_loudness_range": 7.929405212402344,
      "side_mean": -26.587257385253906
    },
    {
      "high_freq": 794.6976318359375,
      "loudness": -26.859155654907227,
      "loudness_range": 11.454839706420898,
      "low_freq": 392.3793640136719,
      "mid_mean": -25.782438278198242,
      "mid_to_side_loudness": -1.3888394832611084,
      "mid_to_side_loudness_range": 8.909586906433105,
      "side_mean": -27.163009643554688
    },
    {
      "high_freq": 1457.5709228515625,
      "loudness": -25.688819885253906,
      "loudness_range": 10.40266227722168,
      "low_freq": 794.6976318359375,
      "mid_mean": -24.322704315185547,
      "mid_to_side_loudness": -2.068244457244873,
      "mid_to_side_loudness_range": 8.595677375793457,
      "side_mean": -26.392410278320312
    },
    {
      "high_freq": 2549.74365234375,
      "loudness": -27.924264907836914,
      "loudness_range": 11.900476455688477,
      "low_freq": 1457.5709228515625,
      "mid_mean": -26.295970916748047,
      "mid_to_side_loudness": -2.7321829795837402,
      "mid_to_side_loudness_range": 8.4447660446167,
      "side_mean": -29.045318603515625
    },
    {
      "high_freq": 4349.24462890625,
      "loudness": -31.94878387451172,
      "loudness_range": 16.910531997680664,
      "low_freq": 2549.74365234375,
      "mid_mean": -30.162782669067383,
      "mid_to_side_loudness": -3.076599359512329,
      "mid_to_side_loudness_range": 7.801887035369873,
      "side_mean": -33.26639938354492
    },
    {
      "high_freq": 7314.1640625,
      "loudness": -39.62843704223633,
      "loudness_range": 18.106834411621094,
      "low_freq": 4349.24462890625,
      "mid_mean": -38.15098571777344,
      "mid_to_side_loudness": -2.1184535026550293,
      "mid_to_side_loudness_range": 5.091602325439453,
      "side_mean": -40.274559020996094
    },
    {
      "high_freq": 12199.2666015625,
      "loudness": -44.87103271484375,
      "loudness_range": 20.53421401977539,
      "low_freq": 7314.1640625,
      "mid_mean": -43.48225784301758,
      "mid_to_side_loudness": -1.8904298543930054,
      "mid_to_side_loudness_range": 3.3031911849975586,
      "side_mean": -45.44900131225586
    },
    {
      "loudness": -55.054847717285156,
      "loudness_range": 25.751663208007812,
      "low_freq": 12199.2666015625,
      "mid_mean": -53.30074691772461,
      "mid_to_side_loudness": -2.603161573410034,
      "mid_to_side_loudness_range": 3.8979992866516113,
      "side_mean": -55.69973373413086
    }
  ],
  "bandwidth": 586.0856323242188,
  "channels": 2,
  "covariance": [
    [
      17.533649444580078,
      14.726205825805664,
      12.9060640335083,
      13.544004440307617,
      10.139396667480469,
      11.52647590637207,
      8.65366268157959,
      9.33076286315918,
      8.365591049194336,
      11.137126922607422,
      10.992051124572754,
      12.88591480255127,
      13.806987762451172,
      16.40983772277832,
      17.667089462280273,
      18.73789405822754,
      19.74808692932129,
      18.182941436767578
    ],
    [
      14.726205825805664,
      16.742074966430664,
      11.187378883361816,
      11.855571746826172,
      8.002585411071777,
      9.016993522644043,
      7.832483291625977,
      7.724766254425049,
      7.422574996948242,
      9.068257331848145,
      10.074166297912598,
      10.365748405456543,
      11.485350608825684,
      12.488571166992188,
      13.749053001403809,
      14.072150230407715,
      14.584582328796387,
      13.473766326904297
    ],
    [
      12.9060640335083,
      11.187378883361816,
      16.843738555908203,
      15.899279594421387,
      10.334677696228027,
      11.770648002624512,
      8.784703254699707,
      9.285274505615234,
      8.654704093933105,
      11.117378234863281,
      12.119001388549805,
      13.505472183227539,
      14.650468826293945,
      17.28824806213379,
      18.18455696105957,
      19.31166648864746,
      21.82548713684082,
      20.10161781311035
    ],
    [
      13.544004440307617,
      11.855571746826172,
      15.899279594421387,
      17.51947021484375,
      10.465409278869629,
      11.90756893157959,
      9.084270477294922,
      9.518226623535156,
      8.813302040100098,
      11.361834526062012,
      12.595985412597656,
      13.96372127532959,
      15.020001411437988,
      17.48219871520996,
      18.37767219543457,
      19.40515899658203,
      21.88750648498535,
      20.160367965698242
    ],
    [
      10.139396667480469,
      8.002585411071777,
      10.334677696228027,
      10.465409278869629,
      12.381689071655273,
      11.586496353149414,
      7.477452278137207,
      8.431816101074219,
      8.290099143981934,
      10.276695251464844,
      9.691408157348633,
      11.669092178344727,
      12.018590927124023,
      14.486562728881836,
      14.688342094421387,
      15.690698623657227,
      16.66737937927246,
      15.325014114379883
    ],
    [
      11.52647590637207,
      9.016993522644043,
      11.770648002624512,
      11.90756893157959,
      11.586496353149414,
      14.278035163879395,
      8.460000038146973,
      9.816122055053711,
      8.67895221710205,
      11.469979286193848,
      10.380455017089844,
      12.689104080200195,
      12.827157974243164,
      15.73869514465332,
      15.9644193649292,
      17.217449188232422,
      18.10932731628418,
      16.684261322021484
    ],
    [
      8.65366268157959,
      7.832483291625977,
      8.784703254699707,
      9.084270477294922,
      7.477452278137207,
      8.460000038146973,
      10.26346492767334,
      8.846296310424805,
      8.325798988342285,
      9.483848571777344,
      11.183262825012207,
      10.964518547058105,
      11.249414443969727,
      11.9772367477417,
      11.58933162689209,
      12.08332633972168,
      12.662174224853516,
      11.644247055053711
    ],
    [
      9.33076286315918,
      7.724766254425049,
      9.285274505615234,
      9.518226623535156,
      8.431816101074219,
      9.816122055053711,
      8.846296310424805,
      10.884834289550781,
      7.919876575469971,
      10.148530006408691,
      9.966665267944336,
      11.197258949279785,
      10.937288284301758,
      12.862076759338379,
      12.506285667419434,
      13.426187515258789,
      13.786850929260254,
      12.811083793640137
    ],
    [
      8.365591049194336,
      7.422574996948242,
      8.654704093933105,
      8.813302040100098,
      8.290099143981934,
      8.67895221710205,
      8.325798988342285,
      7.919876575469971,
      11.41728401184082,
      10.348217964172363,
      12.651041984558105,
      12.134496688842773,
      13.065296173095703,
      13.186161994934082,
      12.580134391784668,
      12.678064346313477,
      13.519638061523438,
      12.533258438110352
    ],
    [
      11.137126922607422,
      9.068257331848145,
      11.117378234863281,
      11.361834526062012,
      10.276695251464844,
      11.469979286193848,
      9.483848571777344,
      10.148530006408691,
      10.348217964172363,
      13.242488861083984,
      12.352808952331543,
      13.898512840270996,
      13.966705322265625,
      16.161842346191406,
      15.640199661254883,
      16.602453231811523,
      17.567890167236328,
      16.260753631591797
    ],
    [
      10.992051124572754,
      10.074166297912598,
      12.119001388549805,
      12.595985412597656,
      9.691408157348633,
      10.380455017089844,
      11.183262825012207,
      9.966665267944336,
      12.651041984558105,
      12.352808952331543,
      22.70472526550293,
      18.716751098632812,
      20.590612411499023,
      19.582569122314453,
      19.493370056152344,
      18.945802688598633,
      19.96289825439453,
      18.528182983398438
    ],
    [
      12.88591480255127,
      10.365748405456543,
      13.505472183227539,
      13.96372127532959,
      11.669092178344727,
      12.689104080200195,
      10.964518547058105,
      11.197258949279785,
      12.134496688842773,
      13.898512840270996,
      18.716751098632812,
      19.734821319580078,
      19.94170570373535,
      21.64762306213379,
      21.33431053161621,
      21.914670944213867,
      23.017621994018555,
      21.384475708007812
    ],
    [
      13.806987762451172,
      11.485350608825684,
      14.650468826293945,
      15.020001411437988,
      12.018590927124023,
      12.827157974243164,
      11.249414443969727,
      10.937288284301758,
      13.065296173095703,
      13.966705322265625,
      20.590612411499023,
      19.94170570373535,
      25.266515731811523,
      26.079021453857422,
      26.689298629760742,
      26.89838218688965,
      28.289461135864258,
      26.114450454711914
    ],
    [
      16.40983772277832,
      12.488571166992188,
      17.28824806213379,
      17.48219871520996,
      14.486562728881836,
      15.73869514465332,
      11.9772367477417,
      12.862076759338379,
      13.186161994934082,
      16.161842346191406,
      19.582569122314453,
      21.64762306213379,
      26.079021453857422,
      29.962831497192383,
      30.536596298217773,
      32.11888885498047,
      34.37430953979492,
      31.726682662963867
    ],
    [
      17.667089462280273,
      13.749053001403809,
      18.18455696105957,
      18.37767219543457,
      14.688342094421387,
      15.9644193649292,
      11.58933162689209,
      12.506285667419434,
      12.580134391784668,
      15.640199661254883,
      19.493370056152344,
      21.33431053161621,
      26.689298629760742,
      30.536596298217773,
      33.794376373291016,
      34.80847930908203,
      38.59147262573242,
      35.269779205322266
    ],
    [
      18.73789405822754,
      14.072150230407715,
      19.31166648864746,
      19.40515899658203,
      15.690698623657227,
      17.217449188232422,
      12.08332633972168,
      13.426187515258789,
      12.678064346313477,
      16.602453231811523,
      18.945802688598633,
      21.914670944213867,
      26.89838218688965,
      32.11888885498047,
      34.80847930908203,
      37.06166458129883,
      40.9058837890625,
      37.52494812011719
    ],
    [
      19.74808692932129,
      14.584582328796387,
      21.82548713684082,
      21.88750648498535,
      16.66737937927246,
      18.10932731628418,
      12.662174224853516,
      13.786850929260254,
      13.519638061523438,
      17.567890167236328,
      19.96289825439453,
      23.017621994018555,
      28.289461135864258,
      34.37430953979492,
      38.59147262573242,
      40.9058837890625,
      58.411075592041016,
      52.182533264160156
    ],
    [
      18.182941436767578,
      13.473766326904297,
      20.10161781311035,
      20.160367965698242,
      15.325014114379883,
      16.684261322021484,
      11.644247055053711,
      12.811083793640137,
      12.533258438110352,
      16.260753631591797,
      18.528182983398438,
      21.384475708007812,
      26.114450454711914,
      31.726682662963867,
      35.269779205322266,
      37.52494812011719,
      52.182533264160156,
      50.78630447387695
    ]
  ],
  "covariance_short": [
    [
      32.83782958984375,
      25.770496368408203,
      17.835935592651367,
      18.114267349243164,
      14.187134742736816,
      15.719898223876953,
      12.216035842895508,
      12.653972625732422,
      12.906394004821777,
      15.426505088806152,
      16.991405487060547,
      18.40679168701172,
      20.132808685302734,
      23.168027877807617,
      26.090744018554688,
      28.184925079345703,
      23.820411682128906,
      21.550260543823242
    ],
    [
      25.770496368408203,
      29.287826538085938,
      17.10017204284668,
      18.009395599365234,
      12.366774559020996,
      13.594893455505371,
      10.65294075012207,
      11.054218292236328,
      11.661324501037598,
      13.247533798217773,
      15.51577377319336,
      15.97790813446045,
      17.409164428710938,
      19.009563446044922,
      22.05568504333496,
      23.23246192932129,
      19.81794548034668,
      17.85856056213379
    ],
    [
      17.835935592651367,
      17.10017204284668,
      25.17399024963379,
      21.271215438842773,
      13.111172676086426,
      14.301054954528809,
      11.419322967529297,
      10.625458717346191,
      13.429340362548828,
      13.608278274536133,
      18.37542724609375,
      17.704090118408203,
      19.138051986694336,
      20.24294662475586,
      22.152172088623047,
      23.08919334411621,
      23.2679443359375,
      21.313796997070312
    ],
    [
      18.114267349243164,
      18.009395599365234,
      21.271215438842773,
      25.272619247436523,
      13.036247253417969,
      14.11423397064209,
      11.454405784606934,
      10.640250205993652,
      13.487115859985352,
      13.678574562072754,
      18.703683853149414,
      17.850549697875977,
      19.059219360351562,
      19.813737869262695,
      21.749731063842773,
      22.43912124633789,
      22.15162467956543,
      20.254642486572266
    ],
    [
      14.187134742736816,
      12.366774559020996,
      13.111172676086426,
      13.036247253417969,
      18.05266571044922,
      14.23460578918457,
      10.516120910644531,
      10.61905288696289,
      12.527936935424805,
      12.753385543823242,
      15.469867706298828,
      15.824902534484863,
      16.092479705810547,
      17.522083282470703,
      18.10054588317871,
      19.512619018554688,
      17.86402130126953,
      16.432727813720703
    ],
    [
      15.719898223876953,
      13.594893455505371,
      14.301054954528809,
      14.11423397064209,
      14.23460578918457,
      20.064363479614258,
      11.176427841186523,
      11.882031440734863,
      12.501128196716309,
      13.703926086425781,
      15.768095016479492,
      16.579484939575195,
      16.56943702697754,
      18.48578643798828,
      19.16059112548828,
      20.897592544555664,
      18.876150131225586,
      17.395015716552734
    ],
    [
      12.216035842895508,
      10.65294075012207,
      11.419322967529297,
      11.454405784606934,
      10.516120910644531,
      11.176427841186523,
      16.306900024414062,
      11.153407096862793,
      13.126270294189453,
      12.539437294006348,
      16.848392486572266,
      15.521217346191406,
      15.563376426696777,
      15.707112312316895,
      15.449572563171387,
      16.430265426635742,
      14.386911392211914,
      13.240449905395508
    ],
    [
      12.653972625732422,
      11.054218292236328,
      10.625458717346191,
      10.640250205993652,
      10.61905288696289,
      11.882031440734863,
      11.153407096862793,
      15.33215045928955,
      11.148580551147461,
      12.319792747497559,
      13.953866004943848,
      14.446651458740234,
      13.932583808898926,
      15.41011905670166,
      15.312664031982422,
      16.594621658325195,
      13.810075759887695,
      12.900647163391113
    ],
    [
      12.906394004821777,
      11.661324501037598,
      13.429340362548828,
      13.487115859985352,
      12.527936935424805,
      12.501128196716309,
      13.126270294189453,
      11.148580551147461,
      22.089675903320312,
      15.822297096252441,
      23.151662826538086,
      20.097763061523438,
      20.48223304748535,
      19.193862915039062,
      18.41383934020996,
      18.945005416870117,
      17.78484535217285,
      16.20490074157715
    ],
    [
      15.426505088806152,
      13.247533798217773,
      13.608278274536133,
      13.678574562072754,
      12.753385543823242,
      13.703926086425781,
      12.539437294006348,
      12.319792747497559,
      15.822297096252441,
      18.936790466308594,
      18.974056243896484,
      19.062992095947266,
      18.786678314208984,
      20.0847225189209,
      19.500568389892578,
      20.940975189208984,
      18.514076232910156,
      17.151716232299805
    ],
    [
      16.991405487060547,
      15.51577377319336,
      18.37542724609375,
      18.703683853149414,
      15.469867706298828,
      15.768095016479492,
      16.848392486572266,
      13.953866004943848,
      23.151662826538086,
      18.974056243896484,
      38.608741760253906,
      30.30270767211914,
      31.907573699951172,
      29.278179168701172,
      28.92405128479004,
      29.032875061035156,
      26.944223403930664,
      24.559043884277344
    ],
    [
      18.40679168701172,
      15.97790813446045,
      17.704090118408203,
      17.850549697875977,
      15.824902534484863,
      16.579484939575195,
      15.521217346191406,
      14.446651458740234,
      20.097763061523438,
      19.062992095947266,
      30.30270767211914,
      30.18092155456543,
      28.756792068481445,
      29.170469284057617,
      28.69242286682129,
      30.09405517578125,
      27.36769676208496,
      25.406757354736328
    ],
    [
      20.132808685302734,
      17.409164428710938,
      19.138051986694336,
      19.059219360351562,
      16.092479705810547,
      16.56943702697754,
      15.563376426696777,
      13.932583808898926,
      20.48223304748535,
      18.786678314208984,
      31.907573699951172,
      28.756792068481445,
      38.95842361450195,
      37.6180419921875,
      38.70944595336914,
      39.52204895019531,
      35.976871490478516,
      33.28569793701172
    ],
    [
      23.168027877807617,
      19.009563446044922,
      20.24294662475586,
      19.813737869262695,
      17.522083282470703,
      18.48578643798828,
      15.707112312316895,
      15.41011905670166,
      19.193862915039062,
      20.0847225189209,
      29.278179168701172,
      29.170469284057617,
      37.6180419921875,
      41.582035064697266,
      41.63590621948242,
      44.36405563354492,
      40.62892532348633,
      37.99173355102539
    ],
    [
      26.090744018554688,
      22.05568504333496,
      22.152172088623047,
      21.749731063842773,
      18.10054588317871,
      19.16059112548828,
      15.449572563171387,
      15.312664031982422,
      18.41383934020996,
      19.500568389892578,
      28.92405128479004,
      28.69242286682129,
      38.70944595336914,
      41.63590621948242,
      48.29983139038086,
      49.35612487792969,
      46.478328704833984,
      42.98283386230469
    ],
    [
      28.184925079345703,
      23.23246192932129,
      23.08919334411621,
      22.43912124633789,
      19.512619018554688,
      20.897592544555664,
      16.430265426635742,
      16.594621658325195,
      18.945005416870117,
      20.940975189208984,
      29.032875061035156,
      30.09405517578125,
      39.52204895019531,
      44.36405563354492,
      49.35612487792969,
      54.395355224609375,
      49.59560012817383,
      46.303855895996094
    ],
    [
      23.820411682128906,
      19.81794548034668,
      23.2679443359375,
      22.15162467956543,
      17.86402130126953,
      18.876150131225586,
      14.386911392211914,
      13.810075759887695,
      17.78484535217285,
      18.514076232910156,
      26.944223403930664,
      27.36769676208496,
      35.976871490478516,
      40.62892532348633,
      46.478328704833984,
      49.59560012817383,
      66.2191390991211,
      59.86803436279297
    ],
    [
      21.550260543823242,
      17.85856056213379,
      21.313796997070312,
      20.254642486572266,
      16.432727813720703,
      17.395015716552734,
      13.240449905395508,
      12.900647163391113,
      16.20490074157715,
      17.151716232299805,
      24.559043884277344,
      25.406757354736328,
      33.28569793701172,
      37.99173355102539,
      42.98283386230469,
      46.303855895996094,
      59.86803436279297,
      55.364471435546875
    ]
  ],
  "damage": -11.632609367370605,
  "diff_bandwidth": 612.1368408203125,
  "dissonance": 7.153051997505084,
  "drr": -0.2888319194316864,
  "dynamics": 3.164691925048828,
  "format": 1245190,
  "frames": 8558592,
  "loudness": -15.595611572265625,
  "loudness_range": 8.315224647521973,
  "loudness_range_short": 10.198307991027832,
  "lowpass_true_peak_15khz": 0.3803326189517975,
  "mastering3_acoustic_entropies": [
    {
      "acoustic_entropy": 3.8484716415405273,
      "acoustic_entropy_mono": 3.938310146331787,
      "band_eliminated_acoustic_entropies": [
        {
          "acoustic_entropy": 3.8415961265563965,
          "acoustic_entropy_side": 3.8558807373046875,
          "hz": 129.47220167065723
        },
        {
          "acoustic_entropy": 3.8592870235443115,
          "acoustic_entropy_side": 3.839459180831909,
          "hz": 202.92927478742237
        },
        {
          "acoustic_entropy": 3.91463565826416,
          "acoustic_entropy_side": 3.870378255844116,
          "hz": 282.89161906338205
        },
        {
          "acoustic_entropy": 3.9614126682281494,
          "acoustic_entropy_side": 3.869415283203125,
          "hz": 369.9353335868758
        },
        {
          "acoustic_entropy": 3.9164626598358154,
          "acoustic_entropy_side": 3.8382859230041504,
          "hz": 464.6875360973435
        },
        {
          "acoustic_entropy": 4.024962902069092,
          "acoustic_entropy_side": 3.97381329536438,
          "hz": 567.8308811364784
        },
        {
          "acoustic_entropy": 3.9268569946289062,
          "acoustic_entropy_side": 3.8450558185577393,
          "hz": 680.1084783214808
        },
        {
          "acoustic_entropy": 3.814455509185791,
          "acoustic_entropy_side": 3.821894645690918,
          "hz": 802.3292461747484
        },
        {
          "acoustic_entropy": 3.701291561126709,
          "acoustic_entropy_side": 3.9133286476135254,
          "hz": 935.3737400823702
        },
        {
          "acoustic_entropy": 3.9716796875,
          "acoustic_entropy_side": 3.996077060699463,
          "hz": 1080.2004963696966
        },
        {
          "acoustic_entropy": 3.728271007537842,
          "acoustic_entropy_side": 4.031276226043701,
          "hz": 1237.8529382007157
        },
        {
          "acoustic_entropy": 3.8416528701782227,
          "acoustic_entropy_side": 3.7914226055145264,
          "hz": 1409.4668930556702
        },
        {
          "acoustic_entropy": 3.50970458984375,
          "acoustic_entropy_side": 3.8314926624298096,
          "hz": 1596.2787759475705
        },
        {
          "acoustic_entropy": 3.8713393211364746,
          "acoustic_entropy_side": 3.802318572998047,
          "hz": 1799.6344973346393
        },
        {
          "acoustic_entropy": 3.701155185699463,
          "acoustic_entropy_side": 3.766876697540283,
          "hz": 2020.9991599069049
        },
        {
          "acoustic_entropy": 3.719468116760254,
          "acoustic_entropy_side": 3.868745803833008,
          "hz": 2261.9676141086993
        },
        {
          "acoustic_entropy": 3.705368995666504,
          "acoustic_entropy_side": 3.7985422611236572,
          "hz": 2524.2759484456974
        },
        {
          "acoustic_entropy": 3.8260982036590576,
          "acoustic_entropy_side": 3.8133163452148438,
          "hz": 2809.813997359896
        },
        {
          "acoustic_entropy": 3.5094714164733887,
          "acoustic_entropy_side": 3.8250296115875244,
          "hz": 3120.6389567871424
        },
        {
          "acoustic_entropy": 3.7251532077789307,
          "acoustic_entropy_side": 3.8255209922790527,
          "hz": 3458.990205492291
        },
        {
          "acoustic_entropy": 3.765942335128784,
          "acoustic_entropy_side": 3.8274242877960205,
          "hz": 3827.305438964164
        },
        {
          "acoustic_entropy": 3.7871346473693848,
          "acoustic_entropy_side": 3.8216464519500732,
          "hz": 4228.238232109126
        },
        {
          "acoustic_entropy": 3.793833017349243,
          "acoustic_entropy_side": 3.80953049659729,
          "hz": 4664.6771572759235
        },
        {
          "acoustic_entropy": 3.7949719429016113,
          "acoustic_entropy_side": 3.8203999996185303,
          "hz": 5139.766595350093
        },
        {
          "acoustic_entropy": 3.8068296909332275,
          "acoustic_entropy_side": 3.8230299949645996,
          "hz": 5656.929389854203
        },
        {
          "acoustic_entropy": 3.7798991203308105,
          "acoustic_entropy_side": 3.814452648162842,
          "hz": 6219.891507268283
        },
        {
          "acoustic_entropy": 3.8099286556243896,
          "acoustic_entropy_side": 3.8191211223602295,
          "hz": 6832.70888123896
        },
        {
          "acoustic_entropy": 3.827775478363037,
          "acoustic_entropy_side": 3.820382833480835,
          "hz": 7499.796634079867
        },
        {
          "acoustic_entropy": 3.8232948780059814,
          "acoustic_entropy_side": 3.8227434158325195,
          "hz": 8225.96088609342
        },
        {
          "acoustic_entropy": 3.8180603981018066,
          "acoustic_entropy_side": 3.829416275024414,
          "hz": 9016.43338188839
        },
        {
          "acoustic_entropy": 3.8153653144836426,
          "acoustic_entropy_side": 3.834350824356079,
          "hz": 9876.909183162974
        },
        {
          "acoustic_entropy": 3.820795774459839,
          "acoustic_entropy_side": 3.838998794555664,
          "hz": 10813.587699516042
        },
        {
          "acoustic_entropy": 3.8208539485931396,
          "acoustic_entropy_side": 3.84029221534729,
          "hz": 11833.21735289826
        },
        {
          "acoustic_entropy": 3.81052565574646,
          "acoustic_entropy_side": 3.8404972553253174,
          "hz": 12943.144197493959
        },
        {
          "acoustic_entropy": 3.803743839263916,
          "acoustic_entropy_side": 3.8406894207000732,
          "hz": 14151.364845322005
        },
        {
          "acoustic_entropy": 3.810624599456787,
          "acoustic_entropy_side": 3.842337131500244,
          "hz": 15466.58407886509
        },
        {
          "acoustic_entropy": 3.8351519107818604,
          "acoustic_entropy_side": 3.8465476036071777,
          "hz": 16898.27756580493
        },
        {
          "acoustic_entropy": 3.8476271629333496,
          "acoustic_entropy_side": 3.8483619689941406,
          "hz": 18456.760127700032
        },
        {
          "acoustic_entropy": 3.848458766937256,
          "acoustic_entropy_side": 3.8484692573547363,
          "hz": 20153.260054456492
        },
        {
          "acoustic_entropy": 3.8484716415405273,
          "acoustic_entropy_side": 3.8484716415405273,
          "hz": 22000.00000000001
        }
      ],
      "diff_acoustic_entropy": 2.8753552436828613,
      "sn": 6
    },
    {
      "acoustic_entropy": 6.536659240722656,
      "acoustic_entropy_mono": 7.2508673667907715,
      "band_eliminated_acoustic_entropies": [
        {
          "acoustic_entropy": 6.587978363037109,
          "acoustic_entropy_side": 6.6439080238342285,
          "hz": 129.47220167065723
        },
        {
          "acoustic_entropy": 6.508656024932861,
          "acoustic_entropy_side": 6.398235321044922,
          "hz": 202.92927478742237
        },
        {
          "acoustic_entropy": 6.5737433433532715,
          "acoustic_entropy_side": 6.7832350730896,
          "hz": 282.89161906338205
        },
        {
          "acoustic_entropy": 6.812317848205566,
          "acoustic_entropy_side": 6.784233093261719,
          "hz": 369.9353335868758
        },
        {
          "acoustic_entropy": 6.9036760330200195,
          "acoustic_entropy_side": 6.998700141906738,
          "hz": 464.6875360973435
        },
        {
          "acoustic_entropy": 6.941321849822998,
          "acoustic_entropy_side": 6.8336029052734375,
          "hz": 567.8308811364784
        },
        {
          "acoustic_entropy": 6.8688154220581055,
          "acoustic_entropy_side": 6.790082931518555,
          "hz": 680.1084783214808
        },
        {
          "acoustic_entropy": 7.034428596496582,
          "acoustic_entropy_side": 6.343323707580566,
          "hz": 802.3292461747484
        },
        {
          "acoustic_entropy": 6.894284725189209,
          "acoustic_entropy_side": 7.0940632820129395,
          "hz": 935.3737400823702
        },
        {
          "acoustic_entropy": 6.949851036071777,
          "acoustic_entropy_side": 7.029287338256836,
          "hz": 1080.2004963696966
        },
        {
          "acoustic_entropy": 6.823354721069336,
          "acoustic_entropy_side": 6.624229431152344,
          "hz": 1237.8529382007157
        },
        {
          "acoustic_entropy": 7.363978385925293,
          "acoustic_entropy_side": 6.82889461517334,
          "hz": 1409.4668930556702
        },
        {
          "acoustic_entropy": 6.545358657836914,
          "acoustic_entropy_side": 6.5198893547058105,
          "hz": 1596.2787759475705
        },
        {
          "acoustic_entropy": 6.944613933563232,
          "acoustic_entropy_side": 6.687158107757568,
          "hz": 1799.6344973346393
        },
        {
          "acoustic_entropy": 7.342461585998535,
          "acoustic_entropy_side": 6.766444683074951,
          "hz": 2020.9991599069049
        },
        {
          "acoustic_entropy": 7.053049564361572,
          "acoustic_entropy_side": 6.731167316436768,
          "hz": 2261.9676141086993
        },
        {
          "acoustic_entropy": 6.6910929679870605,
          "acoustic_entropy_side": 6.534242153167725,
          "hz": 2524.2759484456974
        },
        {
          "acoustic_entropy": 6.5882134437561035,
          "acoustic_entropy_side": 6.577549934387207,
          "hz": 2809.813997359896
        },
        {
          "acoustic_entropy": 6.351248741149902,
          "acoustic_entropy_side": 6.812491416931152,
          "hz": 3120.6389567871424
        },
        {
          "acoustic_entropy": 6.618139266967773,
          "acoustic_entropy_side": 6.6707329750061035,
          "hz": 3458.990205492291
        },
        {
          "acoustic_entropy": 6.741542816162109,
          "acoustic_entropy_side": 6.618454933166504,
          "hz": 3827.305438964164
        },
        {
          "acoustic_entropy": 6.606817245483398,
          "acoustic_entropy_side": 6.56854772567749,
          "hz": 4228.238232109126
        },
        {
          "acoustic_entropy": 6.822427749633789,
          "acoustic_entropy_side": 6.672255039215088,
          "hz": 4664.6771572759235
        },
        {
          "acoustic_entropy": 6.525798797607422,
          "acoustic_entropy_side": 6.523157596588135,
          "hz": 5139.766595350093
        },
        {
          "acoustic_entropy": 6.467371940612793,
          "acoustic_entropy_side": 6.485130310058594,
          "hz": 5656.929389854203
        },
        {
          "acoustic_entropy": 6.533433437347412,
          "acoustic_entropy_side": 6.512272357940674,
          "hz": 6219.891507268283
        },
        {
          "acoustic_entropy": 6.46696662902832,
          "acoustic_entropy_side": 6.481663227081299,
          "hz": 6832.70888123896
        },
        {
          "acoustic_entropy": 6.423377990722656,
          "acoustic_entropy_side": 6.4744157791137695,
          "hz": 7499.796634079867
        },
        {
          "acoustic_entropy": 6.434648036956787,
          "acoustic_entropy_side": 6.489230632781982,
          "hz": 8225.96088609342
        },
        {
          "acoustic_entropy": 6.436816215515137,
          "acoustic_entropy_side": 6.495328903198242,
          "hz": 9016.43338188839
        },
        {
          "acoustic_entropy": 6.45743465423584,
          "acoustic_entropy_side": 6.505584239959717,
          "hz": 9876.909183162974
        },
        {
          "acoustic_entropy": 6.471604347229004,
          "acoustic_entropy_side": 6.514176845550537,
          "hz": 10813.587699516042
        },
        {
          "acoustic_entropy": 6.488570690155029,
          "acoustic_entropy_side": 6.51894474029541,
          "hz": 11833.21735289826
        },
        {
          "acoustic_entropy": 6.544209957122803,
          "acoustic_entropy_side": 6.533967018127441,
          "hz": 12943.144197493959
        },
        {
          "acoustic_entropy": 6.607275485992432,
          "acoustic_entropy_side": 6.5654730796813965,
          "hz": 14151.364845322005
        },
        {
          "acoustic_entropy": 6.621701717376709,
          "acoustic_entropy_side": 6.573413848876953,
          "hz": 15466.58407886509
        },
        {
          "acoustic_entropy": 6.597658157348633,
          "acoustic_entropy_side": 6.5491228103637695,
          "hz": 16898.27756580493
        },
        {
          "acoustic_entropy": 6.5444817543029785,
          "acoustic_entropy_side": 6.537784576416016,
          "hz": 18456.760127700032
        },
        {
          "acoustic_entropy": 6.536649703979492,
          "acoustic_entropy_side": 6.536640644073486,
          "hz": 20153.260054456492
        },
        {
          "acoustic_entropy": 6.536658763885498,
          "acoustic_entropy_side": 6.536659240722656,
          "hz": 22000.00000000001
        }
      ],
      "diff_acoustic_entropy": 5.655465602874756,
      "sn": 12
    },
    {
      "acoustic_entropy": 11.08056354522705,
      "acoustic_entropy_mono": 11.410727500915527,
      "band_eliminated_acoustic_entropies": [
        {
          "acoustic_entropy": 10.937583923339844,
          "acoustic_entropy_side": 11.521990776062012,
          "hz": 129.47220167065723
        },
        {
          "acoustic_entropy": 11.003585815429688,
          "acoustic_entropy_side": 10.602479934692383,
          "hz": 202.92927478742237
        },
        {
          "acoustic_entropy": 10.993537902832031,
          "acoustic_entropy_side": 10.924955368041992,
          "hz": 282.89161906338205
        },
        {
          "acoustic_entropy": 10.829965591430664,
          "acoustic_entropy_side": 11.195770263671875,
          "hz": 369.9353335868758
        },
        {
          "acoustic_entropy": 11.229314804077148,
          "acoustic_entropy_side": 11.293174743652344,
          "hz": 464.6875360973435
        },
        {
          "acoustic_entropy": 10.924053192138672,
          "acoustic_entropy_side": 11.30732250213623,
          "hz": 567.8308811364784
        },
        {
          "acoustic_entropy": 11.533166885375977,
          "acoustic_entropy_side": 10.849557876586914,
          "hz": 680.1084783214808
        },
        {
          "acoustic_entropy": 11.425545692443848,
          "acoustic_entropy_side": 10.974701881408691,
          "hz": 802.3292461747484
        },
        {
          "acoustic_entropy": 11.13066291809082,
          "acoustic_entropy_side": 11.540732383728027,
          "hz": 935.3737400823702
        },
        {
          "acoustic_entropy": 11.002782821655273,
          "acoustic_entropy_side": 11.2578125,
          "hz": 1080.2004963696966
        },
        {
          "acoustic_entropy": 10.480809211730957,
          "acoustic_entropy_side": 10.699553489685059,
          "hz": 1237.8529382007157
        },
        {
          "acoustic_entropy": 11.473926544189453,
          "acoustic_entropy_side": 10.705755233764648,
          "hz": 1409.4668930556702
        },
        {
          "acoustic_entropy": 11.231439590454102,
          "acoustic_entropy_side": 10.871053695678711,
          "hz": 1596.2787759475705
        },
        {
          "acoustic_entropy": 10.780549049377441,
          "acoustic_entropy_side": 11.563669204711914,
          "hz": 1799.6344973346393
        },
        {
          "acoustic_entropy": 11.522316932678223,
          "acoustic_entropy_side": 10.935063362121582,
          "hz": 2020.9991599069049
        },
        {
          "acoustic_entropy": 11.165770530700684,
          "acoustic_entropy_side": 10.727463722229004,
          "hz": 2261.9676141086993
        },
        {
          "acoustic_entropy": 11.179797172546387,
          "acoustic_entropy_side": 10.94966983795166,
          "hz": 2524.2759484456974
        },
        {
          "acoustic_entropy": 10.939237594604492,
          "acoustic_entropy_side": 11.215222358703613,
          "hz": 2809.813997359896
