{
  "acoustic_entropy": 181.49209594726562,
  "bands": [
    {
      "high_freq": 148.1999969482422,
      "loudness": -15.823426246643066,
      "loudness_range": 8.547887802124023,
      "mid_mean": -12.125117301940918,
      "mid_to_side_loudness": -36.50830841064453,
      "mid_to_side_loudness_range": 33.407493591308594,
      "side_mean": -52.97002410888672
    },
    {
      "high_freq": 392.3793640136719,
      "loudness": -18.57558250427246,
      "loudness_range": 7.834150314331055,
      "low_freq": 148.1999969482422,
      "mid_mean": -15.01328182220459,
      "mid_to_side_loudness": -21.28586769104004,
      "mid_to_side_loudness_range": 29.969629287719727,
      "side_mean": -36.8864860534668
    },
    {
      "high_freq": 794.6976318359375,
      "loudness": -23.226224899291992,
      "loudness_range": 12.536008834838867,
      "low_freq": 392.3793640136719,
      "mid_mean": -20.24863624572754,
      "mid_to_side_loudness": -12.525261878967285,
      "mid_to_side_loudness_range": 25.763696670532227,
      "side_mean": -32.62294387817383
    },
    {
      "high_freq": 1457.5709228515625,
      "loudness": -22.480609893798828,
      "loudness_range": 18.121971130371094,
      "low_freq": 794.6976318359375,
      "mid_mean": -19.815584182739258,
      "mid_to_side_loudness": -8.25424575805664,
      "mid_to_side_loudness_range": 19.4375,
      "side_mean": -27.661672592163086
    },
    {
      "high_freq": 2549.74365234375,
      "loudness": -20.775728225708008,
      "loudness_range": 16.987125396728516,
      "low_freq": 1457.5709228515625,
      "mid_mean": -18.47038459777832,
      "mid_to_side_loudness": -6.472274303436279,
      "mid_to_side_loudness_range": 18.809478759765625,
      "side_mean": -24.151290893554688
    },
    {
      "high_freq": 4349.24462890625,
      "loudness": -23.842811584472656,
      "loudness_range": 15.6678466796875,
      "low_freq": 2549.74365234375,
      "mid_mean": -21.287704467773438,
      "mid_to_side_loudness": -8.996201515197754,
      "mid_to_side_loudness_range": 22.766809463500977,
      "side_mean": -28.75857162475586
    },
    {
      "high_freq": 7314.1640625,
      "loudness": -27.11153793334961,
      "loudness_range": 19.0530948638916,
      "low_freq": 4349.24462890625,
      "mid_mean": -24.27461051940918,
      "mid_to_side_loudness": -11.198393821716309,
      "mid_to_side_loudness_range": 26.431501388549805,
      "side_mean": -33.883544921875
    },
    {
      "high_freq": 12199.2666015625,
      "loudness": -28.911151885986328,
      "loudness_range": 19.82736587524414,
      "low_freq": 7314.1640625,
      "mid_mean": -25.87221908569336,
      "mid_to_side_loudness": -14.168562889099121,
      "mid_to_side_loudness_range": 31.513364791870117,
      "side_mean": -39.44233703613281
    },
    {
      "loudness": -39.199737548828125,
      "loudness_range": 23.18162727355957,
      "low_freq": 12199.2666015625,
      "mid_mean": -36.291351318359375,
      "mid_to_side_loudness": -14.116361618041992,
      "mid_to_side_loudness_range": 31.14404296875,
      "side_mean": -52.124847412109375
    }
  ],
  "bands_short": [
    {
      "high_freq": 148.1999969482422,
      "loudness": -18.84089469909668,
      "loudness_range": 15.073134422302246,
      "mid_mean": -15.146988868713379,
      "mid_to_side_loudness": -39.52043151855469,
      "mid_to_side_loudness_range": 40.89360427856445,
      "side_mean": -59.230709075927734
    },
    {
      "high_freq": 392.3793640136719,
      "loudness": -18.402462005615234,
      "loudness_range": 12.194439888000488,
      "low_freq": 148.1999969482422,
      "mid_mean": -14.728538513183594,
      "mid_to_side_loudness": -23.21802520751953,
      "mid_to_side_loudness_range": 34.694332122802734,
      "side_mean": -39.57861328125
    },
    {
      "high_freq": 794.6976318359375,
      "loudness": -23.56972312927246,
      "loudness_range": 14.921626091003418,
      "low_freq": 392.3793640136719,
      "mid_mean": -20.619762420654297,
      "mid_to_side_loudness": -12.932052612304688,
      "mid_to_side_loudness_range": 27.95006561279297,
      "side_mean": -33.02960205078125
    },
    {
      "high_freq": 1457.5709228515625,
      "loudness": -22.9759578704834,
      "loudness_range": 19.816917419433594,
      "low_freq": 794.6976318359375,
      "mid_mean": -20.464481353759766,
      "mid_to_side_loudness": -7.99948787689209,
      "mid_to_side_loudness_range": 21.007078170776367,
      "side_mean": -28.694372177124023
    },
    {
      "high_freq": 2549.74365234375,
      "loudness": -21.357126235961914,
      "loudness_range": 19.029117584228516,
      "low_freq": 1457.5709228515625,
      "mid_mean": -19.244813919067383,
      "mid_to_side_loudness": -5.9122748374938965,
      "mid_to_side_loudness_range": 20.051071166992188,
      "side_mean": -24.81726837158203
    },
    {
      "high_freq": 4349.24462890625,
      "loudness": -24.694332122802734,
      "loudness_range": 19.422273635864258,
      "low_freq": 2549.74365234375,
      "mid_mean": -22.3907413482666,
      "mid_to_side_loudness": -7.257938861846924,
      "mid_to_side_loudness_range": 22.137928009033203,
      "side_mean": -29.347915649414062
    },
    {
      "high_freq": 7314.1640625,
      "loudness": -28.40519905090332,
      "loudness_range": 24.089815139770508,
      "low_freq": 4349.24462890625,
      "mid_mean": -25.867969512939453,
      "mid_to_side_loudness": -8.958592414855957,
      "mid_to_side_loudness_range": 23.249767303466797,
      "side_mean": -34.071632385253906
    },
    {
      "high_freq": 12199.2666015625,
      "loudness": -30.326858520507812,
      "loudness_range": 24.37865447998047,
      "low_freq": 7314.1640625,
      "mid_mean": -27.6155948638916,
      "mid_to_side_loudness": -11.343448638916016,
      "mid_to_side_loudness_range": 27.57035255432129,
      "side_mean": -38.8265380859375
    },
    {
      "loudness": -40.832027435302734,
      "loudness_range": 29.354246139526367,
      "low_freq": 12199.2666015625,
      "mid_mean": -38.492645263671875,
      "mid_to_side_loudness": -13.6304349899292,
      "mid_to_side_loudness_range": 31.52611541748047,
      "side_mean": -55.23545455932617
    }
  ],
  "bandwidth": 562.9963989257812,
  "channels": 2,
  "covariance": [
    [
      9.033378601074219,
      9.93698501586914,
      -0.7098727822303772,
      -5.331284046173096,
      -3.2068042755126953,
      -9.262236595153809,
      -1.3617103099822998,
      -5.900690078735352,
      -2.3530893325805664,
      -4.372931003570557,
      -1.0813679695129395,
      -4.527288436889648,
      -0.03002283349633217,
      -5.932261943817139,
      0.7536243796348572,
      -4.4693498611450195,
      2.6276895999908447,
      2.1052398681640625
    ],
    [
      9.93698501586914,
      81.96512603759766,
      7.887937068939209,
      6.691085338592529,
      0.5951313376426697,
      -9.138199806213379,
      8.08031940460205,
      6.121288776397705,
      11.479427337646484,
      14.489398956298828,
      15.354430198669434,
      11.405195236206055,
      22.019813537597656,
      12.630677223205566,
      22.28219223022461,
      20.858144760131836,
      34.103416442871094,
      61.410560607910156
    ],
    [
      -0.7098727822303772,
      7.887937068939209,
      13.46090030670166,
      -2.2381155490875244,
      4.119242191314697,
      -5.691168308258057,
      1.3165817260742188,
      -1.4784797430038452,
      0.9999599456787109,
      0.16102981567382812,
      3.511510133743286,
      -1.8002541065216064,
      5.559788227081299,
      -3.0430798530578613,
      6.4574666023254395,
      -5.707500457763672,
      6.421355247497559,
      -4.330936908721924
    ],
    [
      -5.331284046173096,
      6.691085338592529,
      -2.2381155490875244,
      61.187618255615234,
      10.951315879821777,
      44.132205963134766,
      12.60447883605957,
      27.525524139404297,
      11.101611137390137,
      27.553640365600586,
      10.234859466552734,
      25.057844161987305,
      11.903197288513184,
      36.60399627685547,
      8.695968627929688,
      37.90675354003906,
      12.117816925048828,
      38.537715911865234
    ],
    [
      -3.2068042755126953,
      0.5951313376426697,
      4.119242191314697,
      10.951315879821777,
      22.89212417602539,
      23.510332107543945,
      19.542451858520508,
      18.154098510742188,
      18.433155059814453,
      16.388233184814453,
      13.243978500366211,
      16.11682891845703,
      12.008591651916504,
      19.41353988647461,
      12.818046569824219,
      18.424724578857422,
      10.020089149475098,
      11.858373641967773
    ],
    [
      -9.262236595153809,
      -9.138199806213379,
      -5.691168308258057,
      44.132205963134766,
      23.510332107543945,
      110.99635314941406,
      33.23581314086914,
      76.8248519897461,
      30.36306381225586,
      66.18650817871094,
      22.827293395996094,
      69.39891815185547,
      27.30610466003418,
      84.1734390258789,
      22.952476501464844,
      86.54561614990234,
      24.551328659057617,
      55.429012298583984
    ],
    [
      -1.3617103099822998,
      8.08031940460205,
      1.3165817260742188,
      12.60447883605957,
      19.542451858520508,
      33.23581314086914,
      38.061668395996094,
      31.391590118408203,
      26.65472984313965,
      26.87944793701172,
      19.13288688659668,
      27.307422637939453,
      17.99343490600586,
      31.458986282348633,
      19.35245132446289,
      33.061771392822266,
      20.05196762084961,
      29.70113754272461
    ],
    [
      -5.900690078735352,
      6.121288776397705,
      -1.4784797430038452,
      27.525524139404297,
      18.154098510742188,
      76.8248519897461,
      31.391590118408203,
      89.60978698730469,
      29.610469818115234,
      71.61170196533203,
      23.84796714782715,
      69.13885498046875,
      29.519752502441406,
      67.4090347290039,
      26.392229080200195,
      64.15265655517578,
      29.106048583984375,
      52.164215087890625
    ],
    [
      -2.3530893325805664,
      11.479427337646484,
      0.9999599456787109,
      11.101611137390137,
      18.433155059814453,
      30.36306381225586,
      26.65472984313965,
      29.610469818115234,
      37.46879577636719,
      31.064929962158203,
      27.725265502929688,
      30.304258346557617,
      22.543359756469727,
      32.718387603759766,
      20.908382415771484,
      34.85723876953125,
      19.235092163085938,
      37.68131637573242
    ],
    [
      -4.372931003570557,
      14.489398956298828,
      0.16102981567382812,
      27.553640365600586,
      16.388233184814453,
      66.18650817871094,
      26.87944793701172,
      71.61170196533203,
      31.064929962158203,
      84.19805908203125,
      22.33022117614746,
      77.90026092529297,
      28.19791603088379,
      66.79779815673828,
      26.499177932739258,
      59.79059982299805,
      29.990943908691406,
      50.71014404296875
    ],
    [
      -1.0813679695129395,
      15.354430198669434,
      3.511510133743286,
      10.234859466552734,
      13.243978500366211,
      22.827293395996094,
      19.13288688659668,
      23.84796714782715,
      27.725265502929688,
      22.33022117614746,
      34.85482406616211,
      24.996728897094727,
      29.86911392211914,
      32.3074836730957,
      27.24111557006836,
      34.92885208129883,
      27.240407943725586,
      42.1170539855957
    ],
    [
      -4.527288436889648,
      11.405195236206055,
      -1.8002541065216064,
      25.057844161987305,
      16.11682891845703,
      69.39891815185547,
      27.307422637939453,
      69.13885498046875,
      30.304258346557617,
      77.90026092529297,
      24.996728897094727,
      87.54855346679688,
      30.41254234313965,
      75.09046173095703,
      27.45055389404297,
      68.02072143554688,
      30.904251098632812,
      52.064064025878906
    ],
    [
      -0.03002283349633217,
      22.019813537597656,
      5.559788227081299,
      11.903197288513184,
      12.008591651916504,
      27.30610466003418,
      17.99343490600586,
      29.519752502441406,
      22.543359756469727,
      28.19791603088379,
      29.86911392211914,
      30.41254234313965,
      49.36564254760742,
      46.788795471191406,
      45.70082473754883,
      55.73502731323242,
      49.483585357666016,
      61.78106689453125
    ],
    [
      -5.932261943817139,
      12.630677223205566,
      -3.0430798530578613,
      36.60399627685547,
      19.41353988647461,
      84.1734390258789,
      31.458986282348633,
      67.4090347290039,
      32.718387603759766,
      66.79779815673828,
      32.3074836730957,
      75.09046173095703,
      46.788795471191406,
      120.89002227783203,
      42.22794723510742,
      118.62466430664062,
      50.66698455810547,
      98.0237045288086
    ],
    [
      0.7536243796348572,
      22.28219223022461,
      6.4574666023254395,
      8.695968627929688,
      12.818046569824219,
      22.952476501464844,
      19.35245132446289,
      26.392229080200195,
      20.908382415771484,
      26.499177932739258,
      27.24111557006836,
      27.45055389404297,
      45.70082473754883,
      42.22794723510742,
      56.42931365966797,
      52.430179595947266,
      57.69758224487305,
      58.14038848876953
    ],
    [
      -4.4693498611450195,
      20.858144760131836,
      -5.707500457763672,
      37.90675354003906,
      18.424724578857422,
      86.54561614990234,
      33.061771392822266,
      64.15265655517578,
      34.85723876953125,
      59.79059982299805,
      34.92885208129883,
      68.02072143554688,
      55.73502731323242,
      118.62466430664062,
      52.430179595947266,
      162.58242797851562,
      65.96013641357422,
      138.82553100585938
    ],
    [
      2.6276895999908447,
      34.103416442871094,
      6.421355247497559,
      12.117816925048828,
      10.020089149475098,
      24.551328659057617,
      20.05196762084961,
      29.106048583984375,
      19.235092163085938,
      29.990943908691406,
      27.240407943725586,
      30.904251098632812,
      49.483585357666016,
      50.66698455810547,
      57.69758224487305,
      65.96013641357422,
      75.88795471191406,
      85.47098541259766
    ],
    [
      2.1052398681640625,
      61.410560607910156,
      -4.330936908721924,
      38.537715911865234,
      11.858373641967773,
      55.429012298583984,
      29.70113754272461,
      52.164215087890625,
      37.68131637573242,
      50.71014404296875,
      42.1170539855957,
      52.064064025878906,
      61.78106689453125,
      98.0237045288086,
      58.14038848876953,
      138.82553100585938,
      85.47098541259766,
      196.81539916992188
    ]
  ],
  "covariance_short": [
    [
      35.63936233520508,
      23.99809455871582,
      -7.022843360900879,
      -10.316573143005371,
      -6.659703254699707,
      -8.90528392791748,
      -4.0833916664123535,
      -10.246561050415039,
      -4.2132697105407715,
      -10.066215515136719,
      -3.974407911300659,
      -9.028968811035156,
      -3.071122884750366,
      -8.049400329589844,
      -3.2211647033691406,
      -0.5411170125007629,
      -2.1064765453338623,
      0.6780844926834106
    ],
    [
      23.99809455871582,
      100.93645477294922,
      0.7974752187728882,
      12.492640495300293,
      -0.7735770344734192,
      4.346861839294434,
      9.046036720275879,
      6.654957294464111,
      9.957513809204102,
      9.602237701416016,
      15.199294090270996,
      12.258801460266113,
      25.764240264892578,
      23.40688705444336,
      25.39679527282715,
      44.54841613769531,
      38.1491813659668,
      56.134891510009766
    ],
    [
      -7.022843360900879,
      0.7974752187728882,
      19.010150909423828,
      2.181490421295166,
      4.346534729003906,
      -3.6410794258117676,
      1.347716212272644,
      -2.097856283187866,
      0.6299045085906982,
      -0.22827167809009552,
      3.493849992752075,
      -2.1024205684661865,
      5.044665336608887,
      -3.3352768421173096,
      4.844783782958984,
      -5.076633453369141,
      5.5055928230285645,
      -3.4866139888763428
    ],
    [
      -10.316573143005371,
      12.492640495300293,
      2.181490421295166,
      98.24835968017578,
      12.366718292236328,
      45.47825241088867,
      13.239373207092285,
      29.19530487060547,
      12.23465633392334,
      27.497577667236328,
      13.722199440002441,
      26.687612533569336,
      13.977516174316406,
      29.442729949951172,
      6.874726295471191,
      27.37384796142578,
      13.349735260009766,
      36.76406478881836
    ],
    [
      -6.659703254699707,
      -0.7735770344734192,
      4.346534729003906,
      12.366718292236328,
      30.90911293029785,
      23.945140838623047,
      22.924095153808594,
      20.47933006286621,
      22.39715576171875,
      18.5186710357666,
      17.33839988708496,
      19.630619049072266,
      13.723666191101074,
      17.417503356933594,
      13.806720733642578,
      14.475995063781738,
      9.774086952209473,
      12.73165225982666
    ],
    [
      -8.90528392791748,
      4.346861839294434,
      -3.6410794258117676,
      45.47825241088867,
      23.945140838623047,
      121.8536376953125,
      36.53964614868164,
      80.73976135253906,
      32.84757614135742,
      67.71260833740234,
      26.682025909423828,
      73.48330688476562,
      31.163331985473633,
      73.29847717285156,
      26.253570556640625,
      72.53899383544922,
      30.367660522460938,
      51.42707824707031
    ],
    [
      -4.0833916664123535,
      9.046036720275879,
      1.347716212272644,
      13.239373207092285,
      22.924095153808594,
      36.53964614868164,
      50.214290618896484,
      37.15950012207031,
      33.01987075805664,
      31.920778274536133,
      25.853515625,
      33.90727615356445,
      23.253963470458984,
      32.821861267089844,
      24.326902389526367,
      31.618377685546875,
      22.74608039855957,
      28.16827392578125
    ],
    [
      -10.246561050415039,
      6.654957294464111,
      -2.097856283187866,
      29.19530487060547,
      20.47933006286621,
      80.73976135253906,
      37.15950012207031,
      101.74159240722656,
      35.00440216064453,
      75.88265228271484,
      29.405794143676758,
      74.927001953125,
      33.950443267822266,
      65.61383819580078,
      31.766157150268555,
      61.79933166503906,
      36.24301528930664,
      52.07166290283203
    ],
    [
      -4.2132697105407715,
      9.957513809204102,
      0.6299045085906982,
      12.23465633392334,
      22.39715576171875,
      32.84757614135742,
      33.01987075805664,
      35.00440216064453,
      49.978145599365234,
      35.72502517700195,
      39.105140686035156,
      38.18284225463867,
      31.140939712524414,
      36.30240249633789,
      27.887147903442383,
      35.172882080078125,
      25.1127986907959,
      38.50756072998047
    ],
    [
      -10.066215515136719,
      9.602237701416016,
      -0.22827167809009552,
      27.497577667236328,
      18.5186710357666,
      67.71260833740234,
      31.920778274536133,
      75.88265228271484,
      35.72502517700195,
      90.70674133300781,
      29.719934463500977,
      81.89933013916016,
      33.77486801147461,
      66.65937805175781,
      32.51161575317383,
      61.16139221191406,
      37.672523498535156,
      51.06053924560547
    ],
    [
      -3.974407911300659,
      15.199294090270996,
      3.493849992752075,
      13.722199440002441,
      17.33839988708496,
      26.682025909423828,
      25.853515625,
      29.405794143676758,
      39.105140686035156,
      29.719934463500977,
      54.676578521728516,
      35.18240737915039,
      44.97431182861328,
      40.63978958129883,
      38.090721130371094,
      39.15339660644531,
      38.300193786621094,
      46.54762649536133
    ],
    [
      -9.028968811035156,
      12.258801460266113,
      -2.1024205684661865,
      26.687612533569336,
      19.630619049072266,
      73.48330688476562,
      33.90727615356445,
      74.927001953125,
      38.18284225463867,
      81.89933013916016,
      35.18240737915039,
      100.66602325439453,
      39.14569854736328,
      81.53177642822266,
      36.20952224731445,
      75.01170349121094,
      42.32372283935547,
      58.854618072509766
    ],
    [
      -3.071122884750366,
      25.764240264892578,
      5.044665336608887,
      13.977516174316406,
      13.723666191101074,
      31.163331985473633,
      23.253963470458984,
      33.950443267822266,
      31.140939712524414,
      33.77486801147461,
      44.97431182861328,
      39.14569854736328,
      75.45408630371094,
      57.51921844482422,
      64.70547485351562,
      67.3211669921875,
      71.83785247802734,
      69.1131820678711
    ],
    [
      -8.049400329589844,
      23.40688705444336,
      -3.3352768421173096,
      29.442729949951172,
      17.417503356933594,
      73.29847717285156,
      32.821861267089844,
      65.61383819580078,
      36.30240249633789,
      66.65937805175781,
      40.63978958129883,
      81.53177642822266,
      57.51921844482422,
      125.13664245605469,
      51.377872467041016,
      111.53345489501953,
      64.26998901367188,
      99.19647979736328
    ],
    [
      -3.2211647033691406,
      25.39679527282715,
      4.844783782958984,
      6.874726295471191,
      13.806720733642578,
      26.253570556640625,
      24.326902389526367,
      31.766157150268555,
      27.887147903442383,
      32.51161575317383,
      38.090721130371094,
      36.20952224731445,
      64.70547485351562,
      51.377872467041016,
      84.2568130493164,
      68.33949279785156,
      85.55220794677734,
      65.94715118408203
    ],
    [
      -0.5411170125007629,
      44.54841613769531,
      -5.076633453369141,
      27.37384796142578,
      14.475995063781738,
      72.53899383544922,
      31.618377685546875,
      61.79933166503906,
      35.172882080078125,
      61.16139221191406,
      39.15339660644531,
      75.01170349121094,
      67.3211669921875,
      111.53345489501953,
      68.33949279785156,
      166.3415069580078,
      84.48670959472656,
      132.3445281982422
    ],
    [
      -2.1064765453338623,
      38.1491813659668,
      5.5055928230285645,
      13.349735260009766,
      9.774086952209473,
      30.367660522460938,
      22.74608039855957,
      36.24301528930664,
      25.1127986907959,
      37.672523498535156,
      38.300193786621094,
      42.32372283935547,
      71.83785247802734,
      64.26998901367188,
      85.55220794677734,
      84.48670959472656,
      119.99751281738281,
      100.22584533691406
    ],
    [
      0.6780844926834106,
      56.134891510009766,
      -3.4866139888763428,
      36.76406478881836,
      12.73165225982666,
      51.42707824707031,
      28.16827392578125,
      52.07166290283203,
      38.50756072998047,
      51.06053924560547,
      46.54762649536133,
      58.854618072509766,
      69.1131820678711,
      99.19647979736328,
      65.94715118408203,
      132.3445281982422,
      100.22584533691406,
      206.74996948242188
    ]
  ],
  "damage": -1.733528971672058,
  "diff_bandwidth": 529.9140014648438,
  "dissonance": 9.052386344834353,
  "drr": 2.071265697479248,
  "dynamics": 2.4166836738586426,
  "format": 1245190,
  "frames": 8341440,
  "loudness": -7.234386920928955,
  "loudness_range": 5.2967119216918945,
  "loudness_range_short": 8.379904747009277,
  "lowpass_true_peak_15khz": 0.5617765784263611,
  "mastering3_acoustic_entropies": [
    {
      "acoustic_entropy": 7.41002893447876,
      "acoustic_entropy_mono": 7.2764811515808105,
      "band_eliminated_acoustic_entropies": [
        {
          "acoustic_entropy": 7.289166450500488,
          "acoustic_entropy_side": 7.410030841827393,
          "hz": 129.47220167065723
        },
        {
          "acoustic_entropy": 6.974888324737549,
          "acoustic_entropy_side": 7.410143852233887,
          "hz": 202.92927478742237
        },
        {
          "acoustic_entropy": 7.33162784576416,
          "acoustic_entropy_side": 7.412354946136475,
          "hz": 282.89161906338205
        },
        {
          "acoustic_entropy": 7.380514144897461,
          "acoustic_entropy_side": 7.421560764312744,
          "hz": 369.9353335868758
        },
        {
          "acoustic_entropy": 7.587558746337891,
          "acoustic_entropy_side": 7.587621688842773,
          "hz": 464.6875360973435
        },
        {
          "acoustic_entropy": 7.349541187286377,
          "acoustic_entropy_side": 7.500698566436768,
          "hz": 567.8308811364784
        },
        {
          "acoustic_entropy": 7.854939937591553,
          "acoustic_entropy_side": 7.431905746459961,
          "hz": 680.1084783214808
        },
        {
          "acoustic_entropy": 7.592794895172119,
          "acoustic_entropy_side": 7.428247451782227,
          "hz": 802.3292461747484
        },
        {
          "acoustic_entropy": 7.737205505371094,
          "acoustic_entropy_side": 7.711427211761475,
          "hz": 935.3737400823702
        },
        {
          "acoustic_entropy": 6.490750312805176,
          "acoustic_entropy_side": 7.559811115264893,
          "hz": 1080.2004963696966
        },
        {
          "acoustic_entropy": 7.7894463539123535,
          "acoustic_entropy_side": 7.510206699371338,
          "hz": 1237.8529382007157
        },
        {
          "acoustic_entropy": 7.490299701690674,
          "acoustic_entropy_side": 7.300561428070068,
          "hz": 1409.4668930556702
        },
        {
          "acoustic_entropy": 7.802953243255615,
          "acoustic_entropy_side": 7.507485389709473,
          "hz": 1596.2787759475705
        },
        {
          "acoustic_entropy": 7.893054962158203,
          "acoustic_entropy_side": 7.481258869171143,
          "hz": 1799.6344973346393
        },
        {
          "acoustic_entropy": 8.038870811462402,
          "acoustic_entropy_side": 7.5883870124816895,
          "hz": 2020.9991599069049
        },
        {
          "acoustic_entropy": 7.601085662841797,
          "acoustic_entropy_side": 7.596913814544678,
          "hz": 2261.9676141086993
        },
        {
          "acoustic_entropy": 7.346214294433594,
          "acoustic_entropy_side": 7.415628433227539,
          "hz": 2524.2759484456974
        },
        {
          "acoustic_entropy": 7.304364204406738,
          "acoustic_entropy_side": 7.496474266052246,
          "hz": 2809.813997359896
        },
        {
          "acoustic_entropy": 7.300435543060303,
          "acoustic_entropy_side": 7.416022777557373,
          "hz": 3120.6389567871424
        },
        {
          "acoustic_entropy": 7.500512599945068,
          "acoustic_entropy_side": 7.445130348205566,
          "hz": 3458.990205492291
        },
        {
          "acoustic_entropy": 7.496530055999756,
          "acoustic_entropy_side": 7.346493721008301,
          "hz": 3827.305438964164
        },
        {
          "acoustic_entropy": 7.42238712310791,
          "acoustic_entropy_side": 7.400500297546387,
          "hz": 4228.238232109126
        },
        {
          "acoustic_entropy": 7.43328857421875,
          "acoustic_entropy_side": 7.392856597900391,
          "hz": 4664.6771572759235
        },
        {
          "acoustic_entropy": 7.419273853302002,
          "acoustic_entropy_side": 7.419619560241699,
          "hz": 5139.766595350093
        },
        {
          "acoustic_entropy": 7.469354152679443,
          "acoustic_entropy_side": 7.375371932983398,
          "hz": 5656.929389854203
        },
        {
          "acoustic_entropy": 7.491799831390381,
          "acoustic_entropy_side": 7.346582889556885,
          "hz": 6219.891507268283
        },
        {
          "acoustic_entropy": 7.453356742858887,
          "acoustic_entropy_side": 7.341679096221924,
          "hz": 6832.70888123896
        },
        {
          "acoustic_entropy": 7.330811977386475,
          "acoustic_entropy_side": 7.351786136627197,
          "hz": 7499.796634079867
        },
        {
          "acoustic_entropy": 7.359233856201172,
          "acoustic_entropy_side": 7.340055465698242,
          "hz": 8225.96088609342
        },
        {
          "acoustic_entropy": 7.415964126586914,
          "acoustic_entropy_side": 7.34951114654541,
          "hz": 9016.43338188839
        },
        {
          "acoustic_entropy": 7.464730262756348,
          "acoustic_entropy_side": 7.343289852142334,
          "hz": 9876.909183162974
        },
        {
          "acoustic_entropy": 7.323805332183838,
          "acoustic_entropy_side": 7.340875148773193,
          "hz": 10813.587699516042
        },
        {
          "acoustic_entropy": 7.390412330627441,
          "acoustic_entropy_side": 7.28230094909668,
          "hz": 11833.21735289826
        },
        {
          "acoustic_entropy": 7.383023738861084,
          "acoustic_entropy_side": 7.297251224517822,
          "hz": 12943.144197493959
        },
        {
          "acoustic_entropy": 7.402200698852539,
          "acoustic_entropy_side": 7.303005218505859,
          "hz": 14151.364845322005
        },
        {
          "acoustic_entropy": 7.428333282470703,
          "acoustic_entropy_side": 7.341037273406982,
          "hz": 15466.58407886509
        },
        {
          "acoustic_entropy": 7.446110725402832,
          "acoustic_entropy_side": 7.39607572555542,
          "hz": 16898.27756580493
        },
        {
          "acoustic_entropy": 7.412045955657959,
          "acoustic_entropy_side": 7.40989351272583,
          "hz": 18456.760127700032
        },
        {
          "acoustic_entropy": 7.410025119781494,
          "acoustic_entropy_side": 7.410027503967285,
          "hz": 20153.260054456492
        },
        {
          "acoustic_entropy": 7.41002893447876,
          "acoustic_entropy_side": 7.410029411315918,
          "hz": 22000.00000000001
        }
      ],
      "diff_acoustic_entropy": 7.136042594909668,
      "sn": 6
    },
    {
      "acoustic_entropy": 12.192194938659668,
      "acoustic_entropy_mono": 11.185918807983398,
      "band_eliminated_acoustic_entropies": [
        {
          "acoustic_entropy": 12.387792587280273,
          "acoustic_entropy_side": 12.192198753356934,
          "hz": 129.47220167065723
        },
        {
          "acoustic_entropy": 12.045507431030273,
          "acoustic_entropy_side": 12.195247650146484,
          "hz": 202.92927478742237
        },
        {
          "acoustic_entropy": 12.702728271484375,
          "acoustic_entropy_side": 12.276376724243164,
          "hz": 282.89161906338205
        },
        {
          "acoustic_entropy": 12.28625202178955,
          "acoustic_entropy_side": 12.07615852355957,
          "hz": 369.9353335868758
        },
        {
          "acoustic_entropy": 12.157559394836426,
          "acoustic_entropy_side": 12.336175918579102,
          "hz": 464.6875360973435
        },
        {
          "acoustic_entropy": 11.740723609924316,
          "acoustic_entropy_side": 12.137551307678223,
          "hz": 567.8308811364784
        },
        {
          "acoustic_entropy": 12.788818359375,
          "acoustic_entropy_side": 12.31363582611084,
          "hz": 680.1084783214808
        },
        {
          "acoustic_entropy": 12.514652252197266,
          "acoustic_entropy_side": 12.09997272491455,
          "hz": 802.3292461747484
        },
        {
          "acoustic_entropy": 12.29787540435791,
          "acoustic_entropy_side": 11.91398811340332,
          "hz": 935.3737400823702
        },
        {
          "acoustic_entropy": 11.265836715698242,
          "acoustic_entropy_side": 12.027929306030273,
          "hz": 1080.2004963696966
        },
        {
          "acoustic_entropy": 12.725724220275879,
          "acoustic_entropy_side": 12.281900405883789,
          "hz": 1237.8529382007157
        },
        {
          "acoustic_entropy": 11.776444435119629,
          "acoustic_entropy_side": 11.911563873291016,
          "hz": 1409.4668930556702
        },
        {
          "acoustic_entropy": 11.967595100402832,
          "acoustic_entropy_side": 12.22846794128418,
          "hz": 1596.2787759475705
        },
        {
          "acoustic_entropy": 12.160711288452148,
          "acoustic_entropy_side": 12.123435020446777,
          "hz": 1799.6344973346393
        },
        {
          "acoustic_entropy": 12.222198486328125,
          "acoustic_entropy_side": 11.838467597961426,
          "hz": 2020.9991599069049
        },
        {
          "acoustic_entropy": 12.527873039245605,
          "acoustic_entropy_side": 12.430941581726074,
          "hz": 2261.9676141086993
        },
        {
          "acoustic_entropy": 11.986830711364746,
          "acoustic_entropy_side": 12.04659652709961,
          "hz": 2524.2759484456974
        },
        {
          "acoustic_entropy": 11.892911911010742,
          "acoustic_entropy_side": 11.99559211730957,
          "hz": 2809.813997359896
        },
        {
          "acoustic_entropy": 11.933348655700684,
          "acoustic_entropy_side": 12.02711296081543,
          "hz": 3120.6389567871424
        },
        {
          "acoustic_entropy": 12.012189865112305,
          "acoustic_entropy_side": 12.06861400604248,
          "hz": 3458.990205492291
        },
        {
          "acoustic_entropy": 12.270662307739258,
          "acoustic_entropy_side": 12.191543579101562,
          "hz": 3827.305438964164
        },
        {
          "acoustic_entropy": 11.843061447143555,
          "acoustic_entropy_side": 12.192646026611328,
          "hz": 4228.238232109126
        },
        {
          "acoustic_entropy": 11.928032875061035,
          "acoustic_entropy_side": 12.136531829833984,
          "hz": 4664.6771572759235
        },
        {
          "acoustic_entropy": 12.158174514770508,
          "acoustic_entropy_side": 12.184646606445312,
          "hz": 5139.766595350093
        },
        {
          "acoustic_entropy": 12.242047309875488,
          "acoustic_entropy_side": 12.219488143920898,
          "hz": 5656.929389854203
        },
        {
          "acoustic_entropy": 12.344132423400879,
          "acoustic_entropy_side": 12.311274528503418,
          "hz": 6219.891507268283
        },
        {
          "acoustic_entropy": 12.368041038513184,
          "acoustic_entropy_side": 12.27280330657959,
          "hz": 6832.70888123896
        },
        {
          "acoustic_entropy": 12.268693923950195,
          "acoustic_entropy_side": 12.25965690612793,
          "hz": 7499.796634079867
        },
        {
          "acoustic_entropy": 12.271804809570312,
          "acoustic_entropy_side": 12.236562728881836,
          "hz": 8225.96088609342
        },
        {
          "acoustic_entropy": 12.264049530029297,
          "acoustic_entropy_side": 12.20403003692627,
          "hz": 9016.43338188839
        },
        {
          "acoustic_entropy": 12.302717208862305,
          "acoustic_entropy_side": 12.203180313110352,
          "hz": 9876.909183162974
        },
        {
          "acoustic_entropy": 12.105246543884277,
          "acoustic_entropy_side": 12.15749740600586,
          "hz": 10813.587699516042
        },
        {
          "acoustic_entropy": 12.176219940185547,
          "acoustic_entropy_side": 12.136639595031738,
          "hz": 11833.21735289826
        },
        {
          "acoustic_entropy": 12.225844383239746,
          "acoustic_entropy_side": 12.129212379455566,
          "hz": 12943.144197493959
        },
        {
          "acoustic_entropy": 12.341775894165039,
          "acoustic_entropy_side": 12.199482917785645,
          "hz": 14151.364845322005
        },
        {
          "acoustic_entropy": 12.490081787109375,
          "acoustic_entropy_side": 12.258063316345215,
          "hz": 15466.58407886509
        },
        {
          "acoustic_entropy": 12.398199081420898,
          "acoustic_entropy_side": 12.231592178344727,
          "hz": 16898.27756580493
        },
        {
          "acoustic_entropy": 12.19740104675293,
          "acoustic_entropy_side": 12.193163871765137,
          "hz": 18456.760127700032
        },
        {
          "acoustic_entropy": 12.192195892333984,
          "acoustic_entropy_side": 12.192194938659668,
          "hz": 20153.260054456492
        },
        {
          "acoustic_entropy": 12.192195892333984,
          "acoustic_entropy_side": 12.192195892333984,
          "hz": 22000.00000000001
        }
      ],
      "diff_acoustic_entropy": 10.356433868408203,
      "sn": 12
    },
    {
      "acoustic_entropy": 20.86579704284668,
      "acoustic_entropy_mono": 15.447197914123535,
      "band_eliminated_acoustic_entropies": [
        {
          "acoustic_entropy": 20.022878646850586,
          "acoustic_entropy_side": 20.86477279663086,
          "hz": 129.47220167065723
        },
        {
          "acoustic_entropy": 20.969078063964844,
          "acoustic_entropy_side": 20.897825241088867,
          "hz": 202.92927478742237
        },
        {
          "acoustic_entropy": 21.461875915527344,
          "acoustic_entropy_side": 21.051313400268555,
          "hz": 282.89161906338205
        },
        {
          "acoustic_entropy": 19.60964012145996,
          "acoustic_entropy_side": 18.98869514465332,
          "hz": 369.9353335868758
        },
        {
          "acoustic_entropy": 20.764617919921875,
          "acoustic_entropy_side": 20.914045333862305,
          "hz": 464.6875360973435
        },
        {
          "acoustic_entropy": 21.418739318847656,
          "acoustic_entropy_side": 21.290332794189453,
          "hz": 567.8308811364784
        },
        {
          "acoustic_entropy": 20.90019416809082,
          "acoustic_entropy_side": 21.178829193115234,
          "hz": 680.1084783214808
        },
        {
          "acoustic_entropy": 21.722396850585938,
          "acoustic_entropy_side": 21.861083984375,
          "hz": 802.3292461747484
        },
        {
          "acoustic_entropy": 21.22606086730957,
          "acoustic_entropy_side": 20.684532165527344,
          "hz": 935.3737400823702
        },
        {
          "acoustic_entropy": 19.611774444580078,
          "acoustic_entropy_side": 20.183317184448242,
          "hz": 1080.2004963696966
        },
        {
          "acoustic_entropy": 20.91744613647461,
          "acoustic_entropy_side": 20.618375778198242,
          "hz": 1237.8529382007157
        },
        {
          "acoustic_entropy": 20.341651916503906,
          "acoustic_entropy_side": 20.456459045410156,
          "hz": 1409.4668930556702
        },
        {
          "acoustic_entropy": 20.587289810180664,
          "acoustic_entropy_side": 20.615095138549805,
          "hz": 1596.2787759475705
        },
        {
          "acoustic_entropy": 21.047773361206055,
          "acoustic_entropy_side": 20.98115348815918,
          "hz": 1799.6344973346393
        },
        {
          "acoustic_entropy": 20.451425552368164,
          "acoustic_entropy_side": 20.52633285522461,
          "hz": 2020.9991599069049
        },
        {
          "acoustic_entropy": 20.827415466308594,
          "acoustic_entropy_side": 20.91129493713379,
          "hz": 2261.9676141086993
        },
        {
          "acoustic_entropy": 21.010311126708984,
          "acoustic_entropy_side": 20.91415023803711,
          "hz": 2524.2759484456974
        },
        {
          "acoustic_entropy": 20.501649856567383,
          "acoustic_entropy_side": 20.735748291015625,
          "hz": 2809.813997359896
        },
        {
