{
  "acoustic_entropy": 211.2443084716797,
  "bands": [
    {
      "high_freq": 148.1999969482422,
      "loudness": -18.54586410522461,
      "loudness_range": 7.703757286071777,
      "mid_mean": -15.337640762329102,
      "mid_to_side_loudness": -13.295215606689453,
      "mid_to_side_loudness_range": 21.630905151367188,
      "side_mean": -29.31519889831543
    },
    {
      "high_freq": 392.3793640136719,
      "loudness": -18.48650360107422,
      "loudness_range": 6.924141883850098,
      "low_freq": 148.1999969482422,
      "mid_mean": -15.71914291381836,
      "mid_to_side_loudness": -8.037334442138672,
      "mid_to_side_loudness_range": 16.09558868408203,
      "side_mean": -23.956947326660156
    },
    {
      "high_freq": 794.6976318359375,
      "loudness": -20.01278305053711,
      "loudness_range": 9.069380760192871,
      "low_freq": 392.3793640136719,
      "mid_mean": -17.971723556518555,
      "mid_to_side_loudness": -5.3215556144714355,
      "mid_to_side_loudness_range": 17.31978988647461,
      "side_mean": -23.477466583251953
    },
    {
      "high_freq": 1457.5709228515625,
      "loudness": -20.683979034423828,
      "loudness_range": 12.99754524230957,
      "low_freq": 794.6976318359375,
      "mid_mean": -19.02448844909668,
      "mid_to_side_loudness": -4.230859279632568,
      "mid_to_side_loudness_range": 16.874597549438477,
      "side_mean": -23.414073944091797
    },
    {
      "high_freq": 2549.74365234375,
      "loudness": -19.831396102905273,
      "loudness_range": 11.058552742004395,
      "low_freq": 1457.5709228515625,
      "mid_mean": -18.092315673828125,
      "mid_to_side_loudness": -3.7081353664398193,
      "mid_to_side_loudness_range": 13.309353828430176,
      "side_mean": -21.967239379882812
    },
    {
      "high_freq": 4349.24462890625,
      "loudness": -22.962459564208984,
      "loudness_range": 12.096138000488281,
      "low_freq": 2549.74365234375,
      "mid_mean": -20.807558059692383,
      "mid_to_side_loudness": -5.139630317687988,
      "mid_to_side_loudness_range": 14.19224739074707,
      "side_mean": -26.056425094604492
    },
    {
      "high_freq": 7314.1640625,
      "loudness": -25.346426010131836,
      "loudness_range": 12.325706481933594,
      "low_freq": 4349.24462890625,
      "mid_mean": -22.53206443786621,
      "mid_to_side_loudness": -7.702454090118408,
      "mid_to_side_loudness_range": 14.257999420166016,
      "side_mean": -30.65526008605957
    },
    {
      "high_freq": 12199.2666015625,
      "loudness": -30.537694931030273,
      "loudness_range": 13.23270034790039,
      "low_freq": 7314.1640625,
      "mid_mean": -27.524660110473633,
      "mid_to_side_loudness": -8.331343650817871,
      "mid_to_side_loudness_range": 11.493583679199219,
      "side_mean": -36.45127487182617
    },
    {
      "loudness": -39.57495880126953,
      "loudness_range": 13.196399688720703,
      "low_freq": 12199.2666015625,
      "mid_mean": -37.02727508544922,
      "mid_to_side_loudness": -5.486220359802246,
      "mid_to_side_loudness_range": 4.72084903717041,
      "side_mean": -42.35731887817383
    }
  ],
  "bands_short": [
    {
      "high_freq": 148.1999969482422,
      "loudness": -23.59889030456543,
      "loudness_range": 15.778055191040039,
      "mid_mean": -20.521425247192383,
      "mid_to_side_loudness": -13.605506896972656,
      "mid_to_side_loudness_range": 25.106525421142578,
      "side_mean": -35.2707405090332
    },
    {
      "high_freq": 392.3793640136719,
      "loudness": -16.99310302734375,
      "loudness_range": 7.446497917175293,
      "low_freq": 148.1999969482422,
      "mid_mean": -14.130728721618652,
      "mid_to_side_loudness": -9.299757957458496,
      "mid_to_side_loudness_range": 17.573591232299805,
      "side_mean": -23.555383682250977
    },
    {
      "high_freq": 794.6976318359375,
      "loudness": -20.321176528930664,
      "loudness_range": 11.286759376525879,
      "low_freq": 392.3793640136719,
      "mid_mean": -18.54754066467285,
      "mid_to_side_loudness": -4.933304786682129,
      "mid_to_side_loudness_range": 18.88121795654297,
      "side_mean": -23.708765029907227
    },
    {
      "high_freq": 1457.5709228515625,
      "loudness": -21.140743255615234,
      "loudness_range": 14.845495223999023,
      "low_freq": 794.6976318359375,
      "mid_mean": -19.751018524169922,
      "mid_to_side_loudness": -3.8170485496520996,
      "mid_to_side_loudness_range": 18.15887451171875,
      "side_mean": -23.7208251953125
    },
    {
      "high_freq": 2549.74365234375,
      "loudness": -20.34419059753418,
      "loudness_range": 13.180803298950195,
      "low_freq": 1457.5709228515625,
      "mid_mean": -18.787050247192383,
      "mid_to_side_loudness": -3.5089023113250732,
      "mid_to_side_loudness_range": 14.418839454650879,
      "side_mean": -22.431020736694336
    },
    {
      "high_freq": 4349.24462890625,
      "loudness": -23.298009872436523,
      "loudness_range": 14.827669143676758,
      "low_freq": 2549.74365234375,
      "mid_mean": -21.419727325439453,
      "mid_to_side_loudness": -4.494471073150635,
      "mid_to_side_loudness_range": 14.072713851928711,
      "side_mean": -25.866409301757812
    },
    {
      "high_freq": 7314.1640625,
      "loudness": -25.823776245117188,
      "loudness_range": 14.28939437866211,
      "low_freq": 4349.24462890625,
      "mid_mean": -23.260175704956055,
      "mid_to_side_loudness": -7.181768417358398,
      "mid_to_side_loudness_range": 15.573046684265137,
      "side_mean": -30.64369010925293
    },
    {
      "high_freq": 12199.2666015625,
      "loudness": -31.908767700195312,
      "loudness_range": 15.90036392211914,
      "low_freq": 7314.1640625,
      "mid_mean": -29.05405044555664,
      "mid_to_side_loudness": -7.8459858894348145,
      "mid_to_side_loudness_range": 12.780162811279297,
      "side_mean": -37.532958984375
    },
    {
      "loudness": -42.1734733581543,
      "loudness_range": 21.53972625732422,
      "low_freq": 12199.2666015625,
      "mid_mean": -39.82747268676758,
      "mid_to_side_loudness": -5.246262073516846,
      "mid_to_side_loudness_range": 7.086402893066406,
      "side_mean": -45.128536224365234
    }
  ],
  "bandwidth": 666.1749267578125,
  "channels": 2,
  "covariance": [
    [
      21.477920532226562,
      9.317394256591797,
      4.212449550628662,
      7.553097248077393,
      4.770407199859619,
      11.883081436157227,
      6.677059173583984,
      13.61255931854248,
      6.2078657150268555,
      12.043203353881836,
      8.223600387573242,
      14.435291290283203,
      6.606271266937256,
      12.539854049682617,
      3.946333646774292,
      5.565901279449463,
      3.4045777320861816,
      1.9856181144714355
    ],
    [
      9.317394256591797,
      58.57843017578125,
      2.4014675617218018,
      29.8633975982666,
      5.786302089691162,
      32.05937194824219,
      7.313076496124268,
      29.18128204345703,
      4.861378192901611,
      25.963415145874023,
      10.420068740844727,
      35.4673957824707,
      10.428986549377441,
      26.130643844604492,
      4.765261650085449,
      10.67693042755127,
      3.387086868286133,
      3.031717300415039
    ],
    [
      4.212449550628662,
      2.4014675617218018,
      10.74474048614502,
      2.740953207015991,
      3.813279867172241,
      6.0186896324157715,
      2.239150047302246,
      5.916593551635742,
      4.282960414886475,
      5.147895336151123,
      6.843122959136963,
      7.206992149353027,
      5.168585300445557,
      6.891420364379883,
      2.7511661052703857,
      4.062707424163818,
      2.430518627166748,
      1.9402947425842285
    ],
    [
      7.553097248077393,
      29.8633975982666,
      2.740953207015991,
      27.17932891845703,
      3.236970901489258,
      24.68643569946289,
      5.312984466552734,
      24.549224853515625,
      5.678935527801514,
      22.62554931640625,
      8.902799606323242,
      28.14134979248047,
      8.737080574035645,
      21.762128829956055,
      5.766305923461914,
      10.729124069213867,
      5.842959403991699,
      4.891818046569824
    ],
    [
      4.770407199859619,
      5.786302089691162,
      3.813279867172241,
      3.236970901489258,
      14.245738983154297,
      6.9451518058776855,
      8.3727388381958,
      6.616474151611328,
      6.382432460784912,
      6.803098201751709,
      5.963324069976807,
      8.247090339660645,
      3.805669069290161,
      7.416264057159424,
      0.6759408116340637,
      4.138457775115967,
      1.4083760976791382,
      1.7543292045593262
    ],
    [
      11.883081436157227,
      32.05937194824219,
      6.0186896324157715,
      24.68643569946289,
      6.9451518058776855,
      37.414024353027344,
      10.250605583190918,
      34.619895935058594,
      9.977811813354492,
      31.524280548095703,
      14.912091255187988,
      39.12675094604492,
      12.27498722076416,
      30.765993118286133,
      8.233470916748047,
      15.605300903320312,
      8.122873306274414,
      7.425551414489746
    ],
    [
      6.677059173583984,
      7.313076496124268,
      2.239150047302246,
      5.312984466552734,
      8.3727388381958,
      10.250605583190918,
      23.11005210876465,
      16.025529861450195,
      11.88270378112793,
      14.520753860473633,
      9.3236083984375,
      16.68182945251465,
      6.978175640106201,
      14.887480735778809,
      0.6367371082305908,
      8.039592742919922,
      2.016260862350464,
      2.270322799682617
    ],
    [
      13.61255931854248,
      29.18128204345703,
      5.916593551635742,
      24.549224853515625,
      6.616474151611328,
      34.619895935058594,
      16.025529861450195,
      48.68473815917969,
      14.495116233825684,
      39.97052001953125,
      19.917692184448242,
      48.025360107421875,
      16.523311614990234,
      39.86594009399414,
      10.094603538513184,
      20.712169647216797,
      9.552464485168457,
      8.52905559539795
    ],
    [
      6.2078657150268555,
      4.861378192901611,
      4.282960414886475,
      5.678935527801514,
      6.382432460784912,
      9.977811813354492,
      11.88270378112793,
      14.495116233825684,
      16.950857162475586,
      16.16090202331543,
      12.994918823242188,
      17.844465255737305,
      10.133051872253418,
      16.94606590270996,
      3.970923662185669,
      9.639057159423828,
      3.467067241668701,
      2.587261438369751
    ],
    [
      12.043203353881836,
      25.963415145874023,
      5.147895336151123,
      22.62554931640625,
      6.803098201751709,
      31.524280548095703,
      14.520753860473633,
      39.97052001953125,
      16.16090202331543,
      41.65336608886719,
      19.40606117248535,
      46.98652267456055,
      14.77187728881836,
      39.37221145629883,
      9.05480670928955,
      20.64227294921875,
      8.334833145141602,
      7.4771623611450195
    ],
    [
      8.223600387573242,
      10.420068740844727,
      6.843122959136963,
      8.902799606323242,
      5.963324069976807,
      14.912091255187988,
      9.3236083984375,
      19.917692184448242,
      12.994918823242188,
      19.40606117248535,
      18.17885398864746,
      24.973154067993164,
      14.588899612426758,
      23.961843490600586,
      7.5044026374816895,
      14.208871841430664,
      5.487708568572998,
      4.514865875244141
    ],
    [
      14.435291290283203,
      35.4673957824707,
      7.206992149353027,
      28.14134979248047,
      8.247090339660645,
      39.12675094604492,
      16.68182945251465,
      48.025360107421875,
      17.844465255737305,
      46.98652267456055,
      24.973154067993164,
      60.0000114440918,
      19.86638641357422,
      50.81103515625,
      12.732770919799805,
      27.2807674407959,
      11.070058822631836,
      10.425885200500488
    ],
    [
      6.606271266937256,
      10.428986549377441,
      5.168585300445557,
      8.737080574035645,
      3.805669069290161,
      12.27498722076416,
      6.978175640106201,
      16.523311614990234,
      10.133051872253418,
      14.77187728881836,
      14.588899612426758,
      19.86638641357422,
      22.71034812927246,
      22.859994888305664,
      12.739714622497559,
      17.282386779785156,
      9.062414169311523,
      7.347375392913818
    ],
    [
      12.539854049682617,
      26.130643844604492,
      6.891420364379883,
      21.762128829956055,
      7.416264057159424,
      30.765993118286133,
      14.887480735778809,
      39.86594009399414,
      16.94606590270996,
      39.37221145629883,
      23.961843490600586,
      50.81103515625,
      22.859994888305664,
      54.290122985839844,
      15.749303817749023,
      32.39267349243164,
      14.58686637878418,
      14.280458450317383
    ],
    [
      3.946333646774292,
      4.765261650085449,
      2.7511661052703857,
      5.766305923461914,
      0.6759408116340637,
      8.233470916748047,
      0.6367371082305908,
      10.094603538513184,
      3.970923662185669,
      9.05480670928955,
      7.5044026374816895,
      12.732770919799805,
      12.739714622497559,
      15.749303817749023,
      22.852449417114258,
      17.76321792602539,
      18.74736976623535,
      14.146096229553223
    ],
    [
      5.565901279449463,
      10.67693042755127,
      4.062707424163818,
      10.729124069213867,
      4.138457775115967,
      15.605300903320312,
      8.039592742919922,
      20.712169647216797,
      9.639057159423828,
      20.64227294921875,
      14.208871841430664,
      27.2807674407959,
      17.282386779785156,
      32.39267349243164,
      17.76321792602539,
      36.72980880737305,
      19.15957260131836,
      21.164770126342773
    ],
    [
      3.4045777320861816,
      3.387086868286133,
      2.430518627166748,
      5.842959403991699,
      1.4083760976791382,
      8.122873306274414,
      2.016260862350464,
      9.552464485168457,
      3.467067241668701,
      8.334833145141602,
      5.487708568572998,
      11.070058822631836,
      9.062414169311523,
      14.58686637878418,
      18.74736976623535,
      19.15957260131836,
      26.81049156188965,
      23.135480880737305
    ],
    [
      1.9856181144714355,
      3.031717300415039,
      1.9402947425842285,
      4.891818046569824,
      1.7543292045593262,
      7.425551414489746,
      2.270322799682617,
      8.52905559539795,
      2.587261438369751,
      7.4771623611450195,
      4.514865875244141,
      10.425885200500488,
      7.347375392913818,
      14.280458450317383,
      14.146096229553223,
      21.164770126342773,
      23.135480880737305,
      28.602773666381836
    ]
  ],
  "covariance_short": [
    [
      39.90992736816406,
      11.922507286071777,
      5.621603965759277,
      6.239056587219238,
      2.719027519226074,
      9.715654373168945,
      3.641021728515625,
      11.330910682678223,
      3.5427639484405518,
      9.421524047851562,
      6.855208396911621,
      11.919230461120605,
      4.602250099182129,
      8.986319541931152,
      3.3080203533172607,
      3.6541900634765625,
      4.015904426574707,
      2.6291420459747314
    ],
    [
      11.922507286071777,
      71.17471313476562,
      2.807528257369995,
      32.66419219970703,
      3.4532899856567383,
      28.642004013061523,
      6.314867973327637,
      27.688615798950195,
      4.396954536437988,
      24.284887313842773,
      11.250248908996582,
      32.66904830932617,
      9.577459335327148,
      22.753576278686523,
      6.171467304229736,
      10.663970947265625,
      4.810211181640625,
      3.502971887588501
    ],
    [
      5.621603965759277,
      2.807528257369995,
      14.039312362670898,
      4.073554992675781,
      4.739959239959717,
      8.610858917236328,
      4.242472171783447,
      9.199169158935547,
      5.65875768661499,
      8.60915756225586,
      8.844672203063965,
      10.53960132598877,
      6.143146991729736,
      9.109344482421875,
      3.886863946914673,
      5.708348751068115,
      3.746225595474243,
      3.782278299331665
    ],
    [
      6.239056587219238,
      32.66419219970703,
      4.073554992675781,
      32.902103424072266,
      3.8425769805908203,
      24.637683868408203,
      6.469179630279541,
      24.07652473449707,
      5.81169319152832,
      22.226064682006836,
      9.890564918518066,
      26.902130126953125,
      8.423723220825195,
      18.525053024291992,
      5.834904193878174,
      9.685240745544434,
      5.673656940460205,
      4.5561957359313965
    ],
    [
      2.719027519226074,
      3.4532899856567383,
      4.739959239959717,
      3.8425769805908203,
      21.97380256652832,
      7.73687744140625,
      8.931450843811035,
      6.856806755065918,
      8.017354011535645,
      7.6109418869018555,
      8.369495391845703,
      9.017003059387207,
      5.285032749176025,
      8.172947883605957,
      1.6404457092285156,
      6.146238803863525,
      2.0543878078460693,
      5.198050498962402
    ],
    [
      9.715654373168945,
      28.642004013061523,
      8.610858917236328,
      24.637683868408203,
      7.73687744140625,
      40.735660552978516,
      11.292784690856934,
      35.045467376708984,
      11.581984519958496,
      32.73666000366211,
      17.31182289123535,
      39.052940368652344,
      12.818646430969238,
      29.39303970336914,
      10.53039836883545,
      17.767499923706055,
      12.19651985168457,
      11.820832252502441
    ],
    [
      3.641021728515625,
      6.314867973327637,
      4.242472171783447,
      6.469179630279541,
      8.931450843811035,
      11.292784690856934,
      30.529247283935547,
      17.84799575805664,
      15.207782745361328,
      16.90415382385254,
      12.279693603515625,
      19.017568588256836,
      9.89735221862793,
      16.61888313293457,
      2.356236457824707,
      10.9617280960083,
      4.6078104972839355,
      7.450901031494141
    ],
    [
      11.330910682678223,
      27.688615798950195,
      9.199169158935547,
      24.07652473449707,
      6.856806755065918,
      35.045467376708984,
      17.84799575805664,
      52.663509368896484,
      16.901981353759766,
      42.082115173339844,
      24.004894256591797,
      48.7067985534668,
      18.41489601135254,
      38.77519607543945,
      14.055572509765625,
      25.039281845092773,
      16.00432777404785,
      16.954212188720703
    ],
    [
      3.5427639484405518,
      4.396954536437988,
      5.65875768661499,
      5.81169319152832,
      8.017354011535645,
      11.581984519958496,
      15.207782745361328,
      16.901981353759766,
      24.83871841430664,
      20.121009826660156,
      18.206707000732422,
      21.321855545043945,
      14.234281539916992,
      20.693737030029297,
      6.916235446929932,
      14.386624336242676,
      7.839024066925049,
      9.307732582092285
    ],
    [
      9.421524047851562,
      24.284887313842773,
      8.60915756225586,
      22.226064682006836,
      7.6109418869018555,
      32.73666000366211,
      16.90415382385254,
      42.082115173339844,
      20.121009826660156,
      48.000633239746094,
      25.064687728881836,
      50.01192855834961,
      17.7604923248291,
      40.83849334716797,
      14.065059661865234,
      26.390689849853516,
      16.18241310119629,
      17.09111976623535
    ],
    [
      6.855208396911621,
      11.250248908996582,
      8.844672203063965,
      9.890564918518066,
      8.369495391845703,
      17.31182289123535,
      12.279693603515625,
      24.004894256591797,
      18.206707000732422,
      25.064687728881836,
      28.642732620239258,
      31.17723846435547,
      21.424943923950195,
      29.34764289855957,
      14.62862777709961,
      21.98653793334961,
      14.19174575805664,
      15.200714111328125
    ],
    [
      11.919230461120605,
      32.66904830932617,
      10.53960132598877,
      26.902130126953125,
      9.017003059387207,
      39.052940368652344,
      19.017568588256836,
      48.7067985534668,
      21.321855545043945,
      50.01192855834961,
      31.17723846435547,
      65.24761199951172,
      23.37545394897461,
      51.901817321777344,
      18.995935440063477,
      34.39433670043945,
      20.362085342407227,
      22.056974411010742
    ],
    [
      4.602250099182129,
      9.577459335327148,
      6.143146991729736,
      8.423723220825195,
      5.285032749176025,
      12.818646430969238,
      9.89735221862793,
      18.41489601135254,
      14.234281539916992,
      17.7604923248291,
      21.424943923950195,
      23.37545394897461,
      33.208984375,
      27.82394027709961,
      22.550508499145508,
      26.784223556518555,
      21.194942474365234,
      21.77151107788086
    ],
    [
      8.986319541931152,
      22.753576278686523,
      9.109344482421875,
      18.525053024291992,
      8.172947883605957,
      29.39303970336914,
      16.61888313293457,
      38.77519607543945,
      20.693737030029297,
      40.83849334716797,
      29.34764289855957,
      51.901817321777344,
      27.82394027709961,
      62.2467041015625,
      23.016233444213867,
      41.47230911254883,
      25.112085342407227,
      28.669357299804688
    ],
    [
      3.3080203533172607,
      6.171467304229736,
      3.886863946914673,
      5.834904193878174,
      1.6404457092285156,
      10.53039836883545,
      2.356236457824707,
      14.055572509765625,
      6.916235446929932,
      14.065059661865234,
      14.62862777709961,
      18.995935440063477,
      22.550508499145508,
      23.016233444213867,
      37.6749382019043,
      31.470840454101562,
      38.594139099121094,
      32.253387451171875
    ],
    [
      3.6541900634765625,
      10.663970947265625,
      5.708348751068115,
      9.685240745544434,
      6.146238803863525,
      17.767499923706055,
      10.9617280960083,
      25.039281845092773,
      14.386624336242676,
      26.390689849853516,
      21.98653793334961,
      34.39433670043945,
      26.784223556518555,
      41.47230911254883,
      31.470840454101562,
      58.2352409362793,
      38.471839904785156,
      47.69966125488281
    ],
    [
      4.015904426574707,
      4.810211181640625,
      3.746225595474243,
      5.673656940460205,
      2.0543878078460693,
      12.19651985168457,
      4.6078104972839355,
      16.00432777404785,
      7.839024066925049,
      16.18241310119629,
      14.19174575805664,
      20.362085342407227,
      21.194942474365234,
      25.112085342407227,
      38.594139099121094,
      38.471839904785156,
      57.44081497192383,
      51.02840805053711
    ],
    [
      2.6291420459747314,
      3.502971887588501,
      3.782278299331665,
      4.5561957359313965,
      5.198050498962402,
      11.820832252502441,
      7.450901031494141,
      16.954212188720703,
      9.307732582092285,
      17.09111976623535,
      15.200714111328125,
      22.056974411010742,
      21.77151107788086,
      28.669357299804688,
      32.253387451171875,
      47.69966125488281,
      51.02840805053711,
      66.04817199707031
    ]
  ],
  "damage": -4.143528461456299,
  "diff_bandwidth": 667.4070434570312,
  "dissonance": 9.352964694995611,
  "drr": -2.11122989654541,
  "dynamics": 2.3331003189086914,
  "format": 1245190,
  "frames": 13041600,
  "loudness": -7.90549373626709,
  "loudness_range": 5.102729797363281,
  "loudness_range_short": 6.685656547546387,
  "lowpass_true_peak_15khz": 1.0251688957214355,
  "mastering3_acoustic_entropies": [
    {
      "acoustic_entropy": 6.634881973266602,
      "acoustic_entropy_mono": 5.971102237701416,
      "band_eliminated_acoustic_entropies": [
        {
          "acoustic_entropy": 6.468348026275635,
          "acoustic_entropy_side": 6.634390354156494,
          "hz": 129.47220167065723
        },
        {
          "acoustic_entropy": 6.512244701385498,
          "acoustic_entropy_side": 6.613705158233643,
          "hz": 202.92927478742237
        },
        {
          "acoustic_entropy": 6.677051067352295,
          "acoustic_entropy_side": 6.610766887664795,
          "hz": 282.89161906338205
        },
        {
          "acoustic_entropy": 6.772367477416992,
          "acoustic_entropy_side": 6.601945400238037,
          "hz": 369.9353335868758
        },
        {
          "acoustic_entropy": 6.298713684082031,
          "acoustic_entropy_side": 6.60672664642334,
          "hz": 464.6875360973435
        },
        {
          "acoustic_entropy": 6.092641353607178,
          "acoustic_entropy_side": 6.2322258949279785,
          "hz": 567.8308811364784
        },
        {
          "acoustic_entropy": 6.2746171951293945,
          "acoustic_entropy_side": 6.4110822677612305,
          "hz": 680.1084783214808
        },
        {
          "acoustic_entropy": 6.341324806213379,
          "acoustic_entropy_side": 6.706739902496338,
          "hz": 802.3292461747484
        },
        {
          "acoustic_entropy": 6.376603126525879,
          "acoustic_entropy_side": 6.382490634918213,
          "hz": 935.3737400823702
        },
        {
          "acoustic_entropy": 6.071590900421143,
          "acoustic_entropy_side": 6.794030666351318,
          "hz": 1080.2004963696966
        },
        {
          "acoustic_entropy": 6.825510501861572,
          "acoustic_entropy_side": 6.93479585647583,
          "hz": 1237.8529382007157
        },
        {
          "acoustic_entropy": 5.8257622718811035,
          "acoustic_entropy_side": 6.381814479827881,
          "hz": 1409.4668930556702
        },
        {
          "acoustic_entropy": 5.981863498687744,
          "acoustic_entropy_side": 6.528719425201416,
          "hz": 1596.2787759475705
        },
        {
          "acoustic_entropy": 6.554780960083008,
          "acoustic_entropy_side": 6.580449104309082,
          "hz": 1799.6344973346393
        },
        {
          "acoustic_entropy": 6.064077377319336,
          "acoustic_entropy_side": 6.574223041534424,
          "hz": 2020.9991599069049
        },
        {
          "acoustic_entropy": 6.496022701263428,
          "acoustic_entropy_side": 6.5270094871521,
          "hz": 2261.9676141086993
        },
        {
          "acoustic_entropy": 6.363305568695068,
          "acoustic_entropy_side": 6.437160491943359,
          "hz": 2524.2759484456974
        },
        {
          "acoustic_entropy": 6.563427448272705,
          "acoustic_entropy_side": 6.400155544281006,
          "hz": 2809.813997359896
        },
        {
          "acoustic_entropy": 6.251185417175293,
          "acoustic_entropy_side": 6.332340240478516,
          "hz": 3120.6389567871424
        },
        {
          "acoustic_entropy": 6.544411659240723,
          "acoustic_entropy_side": 6.526456356048584,
          "hz": 3458.990205492291
        },
        {
          "acoustic_entropy": 6.387186527252197,
          "acoustic_entropy_side": 6.529759407043457,
          "hz": 3827.305438964164
        },
        {
          "acoustic_entropy": 6.344419956207275,
          "acoustic_entropy_side": 6.353315830230713,
          "hz": 4228.238232109126
        },
        {
          "acoustic_entropy": 6.647514343261719,
          "acoustic_entropy_side": 6.611334800720215,
          "hz": 4664.6771572759235
        },
        {
          "acoustic_entropy": 6.545225143432617,
          "acoustic_entropy_side": 6.4997968673706055,
          "hz": 5139.766595350093
        },
        {
          "acoustic_entropy": 6.569228172302246,
          "acoustic_entropy_side": 6.601396560668945,
          "hz": 5656.929389854203
        },
        {
          "acoustic_entropy": 6.479796886444092,
          "acoustic_entropy_side": 6.625744342803955,
          "hz": 6219.891507268283
        },
        {
          "acoustic_entropy": 6.537042617797852,
          "acoustic_entropy_side": 6.6242451667785645,
          "hz": 6832.70888123896
        },
        {
          "acoustic_entropy": 6.586820602416992,
          "acoustic_entropy_side": 6.63093900680542,
          "hz": 7499.796634079867
        },
        {
          "acoustic_entropy": 6.54248046875,
          "acoustic_entropy_side": 6.630574703216553,
          "hz": 8225.96088609342
        },
        {
          "acoustic_entropy": 6.59761381149292,
          "acoustic_entropy_side": 6.633301258087158,
          "hz": 9016.43338188839
        },
        {
          "acoustic_entropy": 6.644911289215088,
          "acoustic_entropy_side": 6.635391712188721,
          "hz": 9876.909183162974
        },
        {
          "acoustic_entropy": 6.585343360900879,
          "acoustic_entropy_side": 6.636471271514893,
          "hz": 10813.587699516042
        },
        {
          "acoustic_entropy": 6.586929798126221,
          "acoustic_entropy_side": 6.634213447570801,
          "hz": 11833.21735289826
        },
        {
          "acoustic_entropy": 6.631577014923096,
          "acoustic_entropy_side": 6.633448123931885,
          "hz": 12943.144197493959
        },
        {
          "acoustic_entropy": 6.632040500640869,
          "acoustic_entropy_side": 6.633437156677246,
          "hz": 14151.364845322005
        },
        {
          "acoustic_entropy": 6.625270366668701,
          "acoustic_entropy_side": 6.632657051086426,
          "hz": 15466.58407886509
        },
        {
          "acoustic_entropy": 6.626090049743652,
          "acoustic_entropy_side": 6.633600234985352,
          "hz": 16898.27756580493
        },
        {
          "acoustic_entropy": 6.629016876220703,
          "acoustic_entropy_side": 6.634074687957764,
          "hz": 18456.760127700032
        },
        {
          "acoustic_entropy": 6.632684230804443,
          "acoustic_entropy_side": 6.634573936462402,
          "hz": 20153.260054456492
        },
        {
          "acoustic_entropy": 6.634133815765381,
          "acoustic_entropy_side": 6.6348137855529785,
          "hz": 22000.00000000001
        }
      ],
      "diff_acoustic_entropy": 4.854248046875,
      "sn": 6
    },
    {
      "acoustic_entropy": 10.268288612365723,
      "acoustic_entropy_mono": 9.847867965698242,
      "band_eliminated_acoustic_entropies": [
        {
          "acoustic_entropy": 10.071805000305176,
          "acoustic_entropy_side": 10.269966125488281,
          "hz": 129.47220167065723
        },
        {
          "acoustic_entropy": 10.815726280212402,
          "acoustic_entropy_side": 10.36276912689209,
          "hz": 202.92927478742237
        },
        {
          "acoustic_entropy": 11.170735359191895,
          "acoustic_entropy_side": 10.391435623168945,
          "hz": 282.89161906338205
        },
        {
          "acoustic_entropy": 10.859253883361816,
          "acoustic_entropy_side": 10.309415817260742,
          "hz": 369.9353335868758
        },
        {
          "acoustic_entropy": 10.556543350219727,
          "acoustic_entropy_side": 10.252215385437012,
          "hz": 464.6875360973435
        },
        {
          "acoustic_entropy": 10.386701583862305,
          "acoustic_entropy_side": 10.29974365234375,
          "hz": 567.8308811364784
        },
        {
          "acoustic_entropy": 10.849004745483398,
          "acoustic_entropy_side": 9.839471817016602,
          "hz": 680.1084783214808
        },
        {
          "acoustic_entropy": 10.930681228637695,
          "acoustic_entropy_side": 10.492279052734375,
          "hz": 802.3292461747484
        },
        {
          "acoustic_entropy": 11.343335151672363,
          "acoustic_entropy_side": 10.80114459991455,
          "hz": 935.3737400823702
        },
        {
          "acoustic_entropy": 10.71444034576416,
          "acoustic_entropy_side": 11.136549949645996,
          "hz": 1080.2004963696966
        },
        {
          "acoustic_entropy": 10.669726371765137,
          "acoustic_entropy_side": 11.062994956970215,
          "hz": 1237.8529382007157
        },
        {
          "acoustic_entropy": 10.144416809082031,
          "acoustic_entropy_side": 10.313711166381836,
          "hz": 1409.4668930556702
        },
        {
          "acoustic_entropy": 10.335582733154297,
          "acoustic_entropy_side": 10.113422393798828,
          "hz": 1596.2787759475705
        },
        {
          "acoustic_entropy": 10.469090461730957,
          "acoustic_entropy_side": 10.140432357788086,
          "hz": 1799.6344973346393
        },
        {
          "acoustic_entropy": 10.411527633666992,
          "acoustic_entropy_side": 10.258955955505371,
          "hz": 2020.9991599069049
        },
        {
          "acoustic_entropy": 11.110711097717285,
          "acoustic_entropy_side": 10.27602767944336,
          "hz": 2261.9676141086993
        },
        {
          "acoustic_entropy": 10.20239543914795,
          "acoustic_entropy_side": 10.291203498840332,
          "hz": 2524.2759484456974
        },
        {
          "acoustic_entropy": 10.859439849853516,
          "acoustic_entropy_side": 10.305381774902344,
          "hz": 2809.813997359896
        },
        {
          "acoustic_entropy": 10.074986457824707,
          "acoustic_entropy_side": 10.501114845275879,
          "hz": 3120.6389567871424
        },
        {
          "acoustic_entropy": 10.314866065979004,
          "acoustic_entropy_side": 10.441725730895996,
          "hz": 3458.990205492291
        },
        {
          "acoustic_entropy": 10.457473754882812,
          "acoustic_entropy_side": 10.535567283630371,
          "hz": 3827.305438964164
        },
        {
          "acoustic_entropy": 10.049944877624512,
          "acoustic_entropy_side": 10.612058639526367,
          "hz": 4228.238232109126
        },
        {
          "acoustic_entropy": 10.444025039672852,
          "acoustic_entropy_side": 10.331321716308594,
          "hz": 4664.6771572759235
        },
        {
          "acoustic_entropy": 10.399188995361328,
          "acoustic_entropy_side": 10.688737869262695,
          "hz": 5139.766595350093
        },
        {
          "acoustic_entropy": 10.513803482055664,
          "acoustic_entropy_side": 10.678919792175293,
          "hz": 5656.929389854203
        },
        {
          "acoustic_entropy": 10.730705261230469,
          "acoustic_entropy_side": 10.43105697631836,
          "hz": 6219.891507268283
        },
        {
          "acoustic_entropy": 10.9412202835083,
          "acoustic_entropy_side": 10.430706024169922,
          "hz": 6832.70888123896
        },
        {
          "acoustic_entropy": 10.713560104370117,
          "acoustic_entropy_side": 10.491783142089844,
          "hz": 7499.796634079867
        },
        {
          "acoustic_entropy": 10.460542678833008,
          "acoustic_entropy_side": 10.303160667419434,
          "hz": 8225.96088609342
        },
        {
          "acoustic_entropy": 10.373013496398926,
          "acoustic_entropy_side": 10.339073181152344,
          "hz": 9016.43338188839
        },
        {
          "acoustic_entropy": 10.285629272460938,
          "acoustic_entropy_side": 10.353584289550781,
          "hz": 9876.909183162974
        },
        {
          "acoustic_entropy": 10.221116065979004,
          "acoustic_entropy_side": 10.320247650146484,
          "hz": 10813.587699516042
        },
        {
          "acoustic_entropy": 10.261454582214355,
          "acoustic_entropy_side": 10.289900779724121,
          "hz": 11833.21735289826
        },
        {
          "acoustic_entropy": 10.289088249206543,
          "acoustic_entropy_side": 10.276086807250977,
          "hz": 12943.144197493959
        },
        {
          "acoustic_entropy": 10.152307510375977,
          "acoustic_entropy_side": 10.26740550994873,
          "hz": 14151.364845322005
        },
        {
          "acoustic_entropy": 10.187286376953125,
          "acoustic_entropy_side": 10.24465560913086,
          "hz": 15466.58407886509
        },
        {
          "acoustic_entropy": 10.109806060791016,
          "acoustic_entropy_side": 10.25918197631836,
          "hz": 16898.27756580493
        },
        {
          "acoustic_entropy": 10.0888090133667,
          "acoustic_entropy_side": 10.261805534362793,
          "hz": 18456.760127700032
        },
        {
          "acoustic_entropy": 10.24901008605957,
          "acoustic_entropy_side": 10.26468563079834,
          "hz": 20153.260054456492
        },
        {
          "acoustic_entropy": 10.264688491821289,
          "acoustic_entropy_side": 10.266712188720703,
          "hz": 22000.00000000001
        }
      ],
      "diff_acoustic_entropy": 9.407646179199219,
      "sn": 12
    },
    {
      "acoustic_entropy": 17.3900203704834,
      "acoustic_entropy_mono": 13.720244407653809,
      "band_eliminated_acoustic_entropies": [
        {
          "acoustic_entropy": 16.75014305114746,
          "acoustic_entropy_side": 17.23363494873047,
          "hz": 129.47220167065723
        },
        {
          "acoustic_entropy": 18.213716506958008,
          "acoustic_entropy_side": 17.50522232055664,
          "hz": 202.92927478742237
        },
        {
          "acoustic_entropy": 18.235767364501953,
          "acoustic_entropy_side": 17.254758834838867,
          "hz": 282.89161906338205
        },
        {
          "acoustic_entropy": 17.65965461730957,
          "acoustic_entropy_side": 17.407712936401367,
          "hz": 369.9353335868758
        },
        {
          "acoustic_entropy": 17.082942962646484,
          "acoustic_entropy_side": 17.07183837890625,
          "hz": 464.6875360973435
        },
        {
          "acoustic_entropy": 18.507261276245117,
          "acoustic_entropy_side": 18.263051986694336,
          "hz": 567.8308811364784
        },
        {
          "acoustic_entropy": 16.664775848388672,
          "acoustic_entropy_side": 17.591066360473633,
          "hz": 680.1084783214808
        },
        {
          "acoustic_entropy": 17.70009422302246,
          "acoustic_entropy_side": 17.300125122070312,
          "hz": 802.3292461747484
        },
        {
          "acoustic_entropy": 17.17826271057129,
          "acoustic_entropy_side": 17.87907600402832,
          "hz": 935.3737400823702
        },
        {
          "acoustic_entropy": 17.035842895507812,
          "acoustic_entropy_side": 16.85348129272461,
          "hz": 1080.2004963696966
        },
        {
          "acoustic_entropy": 18.019329071044922,
          "acoustic_entropy_side": 17.846717834472656,
          "hz": 1237.8529382007157
        },
        {
          "acoustic_entropy": 17.052078247070312,
          "acoustic_entropy_side": 17.781259536743164,
          "hz": 1409.4668930556702
        },
        {
          "acoustic_entropy": 17.717321395874023,
          "acoustic_entropy_side": 17.55939292907715,
          "hz": 1596.2787759475705
        },
        {
          "acoustic_entropy": 17.312557220458984,
          "acoustic_entropy_side": 17.507368087768555,
          "hz": 1799.6344973346393
        },
        {
          "acoustic_entropy": 17.291534423828125,
          "acoustic_entropy_side": 17.612449645996094,
          "hz": 2020.9991599069049
        },
        {
          "acoustic_entropy": 17.595308303833008,
          "acoustic_entropy_side": 17.49363136291504,
          "hz": 2261.9676141086993
        },
        {
          "acoustic_entropy": 17.53891944885254,
          "acoustic_entropy_side": 16.982074737548828,
          "hz": 2524.2759484456974
        },
        {
          "acoustic_entropy": 17.256969451904297,
          "acoustic_entropy_side": 17.290443420410156,
          "hz": 2809.813997359896
        },
        {
          "acoustic_entropy": 17.00070571899414,
          "acoustic_entropy_side": 17.462839126586914,
          "hz": 3120.6389567871424
        },
        {
