{
  "acoustic_entropy": 157.1514434814453,
  "bands": [
    {
      "high_freq": 148.1999969482422,
      "loudness": -38.6448860168457,
      "loudness_range": 21.09449005126953,
      "mid_mean": -35.7021484375,
      "mid_to_side_loudness": -11.166200637817383,
      "mid_to_side_loudness_range": 20.3182315826416,
      "side_mean": -47.748817443847656
    },
    {
      "high_freq": 392.3793640136719,
      "loudness": -36.67036437988281,
      "loudness_range": 17.145620346069336,
      "low_freq": 148.1999969482422,
      "mid_mean": -34.58561706542969,
      "mid_to_side_loudness": -4.277976036071777,
      "mid_to_side_loudness_range": 8.122427940368652,
      "side_mean": -38.89703369140625
    },
    {
      "high_freq": 794.6976318359375,
      "loudness": -27.527997970581055,
      "loudness_range": 15.055347442626953,
      "low_freq": 392.3793640136719,
      "mid_mean": -25.953319549560547,
      "mid_to_side_loudness": -2.6597299575805664,
      "mid_to_side_loudness_range": 7.570931911468506,
      "side_mean": -28.50617218017578
    },
    {
      "high_freq": 1457.5709228515625,
      "loudness": -28.366334915161133,
      "loudness_range": 21.589035034179688,
      "low_freq": 794.6976318359375,
      "mid_mean": -26.697967529296875,
      "mid_to_side_loudness": -3.247579574584961,
      "mid_to_side_loudness_range": 9.169222831726074,
      "side_mean": -29.79157257080078
    },
    {
      "high_freq": 2549.74365234375,
      "loudness": -39.90283203125,
      "loudness_range": 36.61473083496094,
      "low_freq": 1457.5709228515625,
      "mid_mean": -38.524959564208984,
      "mid_to_side_loudness": -2.743648052215576,
      "mid_to_side_loudness_range": 11.217114448547363,
      "side_mean": -41.68334197998047
    },
    {
      "high_freq": 4349.24462890625,
      "loudness": -48.48897171020508,
      "loudness_range": 23.170467376708984,
      "low_freq": 2549.74365234375,
      "mid_mean": -46.79792022705078,
      "mid_to_side_loudness": -3.6404166221618652,
      "mid_to_side_loudness_range": 9.921928405761719,
      "side_mean": -51.35520553588867
    },
    {
      "high_freq": 7314.1640625,
      "loudness": -61.416988372802734,
      "loudness_range": 20.609634399414062,
      "low_freq": 4349.24462890625,
      "mid_mean": -59.35955047607422,
      "mid_to_side_loudness": -2.355323076248169,
      "mid_to_side_loudness_range": 8.07170295715332,
      "side_mean": -61.33784484863281
    },
    {
      "high_freq": 12199.2666015625,
      "loudness": -67.90595245361328,
      "loudness_range": 13.168716430664062,
      "low_freq": 7314.1640625,
      "mid_mean": -64.6413803100586,
      "mid_to_side_loudness": -1.7850407361984253,
      "mid_to_side_loudness_range": 4.810070037841797,
      "side_mean": -65.8024673461914
    },
    {
      "loudness": -68.92347717285156,
      "loudness_range": 8.215141296386719,
      "low_freq": 12199.2666015625,
      "mid_mean": -65.66736602783203,
      "mid_to_side_loudness": -0.6222984790802002,
      "mid_to_side_loudness_range": 2.0567924976348877,
      "side_mean": -66.1883316040039
    }
  ],
  "bands_short": [
    {
      "high_freq": 148.1999969482422,
      "loudness": -42.01272964477539,
      "loudness_range": 25.843772888183594,
      "mid_mean": -39.570804595947266,
      "mid_to_side_loudness": -12.339076042175293,
      "mid_to_side_loudness_range": 26.37848663330078,
      "side_mean": -53.15782928466797
    },
    {
      "high_freq": 392.3793640136719,
      "loudness": -36.67033004760742,
      "loudness_range": 18.778820037841797,
      "low_freq": 148.1999969482422,
      "mid_mean": -34.445640563964844,
      "mid_to_side_loudness": -4.854284286499023,
      "mid_to_side_loudness_range": 10.230338096618652,
      "side_mean": -39.432708740234375
    },
    {
      "high_freq": 794.6976318359375,
      "loudness": -28.723876953125,
      "loudness_range": 17.67462730407715,
      "low_freq": 392.3793640136719,
      "mid_mean": -27.226591110229492,
      "mid_to_side_loudness": -2.9922401905059814,
      "mid_to_side_loudness_range": 10.635612487792969,
      "side_mean": -30.104324340820312
    },
    {
      "high_freq": 1457.5709228515625,
      "loudness": -28.13878631591797,
      "loudness_range": 21.380525588989258,
      "low_freq": 794.6976318359375,
      "mid_mean": -26.691787719726562,
      "mid_to_side_loudness": -3.310459613800049,
      "mid_to_side_loudness_range": 11.64826774597168,
      "side_mean": -29.80363655090332
    },
    {
      "high_freq": 2549.74365234375,
      "loudness": -40.025936126708984,
      "loudness_range": 36.616058349609375,
      "low_freq": 1457.5709228515625,
      "mid_mean": -38.79438781738281,
      "mid_to_side_loudness": -2.9323513507843018,
      "mid_to_side_loudness_range": 14.478765487670898,
      "side_mean": -42.258243560791016
    },
    {
      "high_freq": 4349.24462890625,
      "loudness": -48.91939926147461,
      "loudness_range": 25.2081298828125,
      "low_freq": 2549.74365234375,
      "mid_mean": -47.5280876159668,
      "mid_to_side_loudness": -3.744570732116699,
      "mid_to_side_loudness_range": 12.769872665405273,
      "side_mean": -52.057167053222656
    },
    {
      "high_freq": 7314.1640625,
      "loudness": -62.99928283691406,
      "loudness_range": 22.465972900390625,
      "low_freq": 4349.24462890625,
      "mid_mean": -60.5161018371582,
      "mid_to_side_loudness": -2.797152519226074,
      "mid_to_side_loudness_range": 9.934818267822266,
      "side_mean": -62.76538848876953
    },
    {
      "high_freq": 12199.2666015625,
      "loudness": -68.71656036376953,
      "loudness_range": 13.134403228759766,
      "low_freq": 7314.1640625,
      "mid_mean": -65.14579010009766,
      "mid_to_side_loudness": -1.9455657005310059,
      "mid_to_side_loudness_range": 5.780236721038818,
      "side_mean": -66.34919738769531
    },
    {
      "loudness": -69.24249267578125,
      "loudness_range": 6.011039733886719,
      "low_freq": 12199.2666015625,
      "mid_mean": -65.88736724853516,
      "mid_to_side_loudness": -0.6300562024116516,
      "mid_to_side_loudness_range": 2.6992554664611816,
      "side_mean": -66.40458679199219
    }
  ],
  "bandwidth": 910.200927734375,
  "channels": 2,
  "covariance": [
    [
      68.40898895263672,
      23.225980758666992,
      30.30386734008789,
      28.762710571289062,
      15.137240409851074,
      16.35469627380371,
      9.118447303771973,
      9.722164154052734,
      4.333509922027588,
      8.965777397155762,
      6.495875358581543,
      1.8628090620040894,
      9.68349838256836,
      9.207286834716797,
      7.433576583862305,
      6.570706844329834,
      3.9303998947143555,
      3.5918691158294678
    ],
    [
      23.225980758666992,
      40.007320404052734,
      15.81032943725586,
      19.833656311035156,
      11.702523231506348,
      10.812755584716797,
      3.318115472793579,
      5.640453338623047,
      1.5879098176956177,
      5.039446830749512,
      10.053193092346191,
      11.745316505432129,
      8.381047248840332,
      9.165190696716309,
      4.568671703338623,
      4.376366138458252,
      3.572669506072998,
      3.301396608352661
    ],
    [
      30.30386734008789,
      15.81032943725586,
      36.41364288330078,
      37.54960250854492,
      5.759759426116943,
      6.589622974395752,
      -0.5658513903617859,
      0.7438609600067139,
      1.4917618036270142,
      5.16415548324585,
      0.7972689867019653,
      -0.4848215878009796,
      8.139827728271484,
      10.15818977355957,
      5.763281345367432,
      5.8286237716674805,
      3.322160005569458,
      3.2881453037261963
    ],
    [
      28.762710571289062,
      19.833656311035156,
      37.54960250854492,
      48.87408447265625,
      4.6029582023620605,
      6.320786476135254,
      -0.9167963266372681,
      1.372511863708496,
      1.870115041732788,
      6.48666524887085,
      0.8782137036323547,
      0.051768794655799866,
      9.43720817565918,
      12.294597625732422,
      6.228555679321289,
      6.4629974365234375,
      3.1848974227905273,
      3.079681873321533
    ],
    [
      15.137240409851074,
      11.702523231506348,
      5.759759426116943,
      4.6029582023620605,
      33.04462814331055,
      30.734233856201172,
      14.673233032226562,
      12.037191390991211,
      23.281085968017578,
      24.296817779541016,
      17.769559860229492,
      15.3842191696167,
      10.388787269592285,
      7.412729740142822,
      4.7726640701293945,
      3.4736979007720947,
      1.849006175994873,
      1.3236491680145264
    ],
    [
      16.35469627380371,
      10.812755584716797,
      6.589622974395752,
      6.320786476135254,
      30.734233856201172,
      38.30629348754883,
      14.34470272064209,
      12.073294639587402,
      20.796030044555664,
      25.494136810302734,
      15.799344062805176,
      13.707569122314453,
      9.971500396728516,
      8.308259963989258,
      4.365783214569092,
      3.798140287399292,
      1.3489915132522583,
      1.0321294069290161
    ],
    [
      9.118447303771973,
      3.318115472793579,
      -0.5658513903617859,
      -0.9167963266372681,
      14.673233032226562,
      14.34470272064209,
      64.91851806640625,
      48.32484436035156,
      22.98909568786621,
      25.664695739746094,
      38.201847076416016,
      26.35862922668457,
      14.987916946411133,
      6.448394775390625,
      5.377689361572266,
      1.3720272779464722,
      1.2018954753875732,
      -0.6468809843063354
    ],
    [
      9.722164154052734,
      5.640453338623047,
      0.7438609600067139,
      1.372511863708496,
      12.037191390991211,
      12.073294639587402,
      48.32484436035156,
      45.34738540649414,
      15.806367874145508,
      19.68827247619629,
      26.86913299560547,
      18.944774627685547,
      10.636785507202148,
      5.324676990509033,
      3.0176258087158203,
      0.351554274559021,
      0.13963469862937927,
      -1.164292335510254
    ],
    [
      4.333509922027588,
      1.5879098176956177,
      1.4917618036270142,
      1.870115041732788,
      23.281085968017578,
      20.796030044555664,
      22.98909568786621,
      15.806367874145508,
      110.17839813232422,
      93.70106506347656,
      30.67092514038086,
      22.070051193237305,
      28.69051742553711,
      16.314008712768555,
      12.700937271118164,
      7.056618690490723,
      4.73893928527832,
      2.188803195953369
    ],
    [
      8.965777397155762,
      5.039446830749512,
      5.16415548324585,
      6.48666524887085,
      24.296817779541016,
      25.494136810302734,
      25.664695739746094,
      19.68827247619629,
      93.70106506347656,
      99.23192596435547,
      25.399951934814453,
      19.33062171936035,
      24.492979049682617,
      15.677987098693848,
      10.568058013916016,
      7.111015796661377,
      3.3976407051086426,
      1.4987589120864868
    ],
    [
      6.495875358581543,
      10.053193092346191,
      0.7972689867019653,
      0.8782137036323547,
      17.769559860229492,
      15.799344062805176,
      38.201847076416016,
      26.86913299560547,
      30.67092514038086,
      25.399951934814453,
      66.48478698730469,
      54.496089935302734,
      23.66777229309082,
      14.457052230834961,
      9.191033363342285,
      4.221564769744873,
      4.2216267585754395,
      2.2028605937957764
    ],
    [
      1.8628090620040894,
      11.745316505432129,
      -0.4848215878009796,
      0.051768794655799866,
      15.3842191696167,
      13.707569122314453,
      26.35862922668457,
      18.944774627685547,
      22.070051193237305,
      19.33062171936035,
      54.496089935302734,
      67.50653076171875,
      25.492830276489258,
      19.531391143798828,
      10.317395210266113,
      6.746937274932861,
      6.782365798950195,
      5.1916913986206055
    ],
    [
      9.68349838256836,
      8.381047248840332,
      8.139827728271484,
      9.43720817565918,
      10.388787269592285,
      9.971500396728516,
      14.987916946411133,
      10.636785507202148,
      28.69051742553711,
      24.492979049682617,
      23.66777229309082,
      25.492830276489258,
      33.74153137207031,
      28.771312713623047,
      16.315738677978516,
      13.108094215393066,
      9.507918357849121,
      7.904985427856445
    ],
    [
      9.207286834716797,
      9.165190696716309,
      10.15818977355957,
      12.294597625732422,
      7.412729740142822,
      8.308259963989258,
      6.448394775390625,
      5.324676990509033,
      16.314008712768555,
      15.677987098693848,
      14.457052230834961,
      19.531391143798828,
      28.771312713623047,
      30.29323959350586,
      14.12004566192627,
      13.471085548400879,
      8.77198600769043,
      8.146090507507324
    ],
    [
      7.433576583862305,
      4.568671703338623,
      5.763281345367432,
      6.228555679321289,
      4.7726640701293945,
      4.365783214569092,
      5.377689361572266,
      3.0176258087158203,
      12.700937271118164,
      10.568058013916016,
      9.191033363342285,
      10.317395210266113,
      16.315738677978516,
      14.12004566192627,
      12.146502494812012,
      10.297575950622559,
      6.500071048736572,
      5.5991315841674805
    ],
    [
      6.570706844329834,
      4.376366138458252,
      5.8286237716674805,
      6.4629974365234375,
      3.4736979007720947,
      3.798140287399292,
      1.3720272779464722,
      0.351554274559021,
      7.056618690490723,
      7.111015796661377,
      4.221564769744873,
      6.746937274932861,
      13.108094215393066,
      13.471085548400879,
      10.297575950622559,
      10.232583999633789,
      5.981417655944824,
      5.716670989990234
    ],
    [
      3.9303998947143555,
      3.572669506072998,
      3.322160005569458,
      3.1848974227905273,
      1.849006175994873,
      1.3489915132522583,
      1.2018954753875732,
      0.13963469862937927,
      4.73893928527832,
      3.3976407051086426,
      4.2216267585754395,
      6.782365798950195,
      9.507918357849121,
      8.77198600769043,
      6.500071048736572,
      5.981417655944824,
      7.286216735839844,
      6.965358257293701
    ],
    [
      3.5918691158294678,
      3.301396608352661,
      3.2881453037261963,
      3.079681873321533,
      1.3236491680145264,
      1.0321294069290161,
      -0.6468809843063354,
      -1.164292335510254,
      2.188803195953369,
      1.4987589120864868,
      2.2028605937957764,
      5.1916913986206055,
      7.904985427856445,
      8.146090507507324,
      5.5991315841674805,
      5.716670989990234,
      6.965358257293701,
      6.977085590362549
    ]
  ],
  "covariance_short": [
    [
      107.29644012451172,
      34.728363037109375,
      39.89848709106445,
      28.720155715942383,
      18.0477294921875,
      18.618976593017578,
      10.277918815612793,
      10.007761001586914,
      -0.6147224307060242,
      1.0499436855316162,
      8.863163948059082,
      5.629356384277344,
      8.174722671508789,
      8.79531192779541,
      6.420515060424805,
      5.720014572143555,
      3.860837697982788,
      3.657599925994873
    ],
    [
      34.728363037109375,
      56.74734878540039,
      22.931547164916992,
      23.79572868347168,
      11.173639297485352,
      12.395368576049805,
      6.552332401275635,
      6.584394931793213,
      0.2968442440032959,
      3.0961825847625732,
      13.995307922363281,
      24.38298225402832,
      14.29079532623291,
      13.25777530670166,
      7.1974101066589355,
      6.1770782470703125,
      5.630291938781738,
      4.997343063354492
    ],
    [
      39.89848709106445,
      22.931547164916992,
      46.275245666503906,
      39.45903015136719,
      8.197637557983398,
      11.428874969482422,
      2.1862258911132812,
      2.2562036514282227,
      4.602841377258301,
      6.879583358764648,
      3.155635356903076,
      1.6792750358581543,
      8.94592571258545,
      10.65041732788086,
      5.430550575256348,
      5.338292121887207,
      2.9521114826202393,
      2.765925645828247
    ],
    [
      28.720155715942383,
      23.79572868347168,
      39.45903015136719,
      47.99717330932617,
      4.760418891906738,
      8.718917846679688,
      -1.5234019756317139,
      -0.6632272005081177,
      1.9106180667877197,
      3.977445125579834,
      1.8950672149658203,
      1.3899849653244019,
      8.761046409606934,
      11.684579849243164,
      4.721297264099121,
      4.919351577758789,
      2.908825635910034,
      2.777454137802124
    ],
    [
      18.0477294921875,
      11.173639297485352,
      8.197637557983398,
      4.760418891906738,
      40.065460205078125,
      35.96964645385742,
      14.39407730102539,
      11.135727882385254,
      20.019628524780273,
      21.59905242919922,
      19.26519012451172,
      17.499439239501953,
      9.74033260345459,
      7.059063911437988,
      4.912385940551758,
      3.7320878505706787,
      2.1062872409820557,
      1.6974397897720337
    ],
    [
      18.618976593017578,
      12.395368576049805,
      11.428874969482422,
      8.718917846679688,
      35.96964645385742,
      49.93574905395508,
      12.825913429260254,
      11.216482162475586,
      17.38375473022461,
      22.807191848754883,
      17.239471435546875,
      16.54408073425293,
      8.84663200378418,
      8.022768020629883,
      4.40205192565918,
      4.080641269683838,
      1.7427332401275635,
      1.5849722623825073
    ],
    [
      10.277918815612793,
      6.552332401275635,
      2.1862258911132812,
      -1.5234019756317139,
      14.39407730102539,
      12.825913429260254,
      70.43507385253906,
      49.411865234375,
      28.673049926757812,
      30.601675033569336,
      42.19160079956055,
      28.474945068359375,
      18.350801467895508,
      7.354114055633545,
      6.352407932281494,
      1.974446177482605,
      1.7454637289047241,
      -0.11549728363752365
    ],
    [
      10.007761001586914,
      6.584394931793213,
      2.2562036514282227,
      -0.6632272005081177,
      11.135727882385254,
      11.216482162475586,
      49.411865234375,
      49.83729934692383,
      19.866374969482422,
      23.496904373168945,
      29.253459930419922,
      20.32274627685547,
      12.90109920501709,
      6.105381011962891,
      4.158530235290527,
      1.171640396118164,
      0.5922532677650452,
      -0.72370845079422
    ],
    [
      -0.6147224307060242,
      0.2968442440032959,
      4.602841377258301,
      1.9106180667877197,
      20.019628524780273,
      17.38375473022461,
      28.673049926757812,
      19.866374969482422,
      111.85443115234375,
      89.97293853759766,
      36.74074172973633,
      25.187259674072266,
      32.59627151489258,
      17.80487060546875,
      13.782164573669434,
      7.211520195007324,
      5.3821120262146,
      2.5539584159851074
    ],
    [
      1.0499436855316162,
      3.0961825847625732,
      6.879583358764648,
      3.977445125579834,
      21.59905242919922,
      22.807191848754883,
      30.601675033569336,
      23.496904373168945,
      89.97293853759766,
      101.06194305419922,
      30.94325065612793,
      23.57024574279785,
      26.43456268310547,
      16.2031307220459,
      10.953742027282715,
      6.845099449157715,
      3.984114408493042,
      1.9803295135498047
    ],
    [
      8.863163948059082,
      13.995307922363281,
      3.155635356903076,
      1.8950672149658203,
      19.26519012451172,
      17.239471435546875,
      42.19160079956055,
      29.253459930419922,
      36.74074172973633,
      30.94325065612793,
      78.9897689819336,
      63.510215759277344,
      28.46619415283203,
      16.617345809936523,
      11.545821189880371,
      6.04267692565918,
      5.109313488006592,
      2.9419138431549072
    ],
    [
      5.629356384277344,
      24.38298225402832,
      1.6792750358581543,
      1.3899849653244019,
      17.499439239501953,
      16.54408073425293,
      28.474945068359375,
      20.32274627685547,
      25.187259674072266,
      23.57024574279785,
      63.510215759277344,
      77.60037994384766,
      26.915477752685547,
      19.8310604095459,
      11.540328025817871,
      7.877227306365967,
      6.996511459350586,
      5.4486308097839355
    ],
    [
      8.174722671508789,
      14.29079532623291,
      8.94592571258545,
      8.761046409606934,
      9.74033260345459,
      8.84663200378418,
      18.350801467895508,
      12.90109920501709,
      32.59627151489258,
      26.43456268310547,
      28.46619415283203,
      26.915477752685547,
      37.759220123291016,
      30.444801330566406,
      16.76676368713379,
      13.268094062805176,
      9.335397720336914,
      7.59148645401001
    ],
    [
      8.79531192779541,
      13.25777530670166,
      10.65041732788086,
      11.684579849243164,
      7.059063911437988,
      8.022768020629883,
      7.354114055633545,
      6.105381011962891,
      17.80487060546875,
      16.2031307220459,
      16.617345809936523,
      19.8310604095459,
      30.444801330566406,
      32.43941879272461,
      13.942466735839844,
      13.266022682189941,
      8.293103218078613,
      7.648733615875244
    ],
    [
      6.420515060424805,
      7.1974101066589355,
      5.430550575256348,
      4.721297264099121,
      4.912385940551758,
      4.40205192565918,
      6.352407932281494,
      4.158530235290527,
      13.782164573669434,
      10.953742027282715,
      11.545821189880371,
      11.540328025817871,
      16.76676368713379,
      13.942466735839844,
      11.713454246520996,
      9.678640365600586,
      6.098989486694336,
      5.133431911468506
    ],
    [
      5.720014572143555,
      6.1770782470703125,
      5.338292121887207,
      4.919351577758789,
      3.7320878505706787,
      4.080641269683838,
      1.974446177482605,
      1.171640396118164,
      7.211520195007324,
      6.845099449157715,
      6.04267692565918,
      7.877227306365967,
      13.268094062805176,
      13.266022682189941,
      9.678640365600586,
      9.767192840576172,
      5.516585826873779,
      5.228912830352783
    ],
    [
      3.860837697982788,
      5.630291938781738,
      2.9521114826202393,
      2.908825635910034,
      2.1062872409820557,
      1.7427332401275635,
      1.7454637289047241,
      0.5922532677650452,
      5.3821120262146,
      3.984114408493042,
      5.109313488006592,
      6.996511459350586,
      9.335397720336914,
      8.293103218078613,
      6.098989486694336,
      5.516585826873779,
      6.168773651123047,
      5.716489315032959
    ],
    [
      3.657599925994873,
      4.997343063354492,
      2.765925645828247,
      2.777454137802124,
      1.6974397897720337,
      1.5849722623825073,
      -0.11549728363752365,
      -0.72370845079422,
      2.5539584159851074,
      1.9803295135498047,
      2.9419138431549072,
      5.4486308097839355,
      7.59148645401001,
      7.648733615875244,
      5.133431911468506,
      5.228912830352783,
      5.716489315032959,
      5.734445095062256
    ]
  ],
  "damage": -9.046112060546875,
  "diff_bandwidth": 883.7176513671875,
  "dissonance": 2.3874829161408035,
  "drr": 11.539007186889648,
  "dynamics": 4.1924872398376465,
  "format": 1245190,
  "frames": 6762000,
  "loudness": -18.358423233032227,
  "loudness_range": 12.909131050109863,
  "loudness_range_short": 14.524317741394043,
  "lowpass_true_peak_15khz": -1.3662912845611572,
  "mastering3_acoustic_entropies": [
    {
      "acoustic_entropy": 11.085284233093262,
      "acoustic_entropy_mono": 10.354037284851074,
      "band_eliminated_acoustic_entropies": [
        {
          "acoustic_entropy": 11.106091499328613,
          "acoustic_entropy_side": 11.085299491882324,
          "hz": 129.47220167065723
        },
        {
          "acoustic_entropy": 11.082799911499023,
          "acoustic_entropy_side": 11.086634635925293,
          "hz": 202.92927478742237
        },
        {
          "acoustic_entropy": 11.23072624206543,
          "acoustic_entropy_side": 11.090365409851074,
          "hz": 282.89161906338205
        },
        {
          "acoustic_entropy": 11.091310501098633,
          "acoustic_entropy_side": 10.991876602172852,
          "hz": 369.9353335868758
        },
        {
          "acoustic_entropy": 11.276098251342773,
          "acoustic_entropy_side": 11.450467109680176,
          "hz": 464.6875360973435
        },
        {
          "acoustic_entropy": 11.683968544006348,
          "acoustic_entropy_side": 10.599737167358398,
          "hz": 567.8308811364784
        },
        {
          "acoustic_entropy": 10.75233268737793,
          "acoustic_entropy_side": 11.023612022399902,
          "hz": 680.1084783214808
        },
        {
          "acoustic_entropy": 10.591338157653809,
          "acoustic_entropy_side": 11.1309814453125,
          "hz": 802.3292461747484
        },
        {
          "acoustic_entropy": 11.092823028564453,
          "acoustic_entropy_side": 11.203832626342773,
          "hz": 935.3737400823702
        },
        {
          "acoustic_entropy": 11.486278533935547,
          "acoustic_entropy_side": 11.538677215576172,
          "hz": 1080.2004963696966
        },
        {
          "acoustic_entropy": 10.483827590942383,
          "acoustic_entropy_side": 11.108479499816895,
          "hz": 1237.8529382007157
        },
        {
          "acoustic_entropy": 10.569644927978516,
          "acoustic_entropy_side": 11.314393997192383,
          "hz": 1409.4668930556702
        },
        {
          "acoustic_entropy": 9.250123977661133,
          "acoustic_entropy_side": 11.348115921020508,
          "hz": 1596.2787759475705
        },
        {
          "acoustic_entropy": 11.066929817199707,
          "acoustic_entropy_side": 11.071032524108887,
          "hz": 1799.6344973346393
        },
        {
          "acoustic_entropy": 10.462041854858398,
          "acoustic_entropy_side": 11.063860893249512,
          "hz": 2020.9991599069049
        },
        {
          "acoustic_entropy": 10.894145011901855,
          "acoustic_entropy_side": 10.988468170166016,
          "hz": 2261.9676141086993
        },
        {
          "acoustic_entropy": 11.080703735351562,
          "acoustic_entropy_side": 11.082406044006348,
          "hz": 2524.2759484456974
        },
        {
          "acoustic_entropy": 11.090250968933105,
          "acoustic_entropy_side": 11.087798118591309,
          "hz": 2809.813997359896
        },
        {
          "acoustic_entropy": 11.067500114440918,
          "acoustic_entropy_side": 11.084697723388672,
          "hz": 3120.6389567871424
        },
        {
          "acoustic_entropy": 11.085197448730469,
          "acoustic_entropy_side": 11.085484504699707,
          "hz": 3458.990205492291
        },
        {
          "acoustic_entropy": 11.077676773071289,
          "acoustic_entropy_side": 11.077939987182617,
          "hz": 3827.305438964164
        },
        {
          "acoustic_entropy": 11.079809188842773,
          "acoustic_entropy_side": 11.08653736114502,
          "hz": 4228.238232109126
        },
        {
          "acoustic_entropy": 11.079161643981934,
          "acoustic_entropy_side": 11.082937240600586,
          "hz": 4664.6771572759235
        },
        {
          "acoustic_entropy": 11.085162162780762,
          "acoustic_entropy_side": 11.085171699523926,
          "hz": 5139.766595350093
        },
        {
          "acoustic_entropy": 11.085158348083496,
          "acoustic_entropy_side": 11.085282325744629,
          "hz": 5656.929389854203
        },
        {
          "acoustic_entropy": 11.084857940673828,
          "acoustic_entropy_side": 11.085287094116211,
          "hz": 6219.891507268283
        },
        {
          "acoustic_entropy": 11.085330963134766,
          "acoustic_entropy_side": 11.085293769836426,
          "hz": 6832.70888123896
        },
        {
          "acoustic_entropy": 11.085291862487793,
          "acoustic_entropy_side": 11.085283279418945,
          "hz": 7499.796634079867
        },
        {
          "acoustic_entropy": 11.085251808166504,
          "acoustic_entropy_side": 11.085283279418945,
          "hz": 8225.96088609342
        },
        {
          "acoustic_entropy": 11.085290908813477,
          "acoustic_entropy_side": 11.085285186767578,
          "hz": 9016.43338188839
        },
        {
          "acoustic_entropy": 11.085289001464844,
          "acoustic_entropy_side": 11.085286140441895,
          "hz": 9876.909183162974
        },
        {
          "acoustic_entropy": 11.085285186767578,
          "acoustic_entropy_side": 11.085284233093262,
          "hz": 10813.587699516042
        },
        {
          "acoustic_entropy": 11.085288047790527,
          "acoustic_entropy_side": 11.085285186767578,
          "hz": 11833.21735289826
        },
        {
          "acoustic_entropy": 11.085296630859375,
          "acoustic_entropy_side": 11.08528995513916,
          "hz": 12943.144197493959
        },
        {
          "acoustic_entropy": 11.08534049987793,
          "acoustic_entropy_side": 11.085315704345703,
          "hz": 14151.364845322005
        },
        {
          "acoustic_entropy": 11.085286140441895,
          "acoustic_entropy_side": 11.085286140441895,
          "hz": 15466.58407886509
        },
        {
          "acoustic_entropy": 11.085286140441895,
          "acoustic_entropy_side": 11.085285186767578,
          "hz": 16898.27756580493
        },
        {
          "acoustic_entropy": 11.085285186767578,
          "acoustic_entropy_side": 11.085284233093262,
          "hz": 18456.760127700032
        },
        {
          "acoustic_entropy": 11.085284233093262,
          "acoustic_entropy_side": 11.085284233093262,
          "hz": 20153.260054456492
        },
        {
          "acoustic_entropy": 11.085284233093262,
          "acoustic_entropy_side": 11.085284233093262,
          "hz": 22000.00000000001
        }
      ],
      "diff_acoustic_entropy": 4.524467468261719,
      "sn": 6
    },
    {
      "acoustic_entropy": 15.315722465515137,
      "acoustic_entropy_mono": 14.061442375183105,
      "band_eliminated_acoustic_entropies": [
        {
          "acoustic_entropy": 15.474282264709473,
          "acoustic_entropy_side": 15.315967559814453,
          "hz": 129.47220167065723
        },
        {
          "acoustic_entropy": 14.671809196472168,
          "acoustic_entropy_side": 15.338909149169922,
          "hz": 202.92927478742237
        },
        {
          "acoustic_entropy": 15.882286071777344,
          "acoustic_entropy_side": 15.390301704406738,
          "hz": 282.89161906338205
        },
        {
          "acoustic_entropy": 15.506373405456543,
          "acoustic_entropy_side": 15.241500854492188,
          "hz": 369.9353335868758
        },
        {
          "acoustic_entropy": 15.55986213684082,
          "acoustic_entropy_side": 16.026634216308594,
          "hz": 464.6875360973435
        },
        {
          "acoustic_entropy": 15.990347862243652,
          "acoustic_entropy_side": 16.57780647277832,
          "hz": 567.8308811364784
        },
        {
          "acoustic_entropy": 14.960714340209961,
          "acoustic_entropy_side": 15.401865005493164,
          "hz": 680.1084783214808
        },
        {
          "acoustic_entropy": 14.58646011352539,
          "acoustic_entropy_side": 15.410614967346191,
          "hz": 802.3292461747484
        },
        {
          "acoustic_entropy": 15.027647972106934,
          "acoustic_entropy_side": 15.38545036315918,
          "hz": 935.3737400823702
        },
        {
          "acoustic_entropy": 15.080604553222656,
          "acoustic_entropy_side": 15.695481300354004,
          "hz": 1080.2004963696966
        },
        {
          "acoustic_entropy": 14.604230880737305,
          "acoustic_entropy_side": 14.857304573059082,
          "hz": 1237.8529382007157
        },
        {
          "acoustic_entropy": 14.438998222351074,
          "acoustic_entropy_side": 15.533825874328613,
          "hz": 1409.4668930556702
        },
        {
          "acoustic_entropy": 14.667622566223145,
          "acoustic_entropy_side": 15.850374221801758,
          "hz": 1596.2787759475705
        },
        {
          "acoustic_entropy": 15.484916687011719,
          "acoustic_entropy_side": 15.036643028259277,
          "hz": 1799.6344973346393
        },
        {
          "acoustic_entropy": 15.143938064575195,
          "acoustic_entropy_side": 15.638689041137695,
          "hz": 2020.9991599069049
        },
        {
          "acoustic_entropy": 15.497644424438477,
          "acoustic_entropy_side": 15.147781372070312,
          "hz": 2261.9676141086993
        },
        {
          "acoustic_entropy": 15.383853912353516,
          "acoustic_entropy_side": 15.198771476745605,
          "hz": 2524.2759484456974
        },
        {
          "acoustic_entropy": 15.281206130981445,
          "acoustic_entropy_side": 15.348109245300293,
          "hz": 2809.813997359896
        },
        {
          "acoustic_entropy": 15.277128219604492,
          "acoustic_entropy_side": 15.31950569152832,
          "hz": 3120.6389567871424
        },
        {
          "acoustic_entropy": 15.33923053741455,
          "acoustic_entropy_side": 15.323479652404785,
          "hz": 3458.990205492291
        },
        {
          "acoustic_entropy": 15.02963638305664,
          "acoustic_entropy_side": 15.05034351348877,
          "hz": 3827.305438964164
        },
        {
          "acoustic_entropy": 15.291936874389648,
          "acoustic_entropy_side": 15.31157398223877,
          "hz": 4228.238232109126
        },
        {
          "acoustic_entropy": 15.26546573638916,
          "acoustic_entropy_side": 15.278849601745605,
          "hz": 4664.6771572759235
        },
        {
          "acoustic_entropy": 15.319782257080078,
          "acoustic_entropy_side": 15.316679000854492,
          "hz": 5139.766595350093
        },
        {
          "acoustic_entropy": 15.315823554992676,
          "acoustic_entropy_side": 15.315595626831055,
          "hz": 5656.929389854203
        },
        {
          "acoustic_entropy": 15.315558433532715,
          "acoustic_entropy_side": 15.315774917602539,
          "hz": 6219.891507268283
        },
        {
          "acoustic_entropy": 15.31582260131836,
          "acoustic_entropy_side": 15.31574821472168,
          "hz": 6832.70888123896
        },
        {
          "acoustic_entropy": 15.315857887268066,
          "acoustic_entropy_side": 15.31574821472168,
          "hz": 7499.796634079867
        },
        {
          "acoustic_entropy": 15.315299987792969,
          "acoustic_entropy_side": 15.315714836120605,
          "hz": 8225.96088609342
        },
        {
          "acoustic_entropy": 15.315797805786133,
          "acoustic_entropy_side": 15.315732955932617,
          "hz": 9016.43338188839
        },
        {
          "acoustic_entropy": 15.315740585327148,
          "acoustic_entropy_side": 15.315715789794922,
          "hz": 9876.909183162974
        },
        {
          "acoustic_entropy": 15.315733909606934,
          "acoustic_entropy_side": 15.31572437286377,
          "hz": 10813.587699516042
        },
        {
          "acoustic_entropy": 15.315718650817871,
          "acoustic_entropy_side": 15.315719604492188,
          "hz": 11833.21735289826
        },
        {
          "acoustic_entropy": 15.315791130065918,
          "acoustic_entropy_side": 15.315753936767578,
          "hz": 12943.144197493959
        },
        {
          "acoustic_entropy": 15.315533638000488,
          "acoustic_entropy_side": 15.315681457519531,
          "hz": 14151.364845322005
        },
        {
          "acoustic_entropy": 15.315738677978516,
          "acoustic_entropy_side": 15.315735816955566,
          "hz": 15466.58407886509
        },
        {
          "acoustic_entropy": 15.315729141235352,
          "acoustic_entropy_side": 15.315730094909668,
          "hz": 16898.27756580493
        },
        {
          "acoustic_entropy": 15.315723419189453,
          "acoustic_entropy_side": 15.315723419189453,
          "hz": 18456.760127700032
        },
        {
          "acoustic_entropy": 15.31572437286377,
          "acoustic_entropy_side": 15.315723419189453,
          "hz": 20153.260054456492
        },
        {
          "acoustic_entropy": 15.315722465515137,
          "acoustic_entropy_side": 15.315722465515137,
          "hz": 22000.00000000001
        }
      ],
      "diff_acoustic_entropy": 7.195427417755127,
      "sn": 12
    },
    {
      "acoustic_entropy": 23.140865325927734,
      "acoustic_entropy_mono": 19.984012603759766,
      "band_eliminated_acoustic_entropies": [
        {
          "acoustic_entropy": 22.220338821411133,
          "acoustic_entropy_side": 23.1429443359375,
          "hz": 129.47220167065723
        },
        {
          "acoustic_entropy": 22.62438201904297,
          "acoustic_entropy_side": 23.137624740600586,
          "hz": 202.92927478742237
        },
        {
          "acoustic_entropy": 24.091440200805664,
          "acoustic_entropy_side": 23.38295555114746,
          "hz": 282.89161906338205
        },
        {
          "acoustic_entropy": 22.608884811401367,
          "acoustic_entropy_side": 22.586671829223633,
          "hz": 369.9353335868758
        },
        {
          "acoustic_entropy": 22.96405029296875,
          "acoustic_entropy_side": 23.172056198120117,
          "hz": 464.6875360973435
        },
        {
          "acoustic_entropy": 23.91891860961914,
          "acoustic_entropy_side": 24.06365966796875,
          "hz": 567.8308811364784
        },
        {
          "acoustic_entropy": 23.790828704833984,
          "acoustic_entropy_side": 23.611600875854492,
          "hz": 680.1084783214808
        },
        {
          "acoustic_entropy": 22.91803741455078,
          "acoustic_entropy_side": 23.27843475341797,
          "hz": 802.3292461747484
        },
        {
          "acoustic_entropy": 22.83389663696289,
          "acoustic_entropy_side": 23.34017562866211,
          "hz": 935.3737400823702
        },
        {
          "acoustic_entropy": 23.394601821899414,
          "acoustic_entropy_side": 23.80587387084961,
          "hz": 1080.2004963696966
        },
        {
          "acoustic_entropy": 22.243314743041992,
          "acoustic_entropy_side": 22.85713005065918,
          "hz": 1237.8529382007157
        },
        {
          "acoustic_entropy": 23.04368782043457,
          "acoustic_entropy_side": 23.343896865844727,
          "hz": 1409.4668930556702
        },
        {
          "acoustic_entropy": 22.34453582763672,
          "acoustic_entropy_side": 22.735584259033203,
          "hz": 1596.2787759475705
        },
        {
          "acoustic_entropy": 22.648069381713867,
          "acoustic_entropy_side": 22.669424057006836,
          "hz": 1799.6344973346393
        },
        {
          "acoustic_entropy": 23.982046127319336,
          "acoustic_entropy_side": 23.906635284423828,
          "hz": 2020.9991599069049
        },
        {
          "acoustic_entropy": 24.10167121887207,
          "acoustic_entropy_side": 23.232572555541992,
          "hz": 2261.9676141086993
        },
        {
          "acoustic_entropy": 23.28154182434082,
          "acoustic_entropy_side": 23.7072811126709,
          "hz": 2524.2759484456974
        },
        {
          "acoustic_entropy": 21.983688354492188,
          "acoustic_entropy_side": 22.468055725097656,
          "hz": 2809.813997359896
        },
        {
