{
  "acoustic_entropy": 128.5223388671875,
  "bands": [
    {
      "high_freq": 148.1999969482422,
      "loudness": -68.03157043457031,
      "loudness_range": 4.9516448974609375,
      "mid_mean": -64.58695983886719,
      "mid_to_side_loudness": -1.895687460899353,
      "mid_to_side_loudness_range": 7.456953048706055,
      "side_mean": -66.07585906982422
    },
    {
      "high_freq": 392.3793640136719,
      "loudness": -46.57596969604492,
      "loudness_range": 29.049007415771484,
      "low_freq": 148.1999969482422,
      "mid_mean": -48.95514678955078,
      "mid_to_side_loudness": -3.2529711723327637,
      "mid_to_side_loudness_range": 16.372718811035156,
      "side_mean": -52.756439208984375
    },
    {
      "high_freq": 794.6976318359375,
      "loudness": -43.063716888427734,
      "loudness_range": 12.917827606201172,
      "low_freq": 392.3793640136719,
      "mid_mean": -42.044952392578125,
      "mid_to_side_loudness": -1.5199964046478271,
      "mid_to_side_loudness_range": 8.837461471557617,
      "side_mean": -44.003883361816406
    },
    {
      "high_freq": 1457.5709228515625,
      "loudness": -47.24482345581055,
      "loudness_range": 20.07508087158203,
      "low_freq": 794.6976318359375,
      "mid_mean": -48.56782150268555,
      "mid_to_side_loudness": -2.1920881271362305,
      "mid_to_side_loudness_range": 10.979583740234375,
      "side_mean": -51.977760314941406
    },
    {
      "high_freq": 2549.74365234375,
      "loudness": -53.102943420410156,
      "loudness_range": 16.29627227783203,
      "low_freq": 1457.5709228515625,
      "mid_mean": -55.338443756103516,
      "mid_to_side_loudness": -0.2689686417579651,
      "mid_to_side_loudness_range": 7.9115447998046875,
      "side_mean": -55.48225784301758
    },
    {
      "high_freq": 4349.24462890625,
      "loudness": -52.96514129638672,
      "loudness_range": 11.237876892089844,
      "low_freq": 2549.74365234375,
      "mid_mean": -54.30821228027344,
      "mid_to_side_loudness": -2.8070919513702393,
      "mid_to_side_loudness_range": 5.932457447052002,
      "side_mean": -56.9405632019043
    },
    {
      "high_freq": 7314.1640625,
      "loudness": -65.76105499267578,
      "loudness_range": 13.47365951538086,
      "low_freq": 4349.24462890625,
      "mid_mean": -64.27169799804688,
      "mid_to_side_loudness": -0.8402923941612244,
      "mid_to_side_loudness_range": 3.7604355812072754,
      "side_mean": -64.75831604003906
    },
    {
      "high_freq": 12199.2666015625,
      "loudness": 0,
      "loudness_range": 0,
      "low_freq": 7314.1640625,
      "mid_mean": -68.99671173095703,
      "mid_to_side_loudness": -0.8080490827560425,
      "mid_to_side_loudness_range": 2.6410701274871826,
      "side_mean": -69.1513900756836
    },
    {
      "loudness": 0,
      "loudness_range": 0,
      "low_freq": 12199.2666015625,
      "mid_mean": -69.3056869506836,
      "mid_to_side_loudness": -1.2584885358810425,
      "mid_to_side_loudness_range": 3.0760812759399414,
      "side_mean": -69.49744415283203
    }
  ],
  "bands_short": [
    {
      "high_freq": 148.1999969482422,
      "loudness": -68.58524322509766,
      "loudness_range": 7.912208557128906,
      "mid_mean": -64.8774185180664,
      "mid_to_side_loudness": -2.0819270610809326,
      "mid_to_side_loudness_range": 14.251340866088867,
      "side_mean": -66.40572357177734
    },
    {
      "high_freq": 392.3793640136719,
      "loudness": -47.74630355834961,
      "loudness_range": 32.282161712646484,
      "low_freq": 148.1999969482422,
      "mid_mean": -50.411277770996094,
      "mid_to_side_loudness": -2.997537136077881,
      "mid_to_side_loudness_range": 17.64326286315918,
      "side_mean": -53.269126892089844
    },
    {
      "high_freq": 794.6976318359375,
      "loudness": -45.608314514160156,
      "loudness_range": 17.957691192626953,
      "low_freq": 392.3793640136719,
      "mid_mean": -44.66317367553711,
      "mid_to_side_loudness": -2.116276979446411,
      "mid_to_side_loudness_range": 13.577596664428711,
      "side_mean": -50.56377410888672
    },
    {
      "high_freq": 1457.5709228515625,
      "loudness": -44.08400344848633,
      "loudness_range": 13.852901458740234,
      "low_freq": 794.6976318359375,
      "mid_mean": -43.55762481689453,
      "mid_to_side_loudness": -1.4866191148757935,
      "mid_to_side_loudness_range": 15.098011016845703,
      "side_mean": -45.64449691772461
    },
    {
      "high_freq": 2549.74365234375,
      "loudness": -53.246524810791016,
      "loudness_range": 16.463054656982422,
      "low_freq": 1457.5709228515625,
      "mid_mean": -55.65373229980469,
      "mid_to_side_loudness": -0.2590218782424927,
      "mid_to_side_loudness_range": 11.055091857910156,
      "side_mean": -55.80913162231445
    },
    {
      "high_freq": 4349.24462890625,
      "loudness": -53.09120559692383,
      "loudness_range": 11.986244201660156,
      "low_freq": 2549.74365234375,
      "mid_mean": -54.60250473022461,
      "mid_to_side_loudness": -2.5825796127319336,
      "mid_to_side_loudness_range": 8.542329788208008,
      "side_mean": -57.062156677246094
    },
    {
      "high_freq": 7314.1640625,
      "loudness": -65.78717803955078,
      "loudness_range": 14.071773529052734,
      "low_freq": 4349.24462890625,
      "mid_mean": -64.3156509399414,
      "mid_to_side_loudness": -0.8499597907066345,
      "mid_to_side_loudness_range": 6.495359420776367,
      "side_mean": -64.81175994873047
    },
    {
      "high_freq": 12199.2666015625,
      "loudness": -78.07115936279297,
      "loudness_range": 11.762176513671875,
      "low_freq": 7314.1640625,
      "mid_mean": -69.00692749023438,
      "mid_to_side_loudness": -0.7967086434364319,
      "mid_to_side_loudness_range": 3.624368906021118,
      "side_mean": -69.1578598022461
    },
    {
      "loudness": -79.29925537109375,
      "loudness_range": 5.1961669921875,
      "low_freq": 12199.2666015625,
      "mid_mean": -69.30271911621094,
      "mid_to_side_loudness": -1.2584630250930786,
      "mid_to_side_loudness_range": 3.6625046730041504,
      "side_mean": -69.49469757080078
    }
  ],
  "bandwidth": 619.0492553710938,
  "channels": 2,
  "covariance": [
    [
      3.7834651470184326,
      1.2438511848449707,
      6.283382892608643,
      9.091851234436035,
      2.041619300842285,
      2.699275016784668,
      5.330430507659912,
      8.86445426940918,
      8.385798454284668,
      8.17684268951416,
      8.73141098022461,
      7.8167009353637695,
      3.9323678016662598,
      4.004914283752441,
      0.7935763597488403,
      0.7643563151359558,
      0.32332634925842285,
      0.1947728395462036
    ],
    [
      1.2438511848449707,
      1.3970452547073364,
      -0.06410528719425201,
      2.663140058517456,
      -0.58841872215271,
      -0.26675617694854736,
      -1.1490144729614258,
      1.867132306098938,
      1.9122264385223389,
      1.8315391540527344,
      1.817463755607605,
      1.5727120637893677,
      0.6436493396759033,
      0.6938994526863098,
      0.15785463154315948,
      0.12088076770305634,
      0.09362680464982986,
      0.06368346512317657
    ],
    [
      6.283382892608643,
      -0.06410528719425201,
      190.15367126464844,
      148.0020294189453,
      -3.1352524757385254,
      -9.977433204650879,
      33.68001937866211,
      46.077274322509766,
      18.846351623535156,
      15.467859268188477,
      44.964115142822266,
      40.572052001953125,
      18.968332290649414,
      17.424728393554688,
      2.504075527191162,
      2.09425950050354,
      1.389775276184082,
      0.6827322244644165
    ],
    [
      9.091851234436035,
      2.663140058517456,
      148.0020294189453,
      143.518798828125,
      -0.971285343170166,
      -5.458273410797119,
      30.44804573059082,
      53.52252960205078,
      27.221078872680664,
      25.65797233581543,
      48.244083404541016,
      43.24745559692383,
      21.028322219848633,
      19.230716705322266,
      2.917515516281128,
      2.508916139602661,
      1.5832871198654175,
      0.8621315956115723
    ],
    [
      2.041619300842285,
      -0.58841872215271,
      -3.1352524757385254,
      -0.971285343170166,
      30.84662437438965,
      26.253671646118164,
      29.599096298217773,
      25.996553421020508,
      16.713314056396484,
      16.49102783203125,
      19.779373168945312,
      18.660709381103516,
      9.56408405303955,
      9.011336326599121,
      1.5346814393997192,
      1.4993089437484741,
      0.28831008076667786,
      0.20461226999759674
    ],
    [
      2.699275016784668,
      -0.26675617694854736,
      -9.977433204650879,
      -5.458273410797119,
      26.253671646118164,
      36.230831146240234,
      29.918025970458984,
      27.96550941467285,
      20.760007858276367,
      21.60886001586914,
      20.975263595581055,
      19.477556228637695,
      10.94255542755127,
      10.795647621154785,
      1.9312770366668701,
      1.798786997795105,
      0.4284530282020569,
      0.26872968673706055
    ],
    [
      5.330430507659912,
      -1.1490144729614258,
      33.68001937866211,
      30.44804573059082,
      29.599096298217773,
      29.918025970458984,
      104.66699981689453,
      87.44500732421875,
      59.21226119995117,
      60.6306266784668,
      63.82828140258789,
      55.65833282470703,
      25.769044876098633,
      22.710824966430664,
      3.5298728942871094,
      3.0770182609558105,
      1.3304892778396606,
      0.6915544271469116
    ],
    [
      8.86445426940918,
      1.867132306098938,
      46.077274322509766,
      53.52252960205078,
      25.996553421020508,
      27.96550941467285,
      87.44500732421875,
      98.37586212158203,
      64.769287109375,
      65.51695251464844,
      68.9179458618164,
      59.734012603759766,
      26.6036319732666,
      23.410924911499023,
      3.8441147804260254,
      3.3046629428863525,
      1.7080984115600586,
      0.9361400604248047
    ],
    [
      8.385798454284668,
      1.9122264385223389,
      18.846351623535156,
      27.221078872680664,
      16.713314056396484,
      20.760007858276367,
      59.21226119995117,
      64.769287109375,
      65.39195251464844,
      65.43468475341797,
      57.54593276977539,
      49.8365478515625,
      22.518766403198242,
      21.51617431640625,
      3.545135498046875,
      3.153488874435425,
      1.5014373064041138,
      0.8623877763748169
    ],
    [
      8.17684268951416,
      1.8315391540527344,
      15.467859268188477,
      25.65797233581543,
      16.49102783203125,
      21.60886001586914,
      60.6306266784668,
      65.51695251464844,
      65.43468475341797,
      72.03855895996094,
      58.629310607910156,
      52.10869216918945,
      23.235607147216797,
      22.54559898376465,
      3.567068099975586,
      3.1743619441986084,
      1.5356673002243042,
      0.8850076794624329
    ],
    [
      8.73141098022461,
      1.817463755607605,
      44.964115142822266,
      48.244083404541016,
      19.779373168945312,
      20.975263595581055,
      63.82828140258789,
      68.9179458618164,
      57.54593276977539,
      58.629310607910156,
      67.8892822265625,
      57.27280807495117,
      25.86513900756836,
      23.574710845947266,
      3.8806984424591064,
      3.224524974822998,
      1.6882410049438477,
      0.9321619272232056
    ],
    [
      7.8167009353637695,
      1.5727120637893677,
      40.572052001953125,
      43.24745559692383,
      18.660709381103516,
      19.477556228637695,
      55.65833282470703,
      59.734012603759766,
      49.8365478515625,
      52.10869216918945,
      57.27280807495117,
      52.015869140625,
      22.637046813964844,
      21.14879608154297,
      3.465899705886841,
      2.9386370182037354,
      1.4644006490707397,
      0.8329386115074158
    ],
    [
      3.9323678016662598,
      0.6436493396759033,
      18.968332290649414,
      21.028322219848633,
      9.56408405303955,
      10.94255542755127,
      25.769044876098633,
      26.6036319732666,
      22.518766403198242,
      23.235607147216797,
      25.86513900756836,
      22.637046813964844,
      15.061750411987305,
      14.020150184631348,
      2.0145647525787354,
      1.805847406387329,
      0.6386619806289673,
      0.3667049705982208
    ],
    [
      4.004914283752441,
      0.6938994526863098,
      17.424728393554688,
      19.230716705322266,
      9.011336326599121,
      10.795647621154785,
      22.710824966430664,
      23.410924911499023,
      21.51617431640625,
      22.54559898376465,
      23.574710845947266,
      21.14879608154297,
      14.020150184631348,
      14.217062950134277,
      1.9998849630355835,
      1.8031257390975952,
      0.6241114139556885,
      0.36391371488571167
    ],
    [
      0.7935763597488403,
      0.15785463154315948,
      2.504075527191162,
      2.917515516281128,
      1.5346814393997192,
      1.9312770366668701,
      3.5298728942871094,
      3.8441147804260254,
      3.545135498046875,
      3.567068099975586,
      3.8806984424591064,
      3.465899705886841,
      2.0145647525787354,
      1.9998849630355835,
      0.4346277415752411,
      0.3584592342376709,
      0.12646424770355225,
      0.07609709352254868
    ],
    [
      0.7643563151359558,
      0.12088076770305634,
      2.09425950050354,
      2.508916139602661,
      1.4993089437484741,
      1.798786997795105,
      3.0770182609558105,
      3.3046629428863525,
      3.153488874435425,
      3.1743619441986084,
      3.224524974822998,
      2.9386370182037354,
      1.805847406387329,
      1.8031257390975952,
      0.3584592342376709,
      0.3599092662334442,
      0.10335397720336914,
      0.06440375745296478
    ],
    [
      0.32332634925842285,
      0.09362680464982986,
      1.389775276184082,
      1.5832871198654175,
      0.28831008076667786,
      0.4284530282020569,
      1.3304892778396606,
      1.7080984115600586,
      1.5014373064041138,
      1.5356673002243042,
      1.6882410049438477,
      1.4644006490707397,
      0.6386619806289673,
      0.6241114139556885,
      0.12646424770355225,
      0.10335397720336914,
      0.08031535148620605,
      0.03311778977513313
    ],
    [
      0.1947728395462036,
      0.06368346512317657,
      0.6827322244644165,
      0.8621315956115723,
      0.20461226999759674,
      0.26872968673706055,
      0.6915544271469116,
      0.9361400604248047,
      0.8623877763748169,
      0.8850076794624329,
      0.9321619272232056,
      0.8329386115074158,
      0.3667049705982208,
      0.36391371488571167,
      0.07609709352254868,
      0.06440375745296478,
      0.03311778977513313,
      0.02084317058324814
    ]
  ],
  "covariance_short": [
    [
      6.0823445320129395,
      1.2089002132415771,
      12.435009956359863,
      9.81339168548584,
      1.943308711051941,
      10.167282104492188,
      0.7808156609535217,
      2.302699565887451,
      8.222306251525879,
      7.853130340576172,
      8.937348365783691,
      8.130643844604492,
      3.8657612800598145,
      3.9716403484344482,
      0.7679569125175476,
      0.6962461471557617,
      0.3151317536830902,
      0.18410030007362366
    ],
    [
      1.2089002132415771,
      2.8247525691986084,
      3.460251808166504,
      3.460852861404419,
      -1.2654452323913574,
      2.329761266708374,
      -0.6032469868659973,
      0.1267055720090866,
      1.983602523803711,
      1.9214708805084229,
      2.02921199798584,
      1.7625411748886108,
      0.744592547416687,
      0.7549682855606079,
      0.16969206929206848,
      0.13345901668071747,
      0.09238814562559128,
      0.06075558066368103
    ],
    [
      12.435009956359863,
      3.460251808166504,
      196.68333435058594,
      151.27975463867188,
      -1.5969130992889404,
      49.02255630493164,
      -15.03767204284668,
      -10.555158615112305,
      28.082948684692383,
      23.382612228393555,
      51.89386749267578,
      46.234073638916016,
      21.099756240844727,
      19.654266357421875,
      2.9418928623199463,
      2.470627784729004,
      1.700264811515808,
      0.8955270051956177
    ],
    [
      9.81339168548584,
      3.460852861404419,
      151.27975463867188,
      142.80772399902344,
      -0.29077818989753723,
      46.93255615234375,
      -11.59654426574707,
      -4.518733978271484,
      25.43698501586914,
      23.67998504638672,
      44.97212219238281,
      40.914302825927734,
      19.61981964111328,
      17.780736923217773,
      2.7020885944366455,
      2.3258554935455322,
      1.4902753829956055,
      0.806286096572876
    ],
    [
      1.943308711051941,
      -1.2654452323913574,
      -1.5969130992889404,
      -0.29077818989753723,
      47.54133605957031,
      35.920433044433594,
      25.75454330444336,
      27.722902297973633,
      20.748796463012695,
      20.14791488647461,
      23.017221450805664,
      20.97869110107422,
      10.228072166442871,
      9.376699447631836,
      1.6092219352722168,
      1.5864876508712769,
      0.3053227663040161,
      0.19087167084217072
    ],
    [
      10.167282104492188,
      2.329761266708374,
      49.02255630493164,
      46.93255615234375,
      35.920433044433594,
      107.29889678955078,
      24.254379272460938,
      30.597251892089844,
      67.80412292480469,
      68.09877014160156,
      71.69806671142578,
      61.023128509521484,
      27.563737869262695,
      24.956661224365234,
      4.3484883308410645,
      3.836850166320801,
      1.797562837600708,
      1.0386016368865967
    ],
    [
      0.7808156609535217,
      -0.6032469868659973,
      -15.03767204284668,
      -11.59654426574707,
      25.75454330444336,
      24.254379272460938,
      39.556541442871094,
      22.530803680419922,
      17.927608489990234,
      18.66338539123535,
      19.49492835998535,
      18.081317901611328,
      10.53844165802002,
      9.784729957580566,
      1.3126001358032227,
      1.2143226861953735,
      0.2325514554977417,
      0.12954208254814148
    ],
    [
      2.302699565887451,
      0.1267055720090866,
      -10.555158615112305,
      -4.518733978271484,
      27.722902297973633,
      30.597251892089844,
      22.530803680419922,
      41.11809158325195,
      21.32158088684082,
      23.0748348236084,
      21.82431411743164,
      19.85868263244629,
      11.202287673950195,
      11.022184371948242,
      1.8333765268325806,
      1.5608091354370117,
      0.4770977199077606,
      0.25057393312454224
    ],
    [
      8.222306251525879,
      1.983602523803711,
      28.082948684692383,
      25.43698501586914,
      20.748796463012695,
      67.80412292480469,
      17.927608489990234,
      21.32158088684082,
      65.58213806152344,
      61.97730255126953,
      55.95661926269531,
      48.72304153442383,
      21.961320877075195,
      20.759675979614258,
      3.4105446338653564,
      3.0370378494262695,
      1.461881399154663,
      0.8304865956306458
    ],
    [
      7.853130340576172,
      1.9214708805084229,
      23.382612228393555,
      23.67998504638672,
      20.14791488647461,
      68.09877014160156,
      18.66338539123535,
      23.0748348236084,
      61.97730255126953,
      72.1126480102539,
      57.0379524230957,
      50.763553619384766,
      22.58184242248535,
      21.759235382080078,
      3.382068634033203,
      3.0191586017608643,
      1.4783616065979004,
      0.834679365158081
    ],
    [
      8.937348365783691,
      2.02921199798584,
      51.89386749267578,
      44.97212219238281,
      23.017221450805664,
      71.69806671142578,
      19.49492835998535,
      21.82431411743164,
      55.95661926269531,
      57.0379524230957,
      68.40119934082031,
      55.60923767089844,
      25.134592056274414,
      22.773765563964844,
      3.8089771270751953,
      3.1483142375946045,
      1.6441853046417236,
      0.9048416018486023
    ],
    [
      8.130643844604492,
      1.7625411748886108,
      46.234073638916016,
      40.914302825927734,
      20.97869110107422,
      61.023128509521484,
      18.081317901611328,
      19.85868263244629,
      48.72304153442383,
      50.763553619384766,
      55.60923767089844,
      52.51045608520508,
      22.2838077545166,
      20.677165985107422,
      3.345142364501953,
      2.854088068008423,
      1.4252811670303345,
      0.809578537940979
    ],
    [
      3.8657612800598145,
      0.744592547416687,
      21.099756240844727,
      19.61981964111328,
      10.228072166442871,
      27.563737869262695,
      10.53844165802002,
      11.202287673950195,
      21.961320877075195,
      22.58184242248535,
      25.134592056274414,
      22.2838077545166,
      15.83088207244873,
      13.890731811523438,
      2.03830885887146,
      1.8405596017837524,
      0.6360742449760437,
      0.3723805844783783
    ],
    [
      3.9716403484344482,
      0.7549682855606079,
      19.654266357421875,
      17.780736923217773,
      9.376699447631836,
      24.956661224365234,
      9.784729957580566,
      11.022184371948242,
      20.759675979614258,
      21.759235382080078,
      22.773765563964844,
      20.677165985107422,
      13.890731811523438,
      14.931144714355469,
      2.00593900680542,
      1.8245877027511597,
      0.6224253177642822,
      0.36937424540519714
    ],
    [
      0.7679569125175476,
      0.16969206929206848,
      2.9418928623199463,
      2.7020885944366455,
      1.6092219352722168,
      4.3484883308410645,
      1.3126001358032227,
      1.8333765268325806,
      3.4105446338653564,
      3.382068634033203,
      3.8089771270751953,
      3.345142364501953,
      2.03830885887146,
      2.00593900680542,
      0.5080191493034363,
      0.3886486291885376,
      0.13965442776679993,
      0.08837224543094635
    ],
    [
      0.6962461471557617,
      0.13345901668071747,
      2.470627784729004,
      2.3258554935455322,
      1.5864876508712769,
      3.836850166320801,
      1.2143226861953735,
      1.5608091354370117,
      3.0370378494262695,
      3.0191586017608643,
      3.1483142375946045,
      2.854088068008423,
      1.8405596017837524,
      1.8245877027511597,
      0.3886486291885376,
      0.4127004146575928,
      0.11656245589256287,
      0.07612142711877823
    ],
    [
      0.3151317536830902,
      0.09238814562559128,
      1.700264811515808,
      1.4902753829956055,
      0.3053227663040161,
      1.797562837600708,
      0.2325514554977417,
      0.4770977199077606,
      1.461881399154663,
      1.4783616065979004,
      1.6441853046417236,
      1.4252811670303345,
      0.6360742449760437,
      0.6224253177642822,
      0.13965442776679993,
      0.11656245589256287,
      0.09357178956270218,
      0.04027276486158371
    ],
    [
      0.18410030007362366,
      0.06075558066368103,
      0.8955270051956177,
      0.806286096572876,
      0.19087167084217072,
      1.0386016368865967,
      0.12954208254814148,
      0.25057393312454224,
      0.8304865956306458,
      0.834679365158081,
      0.9048416018486023,
      0.809578537940979,
      0.3723805844783783,
      0.36937424540519714,
      0.08837224543094635,
      0.07612142711877823,
      0.04027276486158371,
      0.02941749058663845
    ]
  ],
  "damage": -23.987512588500977,
  "diff_bandwidth": 607.617919921875,
  "dissonance": 2.448779662532998,
  "drr": 5.607004642486572,
  "dynamics": 3.4867708683013916,
  "format": 1245190,
  "frames": 1597376,
  "loudness": -33.59539794921875,
  "loudness_range": 9.38174819946289,
  "loudness_range_short": 10.238162994384766,
  "lowpass_true_peak_15khz": -20.24463653564453,
  "mastering3_acoustic_entropies": [
    {
      "acoustic_entropy": 10.733930587768555,
      "acoustic_entropy_mono": 9.171815872192383,
      "band_eliminated_acoustic_entropies": [
        {
          "acoustic_entropy": 10.733485221862793,
          "acoustic_entropy_side": 10.733932495117188,
          "hz": 129.47220167065723
        },
        {
          "acoustic_entropy": 10.623942375183105,
          "acoustic_entropy_side": 10.730433464050293,
          "hz": 202.92927478742237
        },
        {
          "acoustic_entropy": 11.028040885925293,
          "acoustic_entropy_side": 10.41179084777832,
          "hz": 282.89161906338205
        },
        {
          "acoustic_entropy": 9.863608360290527,
          "acoustic_entropy_side": 10.424240112304688,
          "hz": 369.9353335868758
        },
        {
          "acoustic_entropy": 10.567630767822266,
          "acoustic_entropy_side": 11.204933166503906,
          "hz": 464.6875360973435
        },
        {
          "acoustic_entropy": 10.516175270080566,
          "acoustic_entropy_side": 10.721756935119629,
          "hz": 567.8308811364784
        },
        {
          "acoustic_entropy": 9.746030807495117,
          "acoustic_entropy_side": 10.312723159790039,
          "hz": 680.1084783214808
        },
        {
          "acoustic_entropy": 10.873954772949219,
          "acoustic_entropy_side": 10.634566307067871,
          "hz": 802.3292461747484
        },
        {
          "acoustic_entropy": 9.847742080688477,
          "acoustic_entropy_side": 10.158089637756348,
          "hz": 935.3737400823702
        },
        {
          "acoustic_entropy": 10.745180130004883,
          "acoustic_entropy_side": 10.675869941711426,
          "hz": 1080.2004963696966
        },
        {
          "acoustic_entropy": 11.103720664978027,
          "acoustic_entropy_side": 10.769575119018555,
          "hz": 1237.8529382007157
        },
        {
          "acoustic_entropy": 10.335092544555664,
          "acoustic_entropy_side": 10.179104804992676,
          "hz": 1409.4668930556702
        },
        {
          "acoustic_entropy": 10.558738708496094,
          "acoustic_entropy_side": 10.219470977783203,
          "hz": 1596.2787759475705
        },
        {
          "acoustic_entropy": 10.59061050415039,
          "acoustic_entropy_side": 10.788996696472168,
          "hz": 1799.6344973346393
        },
        {
          "acoustic_entropy": 10.70177173614502,
          "acoustic_entropy_side": 10.708029747009277,
          "hz": 2020.9991599069049
        },
        {
          "acoustic_entropy": 10.679747581481934,
          "acoustic_entropy_side": 10.684438705444336,
          "hz": 2261.9676141086993
        },
        {
          "acoustic_entropy": 10.770980834960938,
          "acoustic_entropy_side": 10.775880813598633,
          "hz": 2524.2759484456974
        },
        {
          "acoustic_entropy": 10.720356941223145,
          "acoustic_entropy_side": 10.759430885314941,
          "hz": 2809.813997359896
        },
        {
          "acoustic_entropy": 10.563431739807129,
          "acoustic_entropy_side": 10.689839363098145,
          "hz": 3120.6389567871424
        },
        {
          "acoustic_entropy": 11.017387390136719,
          "acoustic_entropy_side": 10.876646995544434,
          "hz": 3458.990205492291
        },
        {
          "acoustic_entropy": 10.572422981262207,
          "acoustic_entropy_side": 10.702676773071289,
          "hz": 3827.305438964164
        },
        {
          "acoustic_entropy": 10.527448654174805,
          "acoustic_entropy_side": 10.742708206176758,
          "hz": 4228.238232109126
        },
        {
          "acoustic_entropy": 10.749369621276855,
          "acoustic_entropy_side": 10.742961883544922,
          "hz": 4664.6771572759235
        },
        {
          "acoustic_entropy": 10.73914623260498,
          "acoustic_entropy_side": 10.737677574157715,
          "hz": 5139.766595350093
        },
        {
          "acoustic_entropy": 10.734291076660156,
          "acoustic_entropy_side": 10.734176635742188,
          "hz": 5656.929389854203
        },
        {
          "acoustic_entropy": 10.734006881713867,
          "acoustic_entropy_side": 10.733978271484375,
          "hz": 6219.891507268283
        },
        {
          "acoustic_entropy": 10.734048843383789,
          "acoustic_entropy_side": 10.733965873718262,
          "hz": 6832.70888123896
        },
        {
          "acoustic_entropy": 10.733960151672363,
          "acoustic_entropy_side": 10.733931541442871,
          "hz": 7499.796634079867
        },
        {
          "acoustic_entropy": 10.733946800231934,
          "acoustic_entropy_side": 10.733932495117188,
          "hz": 8225.96088609342
        },
        {
          "acoustic_entropy": 10.733929634094238,
          "acoustic_entropy_side": 10.733922958374023,
          "hz": 9016.43338188839
        },
        {
          "acoustic_entropy": 10.73393440246582,
          "acoustic_entropy_side": 10.733931541442871,
          "hz": 9876.909183162974
        },
        {
          "acoustic_entropy": 10.733932495117188,
          "acoustic_entropy_side": 10.733930587768555,
          "hz": 10813.587699516042
        },
        {
          "acoustic_entropy": 10.733931541442871,
          "acoustic_entropy_side": 10.733931541442871,
          "hz": 11833.21735289826
        },
        {
          "acoustic_entropy": 10.733930587768555,
          "acoustic_entropy_side": 10.733931541442871,
          "hz": 12943.144197493959
        },
        {
          "acoustic_entropy": 10.733930587768555,
          "acoustic_entropy_side": 10.733930587768555,
          "hz": 14151.364845322005
        },
        {
          "acoustic_entropy": 10.733930587768555,
          "acoustic_entropy_side": 10.733930587768555,
          "hz": 15466.58407886509
        },
        {
          "acoustic_entropy": 10.733930587768555,
          "acoustic_entropy_side": 10.733930587768555,
          "hz": 16898.27756580493
        },
        {
          "acoustic_entropy": 10.733930587768555,
          "acoustic_entropy_side": 10.733930587768555,
          "hz": 18456.760127700032
        },
        {
          "acoustic_entropy": 10.73393440246582,
          "acoustic_entropy_side": 10.733930587768555,
          "hz": 20153.260054456492
        },
        {
          "acoustic_entropy": 10.733931541442871,
          "acoustic_entropy_side": 10.733930587768555,
          "hz": 22000.00000000001
        }
      ],
      "diff_acoustic_entropy": 5.011719703674316,
      "sn": 6
    },
    {
      "acoustic_entropy": 14.489114761352539,
      "acoustic_entropy_mono": 12.317832946777344,
      "band_eliminated_acoustic_entropies": [
        {
          "acoustic_entropy": 14.491167068481445,
          "acoustic_entropy_side": 14.489089012145996,
          "hz": 129.47220167065723
        },
        {
          "acoustic_entropy": 14.556564331054688,
          "acoustic_entropy_side": 14.468297958374023,
          "hz": 202.92927478742237
        },
        {
          "acoustic_entropy": 14.83624267578125,
          "acoustic_entropy_side": 14.188567161560059,
          "hz": 282.89161906338205
        },
        {
          "acoustic_entropy": 14.136438369750977,
          "acoustic_entropy_side": 14.158736228942871,
          "hz": 369.9353335868758
        },
        {
          "acoustic_entropy": 15.311047554016113,
          "acoustic_entropy_side": 15.199851989746094,
          "hz": 464.6875360973435
        },
        {
          "acoustic_entropy": 14.62281608581543,
          "acoustic_entropy_side": 14.601618766784668,
          "hz": 567.8308811364784
        },
        {
          "acoustic_entropy": 13.828376770019531,
          "acoustic_entropy_side": 13.709707260131836,
          "hz": 680.1084783214808
        },
        {
          "acoustic_entropy": 14.684528350830078,
          "acoustic_entropy_side": 14.821735382080078,
          "hz": 802.3292461747484
        },
        {
          "acoustic_entropy": 13.912864685058594,
          "acoustic_entropy_side": 14.400824546813965,
          "hz": 935.3737400823702
        },
        {
          "acoustic_entropy": 15.045550346374512,
          "acoustic_entropy_side": 14.401254653930664,
          "hz": 1080.2004963696966
        },
        {
          "acoustic_entropy": 15.2034273147583,
          "acoustic_entropy_side": 14.74679946899414,
          "hz": 1237.8529382007157
        },
        {
          "acoustic_entropy": 14.458333015441895,
          "acoustic_entropy_side": 14.187758445739746,
          "hz": 1409.4668930556702
        },
        {
          "acoustic_entropy": 13.776415824890137,
          "acoustic_entropy_side": 14.996429443359375,
          "hz": 1596.2787759475705
        },
        {
          "acoustic_entropy": 14.064945220947266,
          "acoustic_entropy_side": 14.242887496948242,
          "hz": 1799.6344973346393
        },
        {
          "acoustic_entropy": 14.339912414550781,
          "acoustic_entropy_side": 14.447859764099121,
          "hz": 2020.9991599069049
        },
        {
          "acoustic_entropy": 14.18137264251709,
          "acoustic_entropy_side": 14.326419830322266,
          "hz": 2261.9676141086993
        },
        {
          "acoustic_entropy": 14.300909042358398,
          "acoustic_entropy_side": 14.376426696777344,
          "hz": 2524.2759484456974
        },
        {
          "acoustic_entropy": 14.27432632446289,
          "acoustic_entropy_side": 14.355164527893066,
          "hz": 2809.813997359896
        },
        {
          "acoustic_entropy": 14.157796859741211,
          "acoustic_entropy_side": 14.374614715576172,
          "hz": 3120.6389567871424
        },
        {
          "acoustic_entropy": 14.215221405029297,
          "acoustic_entropy_side": 14.255352973937988,
          "hz": 3458.990205492291
        },
        {
          "acoustic_entropy": 13.731559753417969,
          "acoustic_entropy_side": 14.346050262451172,
          "hz": 3827.305438964164
        },
        {
          "acoustic_entropy": 14.261398315429688,
          "acoustic_entropy_side": 14.426392555236816,
          "hz": 4228.238232109126
        },
        {
          "acoustic_entropy": 14.492935180664062,
          "acoustic_entropy_side": 14.491931915283203,
          "hz": 4664.6771572759235
        },
        {
          "acoustic_entropy": 14.470698356628418,
          "acoustic_entropy_side": 14.476041793823242,
          "hz": 5139.766595350093
        },
        {
          "acoustic_entropy": 14.479872703552246,
          "acoustic_entropy_side": 14.483762741088867,
          "hz": 5656.929389854203
        },
        {
          "acoustic_entropy": 14.480199813842773,
          "acoustic_entropy_side": 14.482147216796875,
          "hz": 6219.891507268283
        },
        {
          "acoustic_entropy": 14.482403755187988,
          "acoustic_entropy_side": 14.484236717224121,
          "hz": 6832.70888123896
        },
        {
          "acoustic_entropy": 14.485416412353516,
          "acoustic_entropy_side": 14.487250328063965,
          "hz": 7499.796634079867
        },
        {
          "acoustic_entropy": 14.487504959106445,
          "acoustic_entropy_side": 14.488357543945312,
          "hz": 8225.96088609342
        },
        {
          "acoustic_entropy": 14.488895416259766,
          "acoustic_entropy_side": 14.488873481750488,
          "hz": 9016.43338188839
        },
        {
          "acoustic_entropy": 14.489102363586426,
          "acoustic_entropy_side": 14.489109992980957,
          "hz": 9876.909183162974
        },
        {
          "acoustic_entropy": 14.489108085632324,
          "acoustic_entropy_side": 14.489113807678223,
          "hz": 10813.587699516042
        },
        {
          "acoustic_entropy": 14.48911190032959,
          "acoustic_entropy_side": 14.489113807678223,
          "hz": 11833.21735289826
        },
        {
          "acoustic_entropy": 14.489114761352539,
          "acoustic_entropy_side": 14.489116668701172,
          "hz": 12943.144197493959
        },
        {
          "acoustic_entropy": 14.489116668701172,
          "acoustic_entropy_side": 14.489114761352539,
          "hz": 14151.364845322005
        },
        {
          "acoustic_entropy": 14.489115715026855,
          "acoustic_entropy_side": 14.489114761352539,
          "hz": 15466.58407886509
        },
        {
          "acoustic_entropy": 14.489115715026855,
          "acoustic_entropy_side": 14.489114761352539,
          "hz": 16898.27756580493
        },
        {
          "acoustic_entropy": 14.489115715026855,
          "acoustic_entropy_side": 14.489114761352539,
          "hz": 18456.760127700032
        },
        {
          "acoustic_entropy": 14.489108085632324,
          "acoustic_entropy_side": 14.489115715026855,
          "hz": 20153.260054456492
        },
        {
          "acoustic_entropy": 14.489113807678223,
          "acoustic_entropy_side": 14.489115715026855,
          "hz": 22000.00000000001
        }
      ],
      "diff_acoustic_entropy": 6.914815425872803,
      "sn": 12
    },
    {
      "acoustic_entropy": 20.53952407836914,
      "acoustic_entropy_mono": 16.298627853393555,
      "band_eliminated_acoustic_entropies": [
        {
          "acoustic_entropy": 20.46182632446289,
          "acoustic_entropy_side": 20.53529167175293,
          "hz": 129.47220167065723
        },
        {
          "acoustic_entropy": 20.45334815979004,
          "acoustic_entropy_side": 20.5449275970459,
          "hz": 202.92927478742237
        },
        {
          "acoustic_entropy": 20.180116653442383,
          "acoustic_entropy_side": 19.970754623413086,
          "hz": 282.89161906338205
        },
        {
          "acoustic_entropy": 19.837207794189453,
          "acoustic_entropy_side": 19.95973014831543,
          "hz": 369.9353335868758
        },
        {
          "acoustic_entropy": 21.2034969329834,
          "acoustic_entropy_side": 21.078855514526367,
          "hz": 464.6875360973435
        },
        {
          "acoustic_entropy": 20.534055709838867,
          "acoustic_entropy_side": 20.60863494873047,
          "hz": 567.8308811364784
        },
        {
          "acoustic_entropy": 19.27208709716797,
          "acoustic_entropy_side": 19.23244857788086,
          "hz": 680.1084783214808
        },
        {
          "acoustic_entropy": 21.368099212646484,
          "acoustic_entropy_side": 20.88212776184082,
          "hz": 802.3292461747484
        },
        {
          "acoustic_entropy": 20.11118507385254,
          "acoustic_entropy_side": 20.85547637939453,
          "hz": 935.3737400823702
        },
        {
          "acoustic_entropy": 20.753467559814453,
          "acoustic_entropy_side": 20.60149383544922,
          "hz": 1080.2004963696966
        },
        {
          "acoustic_entropy": 20.33662986755371,
          "acoustic_entropy_side": 20.517261505126953,
          "hz": 1237.8529382007157
        },
        {
          "acoustic_entropy": 21.212547302246094,
          "acoustic_entropy_side": 20.519779205322266,
          "hz": 1409.4668930556702
        },
        {
          "acoustic_entropy": 21.445539474487305,
          "acoustic_entropy_side": 20.75768280029297,
          "hz": 1596.2787759475705
        },
        {
          "acoustic_entropy": 19.67887306213379,
          "acoustic_entropy_side": 20.19493293762207,
          "hz": 1799.6344973346393
        },
        {
          "acoustic_entropy": 20.47126007080078,
          "acoustic_entropy_side": 20.387056350708008,
          "hz": 2020.9991599069049
        },
        {
          "acoustic_entropy": 20.146743774414062,
          "acoustic_entropy_side": 20.284345626831055,
          "hz": 2261.9676141086993
        },
        {
          "acoustic_entropy": 20.296024322509766,
          "acoustic_entropy_side": 20.53473663330078,
          "hz": 2524.2759484456974
        },
        {
          "acoustic_entropy": 20.571434020996094,
