{
  "acoustic_entropy": 48.00012969970703,
  "bands": [
    {
      "high_freq": 148.1999969482422,
      "loudness": -48.01163101196289,
      "loudness_range": 39.962772369384766,
      "mid_mean": -54.278968811035156,
      "mid_to_side_loudness": -20.099090576171875,
      "mid_to_side_loudness_range": 18.109424591064453,
      "side_mean": -65.10667419433594
    },
    {
      "high_freq": 392.3793640136719,
      "loudness": -41.024417877197266,
      "loudness_range": 35.154109954833984,
      "low_freq": 148.1999969482422,
      "mid_mean": -40.218421936035156,
      "mid_to_side_loudness": -18.2056941986084,
      "mid_to_side_loudness_range": 19.088768005371094,
      "side_mean": -60.420833587646484
    },
    {
      "high_freq": 794.6976318359375,
      "loudness": -49.92914962768555,
      "loudness_range": 40.99274444580078,
      "low_freq": 392.3793640136719,
      "mid_mean": -57.15810012817383,
      "mid_to_side_loudness": -15.020458221435547,
      "mid_to_side_loudness_range": 15.433176040649414,
      "side_mean": -64.32039642333984
    },
    {
      "high_freq": 1457.5709228515625,
      "loudness": -51.488407135009766,
      "loudness_range": 37.98835754394531,
      "low_freq": 794.6976318359375,
      "mid_mean": -61.50361633300781,
      "mid_to_side_loudness": -14.188990592956543,
      "mid_to_side_loudness_range": 13.763423919677734,
      "side_mean": -66.84214782714844
    },
    {
      "high_freq": 2549.74365234375,
      "loudness": -49.95663070678711,
      "loudness_range": 33.17256546020508,
      "low_freq": 1457.5709228515625,
      "mid_mean": -62.91373062133789,
      "mid_to_side_loudness": -12.491569519042969,
      "mid_to_side_loudness_range": 14.27468490600586,
      "side_mean": -67.06452941894531
    },
    {
      "high_freq": 4349.24462890625,
      "loudness": -53.14691925048828,
      "loudness_range": 34.026634216308594,
      "low_freq": 2549.74365234375,
      "mid_mean": -64.3089370727539,
      "mid_to_side_loudness": -14.435029029846191,
      "mid_to_side_loudness_range": 14.889223098754883,
      "side_mean": -68.40609741210938
    },
    {
      "high_freq": 7314.1640625,
      "loudness": -58.853607177734375,
      "loudness_range": 32.29570007324219,
      "low_freq": 4349.24462890625,
      "mid_mean": -65.79452514648438,
      "mid_to_side_loudness": -16.559593200683594,
      "mid_to_side_loudness_range": 14.297975540161133,
      "side_mean": -69.44746398925781
    },
    {
      "high_freq": 12199.2666015625,
      "loudness": -75.6017837524414,
      "loudness_range": 26.19272232055664,
      "low_freq": 7314.1640625,
      "mid_mean": -67.46125030517578,
      "mid_to_side_loudness": -16.865455627441406,
      "mid_to_side_loudness_range": 13.888493537902832,
      "side_mean": -69.94571685791016
    },
    {
      "loudness": -78.07630920410156,
      "loudness_range": 11.739082336425781,
      "low_freq": 12199.2666015625,
      "mid_mean": -68.79720306396484,
      "mid_to_side_loudness": -8.472569465637207,
      "mid_to_side_loudness_range": 8.167595863342285,
      "side_mean": -69.85550689697266
    }
  ],
  "bands_short": [
    {
      "high_freq": 148.1999969482422,
      "loudness": -50.41889572143555,
      "loudness_range": 40.947715759277344,
      "mid_mean": -56.92829132080078,
      "mid_to_side_loudness": -19.313772201538086,
      "mid_to_side_loudness_range": 24.232501983642578,
      "side_mean": -66.31780242919922
    },
    {
      "high_freq": 392.3793640136719,
      "loudness": -42.15294647216797,
      "loudness_range": 37.476173400878906,
      "low_freq": 148.1999969482422,
      "mid_mean": -42.017086029052734,
      "mid_to_side_loudness": -17.020349502563477,
      "mid_to_side_loudness_range": 21.28424072265625,
      "side_mean": -60.634124755859375
    },
    {
      "high_freq": 794.6976318359375,
      "loudness": -51.330238342285156,
      "loudness_range": 41.03314208984375,
      "low_freq": 392.3793640136719,
      "mid_mean": -58.18901443481445,
      "mid_to_side_loudness": -13.9410400390625,
      "mid_to_side_loudness_range": 16.06407928466797,
      "side_mean": -64.49369812011719
    },
    {
      "high_freq": 1457.5709228515625,
      "loudness": -54.22010803222656,
      "loudness_range": 37.32963943481445,
      "low_freq": 794.6976318359375,
      "mid_mean": -62.31385040283203,
      "mid_to_side_loudness": -13.047051429748535,
      "mid_to_side_loudness_range": 11.699737548828125,
      "side_mean": -66.81318664550781
    },
    {
      "high_freq": 2549.74365234375,
      "loudness": -53.709686279296875,
      "loudness_range": 35.214599609375,
      "low_freq": 1457.5709228515625,
      "mid_mean": -64.24500274658203,
      "mid_to_side_loudness": -11.233081817626953,
      "mid_to_side_loudness_range": 11.128137588500977,
      "side_mean": -67.31050872802734
    },
    {
      "high_freq": 4349.24462890625,
      "loudness": -56.777915954589844,
      "loudness_range": 35.003814697265625,
      "low_freq": 2549.74365234375,
      "mid_mean": -65.51617431640625,
      "mid_to_side_loudness": -13.000187873840332,
      "mid_to_side_loudness_range": 10.113682746887207,
      "side_mean": -68.4869613647461
    },
    {
      "high_freq": 7314.1640625,
      "loudness": -63.546749114990234,
      "loudness_range": 34.33136749267578,
      "low_freq": 4349.24462890625,
      "mid_mean": -67.02571105957031,
      "mid_to_side_loudness": -15.271041870117188,
      "mid_to_side_loudness_range": 11.347746849060059,
      "side_mean": -69.47289276123047
    },
    {
      "high_freq": 12199.2666015625,
      "loudness": -76.98507690429688,
      "loudness_range": 15.069831848144531,
      "low_freq": 7314.1640625,
      "mid_mean": -68.26688385009766,
      "mid_to_side_loudness": -15.8091402053833,
      "mid_to_side_loudness_range": 8.946955680847168,
      "side_mean": -69.94612884521484
    },
    {
      "loudness": -78.61734771728516,
      "loudness_range": 3.0153656005859375,
      "low_freq": 12199.2666015625,
      "mid_mean": -69.00899505615234,
      "mid_to_side_loudness": -7.708784580230713,
      "mid_to_side_loudness_range": 4.152674198150635,
      "side_mean": -69.85491943359375
    }
  ],
  "bandwidth": 353.1639099121094,
  "channels": 2,
  "covariance": [
    [
      259.8504638671875,
      98.178466796875,
      185.70657348632812,
      144.55166625976562,
      219.1413116455078,
      107.87446594238281,
      169.72946166992188,
      68.34681701660156,
      156.94921875,
      64.39278411865234,
      132.4574737548828,
      38.498409271240234,
      98.96476745605469,
      14.099026679992676,
      51.135746002197266,
      0.8786905407905579,
      17.197526931762695,
      0.49657031893730164
    ],
    [
      98.178466796875,
      48.861331939697266,
      78.43046569824219,
      68.61328887939453,
      92.5531234741211,
      55.357967376708984,
      73.26505279541016,
      37.24229431152344,
      67.5962905883789,
      35.0123176574707,
      55.421287536621094,
      21.120956420898438,
      39.28371810913086,
      7.679971218109131,
      18.737369537353516,
      0.441261351108551,
      6.258739948272705,
      0.16322174668312073
    ],
    [
      185.70657348632812,
      78.43046569824219,
      183.3182373046875,
      117.07227325439453,
      193.72193908691406,
      96.77637481689453,
      161.58058166503906,
      64.17183685302734,
      148.85174560546875,
      60.529090881347656,
      127.52045440673828,
      36.87993621826172,
      94.60379791259766,
      13.512763023376465,
      46.89723587036133,
      0.7217520475387573,
      14.327850341796875,
      -0.07598196715116501
    ],
    [
      144.55166625976562,
      68.61328887939453,
      117.07227325439453,
      114.77593231201172,
      148.26223754882812,
      88.116943359375,
      115.5726318359375,
      56.254817962646484,
      102.5025405883789,
      53.216339111328125,
      81.86786651611328,
      31.0177001953125,
      56.62746810913086,
      11.2304048538208,
      26.751476287841797,
      0.6498466730117798,
      9.35312271118164,
      0.33792737126350403
    ],
    [
      219.1413116455078,
      92.5531234741211,
      193.72193908691406,
      148.26223754882812,
      230.98341369628906,
      116.76258087158203,
      187.11903381347656,
      76.12964630126953,
      171.28472900390625,
      72.86412811279297,
      143.70130920410156,
      43.375762939453125,
      105.29237365722656,
      15.808821678161621,
      53.16053009033203,
      0.9125378727912903,
      17.52411651611328,
      0.3889171779155731
    ],
    [
      107.87446594238281,
      55.357967376708984,
      96.77637481689453,
      88.116943359375,
      116.76258087158203,
      72.91847229003906,
      94.93158721923828,
      48.471439361572266,
      85.95646667480469,
      46.395423889160156,
      68.97588348388672,
      27.39032745361328,
      47.415897369384766,
      9.919958114624023,
      21.943376541137695,
      0.5676506757736206,
      7.255903244018555,
      0.191130131483078
    ],
    [
      169.72946166992188,
      73.26505279541016,
      161.58058166503906,
      115.5726318359375,
      187.11903381347656,
      94.93158721923828,
      159.27003479003906,
      63.85334014892578,
      147.16041564941406,
      61.52577590942383,
      125.03856658935547,
      37.197994232177734,
      93.10894012451172,
      13.767169952392578,
      48.74637222290039,
      0.7784528732299805,
      16.07901954650879,
      0.22650407254695892
    ],
    [
      68.34681701660156,
      37.24229431152344,
      64.17183685302734,
      56.254817962646484,
      76.12964630126953,
      48.471439361572266,
      63.85334014892578,
      35.27888107299805,
      59.54945373535156,
      34.53741455078125,
      48.661293029785156,
      21.366952896118164,
      33.80730056762695,
      7.93589448928833,
      16.298072814941406,
      0.47885391116142273,
      5.317990779876709,
      0.09889781475067139
    ],
    [
      156.94921875,
      67.5962905883789,
      148.85174560546875,
      102.5025405883789,
      171.28472900390625,
      85.95646667480469,
      147.16041564941406,
      59.54945373535156,
      142.10629272460938,
      58.79500961303711,
      122.27489471435547,
      36.543182373046875,
      92.1471939086914,
      13.892160415649414,
      48.89988327026367,
      0.7784281373023987,
      16.033123016357422,
      0.1757430136203766
    ],
    [
      64.39278411865234,
      35.0123176574707,
      60.529090881347656,
      53.216339111328125,
      72.86412811279297,
      46.395423889160156,
      61.52577590942383,
      34.53741455078125,
      58.79500961303711,
      34.961578369140625,
      48.0230827331543,
      21.82079315185547,
      33.43062973022461,
      8.23029613494873,
      16.519367218017578,
      0.5084588527679443,
      5.363597393035889,
      0.09188900142908096
    ],
    [
      132.4574737548828,
      55.421287536621094,
      127.52045440673828,
      81.86786651611328,
      143.70130920410156,
      68.97588348388672,
      125.03856658935547,
      48.661293029785156,
      122.27489471435547,
      48.0230827331543,
      108.02906036376953,
      30.8486270904541,
      83.24462127685547,
      11.983504295349121,
      44.9134635925293,
      0.6680611968040466,
      14.837332725524902,
      0.12191562354564667
    ],
    [
      38.498409271240234,
      21.120956420898438,
      36.87993621826172,
      31.0177001953125,
      43.375762939453125,
      27.39032745361328,
      37.197994232177734,
      21.366952896118164,
      36.543182373046875,
      21.82079315185547,
      30.8486270904541,
      14.514765739440918,
      22.214982986450195,
      5.721559047698975,
      11.411975860595703,
      0.3577340245246887,
      3.7240960597991943,
      0.04570087045431137
    ],
    [
      98.96476745605469,
      39.28371810913086,
      94.60379791259766,
      56.62746810913086,
      105.29237365722656,
      47.415897369384766,
      93.10894012451172,
      33.80730056762695,
      92.1471939086914,
      33.43062973022461,
      83.24462127685547,
      22.214982986450195,
      66.22855377197266,
      9.01468563079834,
      36.9539909362793,
      0.5020401477813721,
      12.298771858215332,
      0.08052398264408112
    ],
    [
      14.099026679992676,
      7.679971218109131,
      13.512763023376465,
      11.2304048538208,
      15.808821678161621,
      9.919958114624023,
      13.767169952392578,
      7.93589448928833,
      13.892160415649414,
      8.23029613494873,
      11.983504295349121,
      5.721559047698975,
      9.01468563079834,
      2.4581501483917236,
      4.7046990394592285,
      0.15726427733898163,
      1.476313829421997,
      0.015813415870070457
    ],
    [
      51.135746002197266,
      18.737369537353516,
      46.89723587036133,
      26.751476287841797,
      53.16053009033203,
      21.943376541137695,
      48.74637222290039,
      16.298072814941406,
      48.89988327026367,
      16.519367218017578,
      44.9134635925293,
      11.411975860595703,
      36.9539909362793,
      4.7046990394592285,
      22.971389770507812,
      0.2688164710998535,
      8.153743743896484,
      0.045877158641815186
    ],
    [
      0.8786905407905579,
      0.441261351108551,
      0.7217520475387573,
      0.6498466730117798,
      0.9125378727912903,
      0.5676506757736206,
      0.7784528732299805,
      0.47885391116142273,
      0.7784281373023987,
      0.5084588527679443,
      0.6680611968040466,
      0.3577340245246887,
      0.5020401477813721,
      0.15726427733898163,
      0.2688164710998535,
      0.012468049302697182,
      0.0789591446518898,
      0.0016443118220195174
    ],
    [
      17.197526931762695,
      6.258739948272705,
      14.327850341796875,
      9.35312271118164,
      17.52411651611328,
      7.255903244018555,
      16.07901954650879,
      5.317990779876709,
      16.033123016357422,
      5.363597393035889,
      14.837332725524902,
      3.7240960597991943,
      12.298771858215332,
      1.476313829421997,
      8.153743743896484,
      0.0789591446518898,
      3.1942191123962402,
      0.026268208399415016
    ],
    [
      0.49657031893730164,
      0.16322174668312073,
      -0.07598196715116501,
      0.33792737126350403,
      0.3889171779155731,
      0.191130131483078,
      0.22650407254695892,
      0.09889781475067139,
      0.1757430136203766,
      0.09188900142908096,
      0.12191562354564667,
      0.04570087045431137,
      0.08052398264408112,
      0.015813415870070457,
      0.045877158641815186,
      0.0016443118220195174,
      0.026268208399415016,
      0.005371052771806717
    ]
  ],
  "covariance_short": [
    [
      227.22579956054688,
      70.23467254638672,
      185.930419921875,
      130.43252563476562,
      191.3668212890625,
      97.90908813476562,
      142.9039764404297,
      64.54317474365234,
      120.87255096435547,
      55.08229446411133,
      99.48150634765625,
      34.71538162231445,
      64.93155670166016,
      12.871687889099121,
      27.88214683532715,
      0.8394932150840759,
      10.152607917785645,
      0.40727168321609497
    ],
    [
      70.23467254638672,
      32.69361877441406,
      63.14276123046875,
      53.30278396606445,
      71.22434997558594,
      43.725669860839844,
      54.87376022338867,
      30.24978256225586,
      47.38018035888672,
      26.86880111694336,
      37.60749053955078,
      16.762649536132812,
      23.064258575439453,
      6.200666427612305,
      8.86819839477539,
      0.371654212474823,
      2.9347422122955322,
      0.12865009903907776
    ],
    [
      185.930419921875,
      63.14276123046875,
      200.7187042236328,
      120.52142333984375,
      193.61924743652344,
      97.55410766601562,
      151.12657165527344,
      64.5042724609375,
      127.76231384277344,
      55.83384704589844,
      106.0511474609375,
      35.086631774902344,
      68.34736633300781,
      12.921150207519531,
      27.181367874145508,
      0.7216856479644775,
      8.627506256103516,
      -0.06657392531633377
    ],
    [
      130.43252563476562,
      53.30278396606445,
      120.52142333984375,
      112.88844299316406,
      143.4326171875,
      86.21049499511719,
      109.09418487548828,
      56.35680389404297,
      89.8414306640625,
      49.632659912109375,
      69.45246887207031,
      29.57608413696289,
      41.995357513427734,
      10.784164428710938,
      15.870667457580566,
      0.6531315445899963,
      5.540541172027588,
      0.3356122672557831
    ],
    [
      191.3668212890625,
      71.22434997558594,
      193.61924743652344,
      143.4326171875,
      217.14019775390625,
      113.44921875,
      168.12603759765625,
      75.07677459716797,
      142.6538848876953,
      66.23062133789062,
      116.59248352050781,
      41.00275802612305,
      75.27516174316406,
      15.163497924804688,
      31.738815307617188,
      0.9151713252067566,
      11.35933780670166,
      0.3468018174171448
    ],
    [
      97.90908813476562,
      43.725669860839844,
      97.55410766601562,
      86.21049499511719,
      113.44921875,
      73.54573822021484,
      89.62004852294922,
      49.51512145996094,
      76.07438659667969,
      44.58037185668945,
      58.91270446777344,
      26.872276306152344,
      35.18832015991211,
      9.845375061035156,
      12.566486358642578,
      0.5805349946022034,
      3.9208602905273438,
      0.19045351445674896
    ],
    [
      142.9039764404297,
      54.87376022338867,
      151.12657165527344,
      109.09418487548828,
      168.12603759765625,
      89.62004852294922,
      137.68035888671875,
      59.582584381103516,
      118.46127319335938,
      52.8577766418457,
      97.82340240478516,
      33.103172302246094,
      64.89102935791016,
      12.426254272460938,
      28.803380966186523,
      0.7351760268211365,
      10.378315925598145,
      0.20047108829021454
    ],
    [
      64.54317474365234,
      30.24978256225586,
      64.5042724609375,
      56.35680389404297,
      75.07677459716797,
      49.51512145996094,
      59.582584381103516,
      36.25969696044922,
      52.929935455322266,
      33.49708938598633,
      41.466793060302734,
      20.962121963500977,
      24.93162727355957,
      7.940704345703125,
      8.569304466247559,
      0.4912396967411041,
      2.2905044555664062,
      0.11357636004686356
    ],
    [
      120.87255096435547,
      47.38018035888672,
      127.76231384277344,
      89.8414306640625,
      142.6538848876953,
      76.07438659667969,
      118.46127319335938,
      52.929935455322266,
      109.044921875,
      48.35148620605469,
      91.70553588867188,
      31.525590896606445,
      62.19810104370117,
      12.205836296081543,
      28.231006622314453,
      0.7176653742790222,
      10.049878120422363,
      0.13053949177265167
    ],
    [
      55.08229446411133,
      26.86880111694336,
      55.83384704589844,
      49.632659912109375,
      66.23062133789062,
      44.58037185668945,
      52.8577766418457,
      33.49708938598633,
      48.35148620605469,
      33.06049728393555,
      38.04544448852539,
      20.8481502532959,
      23.029939651489258,
      8.072722434997559,
      7.791077613830566,
      0.5208980441093445,
      1.8444085121154785,
      0.09876815229654312
    ],
    [
      99.48150634765625,
      37.60749053955078,
      106.0511474609375,
      69.45246887207031,
      116.59248352050781,
      58.91270446777344,
      97.82340240478516,
      41.466793060302734,
      91.70553588867188,
      38.04544448852539,
      80.2580795288086,
      25.87955665588379,
      56.258426666259766,
      10.325786590576172,
      26.37468910217285,
      0.6151154041290283,
      9.520817756652832,
      0.07975515723228455
    ],
    [
      34.71538162231445,
      16.762649536132812,
      35.086631774902344,
      29.57608413696289,
      41.00275802612305,
      26.872276306152344,
      33.103172302246094,
      20.962121963500977,
      31.525590896606445,
      20.8481502532959,
      25.87955665588379,
      14.383453369140625,
      16.57102394104004,
      5.839195728302002,
      6.220303535461426,
      0.3871605396270752,
      1.6403388977050781,
      0.05268079787492752
    ],
    [
      64.93155670166016,
      23.064258575439453,
      68.34736633300781,
      41.995357513427734,
      75.27516174316406,
      35.18832015991211,
      64.89102935791016,
      24.93162727355957,
      62.19810104370117,
      23.029939651489258,
      56.258426666259766,
      16.57102394104004,
      42.0701789855957,
      7.0088210105896,
      21.308773040771484,
      0.43764668703079224,
      7.9108099937438965,
      0.042127806693315506
    ],
    [
      12.871687889099121,
      6.200666427612305,
      12.921150207519531,
      10.784164428710938,
      15.163497924804688,
      9.845375061035156,
      12.426254272460938,
      7.940704345703125,
      12.205836296081543,
      8.072722434997559,
      10.325786590576172,
      5.839195728302002,
      7.0088210105896,
      2.712712049484253,
      2.645663022994995,
      0.18307778239250183,
      0.6440076231956482,
      0.01911306567490101
    ],
    [
      27.88214683532715,
      8.86819839477539,
      27.181367874145508,
      15.870667457580566,
      31.738815307617188,
      12.566486358642578,
      28.803380966186523,
      8.569304466247559,
      28.231006622314453,
      7.791077613830566,
      26.37468910217285,
      6.220303535461426,
      21.308773040771484,
      2.645663022994995,
      13.064820289611816,
      0.18185092508792877,
      5.419927597045898,
      0.025482825934886932
    ],
    [
      0.8394932150840759,
      0.371654212474823,
      0.7216856479644775,
      0.6531315445899963,
      0.9151713252067566,
      0.5805349946022034,
      0.7351760268211365,
      0.4912396967411041,
      0.7176653742790222,
      0.5208980441093445,
      0.6151154041290283,
      0.3871605396270752,
      0.43764668703079224,
      0.18307778239250183,
      0.18185092508792877,
      0.01829911768436432,
      0.045574914664030075,
      0.0021029359195381403
    ],
    [
      10.152607917785645,
      2.9347422122955322,
      8.627506256103516,
      5.540541172027588,
      11.35933780670166,
      3.9208602905273438,
      10.378315925598145,
      2.2905044555664062,
      10.049878120422363,
      1.8444085121154785,
      9.520817756652832,
      1.6403388977050781,
      7.9108099937438965,
      0.6440076231956482,
      5.419927597045898,
      0.045574914664030075,
      2.6080434322357178,
      0.022658446803689003
    ],
    [
      0.40727168321609497,
      0.12865009903907776,
      -0.06657392531633377,
      0.3356122672557831,
      0.3468018174171448,
      0.19045351445674896,
      0.20047108829021454,
      0.11357636004686356,
      0.13053949177265167,
      0.09876815229654312,
      0.07975515723228455,
      0.05268079787492752,
      0.042127806693315506,
      0.01911306567490101,
      0.025482825934886932,
      0.0021029359195381403,
      0.022658446803689003,
      0.006543688476085663
    ]
  ],
  "damage": -17.538400650024414,
  "diff_bandwidth": 358.3761901855469,
  "dissonance": 7.654866076486395,
  "drr": 8.077720642089844,
  "dynamics": 10.55417537689209,
  "format": 1245190,
  "frames": 822208,
  "loudness": -33.44459915161133,
  "loudness_range": 39.0748176574707,
  "loudness_range_short": 40.798458099365234,
  "lowpass_true_peak_15khz": -2.277839183807373,
  "mastering3_acoustic_entropies": [
    {
      "acoustic_entropy": 3.7189080715179443,
      "acoustic_entropy_mono": 3.707134246826172,
      "band_eliminated_acoustic_entropies": [
        {
          "acoustic_entropy": 3.7170372009277344,
          "acoustic_entropy_side": 3.7189102172851562,
          "hz": 129.47220167065723
        },
        {
          "acoustic_entropy": 3.753696918487549,
          "acoustic_entropy_side": 3.719374895095825,
          "hz": 202.92927478742237
        },
        {
          "acoustic_entropy": 3.7180941104888916,
          "acoustic_entropy_side": 3.7222821712493896,
          "hz": 282.89161906338205
        },
        {
          "acoustic_entropy": 3.754873037338257,
          "acoustic_entropy_side": 3.7171404361724854,
          "hz": 369.9353335868758
        },
        {
          "acoustic_entropy": 3.976217746734619,
          "acoustic_entropy_side": 3.7150681018829346,
          "hz": 464.6875360973435
        },
        {
          "acoustic_entropy": 3.7444541454315186,
          "acoustic_entropy_side": 3.7179434299468994,
          "hz": 567.8308811364784
        },
        {
          "acoustic_entropy": 3.788194179534912,
          "acoustic_entropy_side": 3.7159817218780518,
          "hz": 680.1084783214808
        },
        {
          "acoustic_entropy": 3.706188201904297,
          "acoustic_entropy_side": 3.7211997509002686,
          "hz": 802.3292461747484
        },
        {
          "acoustic_entropy": 3.713325023651123,
          "acoustic_entropy_side": 3.7228126525878906,
          "hz": 935.3737400823702
        },
        {
          "acoustic_entropy": 3.6872718334198,
          "acoustic_entropy_side": 3.718261957168579,
          "hz": 1080.2004963696966
        },
        {
          "acoustic_entropy": 3.68733549118042,
          "acoustic_entropy_side": 3.7173306941986084,
          "hz": 1237.8529382007157
        },
        {
          "acoustic_entropy": 3.70491099357605,
          "acoustic_entropy_side": 3.717118501663208,
          "hz": 1409.4668930556702
        },
        {
          "acoustic_entropy": 3.7213973999023438,
          "acoustic_entropy_side": 3.718093156814575,
          "hz": 1596.2787759475705
        },
        {
          "acoustic_entropy": 3.7111337184906006,
          "acoustic_entropy_side": 3.718562602996826,
          "hz": 1799.6344973346393
        },
        {
          "acoustic_entropy": 3.6716561317443848,
          "acoustic_entropy_side": 3.71722412109375,
          "hz": 2020.9991599069049
        },
        {
          "acoustic_entropy": 3.6481881141662598,
          "acoustic_entropy_side": 3.713329792022705,
          "hz": 2261.9676141086993
        },
        {
          "acoustic_entropy": 3.674813747406006,
          "acoustic_entropy_side": 3.717109441757202,
          "hz": 2524.2759484456974
        },
        {
          "acoustic_entropy": 3.6698646545410156,
          "acoustic_entropy_side": 3.718189001083374,
          "hz": 2809.813997359896
        },
        {
          "acoustic_entropy": 3.6985528469085693,
          "acoustic_entropy_side": 3.7188379764556885,
          "hz": 3120.6389567871424
        },
        {
          "acoustic_entropy": 3.6940503120422363,
          "acoustic_entropy_side": 3.718902587890625,
          "hz": 3458.990205492291
        },
        {
          "acoustic_entropy": 3.68835711479187,
          "acoustic_entropy_side": 3.7188029289245605,
          "hz": 3827.305438964164
        },
        {
          "acoustic_entropy": 3.695056200027466,
          "acoustic_entropy_side": 3.718850612640381,
          "hz": 4228.238232109126
        },
        {
          "acoustic_entropy": 3.705235481262207,
          "acoustic_entropy_side": 3.718895673751831,
          "hz": 4664.6771572759235
        },
        {
          "acoustic_entropy": 3.7058920860290527,
          "acoustic_entropy_side": 3.718907356262207,
          "hz": 5139.766595350093
        },
        {
          "acoustic_entropy": 3.7078428268432617,
          "acoustic_entropy_side": 3.718907356262207,
          "hz": 5656.929389854203
        },
        {
          "acoustic_entropy": 3.7100558280944824,
          "acoustic_entropy_side": 3.718907117843628,
          "hz": 6219.891507268283
        },
        {
          "acoustic_entropy": 3.7156851291656494,
          "acoustic_entropy_side": 3.7189078330993652,
          "hz": 6832.70888123896
        },
        {
          "acoustic_entropy": 3.716921091079712,
          "acoustic_entropy_side": 3.7189080715179443,
          "hz": 7499.796634079867
        },
        {
          "acoustic_entropy": 3.7178709506988525,
          "acoustic_entropy_side": 3.7189080715179443,
          "hz": 8225.96088609342
        },
        {
          "acoustic_entropy": 3.718916893005371,
          "acoustic_entropy_side": 3.7189080715179443,
          "hz": 9016.43338188839
        },
        {
          "acoustic_entropy": 3.718971014022827,
          "acoustic_entropy_side": 3.7189080715179443,
          "hz": 9876.909183162974
        },
        {
          "acoustic_entropy": 3.7188968658447266,
          "acoustic_entropy_side": 3.7189080715179443,
          "hz": 10813.587699516042
        },
        {
          "acoustic_entropy": 3.718776226043701,
          "acoustic_entropy_side": 3.7189080715179443,
          "hz": 11833.21735289826
        },
        {
          "acoustic_entropy": 3.7188642024993896,
          "acoustic_entropy_side": 3.7189080715179443,
          "hz": 12943.144197493959
        },
        {
          "acoustic_entropy": 3.7189011573791504,
          "acoustic_entropy_side": 3.7189080715179443,
          "hz": 14151.364845322005
        },
        {
          "acoustic_entropy": 3.7189033031463623,
          "acoustic_entropy_side": 3.7189080715179443,
          "hz": 15466.58407886509
        },
        {
          "acoustic_entropy": 3.7189078330993652,
          "acoustic_entropy_side": 3.7189080715179443,
          "hz": 16898.27756580493
        },
        {
          "acoustic_entropy": 3.7189080715179443,
          "acoustic_entropy_side": 3.7189080715179443,
          "hz": 18456.760127700032
        },
        {
          "acoustic_entropy": 3.7189080715179443,
          "acoustic_entropy_side": 3.7189080715179443,
          "hz": 20153.260054456492
        },
        {
          "acoustic_entropy": 3.7189080715179443,
          "acoustic_entropy_side": 3.7189080715179443,
          "hz": 22000.00000000001
        }
      ],
      "diff_acoustic_entropy": 2.7280092239379883,
      "sn": 6
    },
    {
      "acoustic_entropy": 5.443445205688477,
      "acoustic_entropy_mono": 5.067478656768799,
      "band_eliminated_acoustic_entropies": [
        {
          "acoustic_entropy": 4.940732002258301,
          "acoustic_entropy_side": 5.4433159828186035,
          "hz": 129.47220167065723
        },
        {
          "acoustic_entropy": 5.718016147613525,
          "acoustic_entropy_side": 5.440824031829834,
          "hz": 202.92927478742237
        },
        {
          "acoustic_entropy": 5.1570563316345215,
          "acoustic_entropy_side": 5.428653240203857,
          "hz": 282.89161906338205
        },
        {
          "acoustic_entropy": 5.3166327476501465,
          "acoustic_entropy_side": 5.370558738708496,
          "hz": 369.9353335868758
        },
        {
          "acoustic_entropy": 5.330545902252197,
          "acoustic_entropy_side": 5.221954345703125,
          "hz": 464.6875360973435
        },
        {
          "acoustic_entropy": 5.654226779937744,
          "acoustic_entropy_side": 5.426841735839844,
          "hz": 567.8308811364784
        },
        {
          "acoustic_entropy": 5.551010608673096,
          "acoustic_entropy_side": 5.40667724609375,
          "hz": 680.1084783214808
        },
        {
          "acoustic_entropy": 5.380417346954346,
          "acoustic_entropy_side": 5.418044090270996,
          "hz": 802.3292461747484
        },
        {
          "acoustic_entropy": 5.339815616607666,
          "acoustic_entropy_side": 5.421336650848389,
          "hz": 935.3737400823702
        },
        {
          "acoustic_entropy": 5.415165901184082,
          "acoustic_entropy_side": 5.4330973625183105,
          "hz": 1080.2004963696966
        },
        {
          "acoustic_entropy": 5.397676944732666,
          "acoustic_entropy_side": 5.425144672393799,
          "hz": 1237.8529382007157
        },
        {
          "acoustic_entropy": 5.3751959800720215,
          "acoustic_entropy_side": 5.424352169036865,
          "hz": 1409.4668930556702
        },
        {
          "acoustic_entropy": 5.406878471374512,
          "acoustic_entropy_side": 5.432901859283447,
          "hz": 1596.2787759475705
        },
        {
          "acoustic_entropy": 5.41328763961792,
          "acoustic_entropy_side": 5.437701225280762,
          "hz": 1799.6344973346393
        },
        {
          "acoustic_entropy": 5.3832292556762695,
          "acoustic_entropy_side": 5.435861110687256,
          "hz": 2020.9991599069049
        },
        {
          "acoustic_entropy": 5.338809967041016,
          "acoustic_entropy_side": 5.416782855987549,
          "hz": 2261.9676141086993
        },
        {
          "acoustic_entropy": 5.381992340087891,
          "acoustic_entropy_side": 5.4261088371276855,
          "hz": 2524.2759484456974
        },
        {
          "acoustic_entropy": 5.393833160400391,
          "acoustic_entropy_side": 5.4380621910095215,
          "hz": 2809.813997359896
        },
        {
          "acoustic_entropy": 5.415440559387207,
          "acoustic_entropy_side": 5.440977096557617,
          "hz": 3120.6389567871424
        },
        {
          "acoustic_entropy": 5.418853759765625,
          "acoustic_entropy_side": 5.44244384765625,
          "hz": 3458.990205492291
        },
        {
          "acoustic_entropy": 5.41343879699707,
          "acoustic_entropy_side": 5.441657543182373,
          "hz": 3827.305438964164
        },
        {
          "acoustic_entropy": 5.418784141540527,
          "acoustic_entropy_side": 5.442513942718506,
          "hz": 4228.238232109126
        },
        {
          "acoustic_entropy": 5.425735950469971,
          "acoustic_entropy_side": 5.443192481994629,
          "hz": 4664.6771572759235
        },
        {
          "acoustic_entropy": 5.427722454071045,
          "acoustic_entropy_side": 5.443356037139893,
          "hz": 5139.766595350093
        },
        {
          "acoustic_entropy": 5.425971031188965,
          "acoustic_entropy_side": 5.443411827087402,
          "hz": 5656.929389854203
        },
        {
          "acoustic_entropy": 5.429547309875488,
          "acoustic_entropy_side": 5.44342565536499,
          "hz": 6219.891507268283
        },
        {
          "acoustic_entropy": 5.440927505493164,
          "acoustic_entropy_side": 5.443436622619629,
          "hz": 6832.70888123896
        },
        {
          "acoustic_entropy": 5.443700313568115,
          "acoustic_entropy_side": 5.443440914154053,
          "hz": 7499.796634079867
        },
        {
          "acoustic_entropy": 5.442931652069092,
          "acoustic_entropy_side": 5.44344425201416,
          "hz": 8225.96088609342
        },
        {
          "acoustic_entropy": 5.442378044128418,
          "acoustic_entropy_side": 5.443444728851318,
          "hz": 9016.43338188839
        },
        {
          "acoustic_entropy": 5.442714214324951,
          "acoustic_entropy_side": 5.443444728851318,
          "hz": 9876.909183162974
        },
        {
          "acoustic_entropy": 5.443212509155273,
          "acoustic_entropy_side": 5.443445205688477,
          "hz": 10813.587699516042
        },
        {
          "acoustic_entropy": 5.443465232849121,
          "acoustic_entropy_side": 5.443445205688477,
          "hz": 11833.21735289826
        },
        {
          "acoustic_entropy": 5.443582534790039,
          "acoustic_entropy_side": 5.443445205688477,
          "hz": 12943.144197493959
        },
        {
          "acoustic_entropy": 5.4434733390808105,
          "acoustic_entropy_side": 5.443445205688477,
          "hz": 14151.364845322005
        },
        {
          "acoustic_entropy": 5.4434380531311035,
          "acoustic_entropy_side": 5.443445205688477,
          "hz": 15466.58407886509
        },
        {
          "acoustic_entropy": 5.443445205688477,
          "acoustic_entropy_side": 5.443445205688477,
          "hz": 16898.27756580493
        },
        {
          "acoustic_entropy": 5.443444728851318,
          "acoustic_entropy_side": 5.443445205688477,
          "hz": 18456.760127700032
        },
        {
          "acoustic_entropy": 5.443444728851318,
          "acoustic_entropy_side": 5.443445205688477,
          "hz": 20153.260054456492
        },
        {
          "acoustic_entropy": 5.443445205688477,
          "acoustic_entropy_side": 5.443445205688477,
          "hz": 22000.00000000001
        }
      ],
      "diff_acoustic_entropy": 3.5768966674804688,
      "sn": 12
    },
    {
      "acoustic_entropy": 9.940425872802734,
      "acoustic_entropy_mono": 8.663575172424316,
      "band_eliminated_acoustic_entropies": [
        {
          "acoustic_entropy": 8.318953514099121,
          "acoustic_entropy_side": 9.930652618408203,
          "hz": 129.47220167065723
        },
        {
          "acoustic_entropy": 10.456297874450684,
          "acoustic_entropy_side": 9.900896072387695,
          "hz": 202.92927478742237
        },
        {
          "acoustic_entropy": 9.433979034423828,
          "acoustic_entropy_side": 10.033451080322266,
          "hz": 282.89161906338205
        },
        {
          "acoustic_entropy": 10.284785270690918,
          "acoustic_entropy_side": 10.263876914978027,
          "hz": 369.9353335868758
        },
        {
          "acoustic_entropy": 10.024280548095703,
          "acoustic_entropy_side": 9.572664260864258,
          "hz": 464.6875360973435
        },
        {
          "acoustic_entropy": 9.903586387634277,
          "acoustic_entropy_side": 9.972444534301758,
          "hz": 567.8308811364784
        },
        {
          "acoustic_entropy": 9.763933181762695,
          "acoustic_entropy_side": 9.679854393005371,
          "hz": 680.1084783214808
        },
        {
          "acoustic_entropy": 10.040475845336914,
          "acoustic_entropy_side": 9.961307525634766,
          "hz": 802.3292461747484
        },
        {
          "acoustic_entropy": 9.667425155639648,
          "acoustic_entropy_side": 9.680110931396484,
          "hz": 935.3737400823702
        },
        {
          "acoustic_entropy": 9.949549674987793,
          "acoustic_entropy_side": 9.968026161193848,
          "hz": 1080.2004963696966
        },
        {
          "acoustic_entropy": 9.878047943115234,
          "acoustic_entropy_side": 9.908571243286133,
          "hz": 1237.8529382007157
        },
        {
          "acoustic_entropy": 9.519640922546387,
          "acoustic_entropy_side": 9.929123878479004,
          "hz": 1409.4668930556702
        },
        {
          "acoustic_entropy": 9.985274314880371,
          "acoustic_entropy_side": 9.883516311645508,
          "hz": 1596.2787759475705
        },
        {
          "acoustic_entropy": 9.899147987365723,
          "acoustic_entropy_side": 9.927750587463379,
          "hz": 1799.6344973346393
        },
        {
          "acoustic_entropy": 9.721651077270508,
          "acoustic_entropy_side": 9.86052131652832,
          "hz": 2020.9991599069049
        },
        {
          "acoustic_entropy": 9.649169921875,
          "acoustic_entropy_side": 9.969895362854004,
          "hz": 2261.9676141086993
        },
        {
          "acoustic_entropy": 9.917710304260254,
          "acoustic_entropy_side": 9.919228553771973,
          "hz": 2524.2759484456974
        },
        {
          "acoustic_entropy": 9.883275985717773,
          "acoustic_entropy_side": 9.883895874023438,
          "hz": 2809.813997359896
        },
        {
          "acoustic_entropy": 9.934982299804688,
