{
  "acoustic_entropy": 118.87664031982422,
  "bands": [
    {
      "high_freq": 148.1999969482422,
      "loudness": -62.19620132446289,
      "loudness_range": 19.097309112548828,
      "mid_mean": -60.29475784301758,
      "mid_to_side_loudness": -1.7625313997268677,
      "mid_to_side_loudness_range": 7.3956804275512695,
      "side_mean": -61.558441162109375
    },
    {
      "high_freq": 392.3793640136719,
      "loudness": -40.48918914794922,
      "loudness_range": 13.90945053100586,
      "low_freq": 148.1999969482422,
      "mid_mean": -38.85329055786133,
      "mid_to_side_loudness": -2.473757028579712,
      "mid_to_side_loudness_range": 6.0253095626831055,
      "side_mean": -41.408599853515625
    },
    {
      "high_freq": 794.6976318359375,
      "loudness": -34.001808166503906,
      "loudness_range": 25.58066177368164,
      "low_freq": 392.3793640136719,
      "mid_mean": -32.8565559387207,
      "mid_to_side_loudness": -2.1601064205169678,
      "mid_to_side_loudness_range": 6.609394073486328,
      "side_mean": -34.99846267700195
    },
    {
      "high_freq": 1457.5709228515625,
      "loudness": -39.15690612792969,
      "loudness_range": 29.932661056518555,
      "low_freq": 794.6976318359375,
      "mid_mean": -38.59296798706055,
      "mid_to_side_loudness": -1.803453803062439,
      "mid_to_side_loudness_range": 5.484018325805664,
      "side_mean": -40.3919677734375
    },
    {
      "high_freq": 2549.74365234375,
      "loudness": -52.742061614990234,
      "loudness_range": 34.752689361572266,
      "low_freq": 1457.5709228515625,
      "mid_mean": -54.99974060058594,
      "mid_to_side_loudness": -1.895232081413269,
      "mid_to_side_loudness_range": 4.213828086853027,
      "side_mean": -56.31541442871094
    },
    {
      "high_freq": 4349.24462890625,
      "loudness": -52.68162155151367,
      "loudness_range": 32.477020263671875,
      "low_freq": 2549.74365234375,
      "mid_mean": -54.62473678588867,
      "mid_to_side_loudness": -1.7703161239624023,
      "mid_to_side_loudness_range": 3.156599760055542,
      "side_mean": -55.93156814575195
    },
    {
      "high_freq": 7314.1640625,
      "loudness": -67.78865051269531,
      "loudness_range": 25.98029327392578,
      "low_freq": 4349.24462890625,
      "mid_mean": -64.5053939819336,
      "mid_to_side_loudness": -2.219975471496582,
      "mid_to_side_loudness_range": 3.0292649269104004,
      "side_mean": -65.59233093261719
    },
    {
      "high_freq": 12199.2666015625,
      "loudness": -71.46414184570312,
      "loudness_range": 24.596893310546875,
      "low_freq": 7314.1640625,
      "mid_mean": -66.23345184326172,
      "mid_to_side_loudness": -2.944422483444214,
      "mid_to_side_loudness_range": 3.6308984756469727,
      "side_mean": -67.34760284423828
    },
    {
      "loudness": -81.12443542480469,
      "loudness_range": 15.630950927734375,
      "low_freq": 12199.2666015625,
      "mid_mean": -69.39554595947266,
      "mid_to_side_loudness": -3.1663639545440674,
      "mid_to_side_loudness_range": 4.548647880554199,
      "side_mean": -69.67384338378906
    }
  ],
  "bands_short": [
    {
      "high_freq": 148.1999969482422,
      "loudness": -65.93375396728516,
      "loudness_range": 13.71646499633789,
      "mid_mean": -63.33587646484375,
      "mid_to_side_loudness": -2.463412284851074,
      "mid_to_side_loudness_range": 12.378662109375,
      "side_mean": -64.96424865722656
    },
    {
      "high_freq": 392.3793640136719,
      "loudness": -40.93111038208008,
      "loudness_range": 15.34109115600586,
      "low_freq": 148.1999969482422,
      "mid_mean": -39.61830139160156,
      "mid_to_side_loudness": -2.38337779045105,
      "mid_to_side_loudness_range": 11.288360595703125,
      "side_mean": -42.16110610961914
    },
    {
      "high_freq": 794.6976318359375,
      "loudness": -34.45341110229492,
      "loudness_range": 25.779874801635742,
      "low_freq": 392.3793640136719,
      "mid_mean": -33.53634262084961,
      "mid_to_side_loudness": -2.234225273132324,
      "mid_to_side_loudness_range": 11.989999771118164,
      "side_mean": -35.84540557861328
    },
    {
      "high_freq": 1457.5709228515625,
      "loudness": -39.418212890625,
      "loudness_range": 30.801599502563477,
      "low_freq": 794.6976318359375,
      "mid_mean": -39.19140625,
      "mid_to_side_loudness": -1.78386390209198,
      "mid_to_side_loudness_range": 10.146062850952148,
      "side_mean": -40.88485336303711
    },
    {
      "high_freq": 2549.74365234375,
      "loudness": -53.338958740234375,
      "loudness_range": 35.24179458618164,
      "low_freq": 1457.5709228515625,
      "mid_mean": -55.438045501708984,
      "mid_to_side_loudness": -1.7959803342819214,
      "mid_to_side_loudness_range": 7.339177131652832,
      "side_mean": -56.65247344970703
    },
    {
      "high_freq": 4349.24462890625,
      "loudness": -52.657901763916016,
      "loudness_range": 32.48337936401367,
      "low_freq": 2549.74365234375,
      "mid_mean": -54.622222900390625,
      "mid_to_side_loudness": -1.7916722297668457,
      "mid_to_side_loudness_range": 5.324826240539551,
      "side_mean": -55.9508056640625
    },
    {
      "high_freq": 7314.1640625,
      "loudness": -67.86801147460938,
      "loudness_range": 26.00023651123047,
      "low_freq": 4349.24462890625,
      "mid_mean": -64.58921813964844,
      "mid_to_side_loudness": -2.1600639820098877,
      "mid_to_side_loudness_range": 4.090803623199463,
      "side_mean": -65.64371490478516
    },
    {
      "high_freq": 12199.2666015625,
      "loudness": -71.72136688232422,
      "loudness_range": 24.681724548339844,
      "low_freq": 7314.1640625,
      "mid_mean": -66.36412811279297,
      "mid_to_side_loudness": -2.888439893722534,
      "mid_to_side_loudness_range": 4.3874688148498535,
      "side_mean": -67.43089294433594
    },
    {
      "loudness": -81.0578842163086,
      "loudness_range": 14.997337341308594,
      "low_freq": 12199.2666015625,
      "mid_mean": -69.42469787597656,
      "mid_to_side_loudness": -3.1379122734069824,
      "mid_to_side_loudness_range": 5.260249614715576,
      "side_mean": -69.68690490722656
    }
  ],
  "bandwidth": 802.26708984375,
  "channels": 2,
  "covariance": [
    [
      34.146697998046875,
      32.732383728027344,
      4.549589157104492,
      5.024163722991943,
      -0.7076833248138428,
      -2.3604960441589355,
      -2.360481023788452,
      -0.5665884613990784,
      12.90743637084961,
      11.983445167541504,
      17.642271041870117,
      16.790206909179688,
      4.789331436157227,
      3.7188260555267334,
      1.6842777729034424,
      0.8836694955825806,
      0.049186576157808304,
      -0.03847508132457733
    ],
    [
      32.732383728027344,
      36.191497802734375,
      4.963874816894531,
      5.6442179679870605,
      0.5261638164520264,
      -0.7686337232589722,
      -2.1411044597625732,
      0.05395153909921646,
      13.110852241516113,
      12.649441719055176,
      17.96061897277832,
      17.379396438598633,
      4.775887966156006,
      3.8136746883392334,
      1.4955123662948608,
      0.8323972821235657,
      -0.048174645751714706,
      -0.0959019809961319
    ],
    [
      4.549589157104492,
      4.963874816894531,
      32.24635696411133,
      29.555274963378906,
      21.902183532714844,
      24.215412139892578,
      14.892169952392578,
      16.68566131591797,
      34.714420318603516,
      34.508766174316406,
      33.82646942138672,
      33.21815490722656,
      16.604631423950195,
      15.118896484375,
      10.277092933654785,
      9.084613800048828,
      1.5744426250457764,
      1.1392860412597656
    ],
    [
      5.024163722991943,
      5.6442179679870605,
      29.555274963378906,
      32.77836990356445,
      22.256237030029297,
      24.59925651550293,
      13.469466209411621,
      15.852900505065918,
      36.639244079589844,
      36.6279296875,
      35.25099563598633,
      34.81313705444336,
      17.45369529724121,
      16.057640075683594,
      10.918537139892578,
      9.703920364379883,
      1.6699848175048828,
      1.1761194467544556
    ],
    [
      -0.7076833248138428,
      0.5261638164520264,
      21.902183532714844,
      22.256237030029297,
      81.08727264404297,
      77.60543823242188,
      59.15709686279297,
      62.10398483276367,
      78.81170654296875,
      77.2424545288086,
      71.68751525878906,
      69.42461395263672,
      32.54117202758789,
      28.648252487182617,
      23.041606903076172,
      18.398775100708008,
      3.598020076751709,
      2.3070967197418213
    ],
    [
      -2.3604960441589355,
      -0.7686337232589722,
      24.215412139892578,
      24.59925651550293,
      77.60543823242188,
      86.40470123291016,
      61.786746978759766,
      65.18730926513672,
      81.54084014892578,
      80.77178955078125,
      72.0357437133789,
      70.50497436523438,
      33.59374237060547,
      30.01570701599121,
      23.844465255737305,
      19.46776008605957,
      3.763878107070923,
      2.495804786682129
    ],
    [
      -2.360481023788452,
      -2.1411044597625732,
      14.892169952392578,
      13.469466209411621,
      59.15709686279297,
      61.786746978759766,
      108.3821792602539,
      107.95365905761719,
      74.3049087524414,
      72.96320343017578,
      73.60783386230469,
      71.65814971923828,
      32.45732116699219,
      28.785181045532227,
      24.2269344329834,
      19.089157104492188,
      3.86437726020813,
      2.498953342437744
    ],
    [
      -0.5665884613990784,
      0.05395153909921646,
      16.68566131591797,
      15.852900505065918,
      62.10398483276367,
      65.18730926513672,
      107.95365905761719,
      116.8809814453125,
      80.11346435546875,
      79.13716125488281,
      78.62237548828125,
      77.01154327392578,
      34.58328628540039,
      31.0122013092041,
      25.376497268676758,
      20.305505752563477,
      4.007645606994629,
      2.6250617504119873
    ],
    [
      12.90743637084961,
      13.110852241516113,
      34.714420318603516,
      36.639244079589844,
      78.81170654296875,
      81.54084014892578,
      74.3049087524414,
      80.11346435546875,
      151.86619567871094,
      147.5630645751953,
      124.73442077636719,
      121.68135833740234,
      59.48099136352539,
      52.40900802612305,
      41.26658630371094,
      32.958614349365234,
      6.601072788238525,
      4.080465316772461
    ],
    [
      11.983445167541504,
      12.649441719055176,
      34.508766174316406,
      36.6279296875,
      77.2424545288086,
      80.77178955078125,
      72.96320343017578,
      79.13716125488281,
      147.5630645751953,
      145.21023559570312,
      120.13970184326172,
      117.83220672607422,
      57.93752670288086,
      51.53432083129883,
      39.969261169433594,
      32.33505630493164,
      6.367199897766113,
      4.032693862915039
    ],
    [
      17.642271041870117,
      17.96061897277832,
      33.82646942138672,
      35.25099563598633,
      71.68751525878906,
      72.0357437133789,
      73.60783386230469,
      78.62237548828125,
      124.73442077636719,
      120.13970184326172,
      126.77934265136719,
      121.82493591308594,
      57.893089294433594,
      50.376773834228516,
      40.01224136352539,
      31.446521759033203,
      6.221518516540527,
      3.716496467590332
    ],
    [
      16.790206909179688,
      17.379396438598633,
      33.21815490722656,
      34.81313705444336,
      69.42461395263672,
      70.50497436523438,
      71.65814971923828,
      77.01154327392578,
      121.68135833740234,
      117.83220672607422,
      121.82493591308594,
      118.1260757446289,
      56.392433166503906,
      49.498043060302734,
      38.94303512573242,
      30.917722702026367,
      6.090081214904785,
      3.6925201416015625
    ],
    [
      4.789331436157227,
      4.775887966156006,
      16.604631423950195,
      17.45369529724121,
      32.54117202758789,
      33.59374237060547,
      32.45732116699219,
      34.58328628540039,
      59.48099136352539,
      57.93752670288086,
      57.893089294433594,
      56.392433166503906,
      33.15410232543945,
      29.508045196533203,
      24.836172103881836,
      20.243518829345703,
      4.488527774810791,
      2.7710723876953125
    ],
    [
      3.7188260555267334,
      3.8136746883392334,
      15.118896484375,
      16.057640075683594,
      28.648252487182617,
      30.01570701599121,
      28.785181045532227,
      31.0122013092041,
      52.40900802612305,
      51.53432083129883,
      50.376773834228516,
      49.498043060302734,
      29.508045196533203,
      26.875,
      22.082855224609375,
      18.418521881103516,
      4.001138210296631,
      2.5539352893829346
    ],
    [
      1.6842777729034424,
      1.4955123662948608,
      10.277092933654785,
      10.918537139892578,
      23.041606903076172,
      23.844465255737305,
      24.2269344329834,
      25.376497268676758,
      41.26658630371094,
      39.969261169433594,
      40.01224136352539,
      38.94303512573242,
      24.836172103881836,
      22.082855224609375,
      21.521907806396484,
      17.417484283447266,
      4.538844108581543,
      2.734144687652588
    ],
    [
      0.8836694955825806,
      0.8323972821235657,
      9.084613800048828,
      9.703920364379883,
      18.398775100708008,
      19.46776008605957,
      19.089157104492188,
      20.305505752563477,
      32.958614349365234,
      32.33505630493164,
      31.446521759033203,
      30.917722702026367,
      20.243518829345703,
      18.418521881103516,
      17.417484283447266,
      14.648975372314453,
      3.7271347045898438,
      2.3677141666412354
    ],
    [
      0.049186576157808304,
      -0.048174645751714706,
      1.5744426250457764,
      1.6699848175048828,
      3.598020076751709,
      3.763878107070923,
      3.86437726020813,
      4.007645606994629,
      6.601072788238525,
      6.367199897766113,
      6.221518516540527,
      6.090081214904785,
      4.488527774810791,
      4.001138210296631,
      4.538844108581543,
      3.7271347045898438,
      1.3887683153152466,
      0.8402810096740723
    ],
    [
      -0.03847508132457733,
      -0.0959019809961319,
      1.1392860412597656,
      1.1761194467544556,
      2.3070967197418213,
      2.495804786682129,
      2.498953342437744,
      2.6250617504119873,
      4.080465316772461,
      4.032693862915039,
      3.716496467590332,
      3.6925201416015625,
      2.7710723876953125,
      2.5539352893829346,
      2.734144687652588,
      2.3677141666412354,
      0.8402810096740723,
      0.5714311003684998
    ]
  ],
  "covariance_short": [
    [
      14.935750007629395,
      8.322951316833496,
      0.828424334526062,
      0.7731361389160156,
      -1.6853976249694824,
      -2.739211082458496,
      -1.1273550987243652,
      -1.2970715761184692,
      4.1353983879089355,
      3.354595184326172,
      5.3234381675720215,
      4.817724704742432,
      1.152745008468628,
      0.7846130728721619,
      0.8222675919532776,
      0.38395822048187256,
      0.19789636135101318,
      0.04325394704937935
    ],
    [
      8.322951316833496,
      11.101258277893066,
      0.7990487217903137,
      1.0038224458694458,
      -0.9875300526618958,
      -1.4659310579299927,
      -2.003279209136963,
      -1.9518468379974365,
      3.1802589893341064,
      2.6514883041381836,
      3.9796557426452637,
      3.6874582767486572,
      0.8207846283912659,
      0.5896232724189758,
      0.45247766375541687,
      0.20962423086166382,
      0.08295343071222305,
      -0.0035135645885020494
    ],
    [
      0.828424334526062,
      0.7990487217903137,
      38.01047897338867,
      29.58502769470215,
      20.870458602905273,
      22.934829711914062,
      14.369772911071777,
      15.370238304138184,
      32.645790100097656,
      32.39162826538086,
      33.828529357910156,
      33.04160690307617,
      16.231460571289062,
      14.740884780883789,
      10.005706787109375,
      8.774653434753418,
      1.441969633102417,
      1.0352301597595215
    ],
    [
      0.7731361389160156,
      1.0038224458694458,
      29.58502769470215,
      39.44567108154297,
      21.49948501586914,
      23.571271896362305,
      13.150076866149902,
      14.787446022033691,
      35.224754333496094,
      35.037288665771484,
      35.41500473022461,
      35.00946044921875,
      17.038578033447266,
      15.655460357666016,
      10.533051490783691,
      9.328325271606445,
      1.5395114421844482,
      1.0764631032943726
    ],
    [
      -1.6853976249694824,
      -0.9875300526618958,
      20.870458602905273,
      21.49948501586914,
      83.03727722167969,
      73.29163360595703,
      59.32701873779297,
      60.70146179199219,
      72.52310943603516,
      71.45856475830078,
      69.89268493652344,
      67.51165008544922,
      31.495044708251953,
      27.65659523010254,
      22.11311149597168,
      17.604598999023438,
      3.3123302459716797,
      2.084775447845459
    ],
    [
      -2.739211082458496,
      -1.4659310579299927,
      22.934829711914062,
      23.571271896362305,
      73.29163360595703,
      88.65670776367188,
      61.19594192504883,
      63.60237503051758,
      75.58576202392578,
      75.14607238769531,
      71.64527893066406,
      69.80522918701172,
      32.77104568481445,
      29.24431037902832,
      22.97825050354004,
      18.708955764770508,
      3.48240327835083,
      2.287328004837036
    ],
    [
      -1.1273550987243652,
      -2.003279209136963,
      14.369772911071777,
      13.150076866149902,
      59.32701873779297,
      61.19594192504883,
      117.56905364990234,
      109.69597625732422,
      74.67875671386719,
      73.63526153564453,
      76.43390655517578,
      73.8819351196289,
      33.11225128173828,
      29.20257568359375,
      24.309057235717773,
      19.021774291992188,
      3.616137981414795,
      2.3433892726898193
    ],
    [
      -1.2970715761184692,
      -1.9518468379974365,
      15.370238304138184,
      14.787446022033691,
      60.70146179199219,
      63.60237503051758,
      109.69597625732422,
      124.5627212524414,
      79.40201568603516,
      78.78915405273438,
      79.6677017211914,
      77.5167007446289,
      34.627471923828125,
      30.86219596862793,
      25.159862518310547,
      19.9965877532959,
      3.763152837753296,
      2.469867706298828
    ],
    [
      4.1353983879089355,
      3.1802589893341064,
      32.645790100097656,
      35.224754333496094,
      72.52310943603516,
      75.58576202392578,
      74.67875671386719,
      79.40201568603516,
      148.531494140625,
      142.22659301757812,
      123.23321533203125,
      119.95252227783203,
      58.064796447753906,
      51.23141098022461,
      40.03864669799805,
      31.949464797973633,
      6.280410289764404,
      3.8642334938049316
    ],
    [
      3.354595184326172,
      2.6514883041381836,
      32.39162826538086,
      35.037288665771484,
      71.45856475830078,
      75.14607238769531,
      73.63526153564453,
      78.78915405273438,
      142.22659301757812,
      141.43968200683594,
      118.79696655273438,
      116.11271667480469,
      56.41457748413086,
      50.21107864379883,
      38.795833587646484,
      31.32813262939453,
      6.08240270614624,
      3.8382601737976074
    ],
    [
      5.3234381675720215,
      3.9796557426452637,
      33.828529357910156,
      35.41500473022461,
      69.89268493652344,
      71.64527893066406,
      76.43390655517578,
      79.6677017211914,
      123.23321533203125,
      118.79696655273438,
      129.17095947265625,
      123.21806335449219,
      57.95634460449219,
      50.42734909057617,
      39.613197326660156,
      31.11968994140625,
      5.96381139755249,
      3.568830728530884
    ],
    [
      4.817724704742432,
      3.6874582767486572,
      33.04160690307617,
      35.00946044921875,
      67.51165008544922,
      69.80522918701172,
      73.8819351196289,
      77.5167007446289,
      119.95252227783203,
      116.11271667480469,
      123.21806335449219,
      120.11387634277344,
      56.42649841308594,
      49.545894622802734,
      38.58942794799805,
      30.626672744750977,
      5.866008281707764,
      3.560631513595581
    ],
    [
      1.152745008468628,
      0.8207846283912659,
      16.231460571289062,
      17.038578033447266,
      31.495044708251953,
      32.77104568481445,
      33.11225128173828,
      34.627471923828125,
      58.064796447753906,
      56.41457748413086,
      57.95634460449219,
      56.42649841308594,
      33.13024139404297,
      29.356075286865234,
      24.3064022064209,
      19.870054244995117,
      4.393185615539551,
      2.7357401847839355
    ],
    [
      0.7846130728721619,
      0.5896232724189758,
      14.740884780883789,
      15.655460357666016,
      27.65659523010254,
      29.24431037902832,
      29.20257568359375,
      30.86219596862793,
      51.23141098022461,
      50.21107864379883,
      50.42734909057617,
      49.545894622802734,
      29.356075286865234,
      26.91949462890625,
      21.660831451416016,
      18.12874984741211,
      3.9149787425994873,
      2.5221996307373047
    ],
    [
      0.8222675919532776,
      0.45247766375541687,
      10.005706787109375,
      10.533051490783691,
      22.11311149597168,
      22.97825050354004,
      24.309057235717773,
      25.159862518310547,
      40.03864669799805,
      38.795833587646484,
      39.613197326660156,
      38.58942794799805,
      24.3064022064209,
      21.660831451416016,
      20.835054397583008,
      16.86922264099121,
      4.354708671569824,
      2.6816086769104004
    ],
    [
      0.38395822048187256,
      0.20962423086166382,
      8.774653434753418,
      9.328325271606445,
      17.604598999023438,
      18.708955764770508,
      19.021774291992188,
      19.9965877532959,
      31.949464797973633,
      31.32813262939453,
      31.11968994140625,
      30.626672744750977,
      19.870054244995117,
      18.12874984741211,
      16.86922264099121,
      14.370965003967285,
      3.594142198562622,
      2.3427927494049072
    ],
    [
      0.19789636135101318,
      0.08295343071222305,
      1.441969633102417,
      1.5395114421844482,
      3.3123302459716797,
      3.48240327835083,
      3.616137981414795,
      3.763152837753296,
      6.280410289764404,
      6.08240270614624,
      5.96381139755249,
      5.866008281707764,
      4.393185615539551,
      3.9149787425994873,
      4.354708671569824,
      3.594142198562622,
      1.399681568145752,
      0.862360417842865
    ],
    [
      0.04325394704937935,
      -0.0035135645885020494,
      1.0352301597595215,
      1.0764631032943726,
      2.084775447845459,
      2.287328004837036,
      2.3433892726898193,
      2.469867706298828,
      3.8642334938049316,
      3.8382601737976074,
      3.568830728530884,
      3.560631513595581,
      2.7357401847839355,
      2.5221996307373047,
      2.6816086769104004,
      2.3427927494049072,
      0.862360417842865,
      0.615666925907135
    ]
  ],
  "damage": -14.658270835876465,
  "diff_bandwidth": 812.5015869140625,
  "dissonance": 6.621529304844286,
  "drr": 12.16753101348877,
  "dynamics": 6.654772758483887,
  "format": 1245190,
  "frames": 9386944,
  "loudness": -26.87761688232422,
  "loudness_range": 21.88907241821289,
  "loudness_range_short": 22.461715698242188,
  "lowpass_true_peak_15khz": -0.20312833786010742,
  "mastering3_acoustic_entropies": [
    {
      "acoustic_entropy": 5.8196210861206055,
      "acoustic_entropy_mono": 5.963048934936523,
      "band_eliminated_acoustic_entropies": [
        {
          "acoustic_entropy": 5.819619655609131,
          "acoustic_entropy_side": 5.819620609283447,
          "hz": 129.47220167065723
        },
        {
          "acoustic_entropy": 5.819849014282227,
          "acoustic_entropy_side": 5.819740295410156,
          "hz": 202.92927478742237
        },
        {
          "acoustic_entropy": 5.8175764083862305,
          "acoustic_entropy_side": 5.820607662200928,
          "hz": 282.89161906338205
        },
        {
          "acoustic_entropy": 5.977512359619141,
          "acoustic_entropy_side": 5.899331092834473,
          "hz": 369.9353335868758
        },
        {
          "acoustic_entropy": 5.752326011657715,
          "acoustic_entropy_side": 5.87155818939209,
          "hz": 464.6875360973435
        },
        {
          "acoustic_entropy": 6.226297378540039,
          "acoustic_entropy_side": 6.1853108406066895,
          "hz": 567.8308811364784
        },
        {
          "acoustic_entropy": 5.735748291015625,
          "acoustic_entropy_side": 5.931763172149658,
          "hz": 680.1084783214808
        },
        {
          "acoustic_entropy": 4.90674352645874,
          "acoustic_entropy_side": 6.130853652954102,
          "hz": 802.3292461747484
        },
        {
          "acoustic_entropy": 5.819441318511963,
          "acoustic_entropy_side": 5.853427410125732,
          "hz": 935.3737400823702
        },
        {
          "acoustic_entropy": 5.820852279663086,
          "acoustic_entropy_side": 6.08856201171875,
          "hz": 1080.2004963696966
        },
        {
          "acoustic_entropy": 6.646717548370361,
          "acoustic_entropy_side": 6.321828365325928,
          "hz": 1237.8529382007157
        },
        {
          "acoustic_entropy": 6.139141082763672,
          "acoustic_entropy_side": 5.882139205932617,
          "hz": 1409.4668930556702
        },
        {
          "acoustic_entropy": 6.149717330932617,
          "acoustic_entropy_side": 5.668429374694824,
          "hz": 1596.2787759475705
        },
        {
          "acoustic_entropy": 5.558978080749512,
          "acoustic_entropy_side": 5.7826313972473145,
          "hz": 1799.6344973346393
        },
        {
          "acoustic_entropy": 5.991143703460693,
          "acoustic_entropy_side": 5.903951644897461,
          "hz": 2020.9991599069049
        },
        {
          "acoustic_entropy": 6.107411861419678,
          "acoustic_entropy_side": 5.949521541595459,
          "hz": 2261.9676141086993
        },
        {
          "acoustic_entropy": 5.928562641143799,
          "acoustic_entropy_side": 5.876220703125,
          "hz": 2524.2759484456974
        },
        {
          "acoustic_entropy": 5.9463605880737305,
          "acoustic_entropy_side": 5.898162841796875,
          "hz": 2809.813997359896
        },
        {
          "acoustic_entropy": 5.920627593994141,
          "acoustic_entropy_side": 5.880463123321533,
          "hz": 3120.6389567871424
        },
        {
          "acoustic_entropy": 5.829586505889893,
          "acoustic_entropy_side": 5.834660530090332,
          "hz": 3458.990205492291
        },
        {
          "acoustic_entropy": 5.840103626251221,
          "acoustic_entropy_side": 5.831689834594727,
          "hz": 3827.305438964164
        },
        {
          "acoustic_entropy": 5.837355136871338,
          "acoustic_entropy_side": 5.829922676086426,
          "hz": 4228.238232109126
        },
        {
          "acoustic_entropy": 5.826706886291504,
          "acoustic_entropy_side": 5.822810173034668,
          "hz": 4664.6771572759235
        },
        {
          "acoustic_entropy": 5.820116996765137,
          "acoustic_entropy_side": 5.81980037689209,
          "hz": 5139.766595350093
        },
        {
          "acoustic_entropy": 5.819827079772949,
          "acoustic_entropy_side": 5.819677352905273,
          "hz": 5656.929389854203
        },
        {
          "acoustic_entropy": 5.819859981536865,
          "acoustic_entropy_side": 5.81967830657959,
          "hz": 6219.891507268283
        },
        {
          "acoustic_entropy": 5.819884777069092,
          "acoustic_entropy_side": 5.819689750671387,
          "hz": 6832.70888123896
        },
        {
          "acoustic_entropy": 5.819810390472412,
          "acoustic_entropy_side": 5.819691181182861,
          "hz": 7499.796634079867
        },
        {
          "acoustic_entropy": 5.819777965545654,
          "acoustic_entropy_side": 5.819675445556641,
          "hz": 8225.96088609342
        },
        {
          "acoustic_entropy": 5.8196587562561035,
          "acoustic_entropy_side": 5.819634437561035,
          "hz": 9016.43338188839
        },
        {
          "acoustic_entropy": 5.819632530212402,
          "acoustic_entropy_side": 5.8196258544921875,
          "hz": 9876.909183162974
        },
        {
          "acoustic_entropy": 5.819622993469238,
          "acoustic_entropy_side": 5.819621562957764,
          "hz": 10813.587699516042
        },
        {
          "acoustic_entropy": 5.819621562957764,
          "acoustic_entropy_side": 5.819621562957764,
          "hz": 11833.21735289826
        },
        {
          "acoustic_entropy": 5.8196210861206055,
          "acoustic_entropy_side": 5.8196210861206055,
          "hz": 12943.144197493959
        },
        {
          "acoustic_entropy": 5.8196210861206055,
          "acoustic_entropy_side": 5.8196210861206055,
          "hz": 14151.364845322005
        },
        {
          "acoustic_entropy": 5.8196210861206055,
          "acoustic_entropy_side": 5.8196210861206055,
          "hz": 15466.58407886509
        },
        {
          "acoustic_entropy": 5.8196210861206055,
          "acoustic_entropy_side": 5.8196210861206055,
          "hz": 16898.27756580493
        },
        {
          "acoustic_entropy": 5.8196210861206055,
          "acoustic_entropy_side": 5.8196210861206055,
          "hz": 18456.760127700032
        },
        {
          "acoustic_entropy": 5.8196210861206055,
          "acoustic_entropy_side": 5.8196210861206055,
          "hz": 20153.260054456492
        },
        {
          "acoustic_entropy": 5.8196210861206055,
          "acoustic_entropy_side": 5.8196210861206055,
          "hz": 22000.00000000001
        }
      ],
      "diff_acoustic_entropy": 1.010764718055725,
      "sn": 6
    },
    {
      "acoustic_entropy": 9.199563980102539,
      "acoustic_entropy_mono": 9.605515480041504,
      "band_eliminated_acoustic_entropies": [
        {
          "acoustic_entropy": 9.199565887451172,
          "acoustic_entropy_side": 9.199565887451172,
          "hz": 129.47220167065723
        },
        {
          "acoustic_entropy": 9.203946113586426,
          "acoustic_entropy_side": 9.200858116149902,
          "hz": 202.92927478742237
        },
        {
          "acoustic_entropy": 9.205994606018066,
          "acoustic_entropy_side": 9.226683616638184,
          "hz": 282.89161906338205
        },
        {
          "acoustic_entropy": 9.331945419311523,
          "acoustic_entropy_side": 9.297603607177734,
          "hz": 369.9353335868758
        },
        {
          "acoustic_entropy": 9.13022232055664,
          "acoustic_entropy_side": 9.170768737792969,
          "hz": 464.6875360973435
        },
        {
          "acoustic_entropy": 9.845271110534668,
          "acoustic_entropy_side": 9.4356050491333,
          "hz": 567.8308811364784
        },
        {
          "acoustic_entropy": 8.712681770324707,
          "acoustic_entropy_side": 8.716987609863281,
          "hz": 680.1084783214808
        },
        {
          "acoustic_entropy": 8.453271865844727,
          "acoustic_entropy_side": 9.742450714111328,
          "hz": 802.3292461747484
        },
        {
          "acoustic_entropy": 9.033884048461914,
          "acoustic_entropy_side": 9.371355056762695,
          "hz": 935.3737400823702
        },
        {
          "acoustic_entropy": 9.280351638793945,
          "acoustic_entropy_side": 9.341341018676758,
          "hz": 1080.2004963696966
        },
        {
          "acoustic_entropy": 9.498747825622559,
          "acoustic_entropy_side": 9.400404930114746,
          "hz": 1237.8529382007157
        },
        {
          "acoustic_entropy": 9.550613403320312,
          "acoustic_entropy_side": 9.265528678894043,
          "hz": 1409.4668930556702
        },
        {
          "acoustic_entropy": 9.894668579101562,
          "acoustic_entropy_side": 9.427090644836426,
          "hz": 1596.2787759475705
        },
        {
          "acoustic_entropy": 8.780803680419922,
          "acoustic_entropy_side": 9.078715324401855,
          "hz": 1799.6344973346393
        },
        {
          "acoustic_entropy": 8.925920486450195,
          "acoustic_entropy_side": 9.114157676696777,
          "hz": 2020.9991599069049
        },
        {
          "acoustic_entropy": 9.174322128295898,
          "acoustic_entropy_side": 9.220071792602539,
          "hz": 2261.9676141086993
        },
        {
          "acoustic_entropy": 8.891213417053223,
          "acoustic_entropy_side": 9.068144798278809,
          "hz": 2524.2759484456974
        },
        {
          "acoustic_entropy": 8.823982238769531,
          "acoustic_entropy_side": 8.982534408569336,
          "hz": 2809.813997359896
        },
        {
          "acoustic_entropy": 8.882469177246094,
          "acoustic_entropy_side": 9.044160842895508,
          "hz": 3120.6389567871424
        },
        {
          "acoustic_entropy": 9.091740608215332,
          "acoustic_entropy_side": 9.147665023803711,
          "hz": 3458.990205492291
        },
        {
          "acoustic_entropy": 9.085433006286621,
          "acoustic_entropy_side": 9.156294822692871,
          "hz": 3827.305438964164
        },
        {
          "acoustic_entropy": 9.125462532043457,
          "acoustic_entropy_side": 9.16727066040039,
          "hz": 4228.238232109126
        },
        {
          "acoustic_entropy": 9.181379318237305,
          "acoustic_entropy_side": 9.192492485046387,
          "hz": 4664.6771572759235
        },
        {
          "acoustic_entropy": 9.19685173034668,
          "acoustic_entropy_side": 9.198575973510742,
          "hz": 5139.766595350093
        },
        {
          "acoustic_entropy": 9.197989463806152,
          "acoustic_entropy_side": 9.199121475219727,
          "hz": 5656.929389854203
        },
        {
          "acoustic_entropy": 9.19792366027832,
          "acoustic_entropy_side": 9.199141502380371,
          "hz": 6219.891507268283
        },
        {
          "acoustic_entropy": 9.198161125183105,
          "acoustic_entropy_side": 9.199179649353027,
          "hz": 6832.70888123896
        },
        {
          "acoustic_entropy": 9.199079513549805,
          "acoustic_entropy_side": 9.199446678161621,
          "hz": 7499.796634079867
        },
        {
          "acoustic_entropy": 9.199179649353027,
          "acoustic_entropy_side": 9.199446678161621,
          "hz": 8225.96088609342
        },
        {
          "acoustic_entropy": 9.199230194091797,
          "acoustic_entropy_side": 9.19945240020752,
          "hz": 9016.43338188839
        },
        {
          "acoustic_entropy": 9.199400901794434,
          "acoustic_entropy_side": 9.199514389038086,
          "hz": 9876.909183162974
        },
        {
          "acoustic_entropy": 9.199416160583496,
          "acoustic_entropy_side": 9.1995210647583,
          "hz": 10813.587699516042
        },
        {
          "acoustic_entropy": 9.199448585510254,
          "acoustic_entropy_side": 9.1995267868042,
          "hz": 11833.21735289826
        },
        {
          "acoustic_entropy": 9.199508666992188,
          "acoustic_entropy_side": 9.199549674987793,
          "hz": 12943.144197493959
        },
        {
          "acoustic_entropy": 9.199549674987793,
          "acoustic_entropy_side": 9.19956111907959,
          "hz": 14151.364845322005
        },
        {
          "acoustic_entropy": 9.19956111907959,
          "acoustic_entropy_side": 9.199563026428223,
          "hz": 15466.58407886509
        },
        {
          "acoustic_entropy": 9.199563026428223,
          "acoustic_entropy_side": 9.199563980102539,
          "hz": 16898.27756580493
        },
        {
          "acoustic_entropy": 9.199563980102539,
          "acoustic_entropy_side": 9.199563980102539,
          "hz": 18456.760127700032
        },
        {
          "acoustic_entropy": 9.199563980102539,
          "acoustic_entropy_side": 9.199563980102539,
          "hz": 20153.260054456492
        },
        {
          "acoustic_entropy": 9.199563980102539,
          "acoustic_entropy_side": 9.199563980102539,
          "hz": 22000.00000000001
        }
      ],
      "diff_acoustic_entropy": 1.8037484884262085,
      "sn": 12
    },
    {
      "acoustic_entropy": 14.285137176513672,
      "acoustic_entropy_mono": 14.181713104248047,
      "band_eliminated_acoustic_entropies": [
        {
          "acoustic_entropy": 14.284153938293457,
          "acoustic_entropy_side": 14.285043716430664,
          "hz": 129.47220167065723
        },
        {
          "acoustic_entropy": 14.375933647155762,
          "acoustic_entropy_side": 14.321914672851562,
          "hz": 202.92927478742237
        },
        {
          "acoustic_entropy": 14.202848434448242,
          "acoustic_entropy_side": 14.674570083618164,
          "hz": 282.89161906338205
        },
        {
          "acoustic_entropy": 15.069598197937012,
          "acoustic_entropy_side": 14.796378135681152,
          "hz": 369.9353335868758
        },
        {
          "acoustic_entropy": 14.475048065185547,
          "acoustic_entropy_side": 14.959493637084961,
          "hz": 464.6875360973435
        },
        {
          "acoustic_entropy": 15.716497421264648,
          "acoustic_entropy_side": 15.331855773925781,
          "hz": 567.8308811364784
        },
        {
          "acoustic_entropy": 14.621903419494629,
          "acoustic_entropy_side": 14.372001647949219,
          "hz": 680.1084783214808
        },
        {
          "acoustic_entropy": 14.50430965423584,
          "acoustic_entropy_side": 15.483105659484863,
          "hz": 802.3292461747484
        },
        {
          "acoustic_entropy": 14.379020690917969,
          "acoustic_entropy_side": 14.534627914428711,
          "hz": 935.3737400823702
        },
        {
          "acoustic_entropy": 14.676902770996094,
          "acoustic_entropy_side": 14.58191967010498,
          "hz": 1080.2004963696966
        },
        {
          "acoustic_entropy": 14.81987476348877,
          "acoustic_entropy_side": 14.765788078308105,
          "hz": 1237.8529382007157
        },
        {
          "acoustic_entropy": 14.799111366271973,
          "acoustic_entropy_side": 14.397336959838867,
          "hz": 1409.4668930556702
        },
        {
          "acoustic_entropy": 14.825441360473633,
          "acoustic_entropy_side": 14.692892074584961,
          "hz": 1596.2787759475705
        },
        {
          "acoustic_entropy": 14.068543434143066,
          "acoustic_entropy_side": 14.935202598571777,
          "hz": 1799.6344973346393
        },
        {
          "acoustic_entropy": 14.642411231994629,
          "acoustic_entropy_side": 14.408234596252441,
          "hz": 2020.9991599069049
        },
        {
          "acoustic_entropy": 14.566702842712402,
          "acoustic_entropy_side": 14.27492618560791,
          "hz": 2261.9676141086993
        },
        {
          "acoustic_entropy": 14.194416046142578,
          "acoustic_entropy_side": 14.253946304321289,
          "hz": 2524.2759484456974
        },
        {
          "acoustic_entropy": 14.004083633422852,
          "acoustic_entropy_side": 14.163970947265625,
          "hz": 2809.813997359896
        },
        {
          "acoustic_entropy": 14.143125534057617,
          "acoustic_entropy_side": 14.168295860290527,
