{
  "acoustic_entropy": 150.32247924804688,
  "bands": [
    {
      "high_freq": 148.1999969482422,
      "loudness": -45.75706481933594,
      "loudness_range": 24.031810760498047,
      "mid_mean": -42.896751403808594,
      "mid_to_side_loudness": -10.046890258789062,
      "mid_to_side_loudness_range": 17.2708797454834,
      "side_mean": -53.274932861328125
    },
    {
      "high_freq": 392.3793640136719,
      "loudness": -31.282676696777344,
      "loudness_range": 17.220735549926758,
      "low_freq": 148.1999969482422,
      "mid_mean": -28.811199188232422,
      "mid_to_side_loudness": -5.777754306793213,
      "mid_to_side_loudness_range": 9.814754486083984,
      "side_mean": -34.7051887512207
    },
    {
      "high_freq": 794.6976318359375,
      "loudness": -30.683509826660156,
      "loudness_range": 18.080732345581055,
      "low_freq": 392.3793640136719,
      "mid_mean": -29.743160247802734,
      "mid_to_side_loudness": -1.2306948900222778,
      "mid_to_side_loudness_range": 9.324615478515625,
      "side_mean": -30.972156524658203
    },
    {
      "high_freq": 1457.5709228515625,
      "loudness": -36.56039047241211,
      "loudness_range": 27.786346435546875,
      "low_freq": 794.6976318359375,
      "mid_mean": -35.829185485839844,
      "mid_to_side_loudness": -1.0173276662826538,
      "mid_to_side_loudness_range": 9.039630889892578,
      "side_mean": -36.964900970458984
    },
    {
      "high_freq": 2549.74365234375,
      "loudness": -42.436553955078125,
      "loudness_range": 31.92359161376953,
      "low_freq": 1457.5709228515625,
      "mid_mean": -41.714881896972656,
      "mid_to_side_loudness": -1.1111536026000977,
      "mid_to_side_loudness_range": 6.056306838989258,
      "side_mean": -42.648624420166016
    },
    {
      "high_freq": 4349.24462890625,
      "loudness": -52.4997444152832,
      "loudness_range": 31.888275146484375,
      "low_freq": 2549.74365234375,
      "mid_mean": -55.44190216064453,
      "mid_to_side_loudness": 0.4288632869720459,
      "mid_to_side_loudness_range": 6.421171188354492,
      "side_mean": -55.090030670166016
    },
    {
      "high_freq": 7314.1640625,
      "loudness": -64.66676330566406,
      "loudness_range": 30.344940185546875,
      "low_freq": 4349.24462890625,
      "mid_mean": -65.04489135742188,
      "mid_to_side_loudness": -0.15598540008068085,
      "mid_to_side_loudness_range": 3.3759875297546387,
      "side_mean": -65.14215850830078
    },
    {
      "high_freq": 12199.2666015625,
      "loudness": -73.1470718383789,
      "loudness_range": 23.254505157470703,
      "low_freq": 7314.1640625,
      "mid_mean": -68.7491455078125,
      "mid_to_side_loudness": -0.5284485816955566,
      "mid_to_side_loudness_range": 2.2432003021240234,
      "side_mean": -68.89732360839844
    },
    {
      "loudness": -80.15281677246094,
      "loudness_range": 19.71276092529297,
      "low_freq": 12199.2666015625,
      "mid_mean": -69.81578826904297,
      "mid_to_side_loudness": 0.36432981491088867,
      "mid_to_side_loudness_range": 0.971106767654419,
      "side_mean": -69.79707336425781
    }
  ],
  "bands_short": [
    {
      "high_freq": 148.1999969482422,
      "loudness": -53.0292854309082,
      "loudness_range": 28.02419662475586,
      "mid_mean": -50.10524368286133,
      "mid_to_side_loudness": -8.98900318145752,
      "mid_to_side_loudness_range": 17.679983139038086,
      "side_mean": -58.46535873413086
    },
    {
      "high_freq": 392.3793640136719,
      "loudness": -31.90604591369629,
      "loudness_range": 18.87929344177246,
      "low_freq": 148.1999969482422,
      "mid_mean": -29.605077743530273,
      "mid_to_side_loudness": -5.608638763427734,
      "mid_to_side_loudness_range": 13.162341117858887,
      "side_mean": -35.31184768676758
    },
    {
      "high_freq": 794.6976318359375,
      "loudness": -30.791419982910156,
      "loudness_range": 18.589807510375977,
      "low_freq": 392.3793640136719,
      "mid_mean": -29.813928604125977,
      "mid_to_side_loudness": -1.4152981042861938,
      "mid_to_side_loudness_range": 11.78635025024414,
      "side_mean": -31.32184600830078
    },
    {
      "high_freq": 1457.5709228515625,
      "loudness": -36.476253509521484,
      "loudness_range": 28.073612213134766,
      "low_freq": 794.6976318359375,
      "mid_mean": -35.577598571777344,
      "mid_to_side_loudness": -1.506591796875,
      "mid_to_side_loudness_range": 11.387072563171387,
      "side_mean": -37.28849792480469
    },
    {
      "high_freq": 2549.74365234375,
      "loudness": -43.01802062988281,
      "loudness_range": 30.842514038085938,
      "low_freq": 1457.5709228515625,
      "mid_mean": -42.35861587524414,
      "mid_to_side_loudness": -1.0678393840789795,
      "mid_to_side_loudness_range": 8.498908996582031,
      "side_mean": -43.41176986694336
    },
    {
      "high_freq": 4349.24462890625,
      "loudness": -52.656063079833984,
      "loudness_range": 31.53567886352539,
      "low_freq": 2549.74365234375,
      "mid_mean": -55.91830825805664,
      "mid_to_side_loudness": 0.4984824061393738,
      "mid_to_side_loudness_range": 8.715834617614746,
      "side_mean": -55.53407669067383
    },
    {
      "high_freq": 7314.1640625,
      "loudness": -65.07559967041016,
      "loudness_range": 29.25200653076172,
      "low_freq": 4349.24462890625,
      "mid_mean": -65.47300720214844,
      "mid_to_side_loudness": -0.02196032926440239,
      "mid_to_side_loudness_range": 5.352534294128418,
      "side_mean": -65.48519897460938
    },
    {
      "high_freq": 12199.2666015625,
      "loudness": -74.96102142333984,
      "loudness_range": 23.077648162841797,
      "low_freq": 7314.1640625,
      "mid_mean": -69.02328491210938,
      "mid_to_side_loudness": -0.38524600863456726,
      "mid_to_side_loudness_range": 3.507753849029541,
      "side_mean": -69.10633850097656
    },
    {
      "loudness": -79.34469604492188,
      "loudness_range": 18.43505859375,
      "low_freq": 12199.2666015625,
      "mid_mean": -69.85645294189453,
      "mid_to_side_loudness": 0.34894463419914246,
      "mid_to_side_loudness_range": 2.267808675765991,
      "side_mean": -69.84471130371094
    }
  ],
  "bandwidth": 673.1782836914062,
  "channels": 2,
  "covariance": [
    [
      74.66519165039062,
      52.349090576171875,
      40.836299896240234,
      33.923038482666016,
      39.24252700805664,
      41.21471405029297,
      47.54671859741211,
      46.52985763549805,
      55.78726577758789,
      56.37114715576172,
      65.65725708007812,
      67.08550262451172,
      33.82710266113281,
      34.026153564453125,
      10.20789623260498,
      9.397555351257324,
      1.213138461112976,
      1.3445367813110352
    ],
    [
      52.349090576171875,
      63.981380462646484,
      32.83057403564453,
      27.76044464111328,
      37.19310760498047,
      38.59976577758789,
      43.57512283325195,
      44.17879867553711,
      50.75904846191406,
      51.243896484375,
      62.67366409301758,
      63.491886138916016,
      29.634502410888672,
      29.51520538330078,
      8.678892135620117,
      7.682253837585449,
      0.9315701723098755,
      1.0119258165359497
    ],
    [
      40.836299896240234,
      32.83057403564453,
      44.900062561035156,
      33.91707992553711,
      34.375267028808594,
      36.06425857543945,
      44.568058013916016,
      48.3249397277832,
      51.350929260253906,
      52.7574348449707,
      61.15110397338867,
      62.818931579589844,
      34.17274475097656,
      33.98857116699219,
      9.943914413452148,
      9.001675605773926,
      1.1351964473724365,
      1.2531445026397705
    ],
    [
      33.923038482666016,
      27.76044464111328,
      33.91707992553711,
      35.68796920776367,
      30.950729370117188,
      30.85588264465332,
      40.83517074584961,
      42.34577941894531,
      45.402809143066406,
      45.86716079711914,
      52.64841842651367,
      54.35879135131836,
      28.228382110595703,
      28.374744415283203,
      8.850494384765625,
      8.136940002441406,
      1.09859037399292,
      1.225068211555481
    ],
    [
      39.24252700805664,
      37.19310760498047,
      34.375267028808594,
      30.950729370117188,
      48.50910186767578,
      44.95920944213867,
      48.16042709350586,
      48.262088775634766,
      53.152706146240234,
      52.82646179199219,
      63.01768493652344,
      64.27108001708984,
      31.340713500976562,
      31.49411392211914,
      9.337685585021973,
      8.352106094360352,
      1.0920689105987549,
      1.1886632442474365
    ],
    [
      41.21471405029297,
      38.59976577758789,
      36.06425857543945,
      30.85588264465332,
      44.95920944213867,
      52.57259750366211,
      51.36526107788086,
      51.96219253540039,
      55.68436813354492,
      57.228153228759766,
      67.63636016845703,
      69.20913696289062,
      33.235958099365234,
      33.039669036865234,
      9.93957805633545,
      8.74238395690918,
      1.1010444164276123,
      1.2165534496307373
    ],
    [
      47.54671859741211,
      43.57512283325195,
      44.568058013916016,
      40.83517074584961,
      48.16042709350586,
      51.36526107788086,
      94.3830795288086,
      82.88436889648438,
      80.65469360351562,
      83.87709045410156,
      86.17180633544922,
      88.81024932861328,
      48.748233795166016,
      48.124900817871094,
      15.72394847869873,
      14.166930198669434,
      1.9511058330535889,
      2.165989875793457
    ],
    [
      46.52985763549805,
      44.17879867553711,
      48.3249397277832,
      42.34577941894531,
      48.262088775634766,
      51.96219253540039,
      82.88436889648438,
      90.24909210205078,
      81.5048599243164,
      84.63032531738281,
      89.4197006225586,
      91.2439956665039,
      49.79668426513672,
      49.200469970703125,
      15.619813919067383,
      14.017561912536621,
      1.8596242666244507,
      2.075226306915283
    ],
    [
      55.78726577758789,
      50.75904846191406,
      51.350929260253906,
      45.402809143066406,
      53.152706146240234,
      55.68436813354492,
      80.65469360351562,
      81.5048599243164,
      104.02290344238281,
      102.6738510131836,
      101.65641784667969,
      104.39712524414062,
      59.66666030883789,
      59.473609924316406,
      19.585071563720703,
      17.775920867919922,
      2.6082563400268555,
      2.901916980743408
    ],
    [
      56.37114715576172,
      51.243896484375,
      52.7574348449707,
      45.86716079711914,
      52.82646179199219,
      57.228153228759766,
      83.87709045410156,
      84.63032531738281,
      102.6738510131836,
      110.12211608886719,
      103.55931091308594,
      106.60006713867188,
      61.92943572998047,
      61.71332550048828,
      19.98996353149414,
      18.268190383911133,
      2.6774120330810547,
      2.95906925201416
    ],
    [
      65.65725708007812,
      62.67366409301758,
      61.15110397338867,
      52.64841842651367,
      63.01768493652344,
      67.63636016845703,
      86.17180633544922,
      89.4197006225586,
      101.65641784667969,
      103.55931091308594,
      123.3625717163086,
      125.1493911743164,
      66.06758880615234,
      65.42170715332031,
      20.850927352905273,
      18.733783721923828,
      2.4791791439056396,
      2.7345876693725586
    ],
    [
      67.08550262451172,
      63.491886138916016,
      62.818931579589844,
      54.35879135131836,
      64.27108001708984,
      69.20913696289062,
      88.81024932861328,
      91.2439956665039,
      104.39712524414062,
      106.60006713867188,
      125.1493911743164,
      130.1317901611328,
      67.77298736572266,
      67.38900756835938,
      21.59095001220703,
      19.499290466308594,
      2.5857625007629395,
      2.8526055812835693
    ],
    [
      33.82710266113281,
      29.634502410888672,
      34.17274475097656,
      28.228382110595703,
      31.340713500976562,
      33.235958099365234,
      48.748233795166016,
      49.79668426513672,
      59.66666030883789,
      61.92943572998047,
      66.06758880615234,
      67.77298736572266,
      48.48187255859375,
      47.965450286865234,
      16.820951461791992,
      15.43213176727295,
      2.230543375015259,
      2.4447505474090576
    ],
    [
      34.026153564453125,
      29.51520538330078,
      33.98857116699219,
      28.374744415283203,
      31.49411392211914,
      33.039669036865234,
      48.124900817871094,
      49.200469970703125,
      59.473609924316406,
      61.71332550048828,
      65.42170715332031,
      67.38900756835938,
      47.965450286865234,
      48.15323257446289,
      16.93543815612793,
      15.610304832458496,
      2.2657063007354736,
      2.4879276752471924
    ],
    [
      10.20789623260498,
      8.678892135620117,
      9.943914413452148,
      8.850494384765625,
      9.337685585021973,
      9.93957805633545,
      15.72394847869873,
      15.619813919067383,
      19.585071563720703,
      19.98996353149414,
      20.850927352905273,
      21.59095001220703,
      16.820951461791992,
      16.93543815612793,
      8.58537483215332,
      7.760244846343994,
      1.331641674041748,
      1.4794175624847412
    ],
    [
      9.397555351257324,
      7.682253837585449,
      9.001675605773926,
      8.136940002441406,
      8.352106094360352,
      8.74238395690918,
      14.166930198669434,
      14.017561912536621,
      17.775920867919922,
      18.268190383911133,
      18.733783721923828,
      19.499290466308594,
      15.43213176727295,
      15.610304832458496,
      7.760244846343994,
      7.191454887390137,
      1.2367830276489258,
      1.3682466745376587
    ],
    [
      1.213138461112976,
      0.9315701723098755,
      1.1351964473724365,
      1.09859037399292,
      1.0920689105987549,
      1.1010444164276123,
      1.9511058330535889,
      1.8596242666244507,
      2.6082563400268555,
      2.6774120330810547,
      2.4791791439056396,
      2.5857625007629395,
      2.230543375015259,
      2.2657063007354736,
      1.331641674041748,
      1.2367830276489258,
      0.338180273771286,
      0.37817779183387756
    ],
    [
      1.3445367813110352,
      1.0119258165359497,
      1.2531445026397705,
      1.225068211555481,
      1.1886632442474365,
      1.2165534496307373,
      2.165989875793457,
      2.075226306915283,
      2.901916980743408,
      2.95906925201416,
      2.7345876693725586,
      2.8526055812835693,
      2.4447505474090576,
      2.4879276752471924,
      1.4794175624847412,
      1.3682466745376587,
      0.37817779183387756,
      0.4276496469974518
    ]
  ],
  "covariance_short": [
    [
      95.58173370361328,
      55.0731086730957,
      47.69147491455078,
      40.57514572143555,
      43.87458419799805,
      48.536895751953125,
      55.625450134277344,
      56.499610900878906,
      66.2956771850586,
      70.08295440673828,
      83.12517547607422,
      84.39447784423828,
      42.26815414428711,
      42.091739654541016,
      9.92074966430664,
      9.78126335144043,
      0.9751029014587402,
      1.0442228317260742
    ],
    [
      55.0731086730957,
      51.460784912109375,
      31.77704429626465,
      27.8787899017334,
      30.85026741027832,
      34.94472885131836,
      42.053123474121094,
      41.95933532714844,
      50.6796760559082,
      53.9754753112793,
      60.21272277832031,
      61.51369094848633,
      32.118064880371094,
      32.47311019897461,
      7.661066055297852,
      7.509884834289551,
      0.710996687412262,
      0.7495443224906921
    ],
    [
      47.69147491455078,
      31.77704429626465,
      51.34629440307617,
      35.81866455078125,
      35.54723358154297,
      37.01713180541992,
      43.2942008972168,
      45.96653366088867,
      51.080650329589844,
      52.439754486083984,
      61.864959716796875,
      63.08867645263672,
      31.64400291442871,
      31.92865562438965,
      7.650662899017334,
      7.222663402557373,
      0.7637073993682861,
      0.8228468298912048
    ],
    [
      40.57514572143555,
      27.8787899017334,
      35.81866455078125,
      40.8381462097168,
      31.231809616088867,
      32.353515625,
      39.99955368041992,
      41.3878173828125,
      45.22402572631836,
      46.27312469482422,
      53.88277816772461,
      54.94511032104492,
      26.555641174316406,
      26.747222900390625,
      6.756656169891357,
      6.499321460723877,
      0.7077012062072754,
      0.7571059465408325
    ],
    [
      43.87458419799805,
      30.85026741027832,
      35.54723358154297,
      31.231809616088867,
      47.37741470336914,
      41.7468147277832,
      45.57678985595703,
      48.14139938354492,
      52.82752227783203,
      53.93235397338867,
      62.42676544189453,
      63.20232009887695,
      29.68985366821289,
      29.8184871673584,
      7.33897590637207,
      6.805371284484863,
      0.7219669222831726,
      0.7696830630302429
    ],
    [
      48.536895751953125,
      34.94472885131836,
      37.01713180541992,
      32.353515625,
      41.7468147277832,
      53.652191162109375,
      50.354068756103516,
      50.95681381225586,
      55.206565856933594,
      57.963279724121094,
      67.8681411743164,
      69.35250091552734,
      31.81880760192871,
      32.050376892089844,
      7.809092998504639,
      7.199583053588867,
      0.7302273511886597,
      0.7852914929389954
    ],
    [
      55.625450134277344,
      42.053123474121094,
      43.2942008972168,
      39.99955368041992,
      45.57678985595703,
      50.354068756103516,
      95.66798400878906,
      80.37091827392578,
      79.61380767822266,
      83.6456069946289,
      85.965576171875,
      87.8410415649414,
      44.94363021850586,
      45.04713821411133,
      11.911995887756348,
      11.267083168029785,
      1.244606852531433,
      1.3337130546569824
    ],
    [
      56.499610900878906,
      41.95933532714844,
      45.96653366088867,
      41.3878173828125,
      48.14139938354492,
      50.95681381225586,
      80.37091827392578,
      91.09098815917969,
      80.45140838623047,
      84.17601013183594,
      89.99064636230469,
      90.75753021240234,
      46.677040100097656,
      46.64105224609375,
      12.317166328430176,
      11.616755485534668,
      1.3048309087753296,
      1.403509497642517
    ],
    [
      66.2956771850586,
      50.6796760559082,
      51.080650329589844,
      45.22402572631836,
      52.82752227783203,
      55.206565856933594,
      79.61380767822266,
      80.45140838623047,
      106.26990509033203,
      102.75308990478516,
      102.76209259033203,
      103.92823028564453,
      56.28483200073242,
      56.58716583251953,
      15.593243598937988,
      14.698383331298828,
      1.7499927282333374,
      1.8925477266311646
    ],
    [
      70.08295440673828,
      53.9754753112793,
      52.439754486083984,
      46.27312469482422,
      53.93235397338867,
      57.963279724121094,
      83.6456069946289,
      84.17601013183594,
      102.75308990478516,
      112.29048156738281,
      105.2040786743164,
      107.1265869140625,
      58.222412109375,
      58.3657112121582,
      15.98046875,
      15.12394905090332,
      1.8166519403457642,
      1.9546210765838623
    ],
    [
      83.12517547607422,
      60.21272277832031,
      61.864959716796875,
      53.88277816772461,
      62.42676544189453,
      67.8681411743164,
      85.965576171875,
      89.99064636230469,
      102.76209259033203,
      105.2040786743164,
      125.9172134399414,
      124.49329376220703,
      63.753726959228516,
      63.62847900390625,
      16.686582565307617,
      15.740227699279785,
      1.7455480098724365,
      1.8804919719696045
    ],
    [
      84.39447784423828,
      61.51369094848633,
      63.08867645263672,
      54.94511032104492,
      63.20232009887695,
      69.35250091552734,
      87.8410415649414,
      90.75753021240234,
      103.92823028564453,
      107.1265869140625,
      124.49329376220703,
      129.76858520507812,
      64.39349365234375,
      64.56879425048828,
      17.23314666748047,
      16.24895477294922,
      1.8114651441574097,
      1.9478280544281006
    ],
    [
      42.26815414428711,
      32.118064880371094,
      31.64400291442871,
      26.555641174316406,
      29.68985366821289,
      31.81880760192871,
      44.94363021850586,
      46.677040100097656,
      56.28483200073242,
      58.222412109375,
      63.753726959228516,
      64.39349365234375,
      45.279476165771484,
      44.55692672729492,
      13.40820598602295,
      12.80728530883789,
      1.6130123138427734,
      1.7316902875900269
    ],
    [
      42.091739654541016,
      32.47311019897461,
      31.92865562438965,
      26.747222900390625,
      29.8184871673584,
      32.050376892089844,
      45.04713821411133,
      46.64105224609375,
      56.58716583251953,
      58.3657112121582,
      63.62847900390625,
      64.56879425048828,
      44.55692672729492,
      45.61878204345703,
      13.51732063293457,
      12.990732192993164,
      1.6432744264602661,
      1.7662571668624878
    ],
    [
      9.92074966430664,
      7.661066055297852,
      7.650662899017334,
      6.756656169891357,
      7.33897590637207,
      7.809092998504639,
      11.911995887756348,
      12.317166328430176,
      15.593243598937988,
      15.98046875,
      16.686582565307617,
      17.23314666748047,
      13.40820598602295,
      13.51732063293457,
      6.7016401290893555,
      6.14310359954834,
      1.0615203380584717,
      1.1547322273254395
    ],
    [
      9.78126335144043,
      7.509884834289551,
      7.222663402557373,
      6.499321460723877,
      6.805371284484863,
      7.199583053588867,
      11.267083168029785,
      11.616755485534668,
      14.698383331298828,
      15.12394905090332,
      15.740227699279785,
      16.24895477294922,
      12.80728530883789,
      12.990732192993164,
      6.14310359954834,
      6.015449047088623,
      1.0050383806228638,
      1.0916321277618408
    ],
    [
      0.9751029014587402,
      0.710996687412262,
      0.7637073993682861,
      0.7077012062072754,
      0.7219669222831726,
      0.7302273511886597,
      1.244606852531433,
      1.3048309087753296,
      1.7499927282333374,
      1.8166519403457642,
      1.7455480098724365,
      1.8114651441574097,
      1.6130123138427734,
      1.6432744264602661,
      1.0615203380584717,
      1.0050383806228638,
      0.37196287512779236,
      0.39927569031715393
    ],
    [
      1.0442228317260742,
      0.7495443224906921,
      0.8228468298912048,
      0.7571059465408325,
      0.7696830630302429,
      0.7852914929389954,
      1.3337130546569824,
      1.403509497642517,
      1.8925477266311646,
      1.9546210765838623,
      1.8804919719696045,
      1.9478280544281006,
      1.7316902875900269,
      1.7662571668624878,
      1.1547322273254395,
      1.0916321277618408,
      0.39927569031715393,
      0.43947750329971313
    ]
  ],
  "damage": -14.154214859008789,
  "diff_bandwidth": 740.6671142578125,
  "dissonance": 5.784174175538643,
  "drr": 7.622483253479004,
  "dynamics": 5.662813186645508,
  "format": 1245190,
  "frames": 4564928,
  "loudness": -22.373205184936523,
  "loudness_range": 19.049171447753906,
  "loudness_range_short": 19.41457748413086,
  "lowpass_true_peak_15khz": -1.3237051963806152,
  "mastering3_acoustic_entropies": [
    {
      "acoustic_entropy": 6.9359660148620605,
      "acoustic_entropy_mono": 6.4046149253845215,
      "band_eliminated_acoustic_entropies": [
        {
          "acoustic_entropy": 6.925363063812256,
          "acoustic_entropy_side": 6.935825347900391,
          "hz": 129.47220167065723
        },
        {
          "acoustic_entropy": 6.6573967933654785,
          "acoustic_entropy_side": 6.926330089569092,
          "hz": 202.92927478742237
        },
        {
          "acoustic_entropy": 6.410173416137695,
          "acoustic_entropy_side": 6.993002414703369,
          "hz": 282.89161906338205
        },
        {
          "acoustic_entropy": 6.836783409118652,
          "acoustic_entropy_side": 7.021365165710449,
          "hz": 369.9353335868758
        },
        {
          "acoustic_entropy": 6.701438903808594,
          "acoustic_entropy_side": 6.814639091491699,
          "hz": 464.6875360973435
        },
        {
          "acoustic_entropy": 6.929990768432617,
          "acoustic_entropy_side": 7.565845012664795,
          "hz": 567.8308811364784
        },
        {
          "acoustic_entropy": 6.837725639343262,
          "acoustic_entropy_side": 7.039573669433594,
          "hz": 680.1084783214808
        },
        {
          "acoustic_entropy": 7.090828895568848,
          "acoustic_entropy_side": 6.8856377601623535,
          "hz": 802.3292461747484
        },
        {
          "acoustic_entropy": 6.762403964996338,
          "acoustic_entropy_side": 7.23830509185791,
          "hz": 935.3737400823702
        },
        {
          "acoustic_entropy": 6.609177589416504,
          "acoustic_entropy_side": 6.887551307678223,
          "hz": 1080.2004963696966
        },
        {
          "acoustic_entropy": 6.24873685836792,
          "acoustic_entropy_side": 6.784188747406006,
          "hz": 1237.8529382007157
        },
        {
          "acoustic_entropy": 6.628820419311523,
          "acoustic_entropy_side": 7.230783462524414,
          "hz": 1409.4668930556702
        },
        {
          "acoustic_entropy": 6.558894634246826,
          "acoustic_entropy_side": 6.547564506530762,
          "hz": 1596.2787759475705
        },
        {
          "acoustic_entropy": 7.353631973266602,
          "acoustic_entropy_side": 7.116983890533447,
          "hz": 1799.6344973346393
        },
        {
          "acoustic_entropy": 6.487668037414551,
          "acoustic_entropy_side": 6.367021560668945,
          "hz": 2020.9991599069049
        },
        {
          "acoustic_entropy": 6.160680294036865,
          "acoustic_entropy_side": 6.5178422927856445,
          "hz": 2261.9676141086993
        },
        {
          "acoustic_entropy": 6.71946907043457,
          "acoustic_entropy_side": 6.805840969085693,
          "hz": 2524.2759484456974
        },
        {
          "acoustic_entropy": 6.799036502838135,
          "acoustic_entropy_side": 6.896183967590332,
          "hz": 2809.813997359896
        },
        {
          "acoustic_entropy": 6.421456813812256,
          "acoustic_entropy_side": 6.676137447357178,
          "hz": 3120.6389567871424
        },
        {
          "acoustic_entropy": 6.775950908660889,
          "acoustic_entropy_side": 6.8505024909973145,
          "hz": 3458.990205492291
        },
        {
          "acoustic_entropy": 6.873100280761719,
          "acoustic_entropy_side": 6.917500972747803,
          "hz": 3827.305438964164
        },
        {
          "acoustic_entropy": 6.885786533355713,
          "acoustic_entropy_side": 6.912914752960205,
          "hz": 4228.238232109126
        },
        {
          "acoustic_entropy": 6.90158224105835,
          "acoustic_entropy_side": 6.919707775115967,
          "hz": 4664.6771572759235
        },
        {
          "acoustic_entropy": 6.928118705749512,
          "acoustic_entropy_side": 6.932247638702393,
          "hz": 5139.766595350093
        },
        {
          "acoustic_entropy": 6.933162212371826,
          "acoustic_entropy_side": 6.934468746185303,
          "hz": 5656.929389854203
        },
        {
          "acoustic_entropy": 6.934903621673584,
          "acoustic_entropy_side": 6.935410499572754,
          "hz": 6219.891507268283
        },
        {
          "acoustic_entropy": 6.93519401550293,
          "acoustic_entropy_side": 6.935512065887451,
          "hz": 6832.70888123896
        },
        {
          "acoustic_entropy": 6.935441493988037,
          "acoustic_entropy_side": 6.935643672943115,
          "hz": 7499.796634079867
        },
        {
          "acoustic_entropy": 6.935892581939697,
          "acoustic_entropy_side": 6.935932636260986,
          "hz": 8225.96088609342
        },
        {
          "acoustic_entropy": 6.93595552444458,
          "acoustic_entropy_side": 6.935960292816162,
          "hz": 9016.43338188839
        },
        {
          "acoustic_entropy": 6.935945510864258,
          "acoustic_entropy_side": 6.935962200164795,
          "hz": 9876.909183162974
        },
        {
          "acoustic_entropy": 6.9359636306762695,
          "acoustic_entropy_side": 6.935965538024902,
          "hz": 10813.587699516042
        },
        {
          "acoustic_entropy": 6.935965061187744,
          "acoustic_entropy_side": 6.935965538024902,
          "hz": 11833.21735289826
        },
        {
          "acoustic_entropy": 6.935965061187744,
          "acoustic_entropy_side": 6.935965061187744,
          "hz": 12943.144197493959
        },
        {
          "acoustic_entropy": 6.9359660148620605,
          "acoustic_entropy_side": 6.935965538024902,
          "hz": 14151.364845322005
        },
        {
          "acoustic_entropy": 6.935965061187744,
          "acoustic_entropy_side": 6.935965538024902,
          "hz": 15466.58407886509
        },
        {
          "acoustic_entropy": 6.9359660148620605,
          "acoustic_entropy_side": 6.9359660148620605,
          "hz": 16898.27756580493
        },
        {
          "acoustic_entropy": 6.9359660148620605,
          "acoustic_entropy_side": 6.9359660148620605,
          "hz": 18456.760127700032
        },
        {
          "acoustic_entropy": 6.9359660148620605,
          "acoustic_entropy_side": 6.9359660148620605,
          "hz": 20153.260054456492
        },
        {
          "acoustic_entropy": 6.9359660148620605,
          "acoustic_entropy_side": 6.9359660148620605,
          "hz": 22000.00000000001
        }
      ],
      "diff_acoustic_entropy": 4.0944504737854,
      "sn": 6
    },
    {
      "acoustic_entropy": 10.943853378295898,
      "acoustic_entropy_mono": 9.83441162109375,
      "band_eliminated_acoustic_entropies": [
        {
          "acoustic_entropy": 10.947940826416016,
          "acoustic_entropy_side": 10.943475723266602,
          "hz": 129.47220167065723
        },
        {
          "acoustic_entropy": 10.738121032714844,
          "acoustic_entropy_side": 10.927465438842773,
          "hz": 202.92927478742237
        },
        {
          "acoustic_entropy": 10.784989356994629,
          "acoustic_entropy_side": 11.133184432983398,
          "hz": 282.89161906338205
        },
        {
          "acoustic_entropy": 11.310132026672363,
          "acoustic_entropy_side": 10.957159996032715,
          "hz": 369.9353335868758
        },
        {
          "acoustic_entropy": 10.304913520812988,
          "acoustic_entropy_side": 10.733370780944824,
          "hz": 464.6875360973435
        },
        {
          "acoustic_entropy": 9.987255096435547,
          "acoustic_entropy_side": 11.29125690460205,
          "hz": 567.8308811364784
        },
        {
          "acoustic_entropy": 10.677840232849121,
          "acoustic_entropy_side": 10.304152488708496,
          "hz": 680.1084783214808
        },
        {
          "acoustic_entropy": 10.442604064941406,
          "acoustic_entropy_side": 10.606476783752441,
          "hz": 802.3292461747484
        },
        {
          "acoustic_entropy": 10.049057006835938,
          "acoustic_entropy_side": 11.166014671325684,
          "hz": 935.3737400823702
        },
        {
          "acoustic_entropy": 10.518036842346191,
          "acoustic_entropy_side": 10.709671020507812,
          "hz": 1080.2004963696966
        },
        {
          "acoustic_entropy": 10.278647422790527,
          "acoustic_entropy_side": 10.947110176086426,
          "hz": 1237.8529382007157
        },
        {
          "acoustic_entropy": 10.67750072479248,
          "acoustic_entropy_side": 10.917783737182617,
          "hz": 1409.4668930556702
        },
        {
          "acoustic_entropy": 10.120259284973145,
          "acoustic_entropy_side": 10.823406219482422,
          "hz": 1596.2787759475705
        },
        {
          "acoustic_entropy": 11.281511306762695,
          "acoustic_entropy_side": 10.877328872680664,
          "hz": 1799.6344973346393
        },
        {
          "acoustic_entropy": 10.612302780151367,
          "acoustic_entropy_side": 10.761429786682129,
          "hz": 2020.9991599069049
        },
        {
          "acoustic_entropy": 10.79595947265625,
          "acoustic_entropy_side": 10.858972549438477,
          "hz": 2261.9676141086993
        },
        {
          "acoustic_entropy": 11.177221298217773,
          "acoustic_entropy_side": 11.05986213684082,
          "hz": 2524.2759484456974
        },
        {
          "acoustic_entropy": 10.870795249938965,
          "acoustic_entropy_side": 10.932999610900879,
          "hz": 2809.813997359896
        },
        {
          "acoustic_entropy": 10.820545196533203,
          "acoustic_entropy_side": 10.900623321533203,
          "hz": 3120.6389567871424
        },
        {
          "acoustic_entropy": 10.932282447814941,
          "acoustic_entropy_side": 10.894257545471191,
          "hz": 3458.990205492291
        },
        {
          "acoustic_entropy": 10.834273338317871,
          "acoustic_entropy_side": 10.88559627532959,
          "hz": 3827.305438964164
        },
        {
          "acoustic_entropy": 10.886699676513672,
          "acoustic_entropy_side": 10.904513359069824,
          "hz": 4228.238232109126
        },
        {
          "acoustic_entropy": 10.94631290435791,
          "acoustic_entropy_side": 10.940088272094727,
          "hz": 4664.6771572759235
        },
        {
          "acoustic_entropy": 10.935596466064453,
          "acoustic_entropy_side": 10.938910484313965,
          "hz": 5139.766595350093
        },
        {
          "acoustic_entropy": 10.937419891357422,
          "acoustic_entropy_side": 10.940714836120605,
          "hz": 5656.929389854203
        },
        {
          "acoustic_entropy": 10.94162654876709,
          "acoustic_entropy_side": 10.94272232055664,
          "hz": 6219.891507268283
        },
        {
          "acoustic_entropy": 10.943352699279785,
          "acoustic_entropy_side": 10.943561553955078,
          "hz": 6832.70888123896
        },
        {
          "acoustic_entropy": 10.943816184997559,
          "acoustic_entropy_side": 10.943868637084961,
          "hz": 7499.796634079867
        },
        {
          "acoustic_entropy": 10.94367790222168,
          "acoustic_entropy_side": 10.943788528442383,
          "hz": 8225.96088609342
        },
        {
          "acoustic_entropy": 10.943816184997559,
          "acoustic_entropy_side": 10.943831443786621,
          "hz": 9016.43338188839
        },
        {
          "acoustic_entropy": 10.943840980529785,
          "acoustic_entropy_side": 10.943845748901367,
          "hz": 9876.909183162974
        },
        {
          "acoustic_entropy": 10.94384765625,
          "acoustic_entropy_side": 10.94384765625,
          "hz": 10813.587699516042
        },
        {
          "acoustic_entropy": 10.943849563598633,
          "acoustic_entropy_side": 10.943851470947266,
          "hz": 11833.21735289826
        },
        {
          "acoustic_entropy": 10.94385051727295,
          "acoustic_entropy_side": 10.943851470947266,
          "hz": 12943.144197493959
        },
        {
          "acoustic_entropy": 10.943851470947266,
          "acoustic_entropy_side": 10.94385051727295,
          "hz": 14151.364845322005
        },
        {
          "acoustic_entropy": 10.943851470947266,
          "acoustic_entropy_side": 10.943851470947266,
          "hz": 15466.58407886509
        },
        {
          "acoustic_entropy": 10.943852424621582,
          "acoustic_entropy_side": 10.943853378295898,
          "hz": 16898.27756580493
        },
        {
          "acoustic_entropy": 10.943853378295898,
          "acoustic_entropy_side": 10.943853378295898,
          "hz": 18456.760127700032
        },
        {
          "acoustic_entropy": 10.943853378295898,
          "acoustic_entropy_side": 10.943853378295898,
          "hz": 20153.260054456492
        },
        {
          "acoustic_entropy": 10.943853378295898,
          "acoustic_entropy_side": 10.943853378295898,
          "hz": 22000.00000000001
        }
      ],
      "diff_acoustic_entropy": 6.057126998901367,
      "sn": 12
    },
    {
      "acoustic_entropy": 16.39026641845703,
      "acoustic_entropy_mono": 15.252659797668457,
      "band_eliminated_acoustic_entropies": [
        {
          "acoustic_entropy": 16.54132843017578,
          "acoustic_entropy_side": 16.439960479736328,
          "hz": 129.47220167065723
        },
        {
          "acoustic_entropy": 16.050249099731445,
          "acoustic_entropy_side": 16.51812744140625,
          "hz": 202.92927478742237
        },
        {
          "acoustic_entropy": 16.494667053222656,
          "acoustic_entropy_side": 16.22739601135254,
          "hz": 282.89161906338205
        },
        {
          "acoustic_entropy": 16.10713005065918,
          "acoustic_entropy_side": 15.950148582458496,
          "hz": 369.9353335868758
        },
        {
          "acoustic_entropy": 15.440168380737305,
          "acoustic_entropy_side": 15.886600494384766,
          "hz": 464.6875360973435
        },
        {
          "acoustic_entropy": 15.68020248413086,
          "acoustic_entropy_side": 17.234607696533203,
          "hz": 567.8308811364784
        },
        {
          "acoustic_entropy": 16.30434799194336,
          "acoustic_entropy_side": 16.504657745361328,
          "hz": 680.1084783214808
        },
        {
          "acoustic_entropy": 16.029619216918945,
          "acoustic_entropy_side": 15.76243782043457,
          "hz": 802.3292461747484
        },
        {
          "acoustic_entropy": 15.549996376037598,
          "acoustic_entropy_side": 16.083984375,
          "hz": 935.3737400823702
        },
        {
          "acoustic_entropy": 16.08670425415039,
          "acoustic_entropy_side": 15.590620994567871,
          "hz": 1080.2004963696966
        },
        {
          "acoustic_entropy": 15.745587348937988,
          "acoustic_entropy_side": 16.218191146850586,
          "hz": 1237.8529382007157
        },
        {
          "acoustic_entropy": 16.530622482299805,
          "acoustic_entropy_side": 16.340991973876953,
          "hz": 1409.4668930556702
        },
        {
          "acoustic_entropy": 16.880260467529297,
          "acoustic_entropy_side": 16.116561889648438,
          "hz": 1596.2787759475705
        },
        {
          "acoustic_entropy": 15.661903381347656,
          "acoustic_entropy_side": 16.218740463256836,
          "hz": 1799.6344973346393
        },
        {
          "acoustic_entropy": 16.211963653564453,
          "acoustic_entropy_side": 16.34664535522461,
          "hz": 2020.9991599069049
        },
        {
          "acoustic_entropy": 16.212434768676758,
          "acoustic_entropy_side": 16.70206069946289,
          "hz": 2261.9676141086993
        },
        {
          "acoustic_entropy": 16.18988800048828,
          "acoustic_entropy_side": 15.901040077209473,
          "hz": 2524.2759484456974
        },
        {
          "acoustic_entropy": 16.09208869934082,
          "acoustic_entropy_side": 16.366783142089844,
          "hz": 2809.813997359896
        },
        {
          "acoustic_entropy": 15.883840560913086,
          "acoustic_entropy_side": 15.966020584106445,
          "hz": 3120.6389567871424
        },
        {
