{
  "acoustic_entropy": 103.91899108886719,
  "bands": [
    {
      "high_freq": 148.1999969482422,
      "loudness": -28.89221954345703,
      "loudness_range": 19.594528198242188,
      "mid_mean": -26.23830223083496,
      "mid_to_side_loudness": -6.194711685180664,
      "mid_to_side_loudness_range": 2.9560766220092773,
      "side_mean": -32.23139190673828
    },
    {
      "high_freq": 392.3793640136719,
      "loudness": -35.47282409667969,
      "loudness_range": 15.337812423706055,
      "low_freq": 148.1999969482422,
      "mid_mean": -32.5440673828125,
      "mid_to_side_loudness": -7.46287202835083,
      "mid_to_side_loudness_range": 4.930827617645264,
      "side_mean": -40.036415100097656
    },
    {
      "high_freq": 794.6976318359375,
      "loudness": -38.6036262512207,
      "loudness_range": 24.538928985595703,
      "low_freq": 392.3793640136719,
      "mid_mean": -35.76301574707031,
      "mid_to_side_loudness": -7.559806823730469,
      "mid_to_side_loudness_range": 7.291077613830566,
      "side_mean": -43.2312126159668
    },
    {
      "high_freq": 1457.5709228515625,
      "loudness": -46.458824157714844,
      "loudness_range": 31.611013412475586,
      "low_freq": 794.6976318359375,
      "mid_mean": -43.630821228027344,
      "mid_to_side_loudness": -8.656365394592285,
      "mid_to_side_loudness_range": 7.017477512359619,
      "side_mean": -52.57561492919922
    },
    {
      "high_freq": 2549.74365234375,
      "loudness": -52.42548370361328,
      "loudness_range": 30.885723114013672,
      "low_freq": 1457.5709228515625,
      "mid_mean": -49.205448150634766,
      "mid_to_side_loudness": -8.190101623535156,
      "mid_to_side_loudness_range": 5.5868306159973145,
      "side_mean": -56.69947814941406
    },
    {
      "high_freq": 4349.24462890625,
      "loudness": -55.517276763916016,
      "loudness_range": 21.554889678955078,
      "low_freq": 2549.74365234375,
      "mid_mean": -52.37802505493164,
      "mid_to_side_loudness": -8.064449310302734,
      "mid_to_side_loudness_range": 2.146350860595703,
      "side_mean": -59.52206039428711
    },
    {
      "high_freq": 7314.1640625,
      "loudness": -53.0571403503418,
      "loudness_range": 18.906192779541016,
      "low_freq": 4349.24462890625,
      "mid_mean": -50.025814056396484,
      "mid_to_side_loudness": -8.343965530395508,
      "mid_to_side_loudness_range": 1.9185175895690918,
      "side_mean": -57.83504104614258
    },
    {
      "high_freq": 12199.2666015625,
      "loudness": -52.803977966308594,
      "loudness_range": 15.906200408935547,
      "low_freq": 7314.1640625,
      "mid_mean": -49.698177337646484,
      "mid_to_side_loudness": -7.978747844696045,
      "mid_to_side_loudness_range": 1.4151592254638672,
      "side_mean": -57.433162689208984
    },
    {
      "loudness": -54.747249603271484,
      "loudness_range": 11.723567962646484,
      "low_freq": 12199.2666015625,
      "mid_mean": -51.83421325683594,
      "mid_to_side_loudness": -7.417739391326904,
      "mid_to_side_loudness_range": 1.0641045570373535,
      "side_mean": -58.824520111083984
    }
  ],
  "bands_short": [
    {
      "high_freq": 148.1999969482422,
      "loudness": -32.13283920288086,
      "loudness_range": 25.412891387939453,
      "mid_mean": -29.424287796020508,
      "mid_to_side_loudness": -6.421295642852783,
      "mid_to_side_loudness_range": 4.183561325073242,
      "side_mean": -35.67915725708008
    },
    {
      "high_freq": 392.3793640136719,
      "loudness": -32.97523498535156,
      "loudness_range": 17.18856430053711,
      "low_freq": 148.1999969482422,
      "mid_mean": -30.256168365478516,
      "mid_to_side_loudness": -6.610135555267334,
      "mid_to_side_loudness_range": 5.74583625793457,
      "side_mean": -36.793888092041016
    },
    {
      "high_freq": 794.6976318359375,
      "loudness": -39.65751266479492,
      "loudness_range": 25.96636199951172,
      "low_freq": 392.3793640136719,
      "mid_mean": -36.95032501220703,
      "mid_to_side_loudness": -7.463048934936523,
      "mid_to_side_loudness_range": 8.908295631408691,
      "side_mean": -44.40699768066406
    },
    {
      "high_freq": 1457.5709228515625,
      "loudness": -47.41859817504883,
      "loudness_range": 31.529388427734375,
      "low_freq": 794.6976318359375,
      "mid_mean": -44.82139587402344,
      "mid_to_side_loudness": -8.204885482788086,
      "mid_to_side_loudness_range": 8.725140571594238,
      "side_mean": -53.2371940612793
    },
    {
      "high_freq": 2549.74365234375,
      "loudness": -54.41740036010742,
      "loudness_range": 31.81346893310547,
      "low_freq": 1457.5709228515625,
      "mid_mean": -51.294395446777344,
      "mid_to_side_loudness": -8.102938652038574,
      "mid_to_side_loudness_range": 7.3350067138671875,
      "side_mean": -58.24797821044922
    },
    {
      "high_freq": 4349.24462890625,
      "loudness": -57.184146881103516,
      "loudness_range": 23.461353302001953,
      "low_freq": 2549.74365234375,
      "mid_mean": -53.962093353271484,
      "mid_to_side_loudness": -7.967212677001953,
      "mid_to_side_loudness_range": 3.321721076965332,
      "side_mean": -60.75387954711914
    },
    {
      "high_freq": 7314.1640625,
      "loudness": -55.531005859375,
      "loudness_range": 20.173019409179688,
      "low_freq": 4349.24462890625,
      "mid_mean": -52.44535827636719,
      "mid_to_side_loudness": -8.064958572387695,
      "mid_to_side_loudness_range": 2.4264469146728516,
      "side_mean": -59.73945617675781
    },
    {
      "high_freq": 12199.2666015625,
      "loudness": -55.037113189697266,
      "loudness_range": 16.878990173339844,
      "low_freq": 7314.1640625,
      "mid_mean": -52.03657150268555,
      "mid_to_side_loudness": -7.819037914276123,
      "mid_to_side_loudness_range": 1.8440337181091309,
      "side_mean": -59.30091094970703
    },
    {
      "loudness": -56.26184844970703,
      "loudness_range": 12.71146011352539,
      "low_freq": 12199.2666015625,
      "mid_mean": -53.311344146728516,
      "mid_to_side_loudness": -7.353143692016602,
      "mid_to_side_loudness_range": 1.570516586303711,
      "side_mean": -60.112667083740234
    }
  ],
  "bandwidth": 249.482177734375,
  "channels": 2,
  "covariance": [
    [
      52.49079895019531,
      47.46520233154297,
      5.974390029907227,
      9.000571250915527,
      5.847201824188232,
      4.8694562911987305,
      3.5021581649780273,
      5.410961627960205,
      4.230947494506836,
      3.187994956970215,
      0.7225849032402039,
      0.4752419590950012,
      0.3959799110889435,
      0.07775494456291199,
      -1.2426557540893555,
      -1.6741665601730347,
      -1.7996301651000977,
      -2.1739814281463623
    ],
    [
      47.46520233154297,
      46.510982513427734,
      5.961596965789795,
      8.634894371032715,
      6.8570170402526855,
      5.949244976043701,
      5.472139358520508,
      6.952341079711914,
      5.527871131896973,
      4.493312358856201,
      1.6302528381347656,
      1.2780476808547974,
      0.8728918433189392,
      0.5678373575210571,
      -0.7927410006523132,
      -1.1724088191986084,
      -1.4706007242202759,
      -1.792264461517334
    ],
    [
      5.974390029907227,
      5.961596965789795,
      31.677013397216797,
      30.279085159301758,
      22.30495262145996,
      21.984516143798828,
      25.199504852294922,
      27.40095329284668,
      22.5308837890625,
      20.24077606201172,
      12.433547973632812,
      10.171910285949707,
      8.260331153869629,
      7.651477813720703,
      6.816978454589844,
      6.493685722351074,
      4.859406471252441,
      4.708946704864502
    ],
    [
      9.000571250915527,
      8.634894371032715,
      30.279085159301758,
      33.74211883544922,
      19.29659652709961,
      18.89542007446289,
      22.082054138183594,
      25.082107543945312,
      20.5377140045166,
      18.031047821044922,
      10.211348533630371,
      8.198620796203613,
      7.250089168548584,
      6.612072467803955,
      5.831650733947754,
      5.475723743438721,
      4.211372375488281,
      4.0019402503967285
    ],
    [
      5.847201824188232,
      6.8570170402526855,
      22.30495262145996,
      19.29659652709961,
      71.45539855957031,
      64.18914031982422,
      56.30825424194336,
      52.87748336791992,
      54.9694938659668,
      49.787532806396484,
      32.83957290649414,
      28.525142669677734,
      22.18189811706543,
      20.866798400878906,
      16.127727508544922,
      15.294357299804688,
      9.69999885559082,
      9.713610649108887
    ],
    [
      4.8694562911987305,
      5.949244976043701,
      21.984516143798828,
      18.89542007446289,
      64.18914031982422,
      64.67033386230469,
      56.58552932739258,
      53.003170013427734,
      53.96715545654297,
      48.86412811279297,
      33.046356201171875,
      28.523113250732422,
      23.037797927856445,
      21.55799102783203,
      16.67066764831543,
      15.692166328430176,
      9.953609466552734,
      9.880329132080078
    ],
    [
      3.5021581649780273,
      5.472139358520508,
      25.199504852294922,
      22.082054138183594,
      56.30825424194336,
      56.58552932739258,
      103.61312866210938,
      94.53828430175781,
      84.23529815673828,
      77.74188232421875,
      51.9238166809082,
      46.15766906738281,
      34.42951583862305,
      32.23040008544922,
      24.432289123535156,
      23.039745330810547,
      14.842622756958008,
      14.65787410736084
    ],
    [
      5.410961627960205,
      6.952341079711914,
      27.40095329284668,
      25.082107543945312,
      52.87748336791992,
      53.003170013427734,
      94.53828430175781,
      99.07785034179688,
      83.09479522705078,
      77.71172332763672,
      53.765140533447266,
      46.6617546081543,
      36.6796989440918,
      33.26762390136719,
      24.392122268676758,
      24.258947372436523,
      16.98016929626465,
      15.764303207397461
    ],
    [
      4.230947494506836,
      5.527871131896973,
      22.5308837890625,
      20.5377140045166,
      54.9694938659668,
      53.96715545654297,
      84.23529815673828,
      83.09479522705078,
      98.60598754882812,
      87.5572509765625,
      60.16300964355469,
      52.874820709228516,
      42.342979431152344,
      39.37697982788086,
      29.914169311523438,
      27.900663375854492,
      17.838970184326172,
      17.34713363647461
    ],
    [
      3.187994956970215,
      4.493312358856201,
      20.24077606201172,
      18.031047821044922,
      49.787532806396484,
      48.86412811279297,
      77.74188232421875,
      77.71172332763672,
      87.5572509765625,
      82.16458129882812,
      56.03433609008789,
      49.05891799926758,
      39.776729583740234,
      36.43294143676758,
      27.03596305847168,
      26.295780181884766,
      17.985313415527344,
      16.86469078063965
    ],
    [
      0.7225849032402039,
      1.6302528381347656,
      12.433547973632812,
      10.211348533630371,
      32.83957290649414,
      33.046356201171875,
      51.9238166809082,
      53.765140533447266,
      60.16300964355469,
      56.03433609008789,
      54.2982292175293,
      46.39408493041992,
      43.242774963378906,
      38.75767135620117,
      30.00078010559082,
      28.8774356842041,
      20.482011795043945,
      18.62275505065918
    ],
    [
      0.4752419590950012,
      1.2780476808547974,
      10.171910285949707,
      8.198620796203613,
      28.525142669677734,
      28.523113250732422,
      46.15766906738281,
      46.6617546081543,
      52.874820709228516,
      49.05891799926758,
      46.39408493041992,
      40.553611755371094,
      36.2968635559082,
      32.98048400878906,
      25.4521484375,
      24.249807357788086,
      16.852327346801758,
      15.596269607543945
    ],
    [
      0.3959799110889435,
      0.8728918433189392,
      8.260331153869629,
      7.250089168548584,
      22.18189811706543,
      23.037797927856445,
      34.42951583862305,
      36.6796989440918,
      42.342979431152344,
      39.776729583740234,
      43.242774963378906,
      36.2968635559082,
      41.29545974731445,
      36.037574768066406,
      30.527624130249023,
      29.219697952270508,
      22.20574188232422,
      19.85497283935547
    ],
    [
      0.07775494456291199,
      0.5678373575210571,
      7.651477813720703,
      6.612072467803955,
      20.866798400878906,
      21.55799102783203,
      32.23040008544922,
      33.26762390136719,
      39.37697982788086,
      36.43294143676758,
      38.75767135620117,
      32.98048400878906,
      36.037574768066406,
      32.13492202758789,
      27.16900062561035,
      25.702213287353516,
      19.096067428588867,
      17.386459350585938
    ],
    [
      -1.2426557540893555,
      -0.7927410006523132,
      6.816978454589844,
      5.831650733947754,
      16.127727508544922,
      16.67066764831543,
      24.432289123535156,
      24.392122268676758,
      29.914169311523438,
      27.03596305847168,
      30.00078010559082,
      25.4521484375,
      30.527624130249023,
      27.16900062561035,
      27.047073364257812,
      24.59187126159668,
      18.89482307434082,
      17.6035213470459
    ],
    [
      -1.6741665601730347,
      -1.1724088191986084,
      6.493685722351074,
      5.475723743438721,
      15.294357299804688,
      15.692166328430176,
      23.039745330810547,
      24.258947372436523,
      27.900663375854492,
      26.295780181884766,
      28.8774356842041,
      24.249807357788086,
      29.219697952270508,
      25.702213287353516,
      24.59187126159668,
      23.58224105834961,
      18.9121150970459,
      17.225540161132812
    ],
    [
      -1.7996301651000977,
      -1.4706007242202759,
      4.859406471252441,
      4.211372375488281,
      9.69999885559082,
      9.953609466552734,
      14.842622756958008,
      16.98016929626465,
      17.838970184326172,
      17.985313415527344,
      20.482011795043945,
      16.852327346801758,
      22.20574188232422,
      19.096067428588867,
      18.89482307434082,
      18.9121150970459,
      17.047134399414062,
      15.127557754516602
    ],
    [
      -2.1739814281463623,
      -1.792264461517334,
      4.708946704864502,
      4.0019402503967285,
      9.713610649108887,
      9.880329132080078,
      14.65787410736084,
      15.764303207397461,
      17.34713363647461,
      16.86469078063965,
      18.62275505065918,
      15.596269607543945,
      19.85497283935547,
      17.386459350585938,
      17.6035213470459,
      17.225540161132812,
      15.127557754516602,
      13.792952537536621
    ]
  ],
  "covariance_short": [
    [
      76.86100006103516,
      70.82057189941406,
      25.218950271606445,
      29.23592185974121,
      10.88728141784668,
      9.852906227111816,
      9.759204864501953,
      10.411202430725098,
      8.924845695495605,
      7.075128555297852,
      2.8321564197540283,
      2.043938398361206,
      1.4931882619857788,
      0.7172743082046509,
      -0.9877429604530334,
      -1.4792234897613525,
      -1.8590456247329712,
      -2.0754191875457764
    ],
    [
      70.82057189941406,
      71.31539154052734,
      24.5129451751709,
      28.462785720825195,
      11.520208358764648,
      10.343585968017578,
      11.28508186340332,
      11.870330810546875,
      10.207045555114746,
      8.41724967956543,
      3.8355283737182617,
      2.971639633178711,
      2.0733399391174316,
      1.293460488319397,
      -0.5179225206375122,
      -0.9910662174224854,
      -1.5102039575576782,
      -1.7005902528762817
    ],
    [
      25.218950271606445,
      24.5129451751709,
      39.16021728515625,
      37.39931106567383,
      22.460491180419922,
      22.53976058959961,
      24.234542846679688,
      24.416889190673828,
      18.82524871826172,
      16.817684173583984,
      10.072601318359375,
      8.026544570922852,
      6.507786750793457,
      5.505033016204834,
      4.84512186050415,
      4.348344802856445,
      3.12485671043396,
      2.869295835494995
    ],
    [
      29.23592185974121,
      28.462785720825195,
      37.39931106567383,
      43.70838928222656,
      19.775306701660156,
      19.838319778442383,
      21.672502517700195,
      22.040372848510742,
      17.237205505371094,
      14.801830291748047,
      8.629129409790039,
      6.813192844390869,
      5.952253818511963,
      4.898697853088379,
      3.928255081176758,
      3.37727689743042,
      2.422329902648926,
      2.1090891361236572
    ],
    [
      10.88728141784668,
      11.520208358764648,
      22.460491180419922,
      19.775306701660156,
      80.0300064086914,
      69.4930648803711,
      59.01131057739258,
      54.406986236572266,
      52.71803283691406,
      47.28819274902344,
      29.598554611206055,
      24.72258186340332,
      18.834810256958008,
      16.838552474975586,
      12.567536354064941,
      11.91004467010498,
      7.769444942474365,
      7.521734714508057
    ],
    [
      9.852906227111816,
      10.343585968017578,
      22.53976058959961,
      19.838319778442383,
      69.4930648803711,
      72.49761962890625,
      59.04280471801758,
      54.853111267089844,
      51.61549758911133,
      46.348690032958984,
      29.996435165405273,
      24.86541748046875,
      19.640087127685547,
      17.491498947143555,
      12.866609573364258,
      12.103527069091797,
      7.710457801818848,
      7.4097089767456055
    ],
    [
      9.759204864501953,
      11.28508186340332,
      24.234542846679688,
      21.672502517700195,
      59.01131057739258,
      59.04280471801758,
      110.32717895507812,
      99.55368041992188,
      85.73316192626953,
      76.66529083251953,
      50.98183822631836,
      44.162193298339844,
      32.93905258178711,
      29.449167251586914,
      20.725622177124023,
      19.566606521606445,
      12.790971755981445,
      12.353747367858887
    ],
    [
      10.411202430725098,
      11.870330810546875,
      24.416889190673828,
      22.040372848510742,
      54.406986236572266,
      54.853111267089844,
      99.55368041992188,
      105.89251708984375,
      86.5715560913086,
      75.6109390258789,
      52.005088806152344,
      44.09511947631836,
      34.64540481567383,
      30.09634780883789,
      22.613571166992188,
      20.455289840698242,
      14.739697456359863,
      13.30933952331543
    ],
    [
      8.924845695495605,
      10.207045555114746,
      18.82524871826172,
      17.237205505371094,
      52.71803283691406,
      51.61549758911133,
      85.73316192626953,
      86.5715560913086,
      102.42189025878906,
      86.66804504394531,
      62.6246452331543,
      52.81700897216797,
      44.652103424072266,
      38.94723892211914,
      29.520111083984375,
      26.612136840820312,
      19.30628204345703,
      17.364227294921875
    ],
    [
      7.075128555297852,
      8.41724967956543,
      16.817684173583984,
      14.801830291748047,
      47.28819274902344,
      46.348690032958984,
      76.66529083251953,
      75.6109390258789,
      86.66804504394531,
      79.28639221191406,
      54.33466720581055,
      46.49917221069336,
      37.8852424621582,
      33.41246795654297,
      24.89031410217285,
      22.7835750579834,
      16.154027938842773,
      14.816659927368164
    ],
    [
      2.8321564197540283,
      3.8355283737182617,
      10.072601318359375,
      8.629129409790039,
      29.598554611206055,
      29.996435165405273,
      50.98183822631836,
      52.005088806152344,
      62.6246452331543,
      54.33466720581055,
      55.27729415893555,
      45.873374938964844,
      43.50007629394531,
      37.946258544921875,
      30.712631225585938,
      27.493492126464844,
      20.574111938476562,
      18.44120979309082
    ],
    [
      2.043938398361206,
      2.971639633178711,
      8.026544570922852,
      6.813192844390869,
      24.72258186340332,
      24.86541748046875,
      44.162193298339844,
      44.09511947631836,
      52.81700897216797,
      46.49917221069336,
      45.873374938964844,
      39.60935974121094,
      35.9158821105957,
      31.721908569335938,
      25.00152587890625,
      22.680133819580078,
      16.604145050048828,
      15.14057445526123
    ],
    [
      1.4931882619857788,
      2.0733399391174316,
      6.507786750793457,
      5.952253818511963,
      18.834810256958008,
      19.640087127685547,
      32.93905258178711,
      34.64540481567383,
      44.652103424072266,
      37.8852424621582,
      43.50007629394531,
      35.9158821105957,
      43.48268508911133,
      37.29666519165039,
      34.3288688659668,
      30.51934814453125,
      24.51384735107422,
      21.852293014526367
    ],
    [
      0.7172743082046509,
      1.293460488319397,
      5.505033016204834,
      4.898697853088379,
      16.838552474975586,
      17.491498947143555,
      29.449167251586914,
      30.09634780883789,
      38.94723892211914,
      33.41246795654297,
      37.946258544921875,
      31.721908569335938,
      37.29666519165039,
      32.83957290649414,
      29.47620964050293,
      26.571216583251953,
      20.962730407714844,
      18.984939575195312
    ],
    [
      -0.9877429604530334,
      -0.5179225206375122,
      4.84512186050415,
      3.928255081176758,
      12.567536354064941,
      12.866609573364258,
      20.725622177124023,
      22.613571166992188,
      29.520111083984375,
      24.89031410217285,
      30.712631225585938,
      25.00152587890625,
      34.3288688659668,
      29.47620964050293,
      31.717796325683594,
      28.161149978637695,
      23.95520782470703,
      21.364755630493164
    ],
    [
      -1.4792234897613525,
      -0.9910662174224854,
      4.348344802856445,
      3.37727689743042,
      11.91004467010498,
      12.103527069091797,
      19.566606521606445,
      20.455289840698242,
      26.612136840820312,
      22.7835750579834,
      27.493492126464844,
      22.680133819580078,
      30.51934814453125,
      26.571216583251953,
      28.161149978637695,
      25.60045051574707,
      21.340423583984375,
      19.37362289428711
    ],
    [
      -1.8590456247329712,
      -1.5102039575576782,
      3.12485671043396,
      2.422329902648926,
      7.769444942474365,
      7.710457801818848,
      12.790971755981445,
      14.739697456359863,
      19.30628204345703,
      16.154027938842773,
      20.574111938476562,
      16.604145050048828,
      24.51384735107422,
      20.962730407714844,
      23.95520782470703,
      21.340423583984375,
      19.782194137573242,
      17.515108108520508
    ],
    [
      -2.0754191875457764,
      -1.7005902528762817,
      2.869295835494995,
      2.1090891361236572,
      7.521734714508057,
      7.4097089767456055,
      12.353747367858887,
      13.30933952331543,
      17.364227294921875,
      14.816659927368164,
      18.44120979309082,
      15.14057445526123,
      21.852293014526367,
      18.984939575195312,
      21.364755630493164,
      19.37362289428711,
      17.515108108520508,
      15.987561225891113
    ]
  ],
  "damage": -11.109075546264648,
  "diff_bandwidth": 280.01202392578125,
  "dissonance": 3.676290789421406,
  "drr": 12.275547981262207,
  "dynamics": 4.7002787590026855,
  "format": 1245190,
  "frames": 15483840,
  "loudness": -21.583433151245117,
  "loudness_range": 13.765116691589355,
  "loudness_range_short": 17.67656707763672,
  "lowpass_true_peak_15khz": -0.01678721234202385,
  "mastering3_acoustic_entropies": [
    {
      "acoustic_entropy": 8.552261352539062,
      "acoustic_entropy_mono": 8.373662948608398,
      "band_eliminated_acoustic_entropies": [
        {
          "acoustic_entropy": 9.286412239074707,
          "acoustic_entropy_side": 8.9873685836792,
          "hz": 129.47220167065723
        },
        {
          "acoustic_entropy": 8.746448516845703,
          "acoustic_entropy_side": 8.802267074584961,
          "hz": 202.92927478742237
        },
        {
          "acoustic_entropy": 9.640396118164062,
          "acoustic_entropy_side": 8.816133499145508,
          "hz": 282.89161906338205
        },
        {
          "acoustic_entropy": 9.515233993530273,
          "acoustic_entropy_side": 8.540531158447266,
          "hz": 369.9353335868758
        },
        {
          "acoustic_entropy": 9.344124794006348,
          "acoustic_entropy_side": 8.683088302612305,
          "hz": 464.6875360973435
        },
        {
          "acoustic_entropy": 8.727635383605957,
          "acoustic_entropy_side": 8.464139938354492,
          "hz": 567.8308811364784
        },
        {
          "acoustic_entropy": 8.54573917388916,
          "acoustic_entropy_side": 8.57222843170166,
          "hz": 680.1084783214808
        },
        {
          "acoustic_entropy": 8.523681640625,
          "acoustic_entropy_side": 8.71313190460205,
          "hz": 802.3292461747484
        },
        {
          "acoustic_entropy": 8.324604034423828,
          "acoustic_entropy_side": 8.156027793884277,
          "hz": 935.3737400823702
        },
        {
          "acoustic_entropy": 8.543172836303711,
          "acoustic_entropy_side": 8.492082595825195,
          "hz": 1080.2004963696966
        },
        {
          "acoustic_entropy": 8.721952438354492,
          "acoustic_entropy_side": 8.444805145263672,
          "hz": 1237.8529382007157
        },
        {
          "acoustic_entropy": 8.531449317932129,
          "acoustic_entropy_side": 8.343637466430664,
          "hz": 1409.4668930556702
        },
        {
          "acoustic_entropy": 9.08757495880127,
          "acoustic_entropy_side": 8.733112335205078,
          "hz": 1596.2787759475705
        },
        {
          "acoustic_entropy": 8.515491485595703,
          "acoustic_entropy_side": 8.513092041015625,
          "hz": 1799.6344973346393
        },
        {
          "acoustic_entropy": 8.472112655639648,
          "acoustic_entropy_side": 8.57780647277832,
          "hz": 2020.9991599069049
        },
        {
          "acoustic_entropy": 8.503387451171875,
          "acoustic_entropy_side": 8.556960105895996,
          "hz": 2261.9676141086993
        },
        {
          "acoustic_entropy": 8.482343673706055,
          "acoustic_entropy_side": 8.526880264282227,
          "hz": 2524.2759484456974
        },
        {
          "acoustic_entropy": 8.536774635314941,
          "acoustic_entropy_side": 8.55240535736084,
          "hz": 2809.813997359896
        },
        {
          "acoustic_entropy": 8.5614652633667,
          "acoustic_entropy_side": 8.553159713745117,
          "hz": 3120.6389567871424
        },
        {
          "acoustic_entropy": 8.566197395324707,
          "acoustic_entropy_side": 8.554594993591309,
          "hz": 3458.990205492291
        },
        {
          "acoustic_entropy": 8.575811386108398,
          "acoustic_entropy_side": 8.553638458251953,
          "hz": 3827.305438964164
        },
        {
          "acoustic_entropy": 8.592171669006348,
          "acoustic_entropy_side": 8.554494857788086,
          "hz": 4228.238232109126
        },
        {
          "acoustic_entropy": 8.610939025878906,
          "acoustic_entropy_side": 8.555558204650879,
          "hz": 4664.6771572759235
        },
        {
          "acoustic_entropy": 8.665655136108398,
          "acoustic_entropy_side": 8.559046745300293,
          "hz": 5139.766595350093
        },
        {
          "acoustic_entropy": 8.650012016296387,
          "acoustic_entropy_side": 8.55864143371582,
          "hz": 5656.929389854203
        },
        {
          "acoustic_entropy": 8.661892890930176,
          "acoustic_entropy_side": 8.55928897857666,
          "hz": 6219.891507268283
        },
        {
          "acoustic_entropy": 8.666912078857422,
          "acoustic_entropy_side": 8.558201789855957,
          "hz": 6832.70888123896
        },
        {
          "acoustic_entropy": 8.676666259765625,
          "acoustic_entropy_side": 8.559427261352539,
          "hz": 7499.796634079867
        },
        {
          "acoustic_entropy": 8.673025131225586,
          "acoustic_entropy_side": 8.560375213623047,
          "hz": 8225.96088609342
        },
        {
          "acoustic_entropy": 8.66420841217041,
          "acoustic_entropy_side": 8.558523178100586,
          "hz": 9016.43338188839
        },
        {
          "acoustic_entropy": 8.664240837097168,
          "acoustic_entropy_side": 8.558201789855957,
          "hz": 9876.909183162974
        },
        {
          "acoustic_entropy": 8.67733097076416,
          "acoustic_entropy_side": 8.560367584228516,
          "hz": 10813.587699516042
        },
        {
          "acoustic_entropy": 8.677287101745605,
          "acoustic_entropy_side": 8.561586380004883,
          "hz": 11833.21735289826
        },
        {
          "acoustic_entropy": 8.667807579040527,
          "acoustic_entropy_side": 8.560188293457031,
          "hz": 12943.144197493959
        },
        {
          "acoustic_entropy": 8.642354011535645,
          "acoustic_entropy_side": 8.558247566223145,
          "hz": 14151.364845322005
        },
        {
          "acoustic_entropy": 8.61561393737793,
          "acoustic_entropy_side": 8.556169509887695,
          "hz": 15466.58407886509
        },
        {
          "acoustic_entropy": 8.592970848083496,
          "acoustic_entropy_side": 8.554643630981445,
          "hz": 16898.27756580493
        },
        {
          "acoustic_entropy": 8.577507972717285,
          "acoustic_entropy_side": 8.55359172821045,
          "hz": 18456.760127700032
        },
        {
          "acoustic_entropy": 8.56913948059082,
          "acoustic_entropy_side": 8.553024291992188,
          "hz": 20153.260054456492
        },
        {
          "acoustic_entropy": 8.562179565429688,
          "acoustic_entropy_side": 8.552721977233887,
          "hz": 22000.00000000001
        }
      ],
      "diff_acoustic_entropy": 6.572624206542969,
      "sn": 6
    },
    {
      "acoustic_entropy": 12.360113143920898,
      "acoustic_entropy_mono": 12.330193519592285,
      "band_eliminated_acoustic_entropies": [
        {
          "acoustic_entropy": 12.532448768615723,
          "acoustic_entropy_side": 12.677675247192383,
          "hz": 129.47220167065723
        },
        {
          "acoustic_entropy": 13.503673553466797,
          "acoustic_entropy_side": 13.015763282775879,
          "hz": 202.92927478742237
        },
        {
          "acoustic_entropy": 13.051368713378906,
          "acoustic_entropy_side": 12.522085189819336,
          "hz": 282.89161906338205
        },
        {
          "acoustic_entropy": 12.563960075378418,
          "acoustic_entropy_side": 12.467452049255371,
          "hz": 369.9353335868758
        },
        {
          "acoustic_entropy": 12.803205490112305,
          "acoustic_entropy_side": 12.767653465270996,
          "hz": 464.6875360973435
        },
        {
          "acoustic_entropy": 12.355488777160645,
          "acoustic_entropy_side": 12.563714981079102,
          "hz": 567.8308811364784
        },
        {
          "acoustic_entropy": 12.359925270080566,
          "acoustic_entropy_side": 12.260289192199707,
          "hz": 680.1084783214808
        },
        {
          "acoustic_entropy": 12.52348518371582,
          "acoustic_entropy_side": 12.427360534667969,
          "hz": 802.3292461747484
        },
        {
          "acoustic_entropy": 12.171483039855957,
          "acoustic_entropy_side": 11.998712539672852,
          "hz": 935.3737400823702
        },
        {
          "acoustic_entropy": 13.150420188903809,
          "acoustic_entropy_side": 11.936161041259766,
          "hz": 1080.2004963696966
        },
        {
          "acoustic_entropy": 12.607985496520996,
          "acoustic_entropy_side": 12.533600807189941,
          "hz": 1237.8529382007157
        },
        {
          "acoustic_entropy": 11.799297332763672,
          "acoustic_entropy_side": 11.832688331604004,
          "hz": 1409.4668930556702
        },
        {
          "acoustic_entropy": 12.862969398498535,
          "acoustic_entropy_side": 12.656597137451172,
          "hz": 1596.2787759475705
        },
        {
          "acoustic_entropy": 12.308627128601074,
          "acoustic_entropy_side": 12.413863182067871,
          "hz": 1799.6344973346393
        },
        {
          "acoustic_entropy": 12.210561752319336,
          "acoustic_entropy_side": 12.328394889831543,
          "hz": 2020.9991599069049
        },
        {
          "acoustic_entropy": 12.089363098144531,
          "acoustic_entropy_side": 12.339227676391602,
          "hz": 2261.9676141086993
        },
        {
          "acoustic_entropy": 12.263603210449219,
          "acoustic_entropy_side": 12.383709907531738,
          "hz": 2524.2759484456974
        },
        {
          "acoustic_entropy": 12.377159118652344,
          "acoustic_entropy_side": 12.37614631652832,
          "hz": 2809.813997359896
        },
        {
          "acoustic_entropy": 12.428720474243164,
          "acoustic_entropy_side": 12.370121002197266,
          "hz": 3120.6389567871424
        },
        {
          "acoustic_entropy": 12.469138145446777,
          "acoustic_entropy_side": 12.373556137084961,
          "hz": 3458.990205492291
        },
        {
          "acoustic_entropy": 12.412549018859863,
          "acoustic_entropy_side": 12.366386413574219,
          "hz": 3827.305438964164
        },
        {
          "acoustic_entropy": 12.396991729736328,
          "acoustic_entropy_side": 12.364160537719727,
          "hz": 4228.238232109126
        },
        {
          "acoustic_entropy": 12.38698673248291,
          "acoustic_entropy_side": 12.364482879638672,
          "hz": 4664.6771572759235
        },
        {
          "acoustic_entropy": 12.404115676879883,
          "acoustic_entropy_side": 12.364730834960938,
          "hz": 5139.766595350093
        },
        {
          "acoustic_entropy": 12.409111976623535,
          "acoustic_entropy_side": 12.36520767211914,
          "hz": 5656.929389854203
        },
        {
          "acoustic_entropy": 12.408547401428223,
          "acoustic_entropy_side": 12.365042686462402,
          "hz": 6219.891507268283
        },
        {
          "acoustic_entropy": 12.387451171875,
          "acoustic_entropy_side": 12.364517211914062,
          "hz": 6832.70888123896
        },
        {
          "acoustic_entropy": 12.382095336914062,
          "acoustic_entropy_side": 12.36389446258545,
          "hz": 7499.796634079867
        },
        {
          "acoustic_entropy": 12.380529403686523,
          "acoustic_entropy_side": 12.363310813903809,
          "hz": 8225.96088609342
        },
        {
          "acoustic_entropy": 12.383289337158203,
          "acoustic_entropy_side": 12.362231254577637,
          "hz": 9016.43338188839
        },
        {
          "acoustic_entropy": 12.386553764343262,
          "acoustic_entropy_side": 12.362323760986328,
          "hz": 9876.909183162974
        },
        {
          "acoustic_entropy": 12.387832641601562,
          "acoustic_entropy_side": 12.362839698791504,
          "hz": 10813.587699516042
        },
        {
          "acoustic_entropy": 12.384033203125,
          "acoustic_entropy_side": 12.36330509185791,
          "hz": 11833.21735289826
        },
        {
          "acoustic_entropy": 12.388378143310547,
          "acoustic_entropy_side": 12.363518714904785,
          "hz": 12943.144197493959
        },
        {
          "acoustic_entropy": 12.390445709228516,
          "acoustic_entropy_side": 12.363076210021973,
          "hz": 14151.364845322005
        },
        {
          "acoustic_entropy": 12.403741836547852,
          "acoustic_entropy_side": 12.362733840942383,
          "hz": 15466.58407886509
        },
        {
          "acoustic_entropy": 12.418828964233398,
          "acoustic_entropy_side": 12.362457275390625,
          "hz": 16898.27756580493
        },
        {
          "acoustic_entropy": 12.399869918823242,
          "acoustic_entropy_side": 12.362009048461914,
          "hz": 18456.760127700032
        },
        {
          "acoustic_entropy": 12.377832412719727,
          "acoustic_entropy_side": 12.361496925354004,
          "hz": 20153.260054456492
        },
        {
          "acoustic_entropy": 12.370670318603516,
          "acoustic_entropy_side": 12.360721588134766,
          "hz": 22000.00000000001
        }
      ],
      "diff_acoustic_entropy": 9.626267433166504,
      "sn": 12
    },
    {
      "acoustic_entropy": 17.587915420532227,
      "acoustic_entropy_mono": 17.015104293823242,
      "band_eliminated_acoustic_entropies": [
        {
          "acoustic_entropy": 17.23645782470703,
          "acoustic_entropy_side": 17.467329025268555,
          "hz": 129.47220167065723
        },
        {
          "acoustic_entropy": 18.49100112915039,
          "acoustic_entropy_side": 18.393571853637695,
          "hz": 202.92927478742237
        },
        {
          "acoustic_entropy": 17.294057846069336,
          "acoustic_entropy_side": 17.323205947875977,
          "hz": 282.89161906338205
        },
        {
          "acoustic_entropy": 18.061620712280273,
          "acoustic_entropy_side": 18.21045684814453,
          "hz": 369.9353335868758
        },
        {
          "acoustic_entropy": 16.851795196533203,
          "acoustic_entropy_side": 17.99152183532715,
          "hz": 464.6875360973435
        },
        {
          "acoustic_entropy": 18.785303115844727,
          "acoustic_entropy_side": 18.35677719116211,
          "hz": 567.8308811364784
        },
        {
          "acoustic_entropy": 17.036413192749023,
          "acoustic_entropy_side": 17.915306091308594,
          "hz": 680.1084783214808
        },
        {
          "acoustic_entropy": 17.62067985534668,
          "acoustic_entropy_side": 18.47008514404297,
          "hz": 802.3292461747484
        },
        {
          "acoustic_entropy": 16.828289031982422,
          "acoustic_entropy_side": 17.307403564453125,
          "hz": 935.3737400823702
        },
        {
          "acoustic_entropy": 17.4968204498291,
          "acoustic_entropy_side": 18.153104782104492,
          "hz": 1080.2004963696966
        },
        {
          "acoustic_entropy": 17.31601333618164,
          "acoustic_entropy_side": 17.71448516845703,
          "hz": 1237.8529382007157
        },
        {
          "acoustic_entropy": 16.48228645324707,
          "acoustic_entropy_side": 17.843767166137695,
          "hz": 1409.4668930556702
        },
        {
          "acoustic_entropy": 18.67017936706543,
          "acoustic_entropy_side": 18.12590217590332,
          "hz": 1596.2787759475705
        },
        {
          "acoustic_entropy": 17.48134994506836,
          "acoustic_entropy_side": 18.122068405151367,
          "hz": 1799.6344973346393
        },
        {
          "acoustic_entropy": 17.34861946105957,
          "acoustic_entropy_side": 18.1146297454834,
          "hz": 2020.9991599069049
        },
        {
          "acoustic_entropy": 17.71344757080078,
          "acoustic_entropy_side": 17.709592819213867,
          "hz": 2261.9676141086993
        },
        {
          "acoustic_entropy": 17.924028396606445,
          "acoustic_entropy_side": 17.805767059326172,
          "hz": 2524.2759484456974
        },
        {
          "acoustic_entropy": 17.757884979248047,
          "acoustic_entropy_side": 17.688091278076172,
          "hz": 2809.813997359896
        },
        {
          "acoustic_entropy": 17.73016357421875,
          "acoustic_entropy_side": 17.685291290283203,
