{
  "acoustic_entropy": 141.2931671142578,
  "bands": [
    {
      "high_freq": 148.1999969482422,
      "loudness": -48.10850143432617,
      "loudness_range": 15.611625671386719,
      "mid_mean": -44.43962097167969,
      "mid_to_side_loudness": -21.584325790405273,
      "mid_to_side_loudness_range": 14.761070251464844,
      "side_mean": -64.51902770996094
    },
    {
      "high_freq": 392.3793640136719,
      "loudness": -31.60331916809082,
      "loudness_range": 13.164165496826172,
      "low_freq": 148.1999969482422,
      "mid_mean": -27.97608184814453,
      "mid_to_side_loudness": -18.90452766418457,
      "mid_to_side_loudness_range": 11.507889747619629,
      "side_mean": -47.1160888671875
    },
    {
      "high_freq": 794.6976318359375,
      "loudness": -32.59020233154297,
      "loudness_range": 18.39118766784668,
      "low_freq": 392.3793640136719,
      "mid_mean": -29.08991241455078,
      "mid_to_side_loudness": -17.206510543823242,
      "mid_to_side_loudness_range": 13.914765357971191,
      "side_mean": -46.6331787109375
    },
    {
      "high_freq": 1457.5709228515625,
      "loudness": -38.426143646240234,
      "loudness_range": 19.088048934936523,
      "low_freq": 794.6976318359375,
      "mid_mean": -34.866580963134766,
      "mid_to_side_loudness": -16.521976470947266,
      "mid_to_side_loudness_range": 11.456210136413574,
      "side_mean": -52.511714935302734
    },
    {
      "high_freq": 2549.74365234375,
      "loudness": -47.10447692871094,
      "loudness_range": 19.512226104736328,
      "low_freq": 1457.5709228515625,
      "mid_mean": -43.620059967041016,
      "mid_to_side_loudness": -14.42623233795166,
      "mid_to_side_loudness_range": 9.276466369628906,
      "side_mean": -58.516868591308594
    },
    {
      "high_freq": 4349.24462890625,
      "loudness": -45.57828903198242,
      "loudness_range": 20.036922454833984,
      "low_freq": 2549.74365234375,
      "mid_mean": -42.093536376953125,
      "mid_to_side_loudness": -14.442437171936035,
      "mid_to_side_loudness_range": 8.959280014038086,
      "side_mean": -57.275386810302734
    },
    {
      "high_freq": 7314.1640625,
      "loudness": -47.94813919067383,
      "loudness_range": 15.652069091796875,
      "low_freq": 4349.24462890625,
      "mid_mean": -45.22343063354492,
      "mid_to_side_loudness": -15.320952415466309,
      "mid_to_side_loudness_range": 8.608382225036621,
      "side_mean": -60.40296173095703
    },
    {
      "high_freq": 12199.2666015625,
      "loudness": -51.98293685913086,
      "loudness_range": 21.98865509033203,
      "low_freq": 7314.1640625,
      "mid_mean": -48.82062911987305,
      "mid_to_side_loudness": -17.855730056762695,
      "mid_to_side_loudness_range": 10.09848403930664,
      "side_mean": -64.38265991210938
    },
    {
      "loudness": -57.944393157958984,
      "loudness_range": 24.363662719726562,
      "low_freq": 12199.2666015625,
      "mid_mean": -54.44929504394531,
      "mid_to_side_loudness": -18.407522201538086,
      "mid_to_side_loudness_range": 9.945101737976074,
      "side_mean": -67.4354476928711
    }
  ],
  "bands_short": [
    {
      "high_freq": 148.1999969482422,
      "loudness": -51.833492279052734,
      "loudness_range": 19.441574096679688,
      "mid_mean": -48.21656036376953,
      "mid_to_side_loudness": -20.74248695373535,
      "mid_to_side_loudness_range": 21.218921661376953,
      "side_mean": -65.81620788574219
    },
    {
      "high_freq": 392.3793640136719,
      "loudness": -32.78390121459961,
      "loudness_range": 16.525293350219727,
      "low_freq": 148.1999969482422,
      "mid_mean": -29.25240135192871,
      "mid_to_side_loudness": -18.508934020996094,
      "mid_to_side_loudness_range": 16.9221248626709,
      "side_mean": -47.9373893737793
    },
    {
      "high_freq": 794.6976318359375,
      "loudness": -33.56963348388672,
      "loudness_range": 20.960643768310547,
      "low_freq": 392.3793640136719,
      "mid_mean": -30.086999893188477,
      "mid_to_side_loudness": -16.330215454101562,
      "mid_to_side_loudness_range": 18.512523651123047,
      "side_mean": -46.86808395385742
    },
    {
      "high_freq": 1457.5709228515625,
      "loudness": -39.457332611083984,
      "loudness_range": 21.32296371459961,
      "low_freq": 794.6976318359375,
      "mid_mean": -35.93937301635742,
      "mid_to_side_loudness": -15.751676559448242,
      "mid_to_side_loudness_range": 14.59213638305664,
      "side_mean": -52.91687774658203
    },
    {
      "high_freq": 2549.74365234375,
      "loudness": -48.36954879760742,
      "loudness_range": 21.830223083496094,
      "low_freq": 1457.5709228515625,
      "mid_mean": -44.961029052734375,
      "mid_to_side_loudness": -13.580364227294922,
      "mid_to_side_loudness_range": 12.365427017211914,
      "side_mean": -58.95417404174805
    },
    {
      "high_freq": 4349.24462890625,
      "loudness": -48.036075592041016,
      "loudness_range": 25.840839385986328,
      "low_freq": 2549.74365234375,
      "mid_mean": -44.68558883666992,
      "mid_to_side_loudness": -12.824081420898438,
      "mid_to_side_loudness_range": 12.160079002380371,
      "side_mean": -58.04543685913086
    },
    {
      "high_freq": 7314.1640625,
      "loudness": -53.69126892089844,
      "loudness_range": 26.03050994873047,
      "low_freq": 4349.24462890625,
      "mid_mean": -51.394493103027344,
      "mid_to_side_loudness": -12.853318214416504,
      "mid_to_side_loudness_range": 12.713361740112305,
      "side_mean": -62.380096435546875
    },
    {
      "high_freq": 12199.2666015625,
      "loudness": -59.41670227050781,
      "loudness_range": 29.283935546875,
      "low_freq": 7314.1640625,
      "mid_mean": -55.821659088134766,
      "mid_to_side_loudness": -15.194127082824707,
      "mid_to_side_loudness_range": 13.883184432983398,
      "side_mean": -66.38162994384766
    },
    {
      "loudness": -66.64383697509766,
      "loudness_range": 25.578433990478516,
      "low_freq": 12199.2666015625,
      "mid_mean": -61.95299530029297,
      "mid_to_side_loudness": -16.17645263671875,
      "mid_to_side_loudness_range": 12.126215934753418,
      "side_mean": -68.79338836669922
    }
  ],
  "bandwidth": 592.1412353515625,
  "channels": 2,
  "covariance": [
    [
      27.799373626708984,
      9.214730262756348,
      2.6388750076293945,
      2.5389435291290283,
      -1.9129042625427246,
      -3.0397870540618896,
      -0.6155723929405212,
      1.47403883934021,
      -6.698544025421143,
      -3.583174467086792,
      -4.631834506988525,
      -1.2075697183609009,
      -2.4021084308624268,
      1.2877835035324097,
      1.6850643157958984,
      -0.06992141902446747,
      2.7970528602600098,
      0.8473641872406006
    ],
    [
      9.214730262756348,
      10.848401069641113,
      -1.6036990880966187,
      -1.4119237661361694,
      -2.8884437084198,
      -4.104117393493652,
      -1.57151198387146,
      0.42995816469192505,
      -5.503495216369629,
      -3.554433584213257,
      -5.0184855461120605,
      -2.2655680179595947,
      -7.289711952209473,
      -2.5638461112976074,
      -8.07916259765625,
      -2.3194215297698975,
      -4.202469348907471,
      -0.9813370704650879
    ],
    [
      2.6388750076293945,
      -1.6036990880966187,
      25.541034698486328,
      15.420645713806152,
      19.389820098876953,
      13.550909996032715,
      12.616093635559082,
      13.117806434631348,
      17.13990020751953,
      15.914199829101562,
      17.53945541381836,
      17.58710289001465,
      10.873744010925293,
      9.50566577911377,
      15.769989013671875,
      6.2457966804504395,
      8.342155456542969,
      2.387995481491089
    ],
    [
      2.5389435291290283,
      -1.4119237661361694,
      15.420645713806152,
      21.53476905822754,
      12.939855575561523,
      17.25141716003418,
      6.803182125091553,
      13.860506057739258,
      9.39004135131836,
      13.471132278442383,
      12.027185440063477,
      15.449252128601074,
      8.700907707214355,
      8.983196258544922,
      14.343673706054688,
      6.361023426055908,
      9.204586029052734,
      2.8050835132598877
    ],
    [
      -1.9129042625427246,
      -2.8884437084198,
      19.389820098876953,
      12.939855575561523,
      42.25352096557617,
      26.449857711791992,
      30.15970230102539,
      25.948503494262695,
      23.079627990722656,
      20.708187103271484,
      28.20684051513672,
      26.3765811920166,
      17.022836685180664,
      12.343719482421875,
      21.22821807861328,
      7.918776512145996,
      11.922468185424805,
      2.7022719383239746
    ],
    [
      -3.0397870540618896,
      -4.104117393493652,
      13.550909996032715,
      17.25141716003418,
      26.449857711791992,
      33.98902893066406,
      18.57891082763672,
      26.53106689453125,
      13.670356750488281,
      17.871965408325195,
      19.18352508544922,
      22.67535972595215,
      12.987668991088867,
      11.99646282196045,
      19.2430477142334,
      8.276127815246582,
      13.646561622619629,
      3.334296464920044
    ],
    [
      -0.6155723929405212,
      -1.57151198387146,
      12.616093635559082,
      6.803182125091553,
      30.15970230102539,
      18.57891082763672,
      38.93515396118164,
      27.777856826782227,
      20.992843627929688,
      15.47039794921875,
      27.886688232421875,
      23.80571174621582,
      14.680390357971191,
      9.645462036132812,
      15.139754295349121,
      5.1397318840026855,
      8.117115020751953,
      1.5206072330474854
    ],
    [
      1.47403883934021,
      0.42995816469192505,
      13.117806434631348,
      13.860506057739258,
      25.948503494262695,
      26.53106689453125,
      27.777856826782227,
      41.126068115234375,
      14.83894157409668,
      22.737594604492188,
      22.434131622314453,
      31.653072357177734,
      13.765599250793457,
      17.31940460205078,
      20.853229522705078,
      10.266221046447754,
      21.29100227355957,
      4.33308219909668
    ],
    [
      -6.698544025421143,
      -5.503495216369629,
      17.13990020751953,
      9.39004135131836,
      23.079627990722656,
      13.670356750488281,
      20.992843627929688,
      14.83894157409668,
      41.49684524536133,
      30.965044021606445,
      32.8557243347168,
      26.5462646484375,
      21.754230499267578,
      14.109736442565918,
      22.73594093322754,
      9.497303009033203,
      13.512384414672852,
      3.0229766368865967
    ],
    [
      -3.583174467086792,
      -3.554433584213257,
      15.914199829101562,
      13.471132278442383,
      20.708187103271484,
      17.871965408325195,
      15.47039794921875,
      22.737594604492188,
      30.965044021606445,
      33.32319259643555,
      26.196887969970703,
      29.24055290222168,
      18.753332138061523,
      17.555831909179688,
      24.42047119140625,
      11.707656860351562,
      20.767818450927734,
      4.401241302490234
    ],
    [
      -4.631834506988525,
      -5.0184855461120605,
      17.53945541381836,
      12.027185440063477,
      28.20684051513672,
      19.18352508544922,
      27.886688232421875,
      22.434131622314453,
      32.8557243347168,
      26.196887969970703,
      46.32412338256836,
      36.11714553833008,
      31.448118209838867,
      19.240699768066406,
      32.18959426879883,
      13.895963668823242,
      21.865007400512695,
      5.973507881164551
    ],
    [
      -1.2075697183609009,
      -2.2655680179595947,
      17.58710289001465,
      15.449252128601074,
      26.3765811920166,
      22.67535972595215,
      23.80571174621582,
      31.653072357177734,
      26.5462646484375,
      29.24055290222168,
      36.11714553833008,
      39.21009063720703,
      24.265438079833984,
      21.692134857177734,
      30.0306396484375,
      14.430903434753418,
      25.413005828857422,
      6.048574447631836
    ],
    [
      -2.4021084308624268,
      -7.289711952209473,
      10.873744010925293,
      8.700907707214355,
      17.022836685180664,
      12.987668991088867,
      14.680390357971191,
      13.765599250793457,
      21.754230499267578,
      18.753332138061523,
      31.448118209838867,
      24.265438079833984,
      48.13825988769531,
      27.615169525146484,
      47.9980583190918,
      21.027345657348633,
      40.96282196044922,
      11.377387046813965
    ],
    [
      1.2877835035324097,
      -2.5638461112976074,
      9.50566577911377,
      8.983196258544922,
      12.343719482421875,
      11.99646282196045,
      9.645462036132812,
      17.31940460205078,
      14.109736442565918,
      17.555831909179688,
      19.240699768066406,
      21.692134857177734,
      27.615169525146484,
      22.492956161499023,
      32.466129302978516,
      16.18673324584961,
      30.98955535888672,
      8.49819564819336
    ],
    [
      1.6850643157958984,
      -8.07916259765625,
      15.769989013671875,
      14.343673706054688,
      21.22821807861328,
      19.2430477142334,
      15.139754295349121,
      20.853229522705078,
      22.73594093322754,
      24.42047119140625,
      32.18959426879883,
      30.0306396484375,
      47.9980583190918,
      32.466129302978516,
      61.50651931762695,
      26.561782836914062,
      52.479068756103516,
      14.300223350524902
    ],
    [
      -0.06992141902446747,
      -2.3194215297698975,
      6.2457966804504395,
      6.361023426055908,
      7.918776512145996,
      8.276127815246582,
      5.1397318840026855,
      10.266221046447754,
      9.497303009033203,
      11.707656860351562,
      13.895963668823242,
      14.430903434753418,
      21.027345657348633,
      16.18673324584961,
      26.561782836914062,
      14.281301498413086,
      25.48130989074707,
      7.917922496795654
    ],
    [
      2.7970528602600098,
      -4.202469348907471,
      8.342155456542969,
      9.204586029052734,
      11.922468185424805,
      13.646561622619629,
      8.117115020751953,
      21.29100227355957,
      13.512384414672852,
      20.767818450927734,
      21.865007400512695,
      25.413005828857422,
      40.96282196044922,
      30.98955535888672,
      52.479068756103516,
      25.48130989074707,
      60.46377944946289,
      16.28912925720215
    ],
    [
      0.8473641872406006,
      -0.9813370704650879,
      2.387995481491089,
      2.8050835132598877,
      2.7022719383239746,
      3.334296464920044,
      1.5206072330474854,
      4.33308219909668,
      3.0229766368865967,
      4.401241302490234,
      5.973507881164551,
      6.048574447631836,
      11.377387046813965,
      8.49819564819336,
      14.300223350524902,
      7.917922496795654,
      16.28912925720215,
      5.875455856323242
    ]
  ],
  "covariance_short": [
    [
      44.64063262939453,
      10.15101146697998,
      5.857990264892578,
      2.808168411254883,
      0.9572808146476746,
      -2.403862237930298,
      1.2160313129425049,
      2.512099266052246,
      -3.429593324661255,
      -2.260176420211792,
      -1.8708860874176025,
      0.11550045013427734,
      5.741935729980469,
      1.959632396697998,
      2.652597665786743,
      0.19314050674438477,
      5.285075664520264,
      1.3140461444854736
    ],
    [
      10.15101146697998,
      12.263800621032715,
      -1.6952401399612427,
      -1.1509168148040771,
      -2.3174707889556885,
      -3.612783908843994,
      -1.842423439025879,
      -0.5615793466567993,
      -4.802484035491943,
      -3.535529136657715,
      -4.574753284454346,
      -2.6587557792663574,
      -3.842195510864258,
      -2.5423855781555176,
      -2.9323794841766357,
      -1.5825165510177612,
      -0.962340235710144,
      -0.3724738657474518
    ],
    [
      5.857990264892578,
      -1.6952401399612427,
      38.02891159057617,
      15.234631538391113,
      24.4251708984375,
      14.303296089172363,
      18.229482650756836,
      15.106010437011719,
      22.203567504882812,
      17.110252380371094,
      28.123205184936523,
      21.3239688873291,
      26.391687393188477,
      11.300267219543457,
      24.157724380493164,
      6.999754428863525,
      8.207440376281738,
      1.7973997592926025
    ],
    [
      2.808168411254883,
      -1.1509168148040771,
      15.234631538391113,
      26.29972267150879,
      12.020883560180664,
      16.685869216918945,
      6.985377311706543,
      14.483946800231934,
      9.584245681762695,
      13.253193855285645,
      13.09879207611084,
      15.805630683898926,
      16.027000427246094,
      8.2167329788208,
      15.250694274902344,
      5.289551734924316,
      4.444712162017822,
      1.1503121852874756
    ],
    [
      0.9572808146476746,
      -2.3174707889556885,
      24.4251708984375,
      12.020883560180664,
      52.68309783935547,
      25.69367027282715,
      37.28094482421875,
      27.489078521728516,
      30.811569213867188,
      22.938203811645508,
      41.906246185302734,
      30.989303588867188,
      33.36670684814453,
      13.913043022155762,
      30.583786010742188,
      8.519410133361816,
      7.940571308135986,
      1.1146494150161743
    ],
    [
      -2.403862237930298,
      -3.612783908843994,
      14.303296089172363,
      16.685869216918945,
      25.69367027282715,
      36.040870666503906,
      18.241464614868164,
      25.823246002197266,
      14.370320320129395,
      17.593996047973633,
      21.86709976196289,
      23.12627410888672,
      22.87774658203125,
      11.372811317443848,
      22.337871551513672,
      7.699209213256836,
      7.170682907104492,
      1.6242154836654663
    ],
    [
      1.2160313129425049,
      -1.842423439025879,
      18.229482650756836,
      6.985377311706543,
      37.28094482421875,
      18.241464614868164,
      49.533851623535156,
      31.116117477416992,
      29.754186630249023,
      18.719688415527344,
      41.94334030151367,
      29.00462532043457,
      29.352149963378906,
      11.99264907836914,
      25.764318466186523,
      6.658998966217041,
      7.386396408081055,
      1.0588749647140503
    ],
    [
      2.512099266052246,
      -0.5615793466567993,
      15.106010437011719,
      14.483946800231934,
      27.489078521728516,
      25.823246002197266,
      31.116117477416992,
      43.91804504394531,
      18.053916931152344,
      23.332666397094727,
      28.450443267822266,
      32.97096633911133,
      35.14031982421875,
      15.779963493347168,
      29.702939987182617,
      8.655606269836426,
      11.13326644897461,
      1.928439736366272
    ],
    [
      -3.429593324661255,
      -4.802484035491943,
      22.203567504882812,
      9.584245681762695,
      30.811569213867188,
      14.370320320129395,
      29.754186630249023,
      18.053916931152344,
      54.57866668701172,
      35.32057189941406,
      50.70484161376953,
      33.28495788574219,
      38.244441986083984,
      16.96476173400879,
      34.514244079589844,
      11.190240859985352,
      11.111109733581543,
      2.3867974281311035
    ],
    [
      -2.260176420211792,
      -3.535529136657715,
      17.110252380371094,
      13.253193855285645,
      22.938203811645508,
      17.593996047973633,
      18.719688415527344,
      23.332666397094727,
      35.32057189941406,
      35.53849411010742,
      34.37556076049805,
      31.278284072875977,
      35.84315872192383,
      16.8497371673584,
      31.5303955078125,
      10.464816093444824,
      11.116219520568848,
      2.2062742710113525
    ],
    [
      -1.8708860874176025,
      -4.574753284454346,
      28.123205184936523,
      13.09879207611084,
      41.906246185302734,
      21.86709976196289,
      41.94334030151367,
      28.450443267822266,
      50.70484161376953,
      34.37556076049805,
      79.2808837890625,
      51.59775161743164,
      60.130149841308594,
      28.354183197021484,
      57.72650909423828,
      20.66187286376953,
      25.188858032226562,
      7.587067127227783
    ],
    [
      0.11550045013427734,
      -2.6587557792663574,
      21.3239688873291,
      15.805630683898926,
      30.989303588867188,
      23.12627410888672,
      29.00462532043457,
      32.97096633911133,
      33.28495788574219,
      31.278284072875977,
      51.59775161743164,
      45.96514892578125,
      49.12437438964844,
      24.36562728881836,
      44.97284698486328,
      16.25209617614746,
      19.225929260253906,
      5.406214714050293
    ],
    [
      5.741935729980469,
      -3.842195510864258,
      26.391687393188477,
      16.027000427246094,
      33.36670684814453,
      22.87774658203125,
      29.352149963378906,
      35.14031982421875,
      38.244441986083984,
      35.84315872192383,
      60.130149841308594,
      49.12437438964844,
      91.7353744506836,
      45.85590744018555,
      82.72308349609375,
      32.149803161621094,
      49.979251861572266,
      15.319093704223633
    ],
    [
      1.959632396697998,
      -2.5423855781555176,
      11.300267219543457,
      8.2167329788208,
      13.913043022155762,
      11.372811317443848,
      11.99264907836914,
      15.779963493347168,
      16.96476173400879,
      16.8497371673584,
      28.354183197021484,
      24.36562728881836,
      45.85590744018555,
      27.195650100708008,
      43.00465774536133,
      19.603118896484375,
      29.15462875366211,
      10.163200378417969
    ],
    [
      2.652597665786743,
      -2.9323794841766357,
      24.157724380493164,
      15.250694274902344,
      30.583786010742188,
      22.337871551513672,
      25.764318466186523,
      29.702939987182617,
      34.514244079589844,
      31.5303955078125,
      57.72650909423828,
      44.97284698486328,
      82.72308349609375,
      43.00465774536133,
      85.62569427490234,
      35.08058547973633,
      53.06113052368164,
      17.185121536254883
    ],
    [
      0.19314050674438477,
      -1.5825165510177612,
      6.999754428863525,
      5.289551734924316,
      8.519410133361816,
      7.699209213256836,
      6.658998966217041,
      8.655606269836426,
      11.190240859985352,
      10.464816093444824,
      20.66187286376953,
      16.25209617614746,
      32.149803161621094,
      19.603118896484375,
      35.08058547973633,
      17.792503356933594,
      25.631410598754883,
      9.778149604797363
    ],
    [
      5.285075664520264,
      -0.962340235710144,
      8.207440376281738,
      4.444712162017822,
      7.940571308135986,
      7.170682907104492,
      7.386396408081055,
      11.13326644897461,
      11.111109733581543,
      11.116219520568848,
      25.188858032226562,
      19.225929260253906,
      49.979251861572266,
      29.15462875366211,
      53.06113052368164,
      25.631410598754883,
      51.093685150146484,
      18.407352447509766
    ],
    [
      1.3140461444854736,
      -0.3724738657474518,
      1.7973997592926025,
      1.1503121852874756,
      1.1146494150161743,
      1.6242154836654663,
      1.0588749647140503,
      1.928439736366272,
      2.3867974281311035,
      2.2062742710113525,
      7.587067127227783,
      5.406214714050293,
      15.319093704223633,
      10.163200378417969,
      17.185121536254883,
      9.778149604797363,
      18.407352447509766,
      7.967373847961426
    ]
  ],
  "damage": -15.682289123535156,
  "diff_bandwidth": 609.0339965820312,
  "dissonance": 5.869952679240891,
  "drr": 7.036732196807861,
  "dynamics": 4.657562732696533,
  "format": 1245190,
  "frames": 3910592,
  "loudness": -23.847774505615234,
  "loudness_range": 12.782310485839844,
  "loudness_range_short": 16.169618606567383,
  "lowpass_true_peak_15khz": -5.732932090759277,
  "mastering3_acoustic_entropies": [
    {
      "acoustic_entropy": 7.930099010467529,
      "acoustic_entropy_mono": 7.82723331451416,
      "band_eliminated_acoustic_entropies": [
        {
          "acoustic_entropy": 7.929691791534424,
          "acoustic_entropy_side": 7.9300994873046875,
          "hz": 129.47220167065723
        },
        {
          "acoustic_entropy": 7.858332633972168,
          "acoustic_entropy_side": 7.930041790008545,
          "hz": 202.92927478742237
        },
        {
          "acoustic_entropy": 7.75294303894043,
          "acoustic_entropy_side": 7.935886383056641,
          "hz": 282.89161906338205
        },
        {
          "acoustic_entropy": 7.762208461761475,
          "acoustic_entropy_side": 7.9310173988342285,
          "hz": 369.9353335868758
        },
        {
          "acoustic_entropy": 7.908248424530029,
          "acoustic_entropy_side": 7.927796363830566,
          "hz": 464.6875360973435
        },
        {
          "acoustic_entropy": 6.897586345672607,
          "acoustic_entropy_side": 7.933238983154297,
          "hz": 567.8308811364784
        },
        {
          "acoustic_entropy": 7.355010032653809,
          "acoustic_entropy_side": 7.808187961578369,
          "hz": 680.1084783214808
        },
        {
          "acoustic_entropy": 8.132523536682129,
          "acoustic_entropy_side": 7.990365028381348,
          "hz": 802.3292461747484
        },
        {
          "acoustic_entropy": 7.218390941619873,
          "acoustic_entropy_side": 7.934215068817139,
          "hz": 935.3737400823702
        },
        {
          "acoustic_entropy": 7.733043670654297,
          "acoustic_entropy_side": 7.929605484008789,
          "hz": 1080.2004963696966
        },
        {
          "acoustic_entropy": 8.27736759185791,
          "acoustic_entropy_side": 7.931455135345459,
          "hz": 1237.8529382007157
        },
        {
          "acoustic_entropy": 8.381394386291504,
          "acoustic_entropy_side": 7.933504104614258,
          "hz": 1409.4668930556702
        },
        {
          "acoustic_entropy": 8.156342506408691,
          "acoustic_entropy_side": 7.926375865936279,
          "hz": 1596.2787759475705
        },
        {
          "acoustic_entropy": 8.651962280273438,
          "acoustic_entropy_side": 7.930025577545166,
          "hz": 1799.6344973346393
        },
        {
          "acoustic_entropy": 8.023873329162598,
          "acoustic_entropy_side": 7.930246829986572,
          "hz": 2020.9991599069049
        },
        {
          "acoustic_entropy": 7.985792636871338,
          "acoustic_entropy_side": 7.9301676750183105,
          "hz": 2261.9676141086993
        },
        {
          "acoustic_entropy": 8.023021697998047,
          "acoustic_entropy_side": 7.930292129516602,
          "hz": 2524.2759484456974
        },
        {
          "acoustic_entropy": 8.139130592346191,
          "acoustic_entropy_side": 7.930129051208496,
          "hz": 2809.813997359896
        },
        {
          "acoustic_entropy": 7.46905517578125,
          "acoustic_entropy_side": 7.927371501922607,
          "hz": 3120.6389567871424
        },
        {
          "acoustic_entropy": 8.224504470825195,
          "acoustic_entropy_side": 7.9234843254089355,
          "hz": 3458.990205492291
        },
        {
          "acoustic_entropy": 7.8700032234191895,
          "acoustic_entropy_side": 7.928014755249023,
          "hz": 3827.305438964164
        },
        {
          "acoustic_entropy": 8.045872688293457,
          "acoustic_entropy_side": 7.930804252624512,
          "hz": 4228.238232109126
        },
        {
          "acoustic_entropy": 8.018917083740234,
          "acoustic_entropy_side": 7.930422306060791,
          "hz": 4664.6771572759235
        },
        {
          "acoustic_entropy": 7.989889144897461,
          "acoustic_entropy_side": 7.930487632751465,
          "hz": 5139.766595350093
        },
        {
          "acoustic_entropy": 7.962986469268799,
          "acoustic_entropy_side": 7.930558204650879,
          "hz": 5656.929389854203
        },
        {
          "acoustic_entropy": 7.995305061340332,
          "acoustic_entropy_side": 7.930394172668457,
          "hz": 6219.891507268283
        },
        {
          "acoustic_entropy": 8.02481746673584,
          "acoustic_entropy_side": 7.930314540863037,
          "hz": 6832.70888123896
        },
        {
          "acoustic_entropy": 8.035762786865234,
          "acoustic_entropy_side": 7.930268287658691,
          "hz": 7499.796634079867
        },
        {
          "acoustic_entropy": 8.010194778442383,
          "acoustic_entropy_side": 7.930211067199707,
          "hz": 8225.96088609342
        },
        {
          "acoustic_entropy": 7.99916934967041,
          "acoustic_entropy_side": 7.930174827575684,
          "hz": 9016.43338188839
        },
        {
          "acoustic_entropy": 8.016602516174316,
          "acoustic_entropy_side": 7.930160999298096,
          "hz": 9876.909183162974
        },
        {
          "acoustic_entropy": 8.016092300415039,
          "acoustic_entropy_side": 7.930161952972412,
          "hz": 10813.587699516042
        },
        {
          "acoustic_entropy": 7.995541095733643,
          "acoustic_entropy_side": 7.930192470550537,
          "hz": 11833.21735289826
        },
        {
          "acoustic_entropy": 7.937735557556152,
          "acoustic_entropy_side": 7.930222511291504,
          "hz": 12943.144197493959
        },
        {
          "acoustic_entropy": 7.98681116104126,
          "acoustic_entropy_side": 7.930185317993164,
          "hz": 14151.364845322005
        },
        {
          "acoustic_entropy": 8.011219024658203,
          "acoustic_entropy_side": 7.930132865905762,
          "hz": 15466.58407886509
        },
        {
          "acoustic_entropy": 7.971922874450684,
          "acoustic_entropy_side": 7.930107593536377,
          "hz": 16898.27756580493
        },
        {
          "acoustic_entropy": 7.936441421508789,
          "acoustic_entropy_side": 7.9300994873046875,
          "hz": 18456.760127700032
        },
        {
          "acoustic_entropy": 7.930487155914307,
          "acoustic_entropy_side": 7.930099010467529,
          "hz": 20153.260054456492
        },
        {
          "acoustic_entropy": 7.930107116699219,
          "acoustic_entropy_side": 7.930099010467529,
          "hz": 22000.00000000001
        }
      ],
      "diff_acoustic_entropy": 5.6369099617004395,
      "sn": 6
    },
    {
      "acoustic_entropy": 11.730262756347656,
      "acoustic_entropy_mono": 11.080911636352539,
      "band_eliminated_acoustic_entropies": [
        {
          "acoustic_entropy": 11.721571922302246,
          "acoustic_entropy_side": 11.730259895324707,
          "hz": 129.47220167065723
        },
        {
          "acoustic_entropy": 11.411770820617676,
          "acoustic_entropy_side": 11.72984504699707,
          "hz": 202.92927478742237
        },
        {
          "acoustic_entropy": 10.922450065612793,
          "acoustic_entropy_side": 11.720706939697266,
          "hz": 282.89161906338205
        },
        {
          "acoustic_entropy": 11.194677352905273,
          "acoustic_entropy_side": 11.718114852905273,
          "hz": 369.9353335868758
        },
        {
          "acoustic_entropy": 11.301145553588867,
          "acoustic_entropy_side": 11.694831848144531,
          "hz": 464.6875360973435
        },
        {
          "acoustic_entropy": 11.421794891357422,
          "acoustic_entropy_side": 11.826705932617188,
          "hz": 567.8308811364784
        },
        {
          "acoustic_entropy": 11.919123649597168,
          "acoustic_entropy_side": 11.417081832885742,
          "hz": 680.1084783214808
        },
        {
          "acoustic_entropy": 12.376336097717285,
          "acoustic_entropy_side": 11.534387588500977,
          "hz": 802.3292461747484
        },
        {
          "acoustic_entropy": 10.65568733215332,
          "acoustic_entropy_side": 11.883767127990723,
          "hz": 935.3737400823702
        },
        {
          "acoustic_entropy": 11.963780403137207,
          "acoustic_entropy_side": 11.78923225402832,
          "hz": 1080.2004963696966
        },
        {
          "acoustic_entropy": 11.517187118530273,
          "acoustic_entropy_side": 11.77574348449707,
          "hz": 1237.8529382007157
        },
        {
          "acoustic_entropy": 11.883792877197266,
          "acoustic_entropy_side": 11.683881759643555,
          "hz": 1409.4668930556702
        },
        {
          "acoustic_entropy": 11.212828636169434,
          "acoustic_entropy_side": 11.73153305053711,
          "hz": 1596.2787759475705
        },
        {
          "acoustic_entropy": 11.471352577209473,
          "acoustic_entropy_side": 11.721620559692383,
          "hz": 1799.6344973346393
        },
        {
          "acoustic_entropy": 11.744064331054688,
          "acoustic_entropy_side": 11.730840682983398,
          "hz": 2020.9991599069049
        },
        {
          "acoustic_entropy": 11.863866806030273,
          "acoustic_entropy_side": 11.731477737426758,
          "hz": 2261.9676141086993
        },
        {
          "acoustic_entropy": 11.718077659606934,
          "acoustic_entropy_side": 11.733382225036621,
          "hz": 2524.2759484456974
        },
        {
          "acoustic_entropy": 12.01814079284668,
          "acoustic_entropy_side": 11.738740921020508,
          "hz": 2809.813997359896
        },
        {
          "acoustic_entropy": 11.53250503540039,
          "acoustic_entropy_side": 11.71451473236084,
          "hz": 3120.6389567871424
        },
        {
          "acoustic_entropy": 11.56515884399414,
          "acoustic_entropy_side": 11.692471504211426,
          "hz": 3458.990205492291
        },
        {
          "acoustic_entropy": 11.846102714538574,
          "acoustic_entropy_side": 11.726158142089844,
          "hz": 3827.305438964164
        },
        {
          "acoustic_entropy": 11.94933795928955,
          "acoustic_entropy_side": 11.732588768005371,
          "hz": 4228.238232109126
        },
        {
          "acoustic_entropy": 11.67747688293457,
          "acoustic_entropy_side": 11.72982406616211,
          "hz": 4664.6771572759235
        },
        {
          "acoustic_entropy": 11.709238052368164,
          "acoustic_entropy_side": 11.730035781860352,
          "hz": 5139.766595350093
        },
        {
          "acoustic_entropy": 11.681673049926758,
          "acoustic_entropy_side": 11.73012924194336,
          "hz": 5656.929389854203
        },
        {
          "acoustic_entropy": 11.709708213806152,
          "acoustic_entropy_side": 11.730274200439453,
          "hz": 6219.891507268283
        },
        {
          "acoustic_entropy": 11.71174430847168,
          "acoustic_entropy_side": 11.730302810668945,
          "hz": 6832.70888123896
        },
        {
          "acoustic_entropy": 11.757905006408691,
          "acoustic_entropy_side": 11.730860710144043,
          "hz": 7499.796634079867
        },
        {
          "acoustic_entropy": 11.749690055847168,
          "acoustic_entropy_side": 11.730713844299316,
          "hz": 8225.96088609342
        },
        {
          "acoustic_entropy": 11.725791931152344,
          "acoustic_entropy_side": 11.73032283782959,
          "hz": 9016.43338188839
        },
        {
          "acoustic_entropy": 11.70329761505127,
          "acoustic_entropy_side": 11.730242729187012,
          "hz": 9876.909183162974
        },
        {
          "acoustic_entropy": 11.690733909606934,
          "acoustic_entropy_side": 11.730265617370605,
          "hz": 10813.587699516042
        },
        {
          "acoustic_entropy": 11.646795272827148,
          "acoustic_entropy_side": 11.730219841003418,
          "hz": 11833.21735289826
        },
        {
          "acoustic_entropy": 11.597116470336914,
          "acoustic_entropy_side": 11.730179786682129,
          "hz": 12943.144197493959
        },
        {
          "acoustic_entropy": 11.62051010131836,
          "acoustic_entropy_side": 11.730173110961914,
          "hz": 14151.364845322005
        },
        {
          "acoustic_entropy": 11.69403076171875,
          "acoustic_entropy_side": 11.730246543884277,
          "hz": 15466.58407886509
        },
        {
          "acoustic_entropy": 11.719934463500977,
          "acoustic_entropy_side": 11.730257034301758,
          "hz": 16898.27756580493
        },
        {
          "acoustic_entropy": 11.729086875915527,
          "acoustic_entropy_side": 11.73026180267334,
          "hz": 18456.760127700032
        },
        {
          "acoustic_entropy": 11.730138778686523,
          "acoustic_entropy_side": 11.730262756347656,
          "hz": 20153.260054456492
        },
        {
          "acoustic_entropy": 11.730257987976074,
          "acoustic_entropy_side": 11.730262756347656,
          "hz": 22000.00000000001
        }
      ],
      "diff_acoustic_entropy": 9.107577323913574,
      "sn": 12
    },
    {
      "acoustic_entropy": 18.180877685546875,
      "acoustic_entropy_mono": 17.26539421081543,
      "band_eliminated_acoustic_entropies": [
        {
          "acoustic_entropy": 18.18317985534668,
          "acoustic_entropy_side": 18.1812744140625,
          "hz": 129.47220167065723
        },
        {
          "acoustic_entropy": 17.842458724975586,
          "acoustic_entropy_side": 18.206045150756836,
          "hz": 202.92927478742237
        },
        {
          "acoustic_entropy": 17.431316375732422,
          "acoustic_entropy_side": 18.14142417907715,
          "hz": 282.89161906338205
        },
        {
          "acoustic_entropy": 17.028167724609375,
          "acoustic_entropy_side": 18.129228591918945,
          "hz": 369.9353335868758
        },
        {
          "acoustic_entropy": 18.188587188720703,
          "acoustic_entropy_side": 18.265071868896484,
          "hz": 464.6875360973435
        },
        {
          "acoustic_entropy": 18.661157608032227,
          "acoustic_entropy_side": 18.458446502685547,
          "hz": 567.8308811364784
        },
        {
          "acoustic_entropy": 17.832910537719727,
          "acoustic_entropy_side": 18.665122985839844,
          "hz": 680.1084783214808
        },
        {
          "acoustic_entropy": 17.466209411621094,
          "acoustic_entropy_side": 18.01746940612793,
          "hz": 802.3292461747484
        },
        {
          "acoustic_entropy": 17.648311614990234,
          "acoustic_entropy_side": 18.17428970336914,
          "hz": 935.3737400823702
        },
        {
          "acoustic_entropy": 18.690061569213867,
          "acoustic_entropy_side": 18.33496856689453,
          "hz": 1080.2004963696966
        },
        {
          "acoustic_entropy": 17.724712371826172,
          "acoustic_entropy_side": 18.09958839416504,
          "hz": 1237.8529382007157
        },
        {
          "acoustic_entropy": 18.391225814819336,
          "acoustic_entropy_side": 18.274335861206055,
          "hz": 1409.4668930556702
        },
        {
          "acoustic_entropy": 18.562667846679688,
          "acoustic_entropy_side": 17.98855209350586,
          "hz": 1596.2787759475705
        },
        {
          "acoustic_entropy": 17.90182876586914,
          "acoustic_entropy_side": 17.959482192993164,
          "hz": 1799.6344973346393
        },
        {
          "acoustic_entropy": 18.33631706237793,
          "acoustic_entropy_side": 18.155248641967773,
          "hz": 2020.9991599069049
        },
        {
          "acoustic_entropy": 17.984996795654297,
          "acoustic_entropy_side": 18.14508819580078,
          "hz": 2261.9676141086993
        },
        {
          "acoustic_entropy": 18.094539642333984,
          "acoustic_entropy_side": 18.286191940307617,
          "hz": 2524.2759484456974
        },
        {
          "acoustic_entropy": 18.819597244262695,
          "acoustic_entropy_side": 18.32119369506836,
