{
  "acoustic_entropy": 32.578094482421875,
  "bands": [
    {
      "high_freq": 148.1999969482422,
      "loudness": -73.48271179199219,
      "loudness_range": 4.9745025634765625,
      "mid_mean": -67.8219985961914,
      "mid_to_side_loudness": -4.371195316314697,
      "mid_to_side_loudness_range": 5.317348003387451,
      "side_mean": -69.0801773071289
    },
    {
      "high_freq": 392.3793640136719,
      "loudness": -51.91265869140625,
      "loudness_range": 24.884319305419922,
      "low_freq": 148.1999969482422,
      "mid_mean": -55.5598030090332,
      "mid_to_side_loudness": -1.3580005168914795,
      "mid_to_side_loudness_range": 10.794662475585938,
      "side_mean": -56.43898010253906
    },
    {
      "high_freq": 794.6976318359375,
      "loudness": -38.22840118408203,
      "loudness_range": 24.11410140991211,
      "low_freq": 392.3793640136719,
      "mid_mean": -36.30935287475586,
      "mid_to_side_loudness": -7.244874954223633,
      "mid_to_side_loudness_range": 11.849369049072266,
      "side_mean": -45.08864212036133
    },
    {
      "high_freq": 1457.5709228515625,
      "loudness": -51.276187896728516,
      "loudness_range": 25.776824951171875,
      "low_freq": 794.6976318359375,
      "mid_mean": -53.796688079833984,
      "mid_to_side_loudness": -4.640866756439209,
      "mid_to_side_loudness_range": 11.93107795715332,
      "side_mean": -57.416019439697266
    },
    {
      "high_freq": 2549.74365234375,
      "loudness": -61.86867904663086,
      "loudness_range": 18.280319213867188,
      "low_freq": 1457.5709228515625,
      "mid_mean": -61.381839752197266,
      "mid_to_side_loudness": -4.231428146362305,
      "mid_to_side_loudness_range": 6.748201370239258,
      "side_mean": -64.33860778808594
    },
    {
      "high_freq": 4349.24462890625,
      "loudness": -65.43006896972656,
      "loudness_range": 16.00625228881836,
      "low_freq": 2549.74365234375,
      "mid_mean": -63.414058685302734,
      "mid_to_side_loudness": -4.578423500061035,
      "mid_to_side_loudness_range": 5.978079319000244,
      "side_mean": -66.21099090576172
    },
    {
      "high_freq": 7314.1640625,
      "loudness": -76.60014343261719,
      "loudness_range": 7.808296203613281,
      "low_freq": 4349.24462890625,
      "mid_mean": -68.8243637084961,
      "mid_to_side_loudness": -2.077197551727295,
      "mid_to_side_loudness_range": 4.249484539031982,
      "side_mean": -69.32365417480469
    },
    {
      "high_freq": 12199.2666015625,
      "loudness": 0,
      "loudness_range": 0,
      "low_freq": 7314.1640625,
      "mid_mean": -69.22096252441406,
      "mid_to_side_loudness": -0.269709974527359,
      "mid_to_side_loudness_range": 0.8839845657348633,
      "side_mean": -69.2684097290039
    },
    {
      "loudness": 0,
      "loudness_range": 0,
      "low_freq": 12199.2666015625,
      "mid_mean": -68.95687866210938,
      "mid_to_side_loudness": -0.01427985355257988,
      "mid_to_side_loudness_range": 0.4618125557899475,
      "side_mean": -68.96245574951172
    }
  ],
  "bands_short": [
    {
      "high_freq": 148.1999969482422,
      "loudness": -76.96502685546875,
      "loudness_range": 8.605323791503906,
      "mid_mean": -68.85289001464844,
      "mid_to_side_loudness": -3.554253339767456,
      "mid_to_side_loudness_range": 11.300033569335938,
      "side_mean": -69.4598388671875
    },
    {
      "high_freq": 392.3793640136719,
      "loudness": -52.144752502441406,
      "loudness_range": 25.159381866455078,
      "low_freq": 148.1999969482422,
      "mid_mean": -55.70969772338867,
      "mid_to_side_loudness": -1.5394105911254883,
      "mid_to_side_loudness_range": 13.354574203491211,
      "side_mean": -56.687843322753906
    },
    {
      "high_freq": 794.6976318359375,
      "loudness": -43.65771484375,
      "loudness_range": 25.307079315185547,
      "low_freq": 392.3793640136719,
      "mid_mean": -42.10221862792969,
      "mid_to_side_loudness": -7.331123352050781,
      "mid_to_side_loudness_range": 14.950735092163086,
      "side_mean": -53.33562088012695
    },
    {
      "high_freq": 1457.5709228515625,
      "loudness": -38.60590744018555,
      "loudness_range": 24.62990379333496,
      "low_freq": 794.6976318359375,
      "mid_mean": -37.28435516357422,
      "mid_to_side_loudness": -6.31516170501709,
      "mid_to_side_loudness_range": 15.75716495513916,
      "side_mean": -45.66815948486328
    },
    {
      "high_freq": 2549.74365234375,
      "loudness": -62.24081039428711,
      "loudness_range": 19.1536865234375,
      "low_freq": 1457.5709228515625,
      "mid_mean": -61.62834167480469,
      "mid_to_side_loudness": -4.195148468017578,
      "mid_to_side_loudness_range": 9.068665504455566,
      "side_mean": -64.53318786621094
    },
    {
      "high_freq": 4349.24462890625,
      "loudness": -65.66517639160156,
      "loudness_range": 16.444061279296875,
      "low_freq": 2549.74365234375,
      "mid_mean": -63.547813415527344,
      "mid_to_side_loudness": -4.573993682861328,
      "mid_to_side_loudness_range": 8.001946449279785,
      "side_mean": -66.30171966552734
    },
    {
      "high_freq": 7314.1640625,
      "loudness": -76.56876373291016,
      "loudness_range": 7.704490661621094,
      "low_freq": 4349.24462890625,
      "mid_mean": -68.8183822631836,
      "mid_to_side_loudness": -2.084430694580078,
      "mid_to_side_loudness_range": 5.031939506530762,
      "side_mean": -69.31745910644531
    },
    {
      "high_freq": 12199.2666015625,
      "loudness": 0,
      "loudness_range": 0,
      "low_freq": 7314.1640625,
      "mid_mean": -69.22001647949219,
      "mid_to_side_loudness": -0.27793675661087036,
      "mid_to_side_loudness_range": 1.7423654794692993,
      "side_mean": -69.26795196533203
    },
    {
      "loudness": 0,
      "loudness_range": 0,
      "low_freq": 12199.2666015625,
      "mid_mean": -68.95266723632812,
      "mid_to_side_loudness": -0.020503073930740356,
      "mid_to_side_loudness_range": 1.3970694541931152,
      "side_mean": -68.95818328857422
    }
  ],
  "bandwidth": 828.3876953125,
  "channels": 2,
  "covariance": [
    [
      1.984297513961792,
      0.7777679562568665,
      8.49724006652832,
      8.024771690368652,
      4.497065544128418,
      6.322925567626953,
      9.506027221679688,
      6.515594482421875,
      7.062073707580566,
      4.700193405151367,
      4.298579216003418,
      2.423018455505371,
      0.7906748056411743,
      0.4233246147632599,
      0.48240506649017334,
      0.44184139370918274,
      0.6154033541679382,
      0.6094546318054199
    ],
    [
      0.7777679562568665,
      0.3995938301086426,
      3.4832310676574707,
      3.0314817428588867,
      1.6465250253677368,
      2.8154420852661133,
      3.4851291179656982,
      2.307760715484619,
      2.608412981033325,
      1.7060227394104004,
      1.4286904335021973,
      0.8089557886123657,
      0.25621166825294495,
      0.15069438517093658,
      0.19317412376403809,
      0.1776961237192154,
      0.2460850477218628,
      0.2439800649881363
    ],
    [
      8.49724006652832,
      3.4832310676574707,
      115.62648010253906,
      108.34012603759766,
      34.084293365478516,
      45.91591262817383,
      85.04180145263672,
      71.80293273925781,
      46.75434875488281,
      31.161678314208984,
      40.3575325012207,
      24.66364097595215,
      6.9411773681640625,
      3.472181558609009,
      3.2879951000213623,
      3.018501043319702,
      4.184051036834717,
      4.168316841125488
    ],
    [
      8.024771690368652,
      3.0314817428588867,
      108.34012603759766,
      111.30877685546875,
      40.95134735107422,
      49.06968307495117,
      83.76374053955078,
      71.07604217529297,
      44.10948944091797,
      29.40166664123535,
      39.71488571166992,
      24.001136779785156,
      6.38555383682251,
      3.2464208602905273,
      3.1785311698913574,
      2.896019220352173,
      3.9950382709503174,
      3.9739983081817627
    ],
    [
      4.497065544128418,
      1.6465250253677368,
      34.084293365478516,
      40.95134735107422,
      104.9287109375,
      89.05667114257812,
      36.54056167602539,
      19.608264923095703,
      41.004844665527344,
      30.096895217895508,
      19.259241104125977,
      11.619781494140625,
      2.566464424133301,
      1.1333439350128174,
      1.2079721689224243,
      0.7858225107192993,
      0.9001261591911316,
      0.8409500122070312
    ],
    [
      6.322925567626953,
      2.8154420852661133,
      45.91591262817383,
      49.06968307495117,
      89.05667114257812,
      105.18170166015625,
      49.71232223510742,
      29.23750877380371,
      44.36651611328125,
      32.13443374633789,
      22.339014053344727,
      13.319381713867188,
      3.1717915534973145,
      1.5620522499084473,
      1.782483458518982,
      1.3814408779144287,
      1.7261043787002563,
      1.6641883850097656
    ],
    [
      9.506027221679688,
      3.4851291179656982,
      85.04180145263672,
      83.76374053955078,
      36.54056167602539,
      49.71232223510742,
      128.78138732910156,
      104.5344467163086,
      53.51319122314453,
      35.45314025878906,
      51.10602569580078,
      31.277118682861328,
      8.395025253295898,
      4.089125633239746,
      3.845215320587158,
      3.552008867263794,
      4.907826900482178,
      4.906240463256836
    ],
    [
      6.515594482421875,
      2.307760715484619,
      71.80293273925781,
      71.07604217529297,
      19.608264923095703,
      29.23750877380371,
      104.5344467163086,
      96.39730072021484,
      35.70110321044922,
      23.029172897338867,
      43.125274658203125,
      27.016239166259766,
      7.162900447845459,
      3.4147095680236816,
      2.9542572498321533,
      2.7449631690979004,
      3.7866017818450928,
      3.8183045387268066
    ],
    [
      7.062073707580566,
      2.608412981033325,
      46.75434875488281,
      44.10948944091797,
      41.004844665527344,
      44.36651611328125,
      53.51319122314453,
      35.70110321044922,
      44.38282775878906,
      30.700651168823242,
      24.845518112182617,
      14.241864204406738,
      4.514744281768799,
      2.187162160873413,
      2.112139940261841,
      1.8799612522125244,
      2.590017080307007,
      2.5574982166290283
    ],
    [
      4.700193405151367,
      1.7060227394104004,
      31.161678314208984,
      29.40166664123535,
      30.096895217895508,
      32.13443374633789,
      35.45314025878906,
      23.029172897338867,
      30.700651168823242,
      22.570526123046875,
      16.183279037475586,
      9.188624382019043,
      2.8188138008117676,
      1.391340732574463,
      1.3770660161972046,
      1.2174073457717896,
      1.686530351638794,
      1.6609070301055908
    ],
    [
      4.298579216003418,
      1.4286904335021973,
      40.3575325012207,
      39.71488571166992,
      19.259241104125977,
      22.339014053344727,
      51.10602569580078,
      43.125274658203125,
      24.845518112182617,
      16.183279037475586,
      25.041316986083984,
      15.319708824157715,
      4.313995838165283,
      1.9847686290740967,
      1.6830518245697021,
      1.5184475183486938,
      2.0793230533599854,
      2.0898168087005615
    ],
    [
      2.423018455505371,
      0.8089557886123657,
      24.66364097595215,
      24.001136779785156,
      11.619781494140625,
      13.319381713867188,
      31.277118682861328,
      27.016239166259766,
      14.241864204406738,
      9.188624382019043,
      15.319708824157715,
      9.852996826171875,
      2.7095110416412354,
      1.2268122434616089,
      0.989825963973999,
      0.8914449214935303,
      1.2125353813171387,
      1.2184590101242065
    ],
    [
      0.7906748056411743,
      0.25621166825294495,
      6.9411773681640625,
      6.38555383682251,
      2.566464424133301,
      3.1717915534973145,
      8.395025253295898,
      7.162900447845459,
      4.514744281768799,
      2.8188138008117676,
      4.313995838165283,
      2.7095110416412354,
      0.9595071077346802,
      0.39964887499809265,
      0.2995603382587433,
      0.2669312655925751,
      0.36250147223472595,
      0.36567187309265137
    ],
    [
      0.4233246147632599,
      0.15069438517093658,
      3.472181558609009,
      3.2464208602905273,
      1.1333439350128174,
      1.5620522499084473,
      4.089125633239746,
      3.4147095680236816,
      2.187162160873413,
      1.391340732574463,
      1.9847686290740967,
      1.2268122434616089,
      0.39964887499809265,
      0.18936993181705475,
      0.15892797708511353,
      0.14406666159629822,
      0.19763751327991486,
      0.19839581847190857
    ],
    [
      0.48240506649017334,
      0.19317412376403809,
      3.2879951000213623,
      3.1785311698913574,
      1.2079721689224243,
      1.782483458518982,
      3.845215320587158,
      2.9542572498321533,
      2.112139940261841,
      1.3770660161972046,
      1.6830518245697021,
      0.989825963973999,
      0.2995603382587433,
      0.15892797708511353,
      0.17042574286460876,
      0.1554594486951828,
      0.21577444672584534,
      0.21467576920986176
    ],
    [
      0.44184139370918274,
      0.1776961237192154,
      3.018501043319702,
      2.896019220352173,
      0.7858225107192993,
      1.3814408779144287,
      3.552008867263794,
      2.7449631690979004,
      1.8799612522125244,
      1.2174073457717896,
      1.5184475183486938,
      0.8914449214935303,
      0.2669312655925751,
      0.14406666159629822,
      0.1554594486951828,
      0.14449439942836761,
      0.2008948177099228,
      0.20005159080028534
    ],
    [
      0.6154033541679382,
      0.2460850477218628,
      4.184051036834717,
      3.9950382709503174,
      0.9001261591911316,
      1.7261043787002563,
      4.907826900482178,
      3.7866017818450928,
      2.590017080307007,
      1.686530351638794,
      2.0793230533599854,
      1.2125353813171387,
      0.36250147223472595,
      0.19763751327991486,
      0.21577444672584534,
      0.2008948177099228,
      0.2813608944416046,
      0.2797672152519226
    ],
    [
      0.6094546318054199,
      0.2439800649881363,
      4.168316841125488,
      3.9739983081817627,
      0.8409500122070312,
      1.6641883850097656,
      4.906240463256836,
      3.8183045387268066,
      2.5574982166290283,
      1.6609070301055908,
      2.0898168087005615,
      1.2184590101242065,
      0.36567187309265137,
      0.19839581847190857,
      0.21467576920986176,
      0.20005159080028534,
      0.2797672152519226,
      0.2791748046875
    ]
  ],
  "covariance_short": [
    [
      1.1416970491409302,
      0.37264731526374817,
      4.567047595977783,
      3.95587158203125,
      3.3890955448150635,
      7.173496723175049,
      2.3932230472564697,
      3.6615302562713623,
      3.630512237548828,
      2.4353301525115967,
      1.9304053783416748,
      1.1094831228256226,
      0.36593344807624817,
      0.20790605247020721,
      0.24555183947086334,
      0.22428926825523376,
      0.31547513604164124,
      0.3075326681137085
    ],
    [
      0.37264731526374817,
      0.2726653218269348,
      2.328640937805176,
      2.0426888465881348,
      1.4947400093078613,
      3.24749755859375,
      1.2320623397827148,
      1.6814672946929932,
      1.5660674571990967,
      0.981245756149292,
      0.8195080757141113,
      0.46400442719459534,
      0.15524396300315857,
      0.08973947167396545,
      0.11671338975429535,
      0.10663866251707077,
      0.1463211327791214,
      0.14557544887065887
    ],
    [
      4.567047595977783,
      2.328640937805176,
      114.27924346923828,
      105.1884536743164,
      35.17507553100586,
      75.8470687866211,
      33.82872772216797,
      51.03377914428711,
      44.355674743652344,
      29.445632934570312,
      39.117759704589844,
      23.726484298706055,
      6.80493688583374,
      3.4200150966644287,
      3.2193944454193115,
      2.9611594676971436,
      4.110462665557861,
      4.091404438018799
    ],
    [
      3.95587158203125,
      2.0426888465881348,
      105.1884536743164,
      110.84209442138672,
      41.232574462890625,
      75.32814025878906,
      41.24898910522461,
      53.360679626464844,
      41.48100662231445,
      27.408893585205078,
      38.09675216674805,
      22.88371467590332,
      6.2045793533325195,
      3.1682629585266113,
      3.090852975845337,
      2.820375680923462,
      3.8873348236083984,
      3.869666576385498
    ],
    [
      3.3890955448150635,
      1.4947400093078613,
      35.17507553100586,
      41.232574462890625,
      101.06809997558594,
      77.27108764648438,
      87.00971221923828,
      91.94441986083984,
      40.82408142089844,
      29.09021759033203,
      24.313907623291016,
      14.129741668701172,
      3.584608554840088,
      1.594082236289978,
      1.5697734355926514,
      1.1466830968856812,
      1.3958897590637207,
      1.376232624053955
    ],
    [
      7.173496723175049,
      3.24749755859375,
      75.8470687866211,
      75.32814025878906,
      77.27108764648438,
      125.00977325439453,
      68.71736907958984,
      85.40792846679688,
      57.30619812011719,
      39.10954666137695,
      39.17253494262695,
      22.971752166748047,
      6.648132801055908,
      3.5128207206726074,
      3.9077184200286865,
      3.4482789039611816,
      4.7606916427612305,
      4.6981987953186035
    ],
    [
      2.3932230472564697,
      1.2320623397827148,
      33.82872772216797,
      41.24898910522461,
      87.00971221923828,
      68.71736907958984,
      113.27172088623047,
      83.11273193359375,
      37.620365142822266,
      26.90736961364746,
      20.238637924194336,
      12.356415748596191,
      3.0756452083587646,
      1.1635404825210571,
      1.071366786956787,
      0.6283518075942993,
      0.6535124778747559,
      0.6146671772003174
    ],
    [
      3.6615302562713623,
      1.6814672946929932,
      51.03377914428711,
      53.360679626464844,
      91.94441986083984,
      85.40792846679688,
      83.11273193359375,
      113.47457122802734,
      39.51198959350586,
      27.566024780273438,
      28.905078887939453,
      17.557531356811523,
      4.584575653076172,
      2.02436900138855,
      1.8297196626663208,
      1.4288369417190552,
      1.7650108337402344,
      1.7338320016860962
    ],
    [
      3.630512237548828,
      1.5660674571990967,
      44.355674743652344,
      41.48100662231445,
      40.82408142089844,
      57.30619812011719,
      37.620365142822266,
      39.51198959350586,
      43.983848571777344,
      29.018592834472656,
      23.59820556640625,
      13.392108917236328,
      4.406924247741699,
      2.1309053897857666,
      2.0294787883758545,
      1.8127304315567017,
      2.4961917400360107,
      2.4668631553649902
    ],
    [
      2.4353301525115967,
      0.981245756149292,
      29.445632934570312,
      27.408893585205078,
      29.09021759033203,
      39.10954666137695,
      26.90736961364746,
      27.566024780273438,
      29.018592834472656,
      22.65303611755371,
      15.443672180175781,
      8.684590339660645,
      2.7716100215911865,
      1.357780933380127,
      1.327078938484192,
      1.1688529253005981,
      1.6217800378799438,
      1.5953364372253418
    ],
    [
      1.9304053783416748,
      0.8195080757141113,
      39.117759704589844,
      38.09675216674805,
      24.313907623291016,
      39.17253494262695,
      20.238637924194336,
      28.905078887939453,
      23.59820556640625,
      15.443672180175781,
      25.328325271606445,
      14.77951717376709,
      4.233348369598389,
      1.9588749408721924,
      1.6416922807693481,
      1.4738487005233765,
      2.0174002647399902,
      2.034219980239868
    ],
    [
      1.1094831228256226,
      0.46400442719459534,
      23.726484298706055,
      22.88371467590332,
      14.129741668701172,
      22.971752166748047,
      12.356415748596191,
      17.557531356811523,
      13.392108917236328,
      8.684590339660645,
      14.77951717376709,
      10.198200225830078,
      2.6510512828826904,
      1.2007602453231812,
      0.9602554440498352,
      0.8566934466362,
      1.173175573348999,
      1.179970622062683
    ],
    [
      0.36593344807624817,
      0.15524396300315857,
      6.80493688583374,
      6.2045793533325195,
      3.584608554840088,
      6.648132801055908,
      3.0756452083587646,
      4.584575653076172,
      4.406924247741699,
      2.7716100215911865,
      4.233348369598389,
      2.6510512828826904,
      1.0446360111236572,
      0.414546400308609,
      0.3001214265823364,
      0.26623663306236267,
      0.3620138168334961,
      0.3653872013092041
    ],
    [
      0.20790605247020721,
      0.08973947167396545,
      3.4200150966644287,
      3.1682629585266113,
      1.594082236289978,
      3.5128207206726074,
      1.1635404825210571,
      2.02436900138855,
      2.1309053897857666,
      1.357780933380127,
      1.9588749408721924,
      1.2007602453231812,
      0.414546400308609,
      0.21244968473911285,
      0.1597622185945511,
      0.1449977606534958,
      0.19807280600070953,
      0.19839181005954742
    ],
    [
      0.24555183947086334,
      0.11671338975429535,
      3.2193944454193115,
      3.090852975845337,
      1.5697734355926514,
      3.9077184200286865,
      1.071366786956787,
      1.8297196626663208,
      2.0294787883758545,
      1.327078938484192,
      1.6416922807693481,
      0.9602554440498352,
      0.3001214265823364,
      0.1597622185945511,
      0.1744079291820526,
      0.15485221147537231,
      0.2152080535888672,
      0.21409738063812256
    ],
    [
      0.22428926825523376,
      0.10663866251707077,
      2.9611594676971436,
      2.820375680923462,
      1.1466830968856812,
      3.4482789039611816,
      0.6283518075942993,
      1.4288369417190552,
      1.8127304315567017,
      1.1688529253005981,
      1.4738487005233765,
      0.8566934466362,
      0.26623663306236267,
      0.1449977606534958,
      0.15485221147537231,
      0.14773724973201752,
      0.20011983811855316,
      0.19938333332538605
    ],
    [
      0.31547513604164124,
      0.1463211327791214,
      4.110462665557861,
      3.8873348236083984,
      1.3958897590637207,
      4.7606916427612305,
      0.6535124778747559,
      1.7650108337402344,
      2.4961917400360107,
      1.6217800378799438,
      2.0174002647399902,
      1.173175573348999,
      0.3620138168334961,
      0.19807280600070953,
      0.2152080535888672,
      0.20011983811855316,
      0.2863588035106659,
      0.2799045443534851
    ],
    [
      0.3075326681137085,
      0.14557544887065887,
      4.091404438018799,
      3.869666576385498,
      1.376232624053955,
      4.6981987953186035,
      0.6146671772003174,
      1.7338320016860962,
      2.4668631553649902,
      1.5953364372253418,
      2.034219980239868,
      1.179970622062683,
      0.3653872013092041,
      0.19839181005954742,
      0.21409738063812256,
      0.19938333332538605,
      0.2799045443534851,
      0.28433457016944885
    ]
  ],
  "damage": -14.31951904296875,
  "diff_bandwidth": 831.6006469726562,
  "dissonance": -3.5641350426350433,
  "drr": -17.83545684814453,
  "dynamics": 6.921086311340332,
  "format": 1245190,
  "frames": 1142720,
  "loudness": -32.15715789794922,
  "loudness_range": 21.97715187072754,
  "loudness_range_short": 23.236722946166992,
  "lowpass_true_peak_15khz": -16.070119857788086,
  "mastering3_acoustic_entropies": [
    {
      "acoustic_entropy": 4.468564987182617,
      "acoustic_entropy_mono": 4.097045421600342,
      "band_eliminated_acoustic_entropies": [
        {
          "acoustic_entropy": 4.468564987182617,
          "acoustic_entropy_side": 4.468564987182617,
          "hz": 129.47220167065723
        },
        {
          "acoustic_entropy": 4.468565464019775,
          "acoustic_entropy_side": 4.468564510345459,
          "hz": 202.92927478742237
        },
        {
          "acoustic_entropy": 4.468530178070068,
          "acoustic_entropy_side": 4.468552589416504,
          "hz": 282.89161906338205
        },
        {
          "acoustic_entropy": 4.445769309997559,
          "acoustic_entropy_side": 4.436398506164551,
          "hz": 369.9353335868758
        },
        {
          "acoustic_entropy": 4.459500789642334,
          "acoustic_entropy_side": 4.4496073722839355,
          "hz": 464.6875360973435
        },
        {
          "acoustic_entropy": 4.492676734924316,
          "acoustic_entropy_side": 4.468279838562012,
          "hz": 567.8308811364784
        },
        {
          "acoustic_entropy": 4.450157642364502,
          "acoustic_entropy_side": 4.478256702423096,
          "hz": 680.1084783214808
        },
        {
          "acoustic_entropy": 4.321121692657471,
          "acoustic_entropy_side": 4.353382110595703,
          "hz": 802.3292461747484
        },
        {
          "acoustic_entropy": 4.534699440002441,
          "acoustic_entropy_side": 4.691130638122559,
          "hz": 935.3737400823702
        },
        {
          "acoustic_entropy": 3.6001381874084473,
          "acoustic_entropy_side": 4.487796783447266,
          "hz": 1080.2004963696966
        },
        {
          "acoustic_entropy": 4.315724849700928,
          "acoustic_entropy_side": 4.443282127380371,
          "hz": 1237.8529382007157
        },
        {
          "acoustic_entropy": 4.497334003448486,
          "acoustic_entropy_side": 4.468708515167236,
          "hz": 1409.4668930556702
        },
        {
          "acoustic_entropy": 4.469196319580078,
          "acoustic_entropy_side": 4.468544960021973,
          "hz": 1596.2787759475705
        },
        {
          "acoustic_entropy": 4.469258785247803,
          "acoustic_entropy_side": 4.468611240386963,
          "hz": 1799.6344973346393
        },
        {
          "acoustic_entropy": 4.468484878540039,
          "acoustic_entropy_side": 4.468544006347656,
          "hz": 2020.9991599069049
        },
        {
          "acoustic_entropy": 4.46866512298584,
          "acoustic_entropy_side": 4.468764781951904,
          "hz": 2261.9676141086993
        },
        {
          "acoustic_entropy": 4.468816757202148,
          "acoustic_entropy_side": 4.46859073638916,
          "hz": 2524.2759484456974
        },
        {
          "acoustic_entropy": 4.468644142150879,
          "acoustic_entropy_side": 4.468573570251465,
          "hz": 2809.813997359896
        },
        {
          "acoustic_entropy": 4.468599319458008,
          "acoustic_entropy_side": 4.468567371368408,
          "hz": 3120.6389567871424
        },
        {
          "acoustic_entropy": 4.468440532684326,
          "acoustic_entropy_side": 4.468552589416504,
          "hz": 3458.990205492291
        },
        {
          "acoustic_entropy": 4.468496322631836,
          "acoustic_entropy_side": 4.468557834625244,
          "hz": 3827.305438964164
        },
        {
          "acoustic_entropy": 4.468363285064697,
          "acoustic_entropy_side": 4.468540668487549,
          "hz": 4228.238232109126
        },
        {
          "acoustic_entropy": 4.468545436859131,
          "acoustic_entropy_side": 4.468563556671143,
          "hz": 4664.6771572759235
        },
        {
          "acoustic_entropy": 4.468562602996826,
          "acoustic_entropy_side": 4.468564510345459,
          "hz": 5139.766595350093
        },
        {
          "acoustic_entropy": 4.468564510345459,
          "acoustic_entropy_side": 4.468564987182617,
          "hz": 5656.929389854203
        },
        {
          "acoustic_entropy": 4.468564987182617,
          "acoustic_entropy_side": 4.468564987182617,
          "hz": 6219.891507268283
        },
        {
          "acoustic_entropy": 4.468564987182617,
          "acoustic_entropy_side": 4.468564987182617,
          "hz": 6832.70888123896
        },
        {
          "acoustic_entropy": 4.468564987182617,
          "acoustic_entropy_side": 4.468564987182617,
          "hz": 7499.796634079867
        },
        {
          "acoustic_entropy": 4.468564987182617,
          "acoustic_entropy_side": 4.468564987182617,
          "hz": 8225.96088609342
        },
        {
          "acoustic_entropy": 4.468564987182617,
          "acoustic_entropy_side": 4.468564987182617,
          "hz": 9016.43338188839
        },
        {
          "acoustic_entropy": 4.468564987182617,
          "acoustic_entropy_side": 4.468564987182617,
          "hz": 9876.909183162974
        },
        {
          "acoustic_entropy": 4.468564987182617,
          "acoustic_entropy_side": 4.468564987182617,
          "hz": 10813.587699516042
        },
        {
          "acoustic_entropy": 4.468564987182617,
          "acoustic_entropy_side": 4.468564987182617,
          "hz": 11833.21735289826
        },
        {
          "acoustic_entropy": 4.468564987182617,
          "acoustic_entropy_side": 4.468564987182617,
          "hz": 12943.144197493959
        },
        {
          "acoustic_entropy": 4.468564987182617,
          "acoustic_entropy_side": 4.468564987182617,
          "hz": 14151.364845322005
        },
        {
          "acoustic_entropy": 4.468564987182617,
          "acoustic_entropy_side": 4.468564987182617,
          "hz": 15466.58407886509
        },
        {
          "acoustic_entropy": 4.468564987182617,
          "acoustic_entropy_side": 4.468564987182617,
          "hz": 16898.27756580493
        },
        {
          "acoustic_entropy": 4.468564987182617,
          "acoustic_entropy_side": 4.468564987182617,
          "hz": 18456.760127700032
        },
        {
          "acoustic_entropy": 4.468564987182617,
          "acoustic_entropy_side": 4.468564987182617,
          "hz": 20153.260054456492
        },
        {
          "acoustic_entropy": 4.468564987182617,
          "acoustic_entropy_side": 4.468564987182617,
          "hz": 22000.00000000001
        }
      ],
      "diff_acoustic_entropy": 1.8263269662857056,
      "sn": 6
    },
    {
      "acoustic_entropy": 7.000183582305908,
      "acoustic_entropy_mono": 5.874387741088867,
      "band_eliminated_acoustic_entropies": [
        {
          "acoustic_entropy": 7.000183582305908,
          "acoustic_entropy_side": 7.000183582305908,
          "hz": 129.47220167065723
        },
        {
          "acoustic_entropy": 7.000198841094971,
          "acoustic_entropy_side": 7.000183582305908,
          "hz": 202.92927478742237
        },
        {
          "acoustic_entropy": 7.000448226928711,
          "acoustic_entropy_side": 7.000007152557373,
          "hz": 282.89161906338205
        },
        {
          "acoustic_entropy": 6.895967483520508,
          "acoustic_entropy_side": 6.714216709136963,
          "hz": 369.9353335868758
        },
        {
          "acoustic_entropy": 6.716496467590332,
          "acoustic_entropy_side": 6.934525012969971,
          "hz": 464.6875360973435
        },
        {
          "acoustic_entropy": 6.805019855499268,
          "acoustic_entropy_side": 6.993495941162109,
          "hz": 567.8308811364784
        },
        {
          "acoustic_entropy": 7.237753868103027,
          "acoustic_entropy_side": 6.9565815925598145,
          "hz": 680.1084783214808
        },
        {
          "acoustic_entropy": 7.122537136077881,
          "acoustic_entropy_side": 7.120936870574951,
          "hz": 802.3292461747484
        },
        {
          "acoustic_entropy": 6.68655252456665,
          "acoustic_entropy_side": 7.445344924926758,
          "hz": 935.3737400823702
        },
        {
          "acoustic_entropy": 6.12587308883667,
          "acoustic_entropy_side": 5.985759258270264,
          "hz": 1080.2004963696966
        },
        {
          "acoustic_entropy": 6.806987285614014,
          "acoustic_entropy_side": 6.880852699279785,
          "hz": 1237.8529382007157
        },
        {
          "acoustic_entropy": 6.822186470031738,
          "acoustic_entropy_side": 7.002549648284912,
          "hz": 1409.4668930556702
        },
        {
          "acoustic_entropy": 7.015007019042969,
          "acoustic_entropy_side": 7.001886367797852,
          "hz": 1596.2787759475705
        },
        {
          "acoustic_entropy": 7.030840873718262,
          "acoustic_entropy_side": 7.002495288848877,
          "hz": 1799.6344973346393
        },
        {
          "acoustic_entropy": 6.999167442321777,
          "acoustic_entropy_side": 6.9998884201049805,
          "hz": 2020.9991599069049
        },
        {
          "acoustic_entropy": 7.026263236999512,
          "acoustic_entropy_side": 7.017624855041504,
          "hz": 2261.9676141086993
        },
        {
          "acoustic_entropy": 7.024267673492432,
          "acoustic_entropy_side": 7.003609657287598,
          "hz": 2524.2759484456974
        },
        {
          "acoustic_entropy": 7.002289772033691,
          "acoustic_entropy_side": 7.000096321105957,
          "hz": 2809.813997359896
        },
        {
          "acoustic_entropy": 7.00058126449585,
          "acoustic_entropy_side": 7.000141620635986,
          "hz": 3120.6389567871424
        },
        {
          "acoustic_entropy": 6.999514102935791,
          "acoustic_entropy_side": 7.000068187713623,
          "hz": 3458.990205492291
        },
        {
          "acoustic_entropy": 7.000214576721191,
          "acoustic_entropy_side": 7.000192642211914,
          "hz": 3827.305438964164
        },
        {
          "acoustic_entropy": 7.0037922859191895,
          "acoustic_entropy_side": 7.000481128692627,
          "hz": 4228.238232109126
        },
        {
          "acoustic_entropy": 7.000662326812744,
          "acoustic_entropy_side": 7.000226020812988,
          "hz": 4664.6771572759235
        },
        {
          "acoustic_entropy": 7.000213146209717,
          "acoustic_entropy_side": 7.000186920166016,
          "hz": 5139.766595350093
        },
        {
          "acoustic_entropy": 7.000186920166016,
          "acoustic_entropy_side": 7.000184059143066,
          "hz": 5656.929389854203
        },
        {
          "acoustic_entropy": 7.00018835067749,
          "acoustic_entropy_side": 7.000184535980225,
          "hz": 6219.891507268283
        },
        {
          "acoustic_entropy": 7.0001959800720215,
          "acoustic_entropy_side": 7.000185489654541,
          "hz": 6832.70888123896
        },
        {
          "acoustic_entropy": 7.000185012817383,
          "acoustic_entropy_side": 7.000184059143066,
          "hz": 7499.796634079867
        },
        {
          "acoustic_entropy": 7.000184535980225,
          "acoustic_entropy_side": 7.000184059143066,
          "hz": 8225.96088609342
        },
        {
          "acoustic_entropy": 7.000184535980225,
          "acoustic_entropy_side": 7.000184059143066,
          "hz": 9016.43338188839
        },
        {
          "acoustic_entropy": 7.000185012817383,
          "acoustic_entropy_side": 7.000184059143066,
          "hz": 9876.909183162974
        },
        {
          "acoustic_entropy": 7.000185012817383,
          "acoustic_entropy_side": 7.000184535980225,
          "hz": 10813.587699516042
        },
        {
          "acoustic_entropy": 7.000184535980225,
          "acoustic_entropy_side": 7.000184535980225,
          "hz": 11833.21735289826
        },
        {
          "acoustic_entropy": 7.000185489654541,
          "acoustic_entropy_side": 7.000185012817383,
          "hz": 12943.144197493959
        },
        {
          "acoustic_entropy": 7.000186443328857,
          "acoustic_entropy_side": 7.000184535980225,
          "hz": 14151.364845322005
        },
        {
          "acoustic_entropy": 7.000186443328857,
          "acoustic_entropy_side": 7.000185012817383,
          "hz": 15466.58407886509
        },
        {
          "acoustic_entropy": 7.000186920166016,
          "acoustic_entropy_side": 7.000185489654541,
          "hz": 16898.27756580493
        },
        {
          "acoustic_entropy": 7.000187873840332,
          "acoustic_entropy_side": 7.000185489654541,
          "hz": 18456.760127700032
        },
        {
          "acoustic_entropy": 7.00018835067749,
          "acoustic_entropy_side": 7.000186443328857,
          "hz": 20153.260054456492
        },
        {
          "acoustic_entropy": 7.000187397003174,
          "acoustic_entropy_side": 7.000185489654541,
          "hz": 22000.00000000001
        }
      ],
      "diff_acoustic_entropy": 2.8101322650909424,
      "sn": 12
    },
    {
      "acoustic_entropy": 11.873613357543945,
      "acoustic_entropy_mono": 10.551109313964844,
      "band_eliminated_acoustic_entropies": [
        {
          "acoustic_entropy": 11.873453140258789,
          "acoustic_entropy_side": 11.873655319213867,
          "hz": 129.47220167065723
        },
        {
          "acoustic_entropy": 11.878805160522461,
          "acoustic_entropy_side": 11.873995780944824,
          "hz": 202.92927478742237
        },
        {
          "acoustic_entropy": 11.848084449768066,
          "acoustic_entropy_side": 11.874347686767578,
          "hz": 282.89161906338205
        },
        {
          "acoustic_entropy": 10.568957328796387,
          "acoustic_entropy_side": 11.495085716247559,
          "hz": 369.9353335868758
        },
        {
          "acoustic_entropy": 11.610108375549316,
          "acoustic_entropy_side": 11.485291481018066,
          "hz": 464.6875360973435
        },
        {
          "acoustic_entropy": 11.273311614990234,
          "acoustic_entropy_side": 12.10813045501709,
          "hz": 567.8308811364784
        },
        {
          "acoustic_entropy": 10.832274436950684,
          "acoustic_entropy_side": 11.41016674041748,
          "hz": 680.1084783214808
        },
        {
          "acoustic_entropy": 12.631278991699219,
          "acoustic_entropy_side": 12.706180572509766,
          "hz": 802.3292461747484
        },
        {
          "acoustic_entropy": 11.110422134399414,
          "acoustic_entropy_side": 11.93752670288086,
          "hz": 935.3737400823702
        },
        {
          "acoustic_entropy": 11.23388671875,
          "acoustic_entropy_side": 11.402185440063477,
          "hz": 1080.2004963696966
        },
        {
          "acoustic_entropy": 11.537463188171387,
          "acoustic_entropy_side": 12.121552467346191,
          "hz": 1237.8529382007157
        },
        {
          "acoustic_entropy": 11.955920219421387,
          "acoustic_entropy_side": 11.778996467590332,
          "hz": 1409.4668930556702
        },
        {
          "acoustic_entropy": 11.909135818481445,
          "acoustic_entropy_side": 11.885542869567871,
          "hz": 1596.2787759475705
        },
        {
          "acoustic_entropy": 11.52937126159668,
          "acoustic_entropy_side": 11.656317710876465,
          "hz": 1799.6344973346393
        },
        {
          "acoustic_entropy": 11.285168647766113,
          "acoustic_entropy_side": 11.880273818969727,
          "hz": 2020.9991599069049
        },
        {
          "acoustic_entropy": 11.73122787475586,
          "acoustic_entropy_side": 11.65084457397461,
          "hz": 2261.9676141086993
        },
        {
          "acoustic_entropy": 12.02979850769043,
          "acoustic_entropy_side": 12.0086030960083,
          "hz": 2524.2759484456974
        },
        {
          "acoustic_entropy": 11.913644790649414,
          "acoustic_entropy_side": 11.950119018554688,
          "hz": 2809.813997359896
        },
        {
          "acoustic_entropy": 11.68607234954834,
          "acoustic_entropy_side": 11.937104225158691,
