{
  "acoustic_entropy": 94.49752807617188,
  "bands": [
    {
      "high_freq": 148.1999969482422,
      "loudness": -31.44931411743164,
      "loudness_range": 25.121158599853516,
      "mid_mean": -31.784528732299805,
      "mid_to_side_loudness": -6.829843044281006,
      "mid_to_side_loudness_range": 16.781545639038086,
      "side_mean": -50.003440856933594
    },
    {
      "high_freq": 392.3793640136719,
      "loudness": -36.67381286621094,
      "loudness_range": 23.323726654052734,
      "low_freq": 148.1999969482422,
      "mid_mean": -38.74996566772461,
      "mid_to_side_loudness": -9.914924621582031,
      "mid_to_side_loudness_range": 13.620245933532715,
      "side_mean": -55.92416763305664
    },
    {
      "high_freq": 794.6976318359375,
      "loudness": -37.29180908203125,
      "loudness_range": 18.239242553710938,
      "low_freq": 392.3793640136719,
      "mid_mean": -39.461849212646484,
      "mid_to_side_loudness": -4.75801944732666,
      "mid_to_side_loudness_range": 12.26041316986084,
      "side_mean": -53.182640075683594
    },
    {
      "high_freq": 1457.5709228515625,
      "loudness": -36.096736907958984,
      "loudness_range": 17.702865600585938,
      "low_freq": 794.6976318359375,
      "mid_mean": -36.39523696899414,
      "mid_to_side_loudness": -7.101822853088379,
      "mid_to_side_loudness_range": 20.391782760620117,
      "side_mean": -54.66524124145508
    },
    {
      "high_freq": 2549.74365234375,
      "loudness": -31.64917755126953,
      "loudness_range": 23.474334716796875,
      "low_freq": 1457.5709228515625,
      "mid_mean": -32.12723922729492,
      "mid_to_side_loudness": -8.453353881835938,
      "mid_to_side_loudness_range": 18.700403213500977,
      "side_mean": -54.39397430419922
    },
    {
      "high_freq": 4349.24462890625,
      "loudness": -32.94179916381836,
      "loudness_range": 18.68822479248047,
      "low_freq": 2549.74365234375,
      "mid_mean": -33.31666564941406,
      "mid_to_side_loudness": -8.37439250946045,
      "mid_to_side_loudness_range": 20.02846336364746,
      "side_mean": -55.90152359008789
    },
    {
      "high_freq": 7314.1640625,
      "loudness": -37.335594177246094,
      "loudness_range": 22.48027992248535,
      "low_freq": 4349.24462890625,
      "mid_mean": -50.30615997314453,
      "mid_to_side_loudness": -9.922704696655273,
      "mid_to_side_loudness_range": 24.829130172729492,
      "side_mean": -59.85675811767578
    },
    {
      "high_freq": 12199.2666015625,
      "loudness": -48.24483871459961,
      "loudness_range": 19.578514099121094,
      "low_freq": 7314.1640625,
      "mid_mean": -55.361141204833984,
      "mid_to_side_loudness": -5.740538120269775,
      "mid_to_side_loudness_range": 16.57434844970703,
      "side_mean": -60.94144058227539
    },
    {
      "loudness": -52.160526275634766,
      "loudness_range": 17.60399627685547,
      "low_freq": 12199.2666015625,
      "mid_mean": -57.7435302734375,
      "mid_to_side_loudness": -4.777548789978027,
      "mid_to_side_loudness_range": 12.829323768615723,
      "side_mean": -62.21312713623047
    }
  ],
  "bands_short": [
    {
      "high_freq": 148.1999969482422,
      "loudness": -41.561641693115234,
      "loudness_range": 33.88396453857422,
      "mid_mean": -52.45264434814453,
      "mid_to_side_loudness": -4.930748462677002,
      "mid_to_side_loudness_range": 20.919429779052734,
      "side_mean": -57.72147750854492
    },
    {
      "high_freq": 392.3793640136719,
      "loudness": -31.542510986328125,
      "loudness_range": 28.40711212158203,
      "low_freq": 148.1999969482422,
      "mid_mean": -33.54647445678711,
      "mid_to_side_loudness": -6.248340129852295,
      "mid_to_side_loudness_range": 18.51459503173828,
      "side_mean": -50.52457809448242
    },
    {
      "high_freq": 794.6976318359375,
      "loudness": -37.711021423339844,
      "loudness_range": 20.4144229888916,
      "low_freq": 392.3793640136719,
      "mid_mean": -50.210670471191406,
      "mid_to_side_loudness": -4.926218032836914,
      "mid_to_side_loudness_range": 16.24325942993164,
      "side_mean": -54.6234245300293
    },
    {
      "high_freq": 1457.5709228515625,
      "loudness": -35.93821716308594,
      "loudness_range": 23.369735717773438,
      "low_freq": 794.6976318359375,
      "mid_mean": -39.00373840332031,
      "mid_to_side_loudness": -6.639804840087891,
      "mid_to_side_loudness_range": 22.02322006225586,
      "side_mean": -55.45855712890625
    },
    {
      "high_freq": 2549.74365234375,
      "loudness": -31.956741333007812,
      "loudness_range": 27.315507888793945,
      "low_freq": 1457.5709228515625,
      "mid_mean": -34.98134231567383,
      "mid_to_side_loudness": -7.938787460327148,
      "mid_to_side_loudness_range": 20.093820571899414,
      "side_mean": -55.362457275390625
    },
    {
      "high_freq": 4349.24462890625,
      "loudness": -33.37237548828125,
      "loudness_range": 24.557340621948242,
      "low_freq": 2549.74365234375,
      "mid_mean": -36.32401657104492,
      "mid_to_side_loudness": -7.973273754119873,
      "mid_to_side_loudness_range": 22.557281494140625,
      "side_mean": -57.04222106933594
    },
    {
      "high_freq": 7314.1640625,
      "loudness": -37.79205322265625,
      "loudness_range": 27.676212310791016,
      "low_freq": 4349.24462890625,
      "mid_mean": -51.98377227783203,
      "mid_to_side_loudness": -9.340364456176758,
      "mid_to_side_loudness_range": 25.351259231567383,
      "side_mean": -60.49577713012695
    },
    {
      "high_freq": 12199.2666015625,
      "loudness": -48.82560729980469,
      "loudness_range": 20.048294067382812,
      "low_freq": 7314.1640625,
      "mid_mean": -56.74794006347656,
      "mid_to_side_loudness": -5.618978500366211,
      "mid_to_side_loudness_range": 20.526472091674805,
      "side_mean": -61.85098648071289
    },
    {
      "loudness": -52.543235778808594,
      "loudness_range": 19.3287353515625,
      "low_freq": 12199.2666015625,
      "mid_mean": -58.75320053100586,
      "mid_to_side_loudness": -4.5550432205200195,
      "mid_to_side_loudness_range": 15.988059997558594,
      "side_mean": -62.88767623901367
    }
  ],
  "bandwidth": 667.3837280273438,
  "channels": 2,
  "covariance": [
    [
      209.886474609375,
      153.96075439453125,
      174.63726806640625,
      147.78109741210938,
      187.27584838867188,
      134.92832946777344,
      155.86880493164062,
      154.0481414794922,
      135.15394592285156,
      155.25071716308594,
      108.25189208984375,
      160.8589630126953,
      215.92381286621094,
      117.45787811279297,
      155.1684112548828,
      91.38178253173828,
      134.7191619873047,
      82.35821533203125
    ],
    [
      153.96075439453125,
      239.80844116210938,
      120.86399841308594,
      183.28536987304688,
      128.43165588378906,
      194.21377563476562,
      100.73194885253906,
      204.2552947998047,
      83.10105895996094,
      199.16404724121094,
      66.83706665039062,
      191.9984130859375,
      254.80499267578125,
      137.80331420898438,
      192.05812072753906,
      117.90849304199219,
      162.82098388671875,
      102.88908386230469
    ],
    [
      174.63726806640625,
      120.86399841308594,
      203.52928161621094,
      154.02845764160156,
      171.80990600585938,
      147.18040466308594,
      151.55567932128906,
      135.3009490966797,
      149.0785675048828,
      160.08502197265625,
      126.1275405883789,
      159.4317626953125,
      232.9677276611328,
      119.84965515136719,
      158.08079528808594,
      91.36661529541016,
      138.42543029785156,
      82.83850860595703
    ],
    [
      147.78109741210938,
      183.28536987304688,
      154.02845764160156,
      172.8435516357422,
      142.05825805664062,
      173.21572875976562,
      127.01435089111328,
      165.46678161621094,
      127.86592102050781,
      179.19381713867188,
      109.52442932128906,
      172.6095733642578,
      240.8093719482422,
      127.00298309326172,
      171.18145751953125,
      102.01648712158203,
      147.87440490722656,
      91.99121856689453
    ],
    [
      187.27584838867188,
      128.43165588378906,
      171.80990600585938,
      142.05825805664062,
      181.1080780029297,
      135.95700073242188,
      146.94068908691406,
      133.49305725097656,
      135.18601989746094,
      145.96145629882812,
      107.46961975097656,
      149.0113983154297,
      210.6839141845703,
      111.92383575439453,
      145.5248565673828,
      84.93103790283203,
      127.05211639404297,
      77.98819732666016
    ],
    [
      134.92832946777344,
      194.21377563476562,
      147.18040466308594,
      173.21572875976562,
      135.95700073242188,
      196.62432861328125,
      109.27667236328125,
      174.0336456298828,
      102.39010620117188,
      186.79129028320312,
      81.8866195678711,
      176.75326538085938,
      252.92929077148438,
      129.71482849121094,
      180.70391845703125,
      109.3054428100586,
      153.01243591308594,
      96.3594970703125
    ],
    [
      155.86880493164062,
      100.73194885253906,
      151.55567932128906,
      127.01435089111328,
      146.94068908691406,
      109.27667236328125,
      164.55540466308594,
      118.4921646118164,
      149.01007080078125,
      130.94888305664062,
      121.81546020507812,
      133.7942352294922,
      189.46849060058594,
      101.58021545410156,
      126.93653869628906,
      72.44642639160156,
      114.44725799560547,
      68.60618591308594
    ],
    [
      154.0481414794922,
      204.2552947998047,
      135.3009490966797,
      165.46678161621094,
      133.49305725097656,
      174.0336456298828,
      118.4921646118164,
      185.7779998779297,
      99.00154113769531,
      182.34255981445312,
      79.12592315673828,
      174.90982055664062,
      235.9445037841797,
      127.38458251953125,
      174.56932067871094,
      107.05876159667969,
      150.5470733642578,
      94.40709686279297
    ],
    [
      135.15394592285156,
      83.10105895996094,
      149.0785675048828,
      127.86592102050781,
      135.18601989746094,
      102.39010620117188,
      149.01007080078125,
      99.00154113769531,
      203.852783203125,
      130.0303497314453,
      172.019287109375,
      132.94801330566406,
      198.97991943359375,
      104.4200210571289,
      123.06185150146484,
      64.72020721435547,
      111.89702606201172,
      63.37527084350586
    ],
    [
      155.25071716308594,
      199.16404724121094,
      160.08502197265625,
      179.19381713867188,
      145.96145629882812,
      186.79129028320312,
      130.94888305664062,
      182.34255981445312,
      130.0303497314453,
      193.90025329589844,
      110.22341918945312,
      184.6790771484375,
      258.8453674316406,
      136.6292266845703,
      185.03628540039062,
      111.06297302246094,
      159.4677276611328,
      98.72516632080078
    ],
    [
      108.25189208984375,
      66.83706665039062,
      126.1275405883789,
      109.52442932128906,
      107.46961975097656,
      81.8866195678711,
      121.81546020507812,
      79.12592315673828,
      172.019287109375,
      110.22341918945312,
      170.98899841308594,
      113.28597259521484,
      169.15892028808594,
      89.01750183105469,
      101.97236633300781,
      51.95427322387695,
      94.31167602539062,
      51.87690734863281
    ],
    [
      160.8589630126953,
      191.9984130859375,
      159.4317626953125,
      172.6095733642578,
      149.0113983154297,
      176.75326538085938,
      133.7942352294922,
      174.90982055664062,
      132.94801330566406,
      184.6790771484375,
      113.28597259521484,
      179.51560974121094,
      248.11888122558594,
      131.60574340820312,
      178.8285675048828,
      107.19959259033203,
      154.0146484375,
      94.93437194824219
    ],
    [
      215.92381286621094,
      254.80499267578125,
      232.9677276611328,
      240.8093719482422,
      210.6839141845703,
      252.92929077148438,
      189.46849060058594,
      235.9445037841797,
      198.97991943359375,
      258.8453674316406,
      169.15892028808594,
      248.11888122558594,
      356.18475341796875,
      184.46556091308594,
      249.51499938964844,
      147.25076293945312,
      214.1082000732422,
      131.17666625976562
    ],
    [
      117.45787811279297,
      137.80331420898438,
      119.84965515136719,
      127.00298309326172,
      111.92383575439453,
      129.71482849121094,
      101.58021545410156,
      127.38458251953125,
      104.4200210571289,
      136.6292266845703,
      89.01750183105469,
      131.60574340820312,
      184.46556091308594,
      97.99493408203125,
      131.0828094482422,
      78.24037170410156,
      113.55953979492188,
      69.84835052490234
    ],
    [
      155.1684112548828,
      192.05812072753906,
      158.08079528808594,
      171.18145751953125,
      145.5248565673828,
      180.70391845703125,
      126.93653869628906,
      174.56932067871094,
      123.06185150146484,
      185.03628540039062,
      101.97236633300781,
      178.8285675048828,
      249.51499938964844,
      131.0828094482422,
      180.9271240234375,
      108.86489868164062,
      154.3823699951172,
      95.33320617675781
    ],
    [
      91.38178253173828,
      117.90849304199219,
      91.36661529541016,
      102.01648712158203,
      84.93103790283203,
      109.3054428100586,
      72.44642639160156,
      107.05876159667969,
      64.72020721435547,
      111.06297302246094,
      51.95427322387695,
      107.19959259033203,
      147.25076293945312,
      78.24037170410156,
      108.86489868164062,
      66.8635482788086,
      93.07560729980469,
      58.194644927978516
    ],
    [
      134.7191619873047,
      162.82098388671875,
      138.42543029785156,
      147.87440490722656,
      127.05211639404297,
      153.01243591308594,
      114.44725799560547,
      150.5470733642578,
      111.89702606201172,
      159.4677276611328,
      94.31167602539062,
      154.0146484375,
      214.1082000732422,
      113.55953979492188,
      154.3823699951172,
      93.07560729980469,
      133.44265747070312,
      82.36869812011719
    ],
    [
      82.35821533203125,
      102.88908386230469,
      82.83850860595703,
      91.99121856689453,
      77.98819732666016,
      96.3594970703125,
      68.60618591308594,
      94.40709686279297,
      63.37527084350586,
      98.72516632080078,
      51.87690734863281,
      94.93437194824219,
      131.17666625976562,
      69.84835052490234,
      95.33320617675781,
      58.194644927978516,
      82.36869812011719,
      51.78903579711914
    ]
  ],
  "covariance_short": [
    [
      297.5211486816406,
      208.3409881591797,
      200.72430419921875,
      246.8202362060547,
      289.7935485839844,
      214.06761169433594,
      192.42913818359375,
      219.19537353515625,
      186.70956420898438,
      227.132080078125,
      163.96575927734375,
      213.8318634033203,
      300.27459716796875,
      159.943115234375,
      216.7520751953125,
      128.08050537109375,
      185.67172241210938,
      111.15332794189453
    ],
    [
      208.3409881591797,
      164.05755615234375,
      137.627685546875,
      179.0815887451172,
      204.03797912597656,
      149.77267456054688,
      137.5719451904297,
      157.7445526123047,
      138.38832092285156,
      162.933837890625,
      123.26129150390625,
      154.03326416015625,
      215.18861389160156,
      115.125244140625,
      154.7266082763672,
      90.87763214111328,
      131.96673583984375,
      78.73336791992188
    ],
    [
      200.72430419921875,
      137.627685546875,
      233.28350830078125,
      159.69317626953125,
      208.7926483154297,
      155.17910766601562,
      198.7564239501953,
      159.07981872558594,
      185.58489990234375,
      165.3600311279297,
      157.34695434570312,
      165.0121307373047,
      231.93617248535156,
      122.38418579101562,
      163.58375549316406,
      95.83015441894531,
      143.51821899414062,
      84.8766098022461
    ],
    [
      246.8202362060547,
      179.0815887451172,
      159.69317626953125,
      244.97158813476562,
      267.98016357421875,
      202.2892608642578,
      144.90635681152344,
      204.08868408203125,
      125.16111755371094,
      205.71192932128906,
      105.31841278076172,
      192.9176483154297,
      266.0908203125,
      140.15704345703125,
      192.59591674804688,
      115.53350830078125,
      164.57777404785156,
      101.13714599609375
    ],
    [
      289.7935485839844,
      204.03797912597656,
      208.7926483154297,
      267.98016357421875,
      322.8133850097656,
      246.8095703125,
      199.76812744140625,
      231.5961456298828,
      195.36700439453125,
      244.0155029296875,
      166.99069213867188,
      227.82972717285156,
      324.49591064453125,
      170.40432739257812,
      230.01527404785156,
      137.2947235107422,
      196.93386840820312,
      121.27256774902344
    ],
    [
      214.06761169433594,
      149.77267456054688,
      155.17910766601562,
      202.2892608642578,
      246.8095703125,
      197.41416931152344,
      146.64703369140625,
      172.31346130371094,
      146.99435424804688,
      186.14015197753906,
      127.29911804199219,
      172.27532958984375,
      248.33432006835938,
      129.56407165527344,
      175.55001831054688,
      105.2647476196289,
      149.62985229492188,
      93.40150451660156
    ],
    [
      192.42913818359375,
      137.5719451904297,
      198.7564239501953,
      144.90635681152344,
      199.76812744140625,
      146.64703369140625,
      227.37802124023438,
      157.3408966064453,
      211.3295440673828,
      169.82037353515625,
      183.26951599121094,
      165.4644317626953,
      241.08758544921875,
      128.19400024414062,
      160.7982940673828,
      91.73487854003906,
      143.7362518310547,
      84.7754135131836
    ],
    [
      219.19537353515625,
      157.7445526123047,
      159.07981872558594,
      204.08868408203125,
      231.5961456298828,
      172.31346130371094,
      157.3408966064453,
      187.29501342773438,
      140.8926544189453,
      183.426025390625,
      123.59888458251953,
      170.4463653564453,
      238.0307159423828,
      126.9756088256836,
      169.8877410888672,
      101.33222961425781,
      147.70018005371094,
      89.90401458740234
    ],
    [
      186.70956420898438,
      138.38832092285156,
      185.58489990234375,
      125.16111755371094,
      195.36700439453125,
      146.99435424804688,
      211.3295440673828,
      140.8926544189453,
      272.535888671875,
      169.78672790527344,
      237.99354553222656,
      169.41534423828125,
      256.4456481933594,
      134.31112670898438,
      162.63197326660156,
      87.95257568359375,
      144.06655883789062,
      82.54069519042969
    ],
    [
      227.132080078125,
      162.933837890625,
      165.3600311279297,
      205.71192932128906,
      244.0155029296875,
      186.14015197753906,
      169.82037353515625,
      183.426025390625,
      169.78672790527344,
      196.35662841796875,
      151.2749786376953,
      180.76824951171875,
      257.4822998046875,
      137.3614501953125,
      180.63238525390625,
      106.84429168701172,
      156.7180633544922,
      95.4629135131836
    ],
    [
      163.96575927734375,
      123.26129150390625,
      157.34695434570312,
      105.31841278076172,
      166.99069213867188,
      127.29911804199219,
      183.26951599121094,
      123.59888458251953,
      237.99354553222656,
      151.2749786376953,
      241.15504455566406,
      153.13589477539062,
      229.74093627929688,
      121.64423370361328,
      146.72984313964844,
      79.01966094970703,
      130.84689331054688,
      73.9075927734375
    ],
    [
      213.8318634033203,
      154.03326416015625,
      165.0121307373047,
      192.9176483154297,
      227.82972717285156,
      172.27532958984375,
      165.4644317626953,
      170.4463653564453,
      169.41534423828125,
      180.76824951171875,
      153.13589477539062,
      173.29934692382812,
      241.5386962890625,
      128.97607421875,
      171.68649291992188,
      102.32058715820312,
      148.55978393554688,
      90.51848602294922
    ],
    [
      300.27459716796875,
      215.18861389160156,
      231.93617248535156,
      266.0908203125,
      324.49591064453125,
      248.33432006835938,
      241.08758544921875,
      238.0307159423828,
      256.4456481933594,
      257.4822998046875,
      229.74093627929688,
      241.5386962890625,
      348.8117370605469,
      184.1076202392578,
      241.81460571289062,
      141.42723083496094,
      208.8061981201172,
      126.85357666015625
    ],
    [
      159.943115234375,
      115.125244140625,
      122.38418579101562,
      140.15704345703125,
      170.40432739257812,
      129.56407165527344,
      128.19400024414062,
      126.9756088256836,
      134.31112670898438,
      137.3614501953125,
      121.64423370361328,
      128.97607421875,
      184.1076202392578,
      100.10983276367188,
      128.9115753173828,
      76.70115661621094,
      112.7281723022461,
      68.67090606689453
    ],
    [
      216.7520751953125,
      154.7266082763672,
      163.58375549316406,
      192.59591674804688,
      230.01527404785156,
      175.55001831054688,
      160.7982940673828,
      169.8877410888672,
      162.63197326660156,
      180.63238525390625,
      146.72984313964844,
      171.68649291992188,
      241.81460571289062,
      128.9115753173828,
      174.86851501464844,
      104.33647155761719,
      149.53054809570312,
      91.23136901855469
    ],
    [
      128.08050537109375,
      90.87763214111328,
      95.83015441894531,
      115.53350830078125,
      137.2947235107422,
      105.2647476196289,
      91.73487854003906,
      101.33222961425781,
      87.95257568359375,
      106.84429168701172,
      79.01966094970703,
      102.32058715820312,
      141.42723083496094,
      76.70115661621094,
      104.33647155761719,
      64.72975158691406,
      89.82311248779297,
      56.07410430908203
    ],
    [
      185.67172241210938,
      131.96673583984375,
      143.51821899414062,
      164.57777404785156,
      196.93386840820312,
      149.62985229492188,
      143.7362518310547,
      147.70018005371094,
      144.06655883789062,
      156.7180633544922,
      130.84689331054688,
      148.55978393554688,
      208.8061981201172,
      112.7281723022461,
      149.53054809570312,
      89.82311248779297,
      130.729248046875,
      79.765869140625
    ],
    [
      111.15332794189453,
      78.73336791992188,
      84.8766098022461,
      101.13714599609375,
      121.27256774902344,
      93.40150451660156,
      84.7754135131836,
      89.90401458740234,
      82.54069519042969,
      95.4629135131836,
      73.9075927734375,
      90.51848602294922,
      126.85357666015625,
      68.67090606689453,
      91.23136901855469,
      56.07410430908203,
      79.765869140625,
      50.35160446166992
    ]
  ],
  "damage": -14.710957527160645,
  "diff_bandwidth": 688.78515625,
  "dissonance": 6.258538568620792,
  "drr": 1.6177988052368164,
  "dynamics": 6.933248996734619,
  "format": 1245190,
  "frames": 233472,
  "loudness": -20.449460983276367,
  "loudness_range": 20.661849975585938,
  "loudness_range_short": 27.50762939453125,
  "lowpass_true_peak_15khz": -3.1046102046966553,
  "mastering3_acoustic_entropies": [
    {
      "acoustic_entropy": 4.612137794494629,
      "acoustic_entropy_mono": 4.449338436126709,
      "band_eliminated_acoustic_entropies": [
        {
          "acoustic_entropy": 4.607184410095215,
          "acoustic_entropy_side": 4.61224365234375,
          "hz": 129.47220167065723
        },
        {
          "acoustic_entropy": 4.72730016708374,
          "acoustic_entropy_side": 4.616941928863525,
          "hz": 202.92927478742237
        },
        {
          "acoustic_entropy": 4.662818908691406,
          "acoustic_entropy_side": 4.610251426696777,
          "hz": 282.89161906338205
        },
        {
          "acoustic_entropy": 4.591743469238281,
          "acoustic_entropy_side": 4.619028568267822,
          "hz": 369.9353335868758
        },
        {
          "acoustic_entropy": 4.646146297454834,
          "acoustic_entropy_side": 4.6145524978637695,
          "hz": 464.6875360973435
        },
        {
          "acoustic_entropy": 4.562237739562988,
          "acoustic_entropy_side": 4.575893878936768,
          "hz": 567.8308811364784
        },
        {
          "acoustic_entropy": 4.665975093841553,
          "acoustic_entropy_side": 4.535811424255371,
          "hz": 680.1084783214808
        },
        {
          "acoustic_entropy": 4.742095470428467,
          "acoustic_entropy_side": 4.613020896911621,
          "hz": 802.3292461747484
        },
        {
          "acoustic_entropy": 4.518087387084961,
          "acoustic_entropy_side": 4.613211154937744,
          "hz": 935.3737400823702
        },
        {
          "acoustic_entropy": 4.305423259735107,
          "acoustic_entropy_side": 4.536365985870361,
          "hz": 1080.2004963696966
        },
        {
          "acoustic_entropy": 4.555408954620361,
          "acoustic_entropy_side": 4.391861438751221,
          "hz": 1237.8529382007157
        },
        {
          "acoustic_entropy": 4.691580295562744,
          "acoustic_entropy_side": 4.624233722686768,
          "hz": 1409.4668930556702
        },
        {
          "acoustic_entropy": 4.78389310836792,
          "acoustic_entropy_side": 4.5902557373046875,
          "hz": 1596.2787759475705
        },
        {
          "acoustic_entropy": 4.831081867218018,
          "acoustic_entropy_side": 4.6152520179748535,
          "hz": 1799.6344973346393
        },
        {
          "acoustic_entropy": 4.585873603820801,
          "acoustic_entropy_side": 4.605423927307129,
          "hz": 2020.9991599069049
        },
        {
          "acoustic_entropy": 4.440281391143799,
          "acoustic_entropy_side": 4.608000755310059,
          "hz": 2261.9676141086993
        },
        {
          "acoustic_entropy": 4.736648082733154,
          "acoustic_entropy_side": 4.594095706939697,
          "hz": 2524.2759484456974
        },
        {
          "acoustic_entropy": 4.500732898712158,
          "acoustic_entropy_side": 4.60425329208374,
          "hz": 2809.813997359896
        },
        {
          "acoustic_entropy": 4.565360069274902,
          "acoustic_entropy_side": 4.583330154418945,
          "hz": 3120.6389567871424
        },
        {
          "acoustic_entropy": 4.59536075592041,
          "acoustic_entropy_side": 4.59052038192749,
          "hz": 3458.990205492291
        },
        {
          "acoustic_entropy": 4.551193714141846,
          "acoustic_entropy_side": 4.572918891906738,
          "hz": 3827.305438964164
        },
        {
          "acoustic_entropy": 4.655659198760986,
          "acoustic_entropy_side": 4.619792461395264,
          "hz": 4228.238232109126
        },
        {
          "acoustic_entropy": 4.626229763031006,
          "acoustic_entropy_side": 4.60509729385376,
          "hz": 4664.6771572759235
        },
        {
          "acoustic_entropy": 4.656953811645508,
          "acoustic_entropy_side": 4.61198091506958,
          "hz": 5139.766595350093
        },
        {
          "acoustic_entropy": 4.4770188331604,
          "acoustic_entropy_side": 4.612314701080322,
          "hz": 5656.929389854203
        },
        {
          "acoustic_entropy": 4.633853912353516,
          "acoustic_entropy_side": 4.611843109130859,
          "hz": 6219.891507268283
        },
        {
          "acoustic_entropy": 4.654701232910156,
          "acoustic_entropy_side": 4.611945152282715,
          "hz": 6832.70888123896
        },
        {
          "acoustic_entropy": 4.726101875305176,
          "acoustic_entropy_side": 4.61154842376709,
          "hz": 7499.796634079867
        },
        {
          "acoustic_entropy": 4.708564758300781,
          "acoustic_entropy_side": 4.612386703491211,
          "hz": 8225.96088609342
        },
        {
          "acoustic_entropy": 4.643966197967529,
          "acoustic_entropy_side": 4.612478733062744,
          "hz": 9016.43338188839
        },
        {
          "acoustic_entropy": 4.606503963470459,
          "acoustic_entropy_side": 4.612106800079346,
          "hz": 9876.909183162974
        },
        {
          "acoustic_entropy": 4.611395835876465,
          "acoustic_entropy_side": 4.612158298492432,
          "hz": 10813.587699516042
        },
        {
          "acoustic_entropy": 4.598062038421631,
          "acoustic_entropy_side": 4.6121063232421875,
          "hz": 11833.21735289826
        },
        {
          "acoustic_entropy": 4.591567039489746,
          "acoustic_entropy_side": 4.612084865570068,
          "hz": 12943.144197493959
        },
        {
          "acoustic_entropy": 4.606451988220215,
          "acoustic_entropy_side": 4.612206935882568,
          "hz": 14151.364845322005
        },
        {
          "acoustic_entropy": 4.587827205657959,
          "acoustic_entropy_side": 4.612088680267334,
          "hz": 15466.58407886509
        },
        {
          "acoustic_entropy": 4.5957794189453125,
          "acoustic_entropy_side": 4.611919403076172,
          "hz": 16898.27756580493
        },
        {
          "acoustic_entropy": 4.611445903778076,
          "acoustic_entropy_side": 4.612096309661865,
          "hz": 18456.760127700032
        },
        {
          "acoustic_entropy": 4.606457710266113,
          "acoustic_entropy_side": 4.612110614776611,
          "hz": 20153.260054456492
        },
        {
          "acoustic_entropy": 4.611952304840088,
          "acoustic_entropy_side": 4.612138271331787,
          "hz": 22000.00000000001
        }
      ],
      "diff_acoustic_entropy": 4.555464744567871,
      "sn": 6
    },
    {
      "acoustic_entropy": 7.112758636474609,
      "acoustic_entropy_mono": 6.205648422241211,
      "band_eliminated_acoustic_entropies": [
        {
          "acoustic_entropy": 7.129359245300293,
          "acoustic_entropy_side": 7.11460542678833,
          "hz": 129.47220167065723
        },
        {
          "acoustic_entropy": 6.883977890014648,
          "acoustic_entropy_side": 7.077689170837402,
          "hz": 202.92927478742237
        },
        {
          "acoustic_entropy": 7.094085693359375,
          "acoustic_entropy_side": 7.087641716003418,
          "hz": 282.89161906338205
        },
        {
          "acoustic_entropy": 6.791916370391846,
          "acoustic_entropy_side": 6.877851486206055,
          "hz": 369.9353335868758
        },
        {
          "acoustic_entropy": 7.145615577697754,
          "acoustic_entropy_side": 7.1348748207092285,
          "hz": 464.6875360973435
        },
        {
          "acoustic_entropy": 7.0928497314453125,
          "acoustic_entropy_side": 7.161568641662598,
          "hz": 567.8308811364784
        },
        {
          "acoustic_entropy": 6.874424457550049,
          "acoustic_entropy_side": 6.977952480316162,
          "hz": 680.1084783214808
        },
        {
          "acoustic_entropy": 7.39118766784668,
          "acoustic_entropy_side": 7.105959415435791,
          "hz": 802.3292461747484
        },
        {
          "acoustic_entropy": 6.748269081115723,
          "acoustic_entropy_side": 7.119372367858887,
          "hz": 935.3737400823702
        },
        {
          "acoustic_entropy": 6.897012710571289,
          "acoustic_entropy_side": 7.197039604187012,
          "hz": 1080.2004963696966
        },
        {
          "acoustic_entropy": 7.072977542877197,
          "acoustic_entropy_side": 6.8237504959106445,
          "hz": 1237.8529382007157
        },
        {
          "acoustic_entropy": 6.9960174560546875,
          "acoustic_entropy_side": 7.124837875366211,
          "hz": 1409.4668930556702
        },
        {
          "acoustic_entropy": 7.0096964836120605,
          "acoustic_entropy_side": 7.1145100593566895,
          "hz": 1596.2787759475705
        },
        {
          "acoustic_entropy": 7.162337779998779,
          "acoustic_entropy_side": 7.124101161956787,
          "hz": 1799.6344973346393
        },
        {
          "acoustic_entropy": 7.194116115570068,
          "acoustic_entropy_side": 7.1390604972839355,
          "hz": 2020.9991599069049
        },
        {
          "acoustic_entropy": 6.8488335609436035,
          "acoustic_entropy_side": 6.94565486907959,
          "hz": 2261.9676141086993
        },
        {
          "acoustic_entropy": 6.76202917098999,
          "acoustic_entropy_side": 7.02572774887085,
          "hz": 2524.2759484456974
        },
        {
          "acoustic_entropy": 7.1148576736450195,
          "acoustic_entropy_side": 7.105162143707275,
          "hz": 2809.813997359896
        },
        {
          "acoustic_entropy": 7.12657356262207,
          "acoustic_entropy_side": 7.113452911376953,
          "hz": 3120.6389567871424
        },
        {
          "acoustic_entropy": 7.0099382400512695,
          "acoustic_entropy_side": 7.073363304138184,
          "hz": 3458.990205492291
        },
        {
          "acoustic_entropy": 7.157808303833008,
          "acoustic_entropy_side": 7.158970832824707,
          "hz": 3827.305438964164
        },
        {
          "acoustic_entropy": 6.913188457489014,
          "acoustic_entropy_side": 6.941929340362549,
          "hz": 4228.238232109126
        },
        {
          "acoustic_entropy": 7.312190532684326,
          "acoustic_entropy_side": 7.148951530456543,
          "hz": 4664.6771572759235
        },
        {
          "acoustic_entropy": 7.042753219604492,
          "acoustic_entropy_side": 7.112905979156494,
          "hz": 5139.766595350093
        },
        {
          "acoustic_entropy": 7.1112165451049805,
          "acoustic_entropy_side": 7.12112283706665,
          "hz": 5656.929389854203
        },
        {
          "acoustic_entropy": 6.953799724578857,
          "acoustic_entropy_side": 7.110077857971191,
          "hz": 6219.891507268283
        },
        {
          "acoustic_entropy": 7.064979553222656,
          "acoustic_entropy_side": 7.111044883728027,
          "hz": 6832.70888123896
        },
        {
          "acoustic_entropy": 7.082183361053467,
          "acoustic_entropy_side": 7.111032962799072,
          "hz": 7499.796634079867
        },
        {
          "acoustic_entropy": 7.034433841705322,
          "acoustic_entropy_side": 7.108834743499756,
          "hz": 8225.96088609342
        },
        {
          "acoustic_entropy": 7.037537574768066,
          "acoustic_entropy_side": 7.113673210144043,
          "hz": 9016.43338188839
        },
        {
          "acoustic_entropy": 7.100481033325195,
          "acoustic_entropy_side": 7.112237453460693,
          "hz": 9876.909183162974
        },
        {
          "acoustic_entropy": 7.122158050537109,
          "acoustic_entropy_side": 7.1122260093688965,
          "hz": 10813.587699516042
        },
        {
          "acoustic_entropy": 7.160106658935547,
          "acoustic_entropy_side": 7.1121368408203125,
          "hz": 11833.21735289826
        },
        {
          "acoustic_entropy": 7.073002338409424,
          "acoustic_entropy_side": 7.107198238372803,
          "hz": 12943.144197493959
        },
        {
          "acoustic_entropy": 7.110002517700195,
          "acoustic_entropy_side": 7.110902309417725,
          "hz": 14151.364845322005
        },
        {
          "acoustic_entropy": 7.068767070770264,
          "acoustic_entropy_side": 7.11060905456543,
          "hz": 15466.58407886509
        },
        {
          "acoustic_entropy": 7.089149475097656,
          "acoustic_entropy_side": 7.112565994262695,
          "hz": 16898.27756580493
        },
        {
          "acoustic_entropy": 7.094176769256592,
          "acoustic_entropy_side": 7.112638473510742,
          "hz": 18456.760127700032
        },
        {
          "acoustic_entropy": 7.102593898773193,
          "acoustic_entropy_side": 7.112680912017822,
          "hz": 20153.260054456492
        },
        {
          "acoustic_entropy": 7.1114115715026855,
          "acoustic_entropy_side": 7.112753868103027,
          "hz": 22000.00000000001
        }
      ],
      "diff_acoustic_entropy": 6.723938465118408,
      "sn": 12
    },
    {
      "acoustic_entropy": 10.122209548950195,
      "acoustic_entropy_mono": 8.543448448181152,
      "band_eliminated_acoustic_entropies": [
        {
          "acoustic_entropy": 10.168539047241211,
          "acoustic_entropy_side": 10.102678298950195,
          "hz": 129.47220167065723
        },
        {
          "acoustic_entropy": 10.672205924987793,
          "acoustic_entropy_side": 10.4115629196167,
          "hz": 202.92927478742237
        },
        {
          "acoustic_entropy": 10.326229095458984,
          "acoustic_entropy_side": 10.157918930053711,
          "hz": 282.89161906338205
        },
        {
          "acoustic_entropy": 10.584519386291504,
          "acoustic_entropy_side": 10.666958808898926,
          "hz": 369.9353335868758
        },
        {
          "acoustic_entropy": 10.33281421661377,
          "acoustic_entropy_side": 10.379127502441406,
          "hz": 464.6875360973435
        },
        {
          "acoustic_entropy": 10.475387573242188,
          "acoustic_entropy_side": 10.251941680908203,
          "hz": 567.8308811364784
        },
        {
          "acoustic_entropy": 10.703372955322266,
          "acoustic_entropy_side": 10.062695503234863,
          "hz": 680.1084783214808
        },
        {
          "acoustic_entropy": 10.179737091064453,
          "acoustic_entropy_side": 10.194915771484375,
          "hz": 802.3292461747484
        },
        {
          "acoustic_entropy": 10.282144546508789,
          "acoustic_entropy_side": 10.151693344116211,
          "hz": 935.3737400823702
        },
        {
          "acoustic_entropy": 10.258227348327637,
          "acoustic_entropy_side": 10.13592529296875,
          "hz": 1080.2004963696966
        },
        {
          "acoustic_entropy": 10.391463279724121,
          "acoustic_entropy_side": 10.17177963256836,
          "hz": 1237.8529382007157
        },
        {
          "acoustic_entropy": 10.344656944274902,
          "acoustic_entropy_side": 10.287079811096191,
          "hz": 1409.4668930556702
        },
        {
          "acoustic_entropy": 9.954182624816895,
          "acoustic_entropy_side": 10.083782196044922,
          "hz": 1596.2787759475705
        },
        {
          "acoustic_entropy": 10.326087951660156,
          "acoustic_entropy_side": 10.174483299255371,
          "hz": 1799.6344973346393
        },
        {
          "acoustic_entropy": 10.011212348937988,
          "acoustic_entropy_side": 10.131582260131836,
          "hz": 2020.9991599069049
        },
        {
          "acoustic_entropy": 10.486122131347656,
          "acoustic_entropy_side": 10.21755313873291,
          "hz": 2261.9676141086993
        },
        {
          "acoustic_entropy": 10.181594848632812,
          "acoustic_entropy_side": 9.992502212524414,
          "hz": 2524.2759484456974
        },
        {
          "acoustic_entropy": 10.281394004821777,
          "acoustic_entropy_side": 10.226171493530273,
          "hz": 2809.813997359896
        },
        {
          "acoustic_entropy": 10.114771842956543,
          "acoustic_entropy_side": 10.104729652404785,
          "hz": 3120.6389567871424
