{
  "acoustic_entropy": 129.11244201660156,
  "bands": [
    {
      "high_freq": 148.1999969482422,
      "loudness": -37.55446243286133,
      "loudness_range": 10.174072265625,
      "mid_mean": -36.237369537353516,
      "mid_to_side_loudness": -10.04736042022705,
      "mid_to_side_loudness_range": 9.362377166748047,
      "side_mean": -52.39297103881836
    },
    {
      "high_freq": 392.3793640136719,
      "loudness": -27.631746292114258,
      "loudness_range": 6.266811370849609,
      "low_freq": 148.1999969482422,
      "mid_mean": -25.900468826293945,
      "mid_to_side_loudness": -4.417529106140137,
      "mid_to_side_loudness_range": 10.313360214233398,
      "side_mean": -31.544509887695312
    },
    {
      "high_freq": 794.6976318359375,
      "loudness": -27.20902442932129,
      "loudness_range": 11.055173873901367,
      "low_freq": 392.3793640136719,
      "mid_mean": -26.503170013427734,
      "mid_to_side_loudness": -0.9456146359443665,
      "mid_to_side_loudness_range": 6.219594478607178,
      "side_mean": -28.367168426513672
    },
    {
      "high_freq": 1457.5709228515625,
      "loudness": -29.49939727783203,
      "loudness_range": 15.69943618774414,
      "low_freq": 794.6976318359375,
      "mid_mean": -28.73502540588379,
      "mid_to_side_loudness": -1.5337927341461182,
      "mid_to_side_loudness_range": 7.175713062286377,
      "side_mean": -30.832988739013672
    },
    {
      "high_freq": 2549.74365234375,
      "loudness": -36.14241027832031,
      "loudness_range": 8.528257369995117,
      "low_freq": 1457.5709228515625,
      "mid_mean": -36.19001007080078,
      "mid_to_side_loudness": 0.08434559404850006,
      "mid_to_side_loudness_range": 5.035793781280518,
      "side_mean": -36.12260437011719
    },
    {
      "high_freq": 4349.24462890625,
      "loudness": -41.730106353759766,
      "loudness_range": 12.295341491699219,
      "low_freq": 2549.74365234375,
      "mid_mean": -50.31792449951172,
      "mid_to_side_loudness": -0.6553115248680115,
      "mid_to_side_loudness_range": 4.666278839111328,
      "side_mean": -51.0586051940918
    },
    {
      "high_freq": 7314.1640625,
      "loudness": -56.33308029174805,
      "loudness_range": 18.611106872558594,
      "low_freq": 4349.24462890625,
      "mid_mean": -60.389644622802734,
      "mid_to_side_loudness": 0.98989337682724,
      "mid_to_side_loudness_range": 6.192537307739258,
      "side_mean": -60.21852493286133
    },
    {
      "high_freq": 12199.2666015625,
      "loudness": -69.69004821777344,
      "loudness_range": 20.220069885253906,
      "low_freq": 7314.1640625,
      "mid_mean": -67.42506408691406,
      "mid_to_side_loudness": 1.8760002851486206,
      "mid_to_side_loudness_range": 5.851569175720215,
      "side_mean": -67.31696319580078
    },
    {
      "loudness": -83.1189956665039,
      "loudness_range": 16.984878540039062,
      "low_freq": 12199.2666015625,
      "mid_mean": -69.8927001953125,
      "mid_to_side_loudness": 4.67790412902832,
      "mid_to_side_loudness_range": 16.199993133544922,
      "side_mean": -69.89554595947266
    }
  ],
  "bands_short": [
    {
      "high_freq": 148.1999969482422,
      "loudness": -42.51008987426758,
      "loudness_range": 19.548370361328125,
      "mid_mean": -44.61420822143555,
      "mid_to_side_loudness": -11.260513305664062,
      "mid_to_side_loudness_range": 17.923315048217773,
      "side_mean": -56.92207717895508
    },
    {
      "high_freq": 392.3793640136719,
      "loudness": -28.18376922607422,
      "loudness_range": 10.344120025634766,
      "low_freq": 148.1999969482422,
      "mid_mean": -26.890426635742188,
      "mid_to_side_loudness": -4.369792461395264,
      "mid_to_side_loudness_range": 14.461007118225098,
      "side_mean": -31.94167709350586
    },
    {
      "high_freq": 794.6976318359375,
      "loudness": -29.233936309814453,
      "loudness_range": 14.362325668334961,
      "low_freq": 392.3793640136719,
      "mid_mean": -28.464874267578125,
      "mid_to_side_loudness": -1.0184991359710693,
      "mid_to_side_loudness_range": 9.334925651550293,
      "side_mean": -30.458044052124023
    },
    {
      "high_freq": 1457.5709228515625,
      "loudness": -29.114505767822266,
      "loudness_range": 17.451189041137695,
      "low_freq": 794.6976318359375,
      "mid_mean": -28.57435417175293,
      "mid_to_side_loudness": -1.1667718887329102,
      "mid_to_side_loudness_range": 9.728495597839355,
      "side_mean": -30.08037567138672
    },
    {
      "high_freq": 2549.74365234375,
      "loudness": -36.69880676269531,
      "loudness_range": 10.79218864440918,
      "low_freq": 1457.5709228515625,
      "mid_mean": -36.784751892089844,
      "mid_to_side_loudness": 0.06808812916278839,
      "mid_to_side_loudness_range": 7.237894535064697,
      "side_mean": -36.88396072387695
    },
    {
      "high_freq": 4349.24462890625,
      "loudness": -42.66960144042969,
      "loudness_range": 14.94256591796875,
      "low_freq": 2549.74365234375,
      "mid_mean": -51.16145324707031,
      "mid_to_side_loudness": -0.5292251706123352,
      "mid_to_side_loudness_range": 7.0696635246276855,
      "side_mean": -51.728515625
    },
    {
      "high_freq": 7314.1640625,
      "loudness": -57.70354461669922,
      "loudness_range": 22.79269790649414,
      "low_freq": 4349.24462890625,
      "mid_mean": -61.219573974609375,
      "mid_to_side_loudness": 0.9559155106544495,
      "mid_to_side_loudness_range": 8.278682708740234,
      "side_mean": -61.12868881225586
    },
    {
      "high_freq": 12199.2666015625,
      "loudness": -72.47335815429688,
      "loudness_range": 23.61331558227539,
      "low_freq": 7314.1640625,
      "mid_mean": -68.35215759277344,
      "mid_to_side_loudness": 1.7960867881774902,
      "mid_to_side_loudness_range": 7.890368461608887,
      "side_mean": -68.28913116455078
    },
    {
      "loudness": -78.93016052246094,
      "loudness_range": 18.272972106933594,
      "low_freq": 12199.2666015625,
      "mid_mean": -69.92340850830078,
      "mid_to_side_loudness": 6.942690849304199,
      "mid_to_side_loudness_range": 25.902629852294922,
      "side_mean": -69.92244720458984
    }
  ],
  "bandwidth": 679.2980346679688,
  "channels": 2,
  "covariance": [
    [
      72.48334503173828,
      63.71688461303711,
      9.869961738586426,
      19.562047958374023,
      13.631962776184082,
      19.467737197875977,
      15.671679496765137,
      20.401897430419922,
      17.185821533203125,
      17.06146240234375,
      66.14903259277344,
      62.60101318359375,
      33.07512283325195,
      35.01005935668945,
      10.398510932922363,
      11.455286026000977,
      0.6681594252586365,
      0.5936444997787476
    ],
    [
      63.71688461303711,
      155.06939697265625,
      10.873811721801758,
      20.297962188720703,
      13.709603309631348,
      18.95423698425293,
      15.742022514343262,
      21.42128562927246,
      17.592803955078125,
      18.01845359802246,
      167.63433837890625,
      161.49757385253906,
      81.87952423095703,
      84.3375244140625,
      22.61927604675293,
      23.95380210876465,
      1.1175658702850342,
      1.002423882484436
    ],
    [
      9.869961738586426,
      10.873811721801758,
      26.85987091064453,
      20.347625732421875,
      18.272417068481445,
      18.453937530517578,
      20.254186630249023,
      17.326148986816406,
      19.28245735168457,
      18.633914947509766,
      21.891464233398438,
      21.591463088989258,
      17.070528030395508,
      16.613855361938477,
      5.93893575668335,
      6.126491546630859,
      0.35102757811546326,
      0.32713812589645386
    ],
    [
      19.562047958374023,
      20.297962188720703,
      20.347625732421875,
      34.71555709838867,
      20.146154403686523,
      26.650793075561523,
      22.260671615600586,
      23.05414581298828,
      24.195310592651367,
      24.107555389404297,
      27.04064178466797,
      25.828535079956055,
      16.80177116394043,
      16.968631744384766,
      4.996418476104736,
      5.610004901885986,
      0.4786938428878784,
      0.42427194118499756
    ],
    [
      13.631962776184082,
      13.709603309631348,
      18.272417068481445,
      20.146154403686523,
      32.37328338623047,
      27.111743927001953,
      16.251415252685547,
      18.012224197387695,
      24.08732032775879,
      20.013195037841797,
      24.955976486206055,
      23.682817459106445,
      19.936004638671875,
      20.124113082885742,
      6.047266483306885,
      6.856719017028809,
      0.39513927698135376,
      0.35153159499168396
    ],
    [
      19.467737197875977,
      18.95423698425293,
      18.453937530517578,
      26.650793075561523,
      27.111743927001953,
      33.81953048706055,
      22.723651885986328,
      23.62482452392578,
      27.263675689697266,
      24.690139770507812,
      29.274789810180664,
      27.070266723632812,
      21.17412567138672,
      22.5186824798584,
      7.9936394691467285,
      9.195352554321289,
      0.4515063464641571,
      0.38255438208580017
    ],
    [
      15.671679496765137,
      15.742022514343262,
      20.254186630249023,
      22.260671615600586,
      16.251415252685547,
      22.723651885986328,
      56.423606872558594,
      43.13566589355469,
      27.975399017333984,
      31.964191436767578,
      29.746334075927734,
      27.08128547668457,
      28.583106994628906,
      32.64137268066406,
      16.626495361328125,
      16.379167556762695,
      1.0666887760162354,
      1.004992127418518
    ],
    [
      20.401897430419922,
      21.42128562927246,
      17.326148986816406,
      23.05414581298828,
      18.012224197387695,
      23.62482452392578,
      43.13566589355469,
      42.05861282348633,
      25.893184661865234,
      28.72736930847168,
      30.817596435546875,
      28.912010192871094,
      23.8289794921875,
      27.608783721923828,
      12.212642669677734,
      12.303837776184082,
      0.7380973100662231,
      0.6888716220855713
    ],
    [
      17.185821533203125,
      17.592803955078125,
      19.28245735168457,
      24.195310592651367,
      24.08732032775879,
      27.263675689697266,
      27.975399017333984,
      25.893184661865234,
      29.251127243041992,
      25.747905731201172,
      30.418920516967773,
      28.635005950927734,
      23.410593032836914,
      25.733535766601562,
      9.936969757080078,
      11.044814109802246,
      0.7329778075218201,
      0.6788973212242126
    ],
    [
      17.06146240234375,
      18.01845359802246,
      18.633914947509766,
      24.107555389404297,
      20.013195037841797,
      24.690139770507812,
      31.964191436767578,
      28.72736930847168,
      25.747905731201172,
      26.745920181274414,
      27.16522789001465,
      25.489595413208008,
      20.81395721435547,
      22.6099853515625,
      9.697500228881836,
      9.905853271484375,
      0.6242872476577759,
      0.5805467963218689
    ],
    [
      66.14903259277344,
      167.63433837890625,
      21.891464233398438,
      27.04064178466797,
      24.955976486206055,
      29.274789810180664,
      29.746334075927734,
      30.817596435546875,
      30.418920516967773,
      27.16522789001465,
      201.5796356201172,
      194.09608459472656,
      106.93852996826172,
      109.3661117553711,
      32.67068099975586,
      34.694602966308594,
      1.6427010297775269,
      1.4646223783493042
    ],
    [
      62.60101318359375,
      161.49757385253906,
      21.591463088989258,
      25.828535079956055,
      23.682817459106445,
      27.070266723632812,
      27.08128547668457,
      28.912010192871094,
      28.635005950927734,
      25.489595413208008,
      194.09608459472656,
      188.46678161621094,
      103.67169189453125,
      105.29319763183594,
      30.873817443847656,
      32.83251953125,
      1.4921640157699585,
      1.3240160942077637
    ],
    [
      33.07512283325195,
      81.87952423095703,
      17.070528030395508,
      16.80177116394043,
      19.936004638671875,
      21.17412567138672,
      28.583106994628906,
      23.8289794921875,
      23.410593032836914,
      20.81395721435547,
      106.93852996826172,
      103.67169189453125,
      68.08453369140625,
      68.00070190429688,
      24.4105167388916,
      25.87757682800293,
      1.34640371799469,
      1.1994514465332031
    ],
    [
      35.01005935668945,
      84.3375244140625,
      16.613855361938477,
      16.968631744384766,
      20.124113082885742,
      22.5186824798584,
      32.64137268066406,
      27.608783721923828,
      25.733535766601562,
      22.6099853515625,
      109.3661117553711,
      105.29319763183594,
      68.00070190429688,
      70.75315856933594,
      25.255245208740234,
      26.982868194580078,
      1.4255038499832153,
      1.2847058773040771
    ],
    [
      10.398510932922363,
      22.61927604675293,
      5.93893575668335,
      4.996418476104736,
      6.047266483306885,
      7.9936394691467285,
      16.626495361328125,
      12.212642669677734,
      9.936969757080078,
      9.697500228881836,
      32.67068099975586,
      30.873817443847656,
      24.4105167388916,
      25.255245208740234,
      13.071928024291992,
      13.943808555603027,
      0.9803652167320251,
      0.8845186233520508
    ],
    [
      11.455286026000977,
      23.95380210876465,
      6.126491546630859,
      5.610004901885986,
      6.856719017028809,
      9.195352554321289,
      16.379167556762695,
      12.303837776184082,
      11.044814109802246,
      9.905853271484375,
      34.694602966308594,
      32.83251953125,
      25.87757682800293,
      26.982868194580078,
      13.943808555603027,
      15.24765396118164,
      1.1159517765045166,
      1.00209379196167
    ],
    [
      0.6681594252586365,
      1.1175658702850342,
      0.35102757811546326,
      0.4786938428878784,
      0.39513927698135376,
      0.4515063464641571,
      1.0666887760162354,
      0.7380973100662231,
      0.7329778075218201,
      0.6242872476577759,
      1.6427010297775269,
      1.4921640157699585,
      1.34640371799469,
      1.4255038499832153,
      0.9803652167320251,
      1.1159517765045166,
      0.18322588503360748,
      0.17006085813045502
    ],
    [
      0.5936444997787476,
      1.002423882484436,
      0.32713812589645386,
      0.42427194118499756,
      0.35153159499168396,
      0.38255438208580017,
      1.004992127418518,
      0.6888716220855713,
      0.6788973212242126,
      0.5805467963218689,
      1.4646223783493042,
      1.3240160942077637,
      1.1994514465332031,
      1.2847058773040771,
      0.8845186233520508,
      1.00209379196167,
      0.17006085813045502,
      0.15898987650871277
    ]
  ],
  "covariance_short": [
    [
      149.9746551513672,
      101.51659393310547,
      17.486251831054688,
      21.047950744628906,
      16.498092651367188,
      17.83675765991211,
      10.920469284057617,
      15.057576179504395,
      17.180143356323242,
      19.684072494506836,
      132.56446838378906,
      127.35231018066406,
      62.15703582763672,
      63.2576789855957,
      12.929204940795898,
      13.846277236938477,
      0.6198076009750366,
      0.5291221141815186
    ],
    [
      101.51659393310547,
      105.93960571289062,
      13.36740779876709,
      24.694244384765625,
      12.621369361877441,
      15.425870895385742,
      8.538320541381836,
      13.794897079467773,
      14.104360580444336,
      16.872987747192383,
      123.83114624023438,
      119.59862518310547,
      55.085670471191406,
      55.56686782836914,
      9.984025001525879,
      10.512099266052246,
      0.4645085334777832,
      0.38545775413513184
    ],
    [
      17.486251831054688,
      13.36740779876709,
      40.91007995605469,
      21.417245864868164,
      24.97163963317871,
      23.1094913482666,
      26.75946617126465,
      22.495332717895508,
      25.26073455810547,
      25.681793212890625,
      27.323251724243164,
      27.57933235168457,
      21.050498962402344,
      21.321317672729492,
      6.051673412322998,
      6.302360534667969,
      0.2657814919948578,
      0.25726833939552307
    ],
    [
      21.047950744628906,
      24.694244384765625,
      21.417245864868164,
      34.758487701416016,
      20.850536346435547,
      23.45270347595215,
      16.080324172973633,
      17.651079177856445,
      20.72625160217285,
      20.89388656616211,
      22.416820526123047,
      21.302339553833008,
      11.689946174621582,
      11.780133247375488,
      2.035057306289673,
      2.1900746822357178,
      0.21282100677490234,
      0.179513618350029
    ],
    [
      16.498092651367188,
      12.621369361877441,
      24.97163963317871,
      20.850536346435547,
      42.590423583984375,
      32.49065017700195,
      15.059043884277344,
      13.256668090820312,
      26.128421783447266,
      22.161766052246094,
      28.49911880493164,
      29.24209976196289,
      26.928436279296875,
      23.16455078125,
      5.872807025909424,
      7.012862205505371,
      0.4640968143939972,
      0.4045799672603607
    ],
    [
      17.83675765991211,
      15.425870895385742,
      23.1094913482666,
      23.45270347595215,
      32.49065017700195,
      36.42197799682617,
      15.631927490234375,
      16.477680206298828,
      25.50311851501465,
      23.14358139038086,
      28.364349365234375,
      28.65064811706543,
      26.247665405273438,
      23.662738800048828,
      6.209244728088379,
      7.273698806762695,
      0.4844496250152588,
      0.40952596068382263
    ],
    [
      10.920469284057617,
      8.538320541381836,
      26.75946617126465,
      16.080324172973633,
      15.059043884277344,
      15.631927490234375,
      58.94858169555664,
      41.686161041259766,
      28.70566749572754,
      32.82898712158203,
      30.66949462890625,
      27.435426712036133,
      26.03533172607422,
      31.124650955200195,
      13.620290756225586,
      13.697552680969238,
      0.8439686894416809,
      0.8042809367179871
    ],
    [
      15.057576179504395,
      13.794897079467773,
      22.495332717895508,
      17.651079177856445,
      13.256668090820312,
      16.477680206298828,
      41.686161041259766,
      44.777503967285156,
      26.28297233581543,
      29.916969299316406,
      28.33058738708496,
      25.141691207885742,
      19.29727554321289,
      24.321155548095703,
      9.730093002319336,
      10.053749084472656,
      0.5934882164001465,
      0.5561354756355286
    ],
    [
      17.180143356323242,
      14.104360580444336,
      25.26073455810547,
      20.72625160217285,
      26.128421783447266,
      25.50311851501465,
      28.70566749572754,
      26.28297233581543,
      32.44447708129883,
      27.866641998291016,
      32.3095817565918,
      30.8349552154541,
      25.47144317626953,
      27.380245208740234,
      8.916638374328613,
      10.086953163146973,
      0.5492458343505859,
      0.5213527083396912
    ],
    [
      19.684072494506836,
      16.872987747192383,
      25.681793212890625,
      20.89388656616211,
      22.161766052246094,
      23.14358139038086,
      32.82898712158203,
      29.916969299316406,
      27.866641998291016,
      34.267478942871094,
      32.28883743286133,
      30.579938888549805,
      24.144729614257812,
      25.95895004272461,
      9.50026798248291,
      9.948259353637695,
      0.5380879640579224,
      0.506313145160675
    ],
    [
      132.56446838378906,
      123.83114624023438,
      27.323251724243164,
      22.416820526123047,
      28.49911880493164,
      28.364349365234375,
      30.66949462890625,
      28.33058738708496,
      32.3095817565918,
      32.28883743286133,
      194.2266082763672,
      187.41624450683594,
      101.05523681640625,
      102.14226531982422,
      23.66204833984375,
      25.25415802001953,
      1.3289997577667236,
      1.1936558485031128
    ],
    [
      127.35231018066406,
      119.59862518310547,
      27.57933235168457,
      21.302339553833008,
      29.24209976196289,
      28.65064811706543,
      27.435426712036133,
      25.141691207885742,
      30.8349552154541,
      30.579938888549805,
      187.41624450683594,
      184.69915771484375,
      99.70885467529297,
      99.93251037597656,
      22.19906234741211,
      23.774171829223633,
      1.1324394941329956,
      1.0168876647949219
    ],
    [
      62.15703582763672,
      55.085670471191406,
      21.050498962402344,
      11.689946174621582,
      26.928436279296875,
      26.247665405273438,
      26.03533172607422,
      19.29727554321289,
      25.47144317626953,
      24.144729614257812,
      101.05523681640625,
      99.70885467529297,
      72.01667785644531,
      68.69850158691406,
      20.436792373657227,
      21.787076950073242,
      1.3543866872787476,
      1.192462682723999
    ],
    [
      63.2576789855957,
      55.56686782836914,
      21.321317672729492,
      11.780133247375488,
      23.16455078125,
      23.662738800048828,
      31.124650955200195,
      24.321155548095703,
      27.380245208740234,
      25.95895004272461,
      102.14226531982422,
      99.93251037597656,
      68.69850158691406,
      70.77625274658203,
      20.640884399414062,
      22.25153350830078,
      1.3318812847137451,
      1.1782128810882568
    ],
    [
      12.929204940795898,
      9.984025001525879,
      6.051673412322998,
      2.035057306289673,
      5.872807025909424,
      6.209244728088379,
      13.620290756225586,
      9.730093002319336,
      8.916638374328613,
      9.50026798248291,
      23.66204833984375,
      22.19906234741211,
      20.436792373657227,
      20.640884399414062,
      10.979424476623535,
      11.381784439086914,
      1.0175011157989502,
      0.90517258644104
    ],
    [
      13.846277236938477,
      10.512099266052246,
      6.302360534667969,
      2.1900746822357178,
      7.012862205505371,
      7.273698806762695,
      13.697552680969238,
      10.053749084472656,
      10.086953163146973,
      9.948259353637695,
      25.25415802001953,
      23.774171829223633,
      21.787076950073242,
      22.25153350830078,
      11.381784439086914,
      12.660313606262207,
      1.0975145101547241,
      0.9755619168281555
    ],
    [
      0.6198076009750366,
      0.4645085334777832,
      0.2657814919948578,
      0.21282100677490234,
      0.4640968143939972,
      0.4844496250152588,
      0.8439686894416809,
      0.5934882164001465,
      0.5492458343505859,
      0.5380879640579224,
      1.3289997577667236,
      1.1324394941329956,
      1.3543866872787476,
      1.3318812847137451,
      1.0175011157989502,
      1.0975145101547241,
      0.2994825839996338,
      0.26286008954048157
    ],
    [
      0.5291221141815186,
      0.38545775413513184,
      0.25726833939552307,
      0.179513618350029,
      0.4045799672603607,
      0.40952596068382263,
      0.8042809367179871,
      0.5561354756355286,
      0.5213527083396912,
      0.506313145160675,
      1.1936558485031128,
      1.0168876647949219,
      1.192462682723999,
      1.1782128810882568,
      0.90517258644104,
      0.9755619168281555,
      0.26286008954048157,
      0.23604044318199158
    ]
  ],
  "damage": -12.432183265686035,
  "diff_bandwidth": 673.5143432617188,
  "dissonance": 5.654706562070646,
  "drr": 7.097174167633057,
  "dynamics": 3.138503074645996,
  "format": 1245190,
  "frames": 1437632,
  "loudness": -18.781757354736328,
  "loudness_range": 6.798837661743164,
  "loudness_range_short": 10.135116577148438,
  "lowpass_true_peak_15khz": -3.127736806869507,
  "mastering3_acoustic_entropies": [
    {
      "acoustic_entropy": 8.120280265808105,
      "acoustic_entropy_mono": 7.363618850708008,
      "band_eliminated_acoustic_entropies": [
        {
          "acoustic_entropy": 8.120680809020996,
          "acoustic_entropy_side": 8.120296478271484,
          "hz": 129.47220167065723
        },
        {
          "acoustic_entropy": 8.206793785095215,
          "acoustic_entropy_side": 8.120080947875977,
          "hz": 202.92927478742237
        },
        {
          "acoustic_entropy": 7.875635623931885,
          "acoustic_entropy_side": 8.211775779724121,
          "hz": 282.89161906338205
        },
        {
          "acoustic_entropy": 8.101186752319336,
          "acoustic_entropy_side": 7.736083507537842,
          "hz": 369.9353335868758
        },
        {
          "acoustic_entropy": 7.825723648071289,
          "acoustic_entropy_side": 8.270601272583008,
          "hz": 464.6875360973435
        },
        {
          "acoustic_entropy": 8.286782264709473,
          "acoustic_entropy_side": 8.369400978088379,
          "hz": 567.8308811364784
        },
        {
          "acoustic_entropy": 7.335454940795898,
          "acoustic_entropy_side": 8.168922424316406,
          "hz": 680.1084783214808
        },
        {
          "acoustic_entropy": 7.50839900970459,
          "acoustic_entropy_side": 8.056358337402344,
          "hz": 802.3292461747484
        },
        {
          "acoustic_entropy": 7.788918972015381,
          "acoustic_entropy_side": 7.9789814949035645,
          "hz": 935.3737400823702
        },
        {
          "acoustic_entropy": 7.000215530395508,
          "acoustic_entropy_side": 8.112811088562012,
          "hz": 1080.2004963696966
        },
        {
          "acoustic_entropy": 7.482668399810791,
          "acoustic_entropy_side": 8.273486137390137,
          "hz": 1237.8529382007157
        },
        {
          "acoustic_entropy": 8.095681190490723,
          "acoustic_entropy_side": 8.064879417419434,
          "hz": 1409.4668930556702
        },
        {
          "acoustic_entropy": 8.067553520202637,
          "acoustic_entropy_side": 7.944727420806885,
          "hz": 1596.2787759475705
        },
        {
          "acoustic_entropy": 8.106051445007324,
          "acoustic_entropy_side": 8.097686767578125,
          "hz": 1799.6344973346393
        },
        {
          "acoustic_entropy": 8.175256729125977,
          "acoustic_entropy_side": 8.185709953308105,
          "hz": 2020.9991599069049
        },
        {
          "acoustic_entropy": 8.482134819030762,
          "acoustic_entropy_side": 8.139321327209473,
          "hz": 2261.9676141086993
        },
        {
          "acoustic_entropy": 8.144265174865723,
          "acoustic_entropy_side": 8.118057250976562,
          "hz": 2524.2759484456974
        },
        {
          "acoustic_entropy": 8.177314758300781,
          "acoustic_entropy_side": 8.141382217407227,
          "hz": 2809.813997359896
        },
        {
          "acoustic_entropy": 8.18637752532959,
          "acoustic_entropy_side": 8.127239227294922,
          "hz": 3120.6389567871424
        },
        {
          "acoustic_entropy": 8.184375762939453,
          "acoustic_entropy_side": 8.117114067077637,
          "hz": 3458.990205492291
        },
        {
          "acoustic_entropy": 8.205074310302734,
          "acoustic_entropy_side": 8.119977951049805,
          "hz": 3827.305438964164
        },
        {
          "acoustic_entropy": 8.118524551391602,
          "acoustic_entropy_side": 8.120116233825684,
          "hz": 4228.238232109126
        },
        {
          "acoustic_entropy": 8.134038925170898,
          "acoustic_entropy_side": 8.124922752380371,
          "hz": 4664.6771572759235
        },
        {
          "acoustic_entropy": 8.127878189086914,
          "acoustic_entropy_side": 8.125073432922363,
          "hz": 5139.766595350093
        },
        {
          "acoustic_entropy": 8.123143196105957,
          "acoustic_entropy_side": 8.122125625610352,
          "hz": 5656.929389854203
        },
        {
          "acoustic_entropy": 8.121122360229492,
          "acoustic_entropy_side": 8.120950698852539,
          "hz": 6219.891507268283
        },
        {
          "acoustic_entropy": 8.120393753051758,
          "acoustic_entropy_side": 8.120292663574219,
          "hz": 6832.70888123896
        },
        {
          "acoustic_entropy": 8.120355606079102,
          "acoustic_entropy_side": 8.120295524597168,
          "hz": 7499.796634079867
        },
        {
          "acoustic_entropy": 8.120347023010254,
          "acoustic_entropy_side": 8.12032413482666,
          "hz": 8225.96088609342
        },
        {
          "acoustic_entropy": 8.120342254638672,
          "acoustic_entropy_side": 8.120327949523926,
          "hz": 9016.43338188839
        },
        {
          "acoustic_entropy": 8.120312690734863,
          "acoustic_entropy_side": 8.120304107666016,
          "hz": 9876.909183162974
        },
        {
          "acoustic_entropy": 8.120284080505371,
          "acoustic_entropy_side": 8.120282173156738,
          "hz": 10813.587699516042
        },
        {
          "acoustic_entropy": 8.120281219482422,
          "acoustic_entropy_side": 8.120281219482422,
          "hz": 11833.21735289826
        },
        {
          "acoustic_entropy": 8.120281219482422,
          "acoustic_entropy_side": 8.120281219482422,
          "hz": 12943.144197493959
        },
        {
          "acoustic_entropy": 8.120281219482422,
          "acoustic_entropy_side": 8.120281219482422,
          "hz": 14151.364845322005
        },
        {
          "acoustic_entropy": 8.120280265808105,
          "acoustic_entropy_side": 8.120280265808105,
          "hz": 15466.58407886509
        },
        {
          "acoustic_entropy": 8.120280265808105,
          "acoustic_entropy_side": 8.120280265808105,
          "hz": 16898.27756580493
        },
        {
          "acoustic_entropy": 8.120280265808105,
          "acoustic_entropy_side": 8.120280265808105,
          "hz": 18456.760127700032
        },
        {
          "acoustic_entropy": 8.120280265808105,
          "acoustic_entropy_side": 8.120280265808105,
          "hz": 20153.260054456492
        },
        {
          "acoustic_entropy": 8.120280265808105,
          "acoustic_entropy_side": 8.120280265808105,
          "hz": 22000.00000000001
        }
      ],
      "diff_acoustic_entropy": 4.693811893463135,
      "sn": 6
    },
    {
      "acoustic_entropy": 10.793191909790039,
      "acoustic_entropy_mono": 9.6231689453125,
      "band_eliminated_acoustic_entropies": [
        {
          "acoustic_entropy": 10.787603378295898,
          "acoustic_entropy_side": 10.793278694152832,
          "hz": 129.47220167065723
        },
        {
          "acoustic_entropy": 10.217696189880371,
          "acoustic_entropy_side": 10.78112506866455,
          "hz": 202.92927478742237
        },
        {
          "acoustic_entropy": 10.299915313720703,
          "acoustic_entropy_side": 10.773252487182617,
          "hz": 282.89161906338205
        },
        {
          "acoustic_entropy": 10.94359302520752,
          "acoustic_entropy_side": 10.116756439208984,
          "hz": 369.9353335868758
        },
        {
          "acoustic_entropy": 10.326921463012695,
          "acoustic_entropy_side": 10.712639808654785,
          "hz": 464.6875360973435
        },
        {
          "acoustic_entropy": 11.212004661560059,
          "acoustic_entropy_side": 10.804636001586914,
          "hz": 567.8308811364784
        },
        {
          "acoustic_entropy": 9.968589782714844,
          "acoustic_entropy_side": 10.74766731262207,
          "hz": 680.1084783214808
        },
        {
          "acoustic_entropy": 10.866472244262695,
          "acoustic_entropy_side": 10.559372901916504,
          "hz": 802.3292461747484
        },
        {
          "acoustic_entropy": 10.052591323852539,
          "acoustic_entropy_side": 10.437298774719238,
          "hz": 935.3737400823702
        },
        {
          "acoustic_entropy": 9.9240140914917,
          "acoustic_entropy_side": 10.71827220916748,
          "hz": 1080.2004963696966
        },
        {
          "acoustic_entropy": 10.526066780090332,
          "acoustic_entropy_side": 10.685894966125488,
          "hz": 1237.8529382007157
        },
        {
          "acoustic_entropy": 10.709314346313477,
          "acoustic_entropy_side": 10.480313301086426,
          "hz": 1409.4668930556702
        },
        {
          "acoustic_entropy": 10.745388984680176,
          "acoustic_entropy_side": 10.801390647888184,
          "hz": 1596.2787759475705
        },
        {
          "acoustic_entropy": 10.844057083129883,
          "acoustic_entropy_side": 10.873710632324219,
          "hz": 1799.6344973346393
        },
        {
          "acoustic_entropy": 10.51562213897705,
          "acoustic_entropy_side": 10.521852493286133,
          "hz": 2020.9991599069049
        },
        {
          "acoustic_entropy": 10.55886459350586,
          "acoustic_entropy_side": 10.851414680480957,
          "hz": 2261.9676141086993
        },
        {
          "acoustic_entropy": 10.831602096557617,
          "acoustic_entropy_side": 10.772148132324219,
          "hz": 2524.2759484456974
        },
        {
          "acoustic_entropy": 10.776418685913086,
          "acoustic_entropy_side": 10.772174835205078,
          "hz": 2809.813997359896
        },
        {
          "acoustic_entropy": 10.142080307006836,
          "acoustic_entropy_side": 10.408976554870605,
          "hz": 3120.6389567871424
        },
        {
          "acoustic_entropy": 10.891613006591797,
          "acoustic_entropy_side": 10.786934852600098,
          "hz": 3458.990205492291
        },
        {
          "acoustic_entropy": 10.399007797241211,
          "acoustic_entropy_side": 10.628929138183594,
          "hz": 3827.305438964164
        },
        {
          "acoustic_entropy": 10.698908805847168,
          "acoustic_entropy_side": 10.733320236206055,
          "hz": 4228.238232109126
        },
        {
          "acoustic_entropy": 10.755776405334473,
          "acoustic_entropy_side": 10.76591968536377,
          "hz": 4664.6771572759235
        },
        {
          "acoustic_entropy": 10.735472679138184,
          "acoustic_entropy_side": 10.766043663024902,
          "hz": 5139.766595350093
        },
        {
          "acoustic_entropy": 10.769102096557617,
          "acoustic_entropy_side": 10.7843656539917,
          "hz": 5656.929389854203
        },
        {
          "acoustic_entropy": 10.783182144165039,
          "acoustic_entropy_side": 10.787776947021484,
          "hz": 6219.891507268283
        },
        {
          "acoustic_entropy": 10.790502548217773,
          "acoustic_entropy_side": 10.792271614074707,
          "hz": 6832.70888123896
        },
        {
          "acoustic_entropy": 10.79171371459961,
          "acoustic_entropy_side": 10.792366981506348,
          "hz": 7499.796634079867
        },
        {
          "acoustic_entropy": 10.792444229125977,
          "acoustic_entropy_side": 10.792731285095215,
          "hz": 8225.96088609342
        },
        {
          "acoustic_entropy": 10.792471885681152,
          "acoustic_entropy_side": 10.792709350585938,
          "hz": 9016.43338188839
        },
        {
          "acoustic_entropy": 10.792620658874512,
          "acoustic_entropy_side": 10.792794227600098,
          "hz": 9876.909183162974
        },
        {
          "acoustic_entropy": 10.793124198913574,
          "acoustic_entropy_side": 10.793148040771484,
          "hz": 10813.587699516042
        },
        {
          "acoustic_entropy": 10.793168067932129,
          "acoustic_entropy_side": 10.793185234069824,
          "hz": 11833.21735289826
        },
        {
          "acoustic_entropy": 10.793185234069824,
          "acoustic_entropy_side": 10.793190956115723,
          "hz": 12943.144197493959
        },
        {
          "acoustic_entropy": 10.793191909790039,
          "acoustic_entropy_side": 10.793190956115723,
          "hz": 14151.364845322005
        },
        {
          "acoustic_entropy": 10.793191909790039,
          "acoustic_entropy_side": 10.793191909790039,
          "hz": 15466.58407886509
        },
        {
          "acoustic_entropy": 10.793191909790039,
          "acoustic_entropy_side": 10.793191909790039,
          "hz": 16898.27756580493
        },
        {
          "acoustic_entropy": 10.793191909790039,
          "acoustic_entropy_side": 10.793191909790039,
          "hz": 18456.760127700032
        },
        {
          "acoustic_entropy": 10.793191909790039,
          "acoustic_entropy_side": 10.793191909790039,
          "hz": 20153.260054456492
        },
        {
          "acoustic_entropy": 10.793191909790039,
          "acoustic_entropy_side": 10.793191909790039,
          "hz": 22000.00000000001
        }
      ],
      "diff_acoustic_entropy": 7.439676284790039,
      "sn": 12
    },
    {
      "acoustic_entropy": 13.300889015197754,
      "acoustic_entropy_mono": 12.849930763244629,
      "band_eliminated_acoustic_entropies": [
        {
          "acoustic_entropy": 13.389764785766602,
          "acoustic_entropy_side": 13.301871299743652,
          "hz": 129.47220167065723
        },
        {
          "acoustic_entropy": 13.193527221679688,
          "acoustic_entropy_side": 13.120421409606934,
          "hz": 202.92927478742237
        },
        {
          "acoustic_entropy": 12.886146545410156,
          "acoustic_entropy_side": 13.337279319763184,
          "hz": 282.89161906338205
        },
        {
          "acoustic_entropy": 14.715710639953613,
          "acoustic_entropy_side": 14.203516960144043,
          "hz": 369.9353335868758
        },
        {
          "acoustic_entropy": 13.112759590148926,
          "acoustic_entropy_side": 13.041290283203125,
          "hz": 464.6875360973435
        },
        {
          "acoustic_entropy": 13.693839073181152,
          "acoustic_entropy_side": 13.01165771484375,
          "hz": 567.8308811364784
        },
        {
          "acoustic_entropy": 13.220901489257812,
          "acoustic_entropy_side": 13.43345832824707,
          "hz": 680.1084783214808
        },
        {
          "acoustic_entropy": 13.396947860717773,
          "acoustic_entropy_side": 13.481558799743652,
          "hz": 802.3292461747484
        },
        {
          "acoustic_entropy": 12.30704402923584,
          "acoustic_entropy_side": 12.987357139587402,
          "hz": 935.3737400823702
        },
        {
          "acoustic_entropy": 13.028934478759766,
          "acoustic_entropy_side": 13.068441390991211,
          "hz": 1080.2004963696966
        },
        {
          "acoustic_entropy": 13.289674758911133,
          "acoustic_entropy_side": 12.887112617492676,
          "hz": 1237.8529382007157
        },
        {
          "acoustic_entropy": 12.911314964294434,
          "acoustic_entropy_side": 13.739940643310547,
          "hz": 1409.4668930556702
        },
        {
          "acoustic_entropy": 13.506743431091309,
          "acoustic_entropy_side": 13.33890438079834,
          "hz": 1596.2787759475705
        },
        {
          "acoustic_entropy": 13.643682479858398,
          "acoustic_entropy_side": 13.391026496887207,
          "hz": 1799.6344973346393
        },
        {
          "acoustic_entropy": 13.147777557373047,
          "acoustic_entropy_side": 13.503083229064941,
          "hz": 2020.9991599069049
        },
        {
          "acoustic_entropy": 12.723423957824707,
          "acoustic_entropy_side": 13.113096237182617,
          "hz": 2261.9676141086993
        },
        {
          "acoustic_entropy": 13.269622802734375,
          "acoustic_entropy_side": 13.026479721069336,
          "hz": 2524.2759484456974
        },
        {
          "acoustic_entropy": 13.3607816696167,
          "acoustic_entropy_side": 13.528022766113281,
          "hz": 2809.813997359896
