{
  "acoustic_entropy": 165.42213439941406,
  "bands": [
    {
      "high_freq": 148.1999969482422,
      "loudness": -40.004737854003906,
      "loudness_range": 21.14887046813965,
      "mid_mean": -36.46201705932617,
      "mid_to_side_loudness": -20.16607666015625,
      "mid_to_side_loudness_range": 17.634634017944336,
      "side_mean": -57.00580978393555
    },
    {
      "high_freq": 392.3793640136719,
      "loudness": -32.91929244995117,
      "loudness_range": 17.034587860107422,
      "low_freq": 148.1999969482422,
      "mid_mean": -29.73629379272461,
      "mid_to_side_loudness": -13.591750144958496,
      "mid_to_side_loudness_range": 11.449121475219727,
      "side_mean": -43.09178161621094
    },
    {
      "high_freq": 794.6976318359375,
      "loudness": -31.661035537719727,
      "loudness_range": 15.645580291748047,
      "low_freq": 392.3793640136719,
      "mid_mean": -28.399599075317383,
      "mid_to_side_loudness": -12.354109764099121,
      "mid_to_side_loudness_range": 11.352165222167969,
      "side_mean": -40.634239196777344
    },
    {
      "high_freq": 1457.5709228515625,
      "loudness": -32.39567947387695,
      "loudness_range": 17.61190414428711,
      "low_freq": 794.6976318359375,
      "mid_mean": -28.99588394165039,
      "mid_to_side_loudness": -13.68325424194336,
      "mid_to_side_loudness_range": 11.35832405090332,
      "side_mean": -43.00284194946289
    },
    {
      "high_freq": 2549.74365234375,
      "loudness": -35.32868576049805,
      "loudness_range": 17.929615020751953,
      "low_freq": 1457.5709228515625,
      "mid_mean": -31.942121505737305,
      "mid_to_side_loudness": -13.68732738494873,
      "mid_to_side_loudness_range": 9.718467712402344,
      "side_mean": -46.19637680053711
    },
    {
      "high_freq": 4349.24462890625,
      "loudness": -41.42680740356445,
      "loudness_range": 23.30202293395996,
      "low_freq": 2549.74365234375,
      "mid_mean": -38.05323028564453,
      "mid_to_side_loudness": -15.566777229309082,
      "mid_to_side_loudness_range": 9.831679344177246,
      "side_mean": -54.783164978027344
    },
    {
      "high_freq": 7314.1640625,
      "loudness": -54.281036376953125,
      "loudness_range": 24.283306121826172,
      "low_freq": 4349.24462890625,
      "mid_mean": -51.74488830566406,
      "mid_to_side_loudness": -18.381505966186523,
      "mid_to_side_loudness_range": 10.49860954284668,
      "side_mean": -65.70533752441406
    },
    {
      "high_freq": 12199.2666015625,
      "loudness": -65.77993774414062,
      "loudness_range": 21.580913543701172,
      "low_freq": 7314.1640625,
      "mid_mean": -61.17817306518555,
      "mid_to_side_loudness": -25.884653091430664,
      "mid_to_side_loudness_range": 23.440446853637695,
      "side_mean": -69.75032043457031
    },
    {
      "loudness": -72.8165512084961,
      "loudness_range": 7.300407409667969,
      "low_freq": 12199.2666015625,
      "mid_mean": -66.48873901367188,
      "mid_to_side_loudness": -17.082300186157227,
      "mid_to_side_loudness_range": 10.530340194702148,
      "side_mean": -69.90550231933594
    }
  ],
  "bands_short": [
    {
      "high_freq": 148.1999969482422,
      "loudness": -42.40471649169922,
      "loudness_range": 23.28082847595215,
      "mid_mean": -39.02299499511719,
      "mid_to_side_loudness": -20.990907669067383,
      "mid_to_side_loudness_range": 21.949710845947266,
      "side_mean": -59.799644470214844
    },
    {
      "high_freq": 392.3793640136719,
      "loudness": -33.59709548950195,
      "loudness_range": 17.933822631835938,
      "low_freq": 148.1999969482422,
      "mid_mean": -30.28125,
      "mid_to_side_loudness": -14.181185722351074,
      "mid_to_side_loudness_range": 14.550555229187012,
      "side_mean": -44.193565368652344
    },
    {
      "high_freq": 794.6976318359375,
      "loudness": -31.523361206054688,
      "loudness_range": 15.869131088256836,
      "low_freq": 392.3793640136719,
      "mid_mean": -28.276079177856445,
      "mid_to_side_loudness": -12.070704460144043,
      "mid_to_side_loudness_range": 13.720134735107422,
      "side_mean": -40.48234939575195
    },
    {
      "high_freq": 1457.5709228515625,
      "loudness": -32.337806701660156,
      "loudness_range": 18.500452041625977,
      "low_freq": 794.6976318359375,
      "mid_mean": -29.015974044799805,
      "mid_to_side_loudness": -13.32187271118164,
      "mid_to_side_loudness_range": 14.878670692443848,
      "side_mean": -42.808536529541016
    },
    {
      "high_freq": 2549.74365234375,
      "loudness": -35.72840118408203,
      "loudness_range": 18.857126235961914,
      "low_freq": 1457.5709228515625,
      "mid_mean": -32.34433364868164,
      "mid_to_side_loudness": -13.56561279296875,
      "mid_to_side_loudness_range": 12.725050926208496,
      "side_mean": -46.4747200012207
    },
    {
      "high_freq": 4349.24462890625,
      "loudness": -41.5689582824707,
      "loudness_range": 23.70876121520996,
      "low_freq": 2549.74365234375,
      "mid_mean": -38.252384185791016,
      "mid_to_side_loudness": -15.451728820800781,
      "mid_to_side_loudness_range": 12.472709655761719,
      "side_mean": -54.8862190246582
    },
    {
      "high_freq": 7314.1640625,
      "loudness": -54.17377853393555,
      "loudness_range": 24.592056274414062,
      "low_freq": 4349.24462890625,
      "mid_mean": -51.70664596557617,
      "mid_to_side_loudness": -17.97039031982422,
      "mid_to_side_loudness_range": 12.519670486450195,
      "side_mean": -65.58637237548828
    },
    {
      "high_freq": 12199.2666015625,
      "loudness": -66.05276489257812,
      "loudness_range": 21.534122467041016,
      "low_freq": 7314.1640625,
      "mid_mean": -61.3631477355957,
      "mid_to_side_loudness": -24.360713958740234,
      "mid_to_side_loudness_range": 24.220962524414062,
      "side_mean": -69.7489242553711
    },
    {
      "loudness": -72.82418823242188,
      "loudness_range": 7.3938446044921875,
      "low_freq": 12199.2666015625,
      "mid_mean": -66.48737335205078,
      "mid_to_side_loudness": -17.148122787475586,
      "mid_to_side_loudness_range": 10.839191436767578,
      "side_mean": -69.90526580810547
    }
  ],
  "bandwidth": 739.881103515625,
  "channels": 2,
  "covariance": [
    [
      56.062355041503906,
      35.35519027709961,
      22.213098526000977,
      18.641094207763672,
      10.086118698120117,
      10.988248825073242,
      11.636456489562988,
      10.685080528259277,
      13.63840389251709,
      14.805344581604004,
      15.869917869567871,
      19.117216110229492,
      21.690738677978516,
      8.746342658996582,
      13.326297760009766,
      0.8191246390342712,
      3.341850996017456,
      -0.0611332543194294
    ],
    [
      35.35519027709961,
      55.37443542480469,
      21.889278411865234,
      22.555747985839844,
      7.7220916748046875,
      9.275561332702637,
      11.331388473510742,
      11.254290580749512,
      13.976426124572754,
      15.708989143371582,
      17.631242752075195,
      26.246585845947266,
      29.88817596435547,
      11.926031112670898,
      17.909685134887695,
      0.9780785441398621,
      5.058665752410889,
      -0.03935528174042702
    ],
    [
      22.213098526000977,
      21.889278411865234,
      48.51579666137695,
      36.41341781616211,
      17.00883674621582,
      18.24428367614746,
      18.470111846923828,
      14.784473419189453,
      16.864521026611328,
      14.315601348876953,
      19.146467208862305,
      18.487138748168945,
      19.41864776611328,
      4.40969181060791,
      8.685296058654785,
      -0.22928963601589203,
      1.0299055576324463,
      -0.024851243942975998
    ],
    [
      18.641094207763672,
      22.555747985839844,
      36.41341781616211,
      44.20684814453125,
      15.11733627319336,
      17.666654586791992,
      15.780271530151367,
      14.322983741760254,
      14.92103099822998,
      13.368115425109863,
      17.29775047302246,
      17.127931594848633,
      17.74884033203125,
      5.261811256408691,
      8.883687973022461,
      -0.025423429906368256,
      1.1751177310943604,
      -0.02184971421957016
    ],
    [
      10.086118698120117,
      7.7220916748046875,
      17.00883674621582,
      15.11733627319336,
      36.79328918457031,
      27.096410751342773,
      29.03302574157715,
      27.077285766601562,
      30.16462516784668,
      26.397846221923828,
      32.43833923339844,
      28.53716278076172,
      31.625516891479492,
      12.692261695861816,
      18.149629592895508,
      0.7414251565933228,
      3.6580100059509277,
      -0.07157959789037704
    ],
    [
      10.988248825073242,
      9.275561332702637,
      18.24428367614746,
      17.666654586791992,
      27.096410751342773,
      36.64007568359375,
      24.05093765258789,
      26.44445037841797,
      25.704994201660156,
      28.392967224121094,
      26.756555557250977,
      27.82975196838379,
      27.27720069885254,
      11.38090705871582,
      15.308265686035156,
      0.5909762382507324,
      2.9268956184387207,
      -0.058140795677900314
    ],
    [
      11.636456489562988,
      11.331388473510742,
      18.470111846923828,
      15.780271530151367,
      29.03302574157715,
      24.05093765258789,
      43.88294219970703,
      37.208160400390625,
      36.43743896484375,
      31.873226165771484,
      41.61851119995117,
      37.34981155395508,
      41.22538757324219,
      17.92040252685547,
      25.473583221435547,
      1.362998604774475,
      5.646850109100342,
      -0.10518331825733185
    ],
    [
      10.685080528259277,
      11.254290580749512,
      14.784473419189453,
      14.322983741760254,
      27.077285766601562,
      26.44445037841797,
      37.208160400390625,
      48.98249053955078,
      35.842689514160156,
      37.21099853515625,
      42.698211669921875,
      42.54780197143555,
      43.294193267822266,
      19.971595764160156,
      26.737197875976562,
      1.559217929840088,
      5.912924289703369,
      -0.11365589499473572
    ],
    [
      13.63840389251709,
      13.976426124572754,
      16.864521026611328,
      14.92103099822998,
      30.16462516784668,
      25.704994201660156,
      36.43743896484375,
      35.842689514160156,
      46.20167541503906,
      39.67979431152344,
      48.912330627441406,
      43.42851257324219,
      47.630924224853516,
      20.563425064086914,
      28.986482620239258,
      1.4730486869812012,
      6.187052249908447,
      -0.11633525788784027
    ],
    [
      14.805344581604004,
      15.708989143371582,
      14.315601348876953,
      13.368115425109863,
      26.397846221923828,
      28.392967224121094,
      31.873226165771484,
      37.21099853515625,
      39.67979431152344,
      48.70549774169922,
      45.39118957519531,
      48.39278030395508,
      48.947479248046875,
      22.06070899963379,
      29.179210662841797,
      1.553979516029358,
      6.495700836181641,
      -0.12175253033638
    ],
    [
      15.869917869567871,
      17.631242752075195,
      19.146467208862305,
      17.29775047302246,
      32.43833923339844,
      26.756555557250977,
      41.61851119995117,
      42.698211669921875,
      48.912330627441406,
      45.39118957519531,
      66.86852264404297,
      57.1229248046875,
      60.79603958129883,
      28.66411781311035,
      39.56998825073242,
      2.2991809844970703,
      9.045735359191895,
      -0.15744228661060333
    ],
    [
      19.117216110229492,
      26.246585845947266,
      18.487138748168945,
      17.127931594848633,
      28.53716278076172,
      27.82975196838379,
      37.34981155395508,
      42.54780197143555,
      43.42851257324219,
      48.39278030395508,
      57.1229248046875,
      66.96574401855469,
      67.61624908447266,
      30.21260643005371,
      41.33442306518555,
      2.297396421432495,
      10.271989822387695,
      -0.12743467092514038
    ],
    [
      21.690738677978516,
      29.88817596435547,
      19.41864776611328,
      17.74884033203125,
      31.625516891479492,
      27.27720069885254,
      41.22538757324219,
      43.294193267822266,
      47.630924224853516,
      48.947479248046875,
      60.79603958129883,
      67.61624908447266,
      79.01434326171875,
      33.20556640625,
      48.366851806640625,
      2.7183024883270264,
      12.090110778808594,
      -0.1520320326089859
    ],
    [
      8.746342658996582,
      11.926031112670898,
      4.40969181060791,
      5.261811256408691,
      12.692261695861816,
      11.38090705871582,
      17.92040252685547,
      19.971595764160156,
      20.563425064086914,
      22.06070899963379,
      28.66411781311035,
      30.21260643005371,
      33.20556640625,
      18.261659622192383,
      23.03069305419922,
      1.7254277467727661,
      6.1089606285095215,
      -0.08787799626588821
    ],
    [
      13.326297760009766,
      17.909685134887695,
      8.685296058654785,
      8.883687973022461,
      18.149629592895508,
      15.308265686035156,
      25.473583221435547,
      26.737197875976562,
      28.986482620239258,
      29.179210662841797,
      39.56998825073242,
      41.33442306518555,
      48.366851806640625,
      23.03069305419922,
      34.31540298461914,
      2.2665927410125732,
      8.87159252166748,
      -0.11712497472763062
    ],
    [
      0.8191246390342712,
      0.9780785441398621,
      -0.22928963601589203,
      -0.025423429906368256,
      0.7414251565933228,
      0.5909762382507324,
      1.362998604774475,
      1.559217929840088,
      1.4730486869812012,
      1.553979516029358,
      2.2991809844970703,
      2.297396421432495,
      2.7183024883270264,
      1.7254277467727661,
      2.2665927410125732,
      0.3376958966255188,
      0.7263299822807312,
      -0.009649517014622688
    ],
    [
      3.341850996017456,
      5.058665752410889,
      1.0299055576324463,
      1.1751177310943604,
      3.6580100059509277,
      2.9268956184387207,
      5.646850109100342,
      5.912924289703369,
      6.187052249908447,
      6.495700836181641,
      9.045735359191895,
      10.271989822387695,
      12.090110778808594,
      6.1089606285095215,
      8.87159252166748,
      0.7263299822807312,
      2.8905539512634277,
      -0.030123604461550713
    ],
    [
      -0.0611332543194294,
      -0.03935528174042702,
      -0.024851243942975998,
      -0.02184971421957016,
      -0.07157959789037704,
      -0.058140795677900314,
      -0.10518331825733185,
      -0.11365589499473572,
      -0.11633525788784027,
      -0.12175253033638,
      -0.15744228661060333,
      -0.12743467092514038,
      -0.1520320326089859,
      -0.08787799626588821,
      -0.11712497472763062,
      -0.009649517014622688,
      -0.030123604461550713,
      0.0009839133126661181
    ]
  ],
  "covariance_short": [
    [
      66.65480041503906,
      33.02085494995117,
      22.42461585998535,
      18.45795440673828,
      8.714427947998047,
      9.238235473632812,
      12.480751991271973,
      12.162952423095703,
      15.012297630310059,
      15.57713508605957,
      17.631778717041016,
      20.9580135345459,
      23.940671920776367,
      10.188811302185059,
      14.750024795532227,
      0.9895555377006531,
      3.7648820877075195,
      -0.06684014946222305
    ],
    [
      33.02085494995117,
      51.4025764465332,
      17.617589950561523,
      19.885608673095703,
      8.51084041595459,
      8.61875057220459,
      15.19201374053955,
      16.21864128112793,
      17.561466217041016,
      18.3468074798584,
      22.470169067382812,
      28.340288162231445,
      31.6507625579834,
      13.585648536682129,
      19.95915412902832,
      1.147814154624939,
      5.29815673828125,
      -0.05376018211245537
    ],
    [
      22.42461585998535,
      17.617589950561523,
      44.313289642333984,
      30.760351181030273,
      17.936983108520508,
      17.24970054626465,
      17.296573638916016,
      13.518232345581055,
      16.18795394897461,
      14.51632022857666,
      17.913772583007812,
      17.461894989013672,
      19.572383880615234,
      5.263578414916992,
      9.29837703704834,
      -0.10297850519418716,
      1.3448867797851562,
      -0.03061717003583908
    ],
    [
      18.45795440673828,
      19.885608673095703,
      30.760351181030273,
      46.844417572021484,
      16.747648239135742,
      19.863374710083008,
      16.46368980407715,
      14.657718658447266,
      15.498404502868652,
      14.318511962890625,
      16.995845794677734,
      17.363805770874023,
      18.912004470825195,
      5.898009777069092,
      9.453063011169434,
      -0.05745856091380119,
      1.2931967973709106,
      -0.025047939270734787
    ],
    [
      8.714427947998047,
      8.51084041595459,
      17.936983108520508,
      16.747648239135742,
      38.91257858276367,
      26.073928833007812,
      27.319732666015625,
      23.11069107055664,
      27.92868423461914,
      24.630355834960938,
      28.600046157836914,
      25.95094108581543,
      29.250728607177734,
      11.039107322692871,
      16.030616760253906,
      0.6247556209564209,
      3.140225887298584,
      -0.06448788195848465
    ],
    [
      9.238235473632812,
      8.61875057220459,
      17.24970054626465,
      19.863374710083008,
      26.073928833007812,
      37.92947769165039,
      22.20255470275879,
      23.220924377441406,
      23.249608993530273,
      25.53005027770996,
      23.779844284057617,
      25.313335418701172,
      25.481904983520508,
      10.239645004272461,
      13.42254638671875,
      0.4570237100124359,
      2.4851531982421875,
      -0.05151909217238426
    ],
    [
      12.480751991271973,
      15.19201374053955,
      17.296573638916016,
      16.46368980407715,
      27.319732666015625,
      22.20255470275879,
      47.14198684692383,
      34.28596496582031,
      37.163246154785156,
      31.927513122558594,
      42.12117004394531,
      36.53057861328125,
      41.36031723022461,
      17.626449584960938,
      26.112089157104492,
      1.3411140441894531,
      5.6613969802856445,
      -0.1052001416683197
    ],
    [
      12.162952423095703,
      16.21864128112793,
      13.518232345581055,
      14.657718658447266,
      23.11069107055664,
      23.220924377441406,
      34.28596496582031,
      48.37651443481445,
      34.291961669921875,
      35.87472152709961,
      40.72121047973633,
      40.455867767333984,
      41.05474090576172,
      19.132421493530273,
      26.207469940185547,
      1.491217017173767,
      5.671211242675781,
      -0.10973025858402252
    ],
    [
      15.012297630310059,
      17.561466217041016,
      16.18795394897461,
      15.498404502868652,
      27.92868423461914,
      23.249608993530273,
      37.163246154785156,
      34.291961669921875,
      50.3941764831543,
      39.79035186767578,
      49.035526275634766,
      43.99174880981445,
      48.9843864440918,
      20.747480392456055,
      30.308691024780273,
      1.4626436233520508,
      6.412822723388672,
      -0.1197252944111824
    ],
    [
      15.57713508605957,
      18.3468074798584,
      14.51632022857666,
      14.318511962890625,
      24.630355834960938,
      25.53005027770996,
      31.927513122558594,
      35.87472152709961,
      39.79035186767578,
      50.597511291503906,
      45.07637405395508,
      47.8143196105957,
      48.415008544921875,
      22.071950912475586,
      29.63700294494629,
      1.5351824760437012,
      6.430771827697754,
      -0.12061822414398193
    ],
    [
      17.631778717041016,
      22.470169067382812,
      17.913772583007812,
      16.995845794677734,
      28.600046157836914,
      23.779844284057617,
      42.12117004394531,
      40.72121047973633,
      49.035526275634766,
      45.07637405395508,
      69.57257843017578,
      56.3734245300293,
      61.44226837158203,
      28.278366088867188,
      40.768638610839844,
      2.2856643199920654,
      9.147353172302246,
      -0.15878254175186157
    ],
    [
      20.9580135345459,
      28.340288162231445,
      17.461894989013672,
      17.363805770874023,
      25.95094108581543,
      25.313335418701172,
      36.53057861328125,
      40.455867767333984,
      43.99174880981445,
      47.8143196105957,
      56.3734245300293,
      68.00872039794922,
      67.24964141845703,
      29.96857261657715,
      41.46860122680664,
      2.2699429988861084,
      10.173746109008789,
      -0.12894867360591888
    ],
    [
      23.940671920776367,
      31.6507625579834,
      19.572383880615234,
      18.912004470825195,
      29.250728607177734,
      25.481904983520508,
      41.36031723022461,
      41.05474090576172,
      48.9843864440918,
      48.415008544921875,
      61.44226837158203,
      67.24964141845703,
      80.9086685180664,
      32.536373138427734,
      48.72469711303711,
      2.6471447944641113,
      12.093194961547852,
      -0.1522708684206009
    ],
    [
      10.188811302185059,
      13.585648536682129,
      5.263578414916992,
      5.898009777069092,
      11.039107322692871,
      10.239645004272461,
      17.626449584960938,
      19.132421493530273,
      20.747480392456055,
      22.071950912475586,
      28.278366088867188,
      29.96857261657715,
      32.536373138427734,
      18.447669982910156,
      22.674814224243164,
      1.6715959310531616,
      5.966265678405762,
      -0.0856962576508522
    ],
    [
      14.750024795532227,
      19.95915412902832,
      9.29837703704834,
      9.453063011169434,
      16.030616760253906,
      13.42254638671875,
      26.112089157104492,
      26.207469940185547,
      30.308691024780273,
      29.63700294494629,
      40.768638610839844,
      41.46860122680664,
      48.72469711303711,
      22.674814224243164,
      35.801368713378906,
      2.248497486114502,
      9.107146263122559,
      -0.12222602963447571
    ],
    [
      0.9895555377006531,
      1.147814154624939,
      -0.10297850519418716,
      -0.05745856091380119,
      0.6247556209564209,
      0.4570237100124359,
      1.3411140441894531,
      1.491217017173767,
      1.4626436233520508,
      1.5351824760437012,
      2.2856643199920654,
      2.2699429988861084,
      2.6471447944641113,
      1.6715959310531616,
      2.248497486114502,
      0.38234785199165344,
      0.7287799715995789,
      -0.009551703929901123
    ],
    [
      3.7648820877075195,
      5.29815673828125,
      1.3448867797851562,
      1.2931967973709106,
      3.140225887298584,
      2.4851531982421875,
      5.6613969802856445,
      5.671211242675781,
      6.412822723388672,
      6.430771827697754,
      9.147353172302246,
      10.173746109008789,
      12.093194961547852,
      5.966265678405762,
      9.107146263122559,
      0.7287799715995789,
      3.035679817199707,
      -0.03076692670583725
    ],
    [
      -0.06684014946222305,
      -0.05376018211245537,
      -0.03061717003583908,
      -0.025047939270734787,
      -0.06448788195848465,
      -0.05151909217238426,
      -0.1052001416683197,
      -0.10973025858402252,
      -0.1197252944111824,
      -0.12061822414398193,
      -0.15878254175186157,
      -0.12894867360591888,
      -0.1522708684206009,
      -0.0856962576508522,
      -0.12222602963447571,
      -0.009551703929901123,
      -0.03076692670583725,
      0.0015436374815180898
    ]
  ],
  "damage": -14.759200096130371,
  "diff_bandwidth": 770.2531127929688,
  "dissonance": 4.88633532944554,
  "drr": 9.821207046508789,
  "dynamics": 4.0484137535095215,
  "format": 1245190,
  "frames": 7459776,
  "loudness": -21.459136962890625,
  "loudness_range": 13.062169075012207,
  "loudness_range_short": 13.657118797302246,
  "lowpass_true_peak_15khz": -4.447050094604492,
  "mastering3_acoustic_entropies": [
    {
      "acoustic_entropy": 8.310530662536621,
      "acoustic_entropy_mono": 8.187094688415527,
      "band_eliminated_acoustic_entropies": [
        {
          "acoustic_entropy": 8.337543487548828,
          "acoustic_entropy_side": 8.310538291931152,
          "hz": 129.47220167065723
        },
        {
          "acoustic_entropy": 8.403122901916504,
          "acoustic_entropy_side": 8.31095027923584,
          "hz": 202.92927478742237
        },
        {
          "acoustic_entropy": 8.694704055786133,
          "acoustic_entropy_side": 8.309882164001465,
          "hz": 282.89161906338205
        },
        {
          "acoustic_entropy": 8.346941947937012,
          "acoustic_entropy_side": 8.317459106445312,
          "hz": 369.9353335868758
        },
        {
          "acoustic_entropy": 6.969492435455322,
          "acoustic_entropy_side": 8.311562538146973,
          "hz": 464.6875360973435
        },
        {
          "acoustic_entropy": 8.319768905639648,
          "acoustic_entropy_side": 8.38351821899414,
          "hz": 567.8308811364784
        },
        {
          "acoustic_entropy": 7.852006912231445,
          "acoustic_entropy_side": 8.091838836669922,
          "hz": 680.1084783214808
        },
        {
          "acoustic_entropy": 8.468372344970703,
          "acoustic_entropy_side": 8.31969928741455,
          "hz": 802.3292461747484
        },
        {
          "acoustic_entropy": 7.721285343170166,
          "acoustic_entropy_side": 8.31210994720459,
          "hz": 935.3737400823702
        },
        {
          "acoustic_entropy": 7.971928596496582,
          "acoustic_entropy_side": 8.525010108947754,
          "hz": 1080.2004963696966
        },
        {
          "acoustic_entropy": 7.575018405914307,
          "acoustic_entropy_side": 8.265236854553223,
          "hz": 1237.8529382007157
        },
        {
          "acoustic_entropy": 8.280048370361328,
          "acoustic_entropy_side": 8.304224967956543,
          "hz": 1409.4668930556702
        },
        {
          "acoustic_entropy": 8.361776351928711,
          "acoustic_entropy_side": 8.262371063232422,
          "hz": 1596.2787759475705
        },
        {
          "acoustic_entropy": 8.406678199768066,
          "acoustic_entropy_side": 8.334129333496094,
          "hz": 1799.6344973346393
        },
        {
          "acoustic_entropy": 7.682731628417969,
          "acoustic_entropy_side": 8.310091018676758,
          "hz": 2020.9991599069049
        },
        {
          "acoustic_entropy": 8.10226058959961,
          "acoustic_entropy_side": 8.273990631103516,
          "hz": 2261.9676141086993
        },
        {
          "acoustic_entropy": 8.430533409118652,
          "acoustic_entropy_side": 8.310608863830566,
          "hz": 2524.2759484456974
        },
        {
          "acoustic_entropy": 8.11410903930664,
          "acoustic_entropy_side": 8.30620002746582,
          "hz": 2809.813997359896
        },
        {
          "acoustic_entropy": 8.008129119873047,
          "acoustic_entropy_side": 8.31187629699707,
          "hz": 3120.6389567871424
        },
        {
          "acoustic_entropy": 8.240466117858887,
          "acoustic_entropy_side": 8.3101806640625,
          "hz": 3458.990205492291
        },
        {
          "acoustic_entropy": 8.202692031860352,
          "acoustic_entropy_side": 8.309553146362305,
          "hz": 3827.305438964164
        },
        {
          "acoustic_entropy": 8.217931747436523,
          "acoustic_entropy_side": 8.310423851013184,
          "hz": 4228.238232109126
        },
        {
          "acoustic_entropy": 8.272725105285645,
          "acoustic_entropy_side": 8.310580253601074,
          "hz": 4664.6771572759235
        },
        {
          "acoustic_entropy": 8.289928436279297,
          "acoustic_entropy_side": 8.310531616210938,
          "hz": 5139.766595350093
        },
        {
          "acoustic_entropy": 8.295892715454102,
          "acoustic_entropy_side": 8.310529708862305,
          "hz": 5656.929389854203
        },
        {
          "acoustic_entropy": 8.309091567993164,
          "acoustic_entropy_side": 8.310534477233887,
          "hz": 6219.891507268283
        },
        {
          "acoustic_entropy": 8.310626983642578,
          "acoustic_entropy_side": 8.310530662536621,
          "hz": 6832.70888123896
        },
        {
          "acoustic_entropy": 8.3104829788208,
          "acoustic_entropy_side": 8.310530662536621,
          "hz": 7499.796634079867
        },
        {
          "acoustic_entropy": 8.311304092407227,
          "acoustic_entropy_side": 8.310530662536621,
          "hz": 8225.96088609342
        },
        {
          "acoustic_entropy": 8.310704231262207,
          "acoustic_entropy_side": 8.310530662536621,
          "hz": 9016.43338188839
        },
        {
          "acoustic_entropy": 8.310502052307129,
          "acoustic_entropy_side": 8.310530662536621,
          "hz": 9876.909183162974
        },
        {
          "acoustic_entropy": 8.310454368591309,
          "acoustic_entropy_side": 8.310530662536621,
          "hz": 10813.587699516042
        },
        {
          "acoustic_entropy": 8.310482025146484,
          "acoustic_entropy_side": 8.310530662536621,
          "hz": 11833.21735289826
        },
        {
          "acoustic_entropy": 8.310529708862305,
          "acoustic_entropy_side": 8.310530662536621,
          "hz": 12943.144197493959
        },
        {
          "acoustic_entropy": 8.310532569885254,
          "acoustic_entropy_side": 8.310530662536621,
          "hz": 14151.364845322005
        },
        {
          "acoustic_entropy": 8.310531616210938,
          "acoustic_entropy_side": 8.310530662536621,
          "hz": 15466.58407886509
        },
        {
          "acoustic_entropy": 8.310530662536621,
          "acoustic_entropy_side": 8.310530662536621,
          "hz": 16898.27756580493
        },
        {
          "acoustic_entropy": 8.310530662536621,
          "acoustic_entropy_side": 8.310530662536621,
          "hz": 18456.760127700032
        },
        {
          "acoustic_entropy": 8.310530662536621,
          "acoustic_entropy_side": 8.310530662536621,
          "hz": 20153.260054456492
        },
        {
          "acoustic_entropy": 8.310530662536621,
          "acoustic_entropy_side": 8.310530662536621,
          "hz": 22000.00000000001
        }
      ],
      "diff_acoustic_entropy": 2.325228214263916,
      "sn": 6
    },
    {
      "acoustic_entropy": 11.332357406616211,
      "acoustic_entropy_mono": 11.105148315429688,
      "band_eliminated_acoustic_entropies": [
        {
          "acoustic_entropy": 11.197050094604492,
          "acoustic_entropy_side": 11.332300186157227,
          "hz": 129.47220167065723
        },
        {
          "acoustic_entropy": 10.922759056091309,
          "acoustic_entropy_side": 11.336371421813965,
          "hz": 202.92927478742237
        },
        {
          "acoustic_entropy": 11.910504341125488,
          "acoustic_entropy_side": 11.34827709197998,
          "hz": 282.89161906338205
        },
        {
          "acoustic_entropy": 11.195819854736328,
          "acoustic_entropy_side": 11.254918098449707,
          "hz": 369.9353335868758
        },
        {
          "acoustic_entropy": 10.618212699890137,
          "acoustic_entropy_side": 11.152729988098145,
          "hz": 464.6875360973435
        },
        {
          "acoustic_entropy": 10.91776180267334,
          "acoustic_entropy_side": 11.482379913330078,
          "hz": 567.8308811364784
        },
        {
          "acoustic_entropy": 11.51836109161377,
          "acoustic_entropy_side": 11.7258939743042,
          "hz": 680.1084783214808
        },
        {
          "acoustic_entropy": 11.38148021697998,
          "acoustic_entropy_side": 11.350748062133789,
          "hz": 802.3292461747484
        },
        {
          "acoustic_entropy": 11.550537109375,
          "acoustic_entropy_side": 11.312616348266602,
          "hz": 935.3737400823702
        },
        {
          "acoustic_entropy": 12.047826766967773,
          "acoustic_entropy_side": 11.936661720275879,
          "hz": 1080.2004963696966
        },
        {
          "acoustic_entropy": 10.79748249053955,
          "acoustic_entropy_side": 11.405841827392578,
          "hz": 1237.8529382007157
        },
        {
          "acoustic_entropy": 11.99905776977539,
          "acoustic_entropy_side": 11.552203178405762,
          "hz": 1409.4668930556702
        },
        {
          "acoustic_entropy": 11.752012252807617,
          "acoustic_entropy_side": 11.349408149719238,
          "hz": 1596.2787759475705
        },
        {
          "acoustic_entropy": 10.591230392456055,
          "acoustic_entropy_side": 11.388243675231934,
          "hz": 1799.6344973346393
        },
        {
          "acoustic_entropy": 10.663110733032227,
          "acoustic_entropy_side": 11.288969039916992,
          "hz": 2020.9991599069049
        },
        {
          "acoustic_entropy": 11.179570198059082,
          "acoustic_entropy_side": 11.615177154541016,
          "hz": 2261.9676141086993
        },
        {
          "acoustic_entropy": 11.703055381774902,
          "acoustic_entropy_side": 11.240778923034668,
          "hz": 2524.2759484456974
        },
        {
          "acoustic_entropy": 11.570085525512695,
          "acoustic_entropy_side": 11.343526840209961,
          "hz": 2809.813997359896
        },
        {
          "acoustic_entropy": 11.033392906188965,
          "acoustic_entropy_side": 11.335724830627441,
          "hz": 3120.6389567871424
        },
        {
          "acoustic_entropy": 11.303390502929688,
          "acoustic_entropy_side": 11.35161018371582,
          "hz": 3458.990205492291
        },
        {
          "acoustic_entropy": 11.329808235168457,
          "acoustic_entropy_side": 11.33289623260498,
          "hz": 3827.305438964164
        },
        {
          "acoustic_entropy": 11.088071823120117,
          "acoustic_entropy_side": 11.324603080749512,
          "hz": 4228.238232109126
        },
        {
          "acoustic_entropy": 11.01716136932373,
          "acoustic_entropy_side": 11.326274871826172,
          "hz": 4664.6771572759235
        },
        {
          "acoustic_entropy": 11.341290473937988,
          "acoustic_entropy_side": 11.33218002319336,
          "hz": 5139.766595350093
        },
        {
          "acoustic_entropy": 11.246674537658691,
          "acoustic_entropy_side": 11.332318305969238,
          "hz": 5656.929389854203
        },
        {
          "acoustic_entropy": 11.197264671325684,
          "acoustic_entropy_side": 11.332345008850098,
          "hz": 6219.891507268283
        },
        {
          "acoustic_entropy": 11.295583724975586,
          "acoustic_entropy_side": 11.33237361907959,
          "hz": 6832.70888123896
        },
        {
          "acoustic_entropy": 11.320405006408691,
          "acoustic_entropy_side": 11.332359313964844,
          "hz": 7499.796634079867
        },
        {
          "acoustic_entropy": 11.321861267089844,
          "acoustic_entropy_side": 11.332356452941895,
          "hz": 8225.96088609342
        },
        {
          "acoustic_entropy": 11.324605941772461,
          "acoustic_entropy_side": 11.332358360290527,
          "hz": 9016.43338188839
        },
        {
          "acoustic_entropy": 11.329763412475586,
          "acoustic_entropy_side": 11.332357406616211,
          "hz": 9876.909183162974
        },
        {
          "acoustic_entropy": 11.331693649291992,
          "acoustic_entropy_side": 11.332357406616211,
          "hz": 10813.587699516042
        },
        {
          "acoustic_entropy": 11.33218002319336,
          "acoustic_entropy_side": 11.332357406616211,
          "hz": 11833.21735289826
        },
        {
          "acoustic_entropy": 11.332221031188965,
          "acoustic_entropy_side": 11.332357406616211,
          "hz": 12943.144197493959
        },
        {
          "acoustic_entropy": 11.332308769226074,
          "acoustic_entropy_side": 11.332357406616211,
          "hz": 14151.364845322005
        },
        {
          "acoustic_entropy": 11.3323335647583,
          "acoustic_entropy_side": 11.332357406616211,
          "hz": 15466.58407886509
        },
        {
          "acoustic_entropy": 11.332352638244629,
          "acoustic_entropy_side": 11.332357406616211,
          "hz": 16898.27756580493
        },
        {
          "acoustic_entropy": 11.332356452941895,
          "acoustic_entropy_side": 11.332357406616211,
          "hz": 18456.760127700032
        },
        {
          "acoustic_entropy": 11.332357406616211,
          "acoustic_entropy_side": 11.332357406616211,
          "hz": 20153.260054456492
        },
        {
          "acoustic_entropy": 11.332357406616211,
          "acoustic_entropy_side": 11.332357406616211,
          "hz": 22000.00000000001
        }
      ],
      "diff_acoustic_entropy": 4.200761795043945,
      "sn": 12
    },
    {
      "acoustic_entropy": 15.747020721435547,
      "acoustic_entropy_mono": 15.208410263061523,
      "band_eliminated_acoustic_entropies": [
        {
          "acoustic_entropy": 16.2020263671875,
          "acoustic_entropy_side": 15.743531227111816,
          "hz": 129.47220167065723
        },
        {
          "acoustic_entropy": 16.175111770629883,
          "acoustic_entropy_side": 15.761222839355469,
          "hz": 202.92927478742237
        },
        {
          "acoustic_entropy": 16.033002853393555,
          "acoustic_entropy_side": 15.909978866577148,
          "hz": 282.89161906338205
        },
        {
          "acoustic_entropy": 16.458450317382812,
          "acoustic_entropy_side": 16.346065521240234,
          "hz": 369.9353335868758
        },
        {
          "acoustic_entropy": 15.783302307128906,
          "acoustic_entropy_side": 16.39056968688965,
          "hz": 464.6875360973435
        },
        {
          "acoustic_entropy": 16.6597957611084,
          "acoustic_entropy_side": 15.919374465942383,
          "hz": 567.8308811364784
        },
        {
          "acoustic_entropy": 15.775151252746582,
          "acoustic_entropy_side": 16.834936141967773,
          "hz": 680.1084783214808
        },
        {
          "acoustic_entropy": 17.065792083740234,
          "acoustic_entropy_side": 16.715869903564453,
          "hz": 802.3292461747484
        },
        {
          "acoustic_entropy": 16.572948455810547,
          "acoustic_entropy_side": 17.233858108520508,
          "hz": 935.3737400823702
        },
        {
          "acoustic_entropy": 18.433334350585938,
          "acoustic_entropy_side": 16.691747665405273,
          "hz": 1080.2004963696966
        },
        {
          "acoustic_entropy": 16.85894775390625,
          "acoustic_entropy_side": 16.26116180419922,
          "hz": 1237.8529382007157
        },
        {
          "acoustic_entropy": 16.086978912353516,
          "acoustic_entropy_side": 15.122213363647461,
          "hz": 1409.4668930556702
        },
        {
          "acoustic_entropy": 16.284263610839844,
          "acoustic_entropy_side": 16.055402755737305,
          "hz": 1596.2787759475705
        },
        {
          "acoustic_entropy": 16.334705352783203,
          "acoustic_entropy_side": 15.53809642791748,
          "hz": 1799.6344973346393
        },
        {
          "acoustic_entropy": 16.468734741210938,
          "acoustic_entropy_side": 15.433113098144531,
          "hz": 2020.9991599069049
        },
        {
          "acoustic_entropy": 16.510751724243164,
          "acoustic_entropy_side": 16.76686668395996,
          "hz": 2261.9676141086993
        },
        {
          "acoustic_entropy": 16.517908096313477,
          "acoustic_entropy_side": 16.313915252685547,
          "hz": 2524.2759484456974
        },
        {
