{
  "acoustic_entropy": 33.16144943237305,
  "bands": [
    {
      "high_freq": 148.1999969482422,
      "loudness": -15.596531867980957,
      "loudness_range": 5.43210506439209,
      "mid_mean": -51.20642852783203,
      "mid_to_side_loudness": -33.71897888183594,
      "mid_to_side_loudness_range": 57.96135711669922,
      "side_mean": -69.99999237060547
    },
    {
      "high_freq": 392.3793640136719,
      "loudness": -18.92814064025879,
      "loudness_range": 4.6988019943237305,
      "low_freq": 148.1999969482422,
      "mid_mean": -52.376914978027344,
      "mid_to_side_loudness": -28.548519134521484,
      "mid_to_side_loudness_range": 51.85715103149414,
      "side_mean": -69.99998474121094
    },
    {
      "high_freq": 794.6976318359375,
      "loudness": -39.787254333496094,
      "loudness_range": 17.495243072509766,
      "low_freq": 392.3793640136719,
      "mid_mean": -37.58708572387695,
      "mid_to_side_loudness": -31.807153701782227,
      "mid_to_side_loudness_range": 50.420528411865234,
      "side_mean": -69.9999008178711
    },
    {
      "high_freq": 1457.5709228515625,
      "loudness": -47.54520034790039,
      "loudness_range": 16.646381378173828,
      "low_freq": 794.6976318359375,
      "mid_mean": -52.785789489746094,
      "mid_to_side_loudness": -33.08600616455078,
      "mid_to_side_loudness_range": 61.560272216796875,
      "side_mean": -69.9997787475586
    },
    {
      "high_freq": 2549.74365234375,
      "loudness": -44.51737594604492,
      "loudness_range": 19.634109497070312,
      "low_freq": 1457.5709228515625,
      "mid_mean": -42.4828987121582,
      "mid_to_side_loudness": -45.528385162353516,
      "mid_to_side_loudness_range": 58.68473434448242,
      "side_mean": -69.99942779541016
    },
    {
      "high_freq": 4349.24462890625,
      "loudness": -47.188987731933594,
      "loudness_range": 18.3885498046875,
      "low_freq": 2549.74365234375,
      "mid_mean": -52.50318908691406,
      "mid_to_side_loudness": -41.48712921142578,
      "mid_to_side_loudness_range": 63.5241813659668,
      "side_mean": -69.99890899658203
    },
    {
      "high_freq": 7314.1640625,
      "loudness": -46.242122650146484,
      "loudness_range": 23.15375518798828,
      "low_freq": 4349.24462890625,
      "mid_mean": -51.98884963989258,
      "mid_to_side_loudness": -36.655250549316406,
      "mid_to_side_loudness_range": 61.55318069458008,
      "side_mean": -69.99816131591797
    },
    {
      "high_freq": 12199.2666015625,
      "loudness": -41.12082290649414,
      "loudness_range": 14.30331039428711,
      "low_freq": 7314.1640625,
      "mid_mean": -53.507511138916016,
      "mid_to_side_loudness": -24.93287467956543,
      "mid_to_side_loudness_range": 55.4627799987793,
      "side_mean": -69.99278259277344
    },
    {
      "loudness": -45.121456146240234,
      "loudness_range": 11.95126724243164,
      "low_freq": 12199.2666015625,
      "mid_mean": -56.41875457763672,
      "mid_to_side_loudness": -15.434395790100098,
      "mid_to_side_loudness_range": 47.70888900756836,
      "side_mean": -69.97268676757812
    }
  ],
  "bands_short": [
    {
      "high_freq": 148.1999969482422,
      "loudness": -17.568021774291992,
      "loudness_range": 6.754068374633789,
      "mid_mean": -52.839229583740234,
      "mid_to_side_loudness": -24.338226318359375,
      "mid_to_side_loudness_range": 44.79335021972656,
      "side_mean": -69.99999237060547
    },
    {
      "high_freq": 392.3793640136719,
      "loudness": -16.65448760986328,
      "loudness_range": 7.722253799438477,
      "low_freq": 148.1999969482422,
      "mid_mean": -52.569091796875,
      "mid_to_side_loudness": -16.802593231201172,
      "mid_to_side_loudness_range": 35.75265884399414,
      "side_mean": -69.99998474121094
    },
    {
      "high_freq": 794.6976318359375,
      "loudness": -40.78700637817383,
      "loudness_range": 20.631479263305664,
      "low_freq": 392.3793640136719,
      "mid_mean": -53.665287017822266,
      "mid_to_side_loudness": -27.828609466552734,
      "mid_to_side_loudness_range": 48.483726501464844,
      "side_mean": -69.99990844726562
    },
    {
      "high_freq": 1457.5709228515625,
      "loudness": -48.42913055419922,
      "loudness_range": 31.026996612548828,
      "low_freq": 794.6976318359375,
      "mid_mean": -58.622196197509766,
      "mid_to_side_loudness": -30.1033935546875,
      "mid_to_side_loudness_range": 53.098716735839844,
      "side_mean": -69.99977111816406
    },
    {
      "high_freq": 2549.74365234375,
      "loudness": -48.79081726074219,
      "loudness_range": 33.141258239746094,
      "low_freq": 1457.5709228515625,
      "mid_mean": -58.09910202026367,
      "mid_to_side_loudness": -36.40248107910156,
      "mid_to_side_loudness_range": 56.13737869262695,
      "side_mean": -69.99943542480469
    },
    {
      "high_freq": 4349.24462890625,
      "loudness": -52.74595642089844,
      "loudness_range": 37.120452880859375,
      "low_freq": 2549.74365234375,
      "mid_mean": -62.0777702331543,
      "mid_to_side_loudness": -27.010093688964844,
      "mid_to_side_loudness_range": 49.86756896972656,
      "side_mean": -69.99890899658203
    },
    {
      "high_freq": 7314.1640625,
      "loudness": -53.399471282958984,
      "loudness_range": 39.46400451660156,
      "low_freq": 4349.24462890625,
      "mid_mean": -62.633358001708984,
      "mid_to_side_loudness": -25.245607376098633,
      "mid_to_side_loudness_range": 46.44074630737305,
      "side_mean": -69.99815368652344
    },
    {
      "high_freq": 12199.2666015625,
      "loudness": -51.559749603271484,
      "loudness_range": 42.608558654785156,
      "low_freq": 7314.1640625,
      "mid_mean": -64.92125701904297,
      "mid_to_side_loudness": -15.732264518737793,
      "mid_to_side_loudness_range": 30.18769645690918,
      "side_mean": -69.99288177490234
    },
    {
      "loudness": -52.904762268066406,
      "loudness_range": 37.39692687988281,
      "low_freq": 12199.2666015625,
      "mid_mean": -66.52786254882812,
      "mid_to_side_loudness": -5.161364555358887,
      "mid_to_side_loudness_range": 24.489715576171875,
      "side_mean": -69.97264099121094
    }
  ],
  "bandwidth": 195.0035400390625,
  "channels": 2,
  "covariance": [
    [
      707.5944213867188,
      -0.00010642404959071428,
      667.7545166015625,
      3.5415523598203436e-05,
      114.81237030029297,
      7.03342811902985e-05,
      214.34173583984375,
      0.0018291270826011896,
      -10.78205680847168,
      0.0020617665722966194,
      135.33006286621094,
      0.007638787850737572,
      111.64688873291016,
      0.0145711125805974,
      29.141572952270508,
      0.11930648237466812,
      14.937943458557129,
      0.3931712508201599
    ],
    [
      -0.00010642404959071428,
      7.111457533959253e-10,
      -0.00010047580872196704,
      1.49568385454657e-10,
      -8.940709085436538e-05,
      1.686503714459775e-09,
      -5.2940718887839466e-05,
      2.369304974436659e-09,
      -4.8269204853568226e-05,
      1.0200260192050337e-08,
      -3.982233101851307e-05,
      1.4106246837286562e-08,
      -4.048763003083877e-05,
      1.3112920527191818e-08,
      -3.529924288159236e-05,
      1.0625428537025527e-08,
      -3.510648457449861e-05,
      3.065898823706448e-08
    ],
    [
      667.7545166015625,
      -0.00010047580872196704,
      632.2689819335938,
      3.294758789706975e-05,
      110.31681823730469,
      6.144896178739145e-05,
      203.96083068847656,
      0.0017217762069776654,
      -11.110294342041016,
      0.001920157577842474,
      126.63802337646484,
      0.007155345752835274,
      103.6386947631836,
      0.013652979396283627,
      26.3664608001709,
      0.11208045482635498,
      13.313724517822266,
      0.36854520440101624
    ],
    [
      3.5415523598203436e-05,
      1.49568385454657e-10,
      3.294758789706975e-05,
      2.890137018596306e-10,
      -4.047622496727854e-05,
      2.7026070270608216e-09,
      5.343504744814709e-05,
      2.295659440321174e-09,
      -9.003944796859287e-06,
      8.93006735225299e-09,
      6.164331716718152e-05,
      1.1899670582238286e-08,
      6.275144551182166e-05,
      1.6301941130336672e-08,
      5.670652535627596e-05,
      4.5363002243448136e-08,
      4.335406993050128e-05,
      1.738761596925542e-07
    ],
    [
      114.81237030029297,
      -8.940709085436538e-05,
      110.31681823730469,
      -4.047622496727854e-05,
      71.22712707519531,
      -0.00040673688636161387,
      76.66442108154297,
      -7.342532626353204e-05,
      45.420310974121094,
      -0.0017477149376645684,
      65.57460021972656,
      -0.001292556757107377,
      65.46144104003906,
      -0.0011853916803374887,
      61.10270690917969,
      0.006536462809890509,
      55.83659362792969,
      0.009070376865565777
    ],
    [
      7.03342811902985e-05,
      1.686503714459775e-09,
      6.144896178739145e-05,
      2.7026070270608216e-09,
      -0.00040673688636161387,
      4.61650024874416e-08,
      0.00020176054385956377,
      2.05247800977304e-08,
      -0.00015662018267903477,
      1.359867667360959e-07,
      0.00025340341380797327,
      1.197440440137143e-07,
      0.00025349436327815056,
      1.4531568126585626e-07,
      0.00022283519501797855,
      2.6290956611774163e-07,
      0.00015516570420004427,
      9.140528618445387e-07
    ],
    [
      214.34173583984375,
      -5.2940718887839466e-05,
      203.96083068847656,
      5.343504744814709e-05,
      76.66442108154297,
      0.00020176054385956377,
      177.1808624267578,
      0.0011514347279444337,
      70.02815246582031,
      0.001647289260290563,
      168.9524688720703,
      0.004833458922803402,
      171.75892639160156,
      0.009194854646921158,
      158.18621826171875,
      0.047672078013420105,
      134.82618713378906,
      0.16667062044143677
    ],
    [
      0.0018291270826011896,
      2.369304974436659e-09,
      0.0017217762069776654,
      2.295659440321174e-09,
      -7.342532626353204e-05,
      2.05247800977304e-08,
      0.0011514347279444337,
      2.9606187723629773e-08,
      -2.7886237603524933e-06,
      9.055441552163757e-08,
      0.0010826108045876026,
      1.4842751738797233e-07,
      0.0010557333007454872,
      2.0689786595085025e-07,
      0.0008445813436992466,
      7.389016900560819e-07,
      0.0006530413520522416,
      2.7435310130385915e-06
    ],
    [
      -10.78205680847168,
      -4.8269204853568226e-05,
      -11.110294342041016,
      -9.003944796859287e-06,
      45.420310974121094,
      -0.00015662018267903477,
      70.02815246582031,
      -2.7886237603524933e-06,
      96.17353057861328,
      -0.0006943502812646329,
      98.8311996459961,
      -0.0005187871283851564,
      111.87612915039062,
      -0.00026255982811562717,
      135.6968231201172,
      -0.00806225836277008,
      120.83131408691406,
      -0.0201251320540905
    ],
    [
      0.0020617665722966194,
      1.0200260192050337e-08,
      0.001920157577842474,
      8.93006735225299e-09,
      -0.0017477149376645684,
      1.359867667360959e-07,
      0.001647289260290563,
      9.055441552163757e-08,
      -0.0006943502812646329,
      5.314888653629168e-07,
      0.0017770902486518025,
      5.505688136508979e-07,
      0.0017374401213601232,
      7.199022320492077e-07,
      0.0013827517395839095,
      1.7249008124053944e-06,
      0.0009422411094419658,
      6.0244656197028235e-06
    ],
    [
      135.33006286621094,
      -3.982233101851307e-05,
      126.63802337646484,
      6.164331716718152e-05,
      65.57460021972656,
      0.00025340341380797327,
      168.9524688720703,
      0.0010826108045876026,
      98.8311996459961,
      0.0017770902486518025,
      188.5048828125,
      0.004700423218309879,
      200.12379455566406,
      0.00870821624994278,
      202.76654052734375,
      0.03465495631098747,
      174.30857849121094,
      0.13390864431858063
    ],
    [
      0.007638787850737572,
      1.4106246837286562e-08,
      0.007155345752835274,
      1.1899670582238286e-08,
      -0.001292556757107377,
      1.197440440137143e-07,
      0.004833458922803402,
      1.4842751738797233e-07,
      -0.0005187871283851564,
      5.505688136508979e-07,
      0.004700423218309879,
      8.104037760858773e-07,
      0.004585567396134138,
      1.1051228057112894e-06,
      0.0035626341123133898,
      3.6229207580618095e-06,
      0.002629463793709874,
      1.3183147530071437e-05
    ],
    [
      111.64688873291016,
      -4.048763003083877e-05,
      103.6386947631836,
      6.275144551182166e-05,
      65.46144104003906,
      0.00025349436327815056,
      171.75892639160156,
      0.0010557333007454872,
      111.87612915039062,
      0.0017374401213601232,
      200.12379455566406,
      0.004585567396134138,
      217.1580352783203,
      0.008502708747982979,
      228.39593505859375,
      0.030285628512501717,
      197.18975830078125,
      0.11885571479797363
    ],
    [
      0.0145711125805974,
      1.3112920527191818e-08,
      0.013652979396283627,
      1.6301941130336672e-08,
      -0.0011853916803374887,
      1.4531568126585626e-07,
      0.009194854646921158,
      2.0689786595085025e-07,
      -0.00026255982811562717,
      7.199022320492077e-07,
      0.00870821624994278,
      1.1051228057112894e-06,
      0.008502708747982979,
      1.7125508975368575e-06,
      0.006597359664738178,
      6.340148047456751e-06,
      0.004974840208888054,
      2.3527541998191737e-05
    ],
    [
      29.141572952270508,
      -3.529924288159236e-05,
      26.3664608001709,
      5.670652535627596e-05,
      61.10270690917969,
      0.00022283519501797855,
      158.18621826171875,
      0.0008445813436992466,
      135.6968231201172,
      0.0013827517395839095,
      202.76654052734375,
      0.0035626341123133898,
      228.39593505859375,
      0.006597359664738178,
      271.0332946777344,
      0.011360122822225094,
      238.26095581054688,
      0.047869209200143814
    ],
    [
      0.11930648237466812,
      1.0625428537025527e-08,
      0.11208045482635498,
      4.5363002243448136e-08,
      0.006536462809890509,
      2.6290956611774163e-07,
      0.047672078013420105,
      7.389016900560819e-07,
      -0.00806225836277008,
      1.7249008124053944e-06,
      0.03465495631098747,
      3.6229207580618095e-06,
      0.030285628512501717,
      6.340148047456751e-06,
      0.011360122822225094,
      3.710343298735097e-05,
      0.005678301677107811,
      0.00012614224397111684
    ],
    [
      14.937943458557129,
      -3.510648457449861e-05,
      13.313724517822266,
      4.335406993050128e-05,
      55.83659362792969,
      0.00015516570420004427,
      134.82618713378906,
      0.0006530413520522416,
      120.83131408691406,
      0.0009422411094419658,
      174.30857849121094,
      0.002629463793709874,
      197.18975830078125,
      0.004974840208888054,
      238.26095581054688,
      0.005678301677107811,
      211.01039123535156,
      0.024829979985952377
    ],
    [
      0.3931712508201599,
      3.065898823706448e-08,
      0.36854520440101624,
      1.738761596925542e-07,
      0.009070376865565777,
      9.140528618445387e-07,
      0.16667062044143677,
      2.7435310130385915e-06,
      -0.0201251320540905,
      6.0244656197028235e-06,
      0.13390864431858063,
      1.3183147530071437e-05,
      0.11885571479797363,
      2.3527541998191737e-05,
      0.047869209200143814,
      0.00012614224397111684,
      0.024829979985952377,
      0.0005299167241901159
    ]
  ],
  "covariance_short": [
    [
      655.71728515625,
      -8.146863547153771e-05,
      665.1753540039062,
      7.09872665538569e-06,
      339.6013488769531,
      0.0001047439654939808,
      266.9655456542969,
      0.0016040009213611484,
      122.45561218261719,
      0.0017685930943116546,
      119.2761001586914,
      0.00695782620459795,
      93.57976531982422,
      0.013572335243225098,
      22.862457275390625,
      0.11033449321985245,
      10.210441589355469,
      0.3679255545139313
    ],
    [
      -8.146863547153771e-05,
      1.7511669891945303e-09,
      -8.276371954707429e-05,
      7.099866250470654e-10,
      -5.5393724323948845e-05,
      4.065928038698985e-09,
      -5.073585998616181e-05,
      6.458594548064411e-09,
      -2.633187614264898e-05,
      3.064034714839181e-08,
      -3.493517215247266e-05,
      3.359761890919799e-08,
      -3.2162206480279565e-05,
      3.150571359356036e-08,
      -2.2077734683989547e-05,
      2.5204601072914556e-08,
      -1.554505251988303e-05,
      5.26453725058218e-08
    ],
    [
      665.1753540039062,
      -8.276371954707429e-05,
      678.6920776367188,
      7.337996066780761e-06,
      345.3620910644531,
      0.0001111945603042841,
      269.90106201171875,
      0.0016364826587960124,
      121.8804702758789,
      0.0018033040687441826,
      118.766845703125,
      0.007071144878864288,
      93.44775390625,
      0.013865877874195576,
      23.536054611206055,
      0.11185338348150253,
      11.078277587890625,
      0.37207141518592834
    ],
    [
      7.09872665538569e-06,
      7.099866250470654e-10,
      7.337996066780761e-06,
      1.4831180727981064e-09,
      4.5286418753676116e-05,
      8.317061706009099e-09,
      7.963911230035592e-06,
      1.0221381963049225e-08,
      5.641937968903221e-05,
      3.5784267993221874e-08,
      6.655238394159824e-06,
      3.829203265581782e-08,
      6.180875061545521e-06,
      3.7596731061739774e-08,
      1.6149831481016008e-06,
      6.727266566031176e-08,
      -1.6831897937663598e-06,
      2.379006076580481e-07
    ],
    [
      339.6013488769531,
      -5.5393724323948845e-05,
      345.3620910644531,
      4.5286418753676116e-05,
      291.05120849609375,
      0.0002732475404627621,
      226.60452270507812,
      0.0015722063835710287,
      190.5034942626953,
      0.0023324538487941027,
      150.1377716064453,
      0.006912501994520426,
      139.17300415039062,
      0.01312284916639328,
      97.64527893066406,
      0.07207291573286057,
      70.92454528808594,
      0.24550631642341614
    ],
    [
      0.0001047439654939808,
      4.065928038698985e-09,
      0.0001111945603042841,
      8.317061706009099e-09,
      0.0002732475404627621,
      1.2129466142596357e-07,
      7.356159039773047e-05,
      7.543226843154116e-08,
      0.00030399070237763226,
      3.904827963197022e-07,
      3.584956721169874e-05,
      2.930446214577387e-07,
      3.460689913481474e-05,
      2.6906991479336284e-07,
      2.0367695469758473e-05,
      4.0526919065086986e-07,
      9.076686183107086e-06,
      1.40139923132665e-06
    ],
    [
      266.9655456542969,
      -5.073585998616181e-05,
      269.90106201171875,
      7.963911230035592e-06,
      226.60452270507812,
      7.356159039773047e-05,
      198.8386993408203,
      0.0009793314384296536,
      151.0719451904297,
      0.0011220891028642654,
      133.92962646484375,
      0.0042209019884467125,
      124.90147399902344,
      0.008120514452457428,
      91.83875274658203,
      0.04525645449757576,
      71.59721374511719,
      0.1468830108642578
    ],
    [
      0.0016040009213611484,
      6.458594548064411e-09,
      0.0016364826587960124,
      1.0221381963049225e-08,
      0.0015722063835710287,
      7.543226843154116e-08,
      0.0009793314384296536,
      1.074677200563201e-07,
      0.001186126726679504,
      3.309621661173878e-07,
      0.0006296064821071923,
      3.9724875477986643e-07,
      0.0005756424507126212,
      4.367409189853788e-07,
      0.0003763432614505291,
      9.815377097766032e-07,
      0.0002487108577042818,
      3.4286276786588132e-06
    ],
    [
      122.45561218261719,
      -2.633187614264898e-05,
      121.8804702758789,
      5.641937968903221e-05,
      190.5034942626953,
      0.00030399070237763226,
      151.0719451904297,
      0.001186126726679504,
      204.30038452148438,
      0.0021800657268613577,
      153.929931640625,
      0.005355330184102058,
      151.1870574951172,
      0.009625925682485104,
      125.27838134765625,
      0.030831608921289444,
      92.8006820678711,
      0.12374690175056458
    ],
    [
      0.0017685930943116546,
      3.064034714839181e-08,
      0.0018033040687441826,
      3.5784267993221874e-08,
      0.0023324538487941027,
      3.904827963197022e-07,
      0.0011220891028642654,
      3.309621661173878e-07,
      0.0021800657268613577,
      2.0015293102915166e-06,
      0.0007224269793368876,
      1.6413131334047648e-06,
      0.0006779629038646817,
      1.7531668845549575e-06,
      0.0004097906348761171,
      2.7040216536988737e-06,
      0.0002450445608701557,
      8.726975465833675e-06
    ],
    [
      119.2761001586914,
      -3.493517215247266e-05,
      118.766845703125,
      6.655238394159824e-06,
      150.1377716064453,
      3.584956721169874e-05,
      133.92962646484375,
      0.0006296064821071923,
      153.929931640625,
      0.0007224269793368876,
      142.29147338867188,
      0.0027522649616003036,
      138.44552612304688,
      0.005056687165051699,
      111.06135559082031,
      0.016507761552929878,
      85.93378448486328,
      0.059749361127614975
    ],
    [
      0.00695782620459795,
      3.359761890919799e-08,
      0.007071144878864288,
      3.829203265581782e-08,
      0.006912501994520426,
      2.930446214577387e-07,
      0.0042209019884467125,
      3.9724875477986643e-07,
      0.005355330184102058,
      1.6413131334047648e-06,
      0.0027522649616003036,
      2.1323714918253245e-06,
      0.0025139444041997194,
      2.2853114387544338e-06,
      0.0015586260706186295,
      5.0671424105530605e-06,
      0.0009965382050722837,
      1.7255959392059594e-05
    ],
    [
      93.57976531982422,
      -3.2162206480279565e-05,
      93.44775390625,
      6.180875061545521e-06,
      139.17300415039062,
      3.460689913481474e-05,
      124.90147399902344,
      0.0005756424507126212,
      151.1870574951172,
      0.0006779629038646817,
      138.44552612304688,
      0.0025139444041997194,
      139.4805450439453,
      0.0046142772771418095,
      118.1291732788086,
      0.010719234123826027,
      92.63925170898438,
      0.04143929481506348
    ],
    [
      0.013572335243225098,
      3.150571359356036e-08,
      0.013865877874195576,
      3.7596731061739774e-08,
      0.01312284916639328,
      2.6906991479336284e-07,
      0.008120514452457428,
      4.367409189853788e-07,
      0.009625925682485104,
      1.7531668845549575e-06,
      0.005056687165051699,
      2.2853114387544338e-06,
      0.0046142772771418095,
      3.4977445011463715e-06,
      0.0028901046607643366,
      8.987569344753865e-06,
      0.0018739700317382812,
      3.23678832501173e-05
    ],
    [
      22.862457275390625,
      -2.2077734683989547e-05,
      23.536054611206055,
      1.6149831481016008e-06,
      97.64527893066406,
      2.0367695469758473e-05,
      91.83875274658203,
      0.0003763432614505291,
      125.27838134765625,
      0.0004097906348761171,
      111.06135559082031,
      0.0015586260706186295,
      118.1291732788086,
      0.0028901046607643366,
      119.65950012207031,
      -0.005099055822938681,
      98.23872375488281,
      -0.012359495274722576
    ],
    [
      0.11033449321985245,
      2.5204601072914556e-08,
      0.11185338348150253,
      6.727266566031176e-08,
      0.07207291573286057,
      4.0526919065086986e-07,
      0.04525645449757576,
      9.815377097766032e-07,
      0.030831608921289444,
      2.7040216536988737e-06,
      0.016507761552929878,
      5.0671424105530605e-06,
      0.010719234123826027,
      8.987569344753865e-06,
      -0.005099055822938681,
      7.011670095380396e-05,
      -0.006457099225372076,
      0.0002026729198405519
    ],
    [
      10.210441589355469,
      -1.554505251988303e-05,
      11.078277587890625,
      -1.6831897937663598e-06,
      70.92454528808594,
      9.076686183107086e-06,
      71.59721374511719,
      0.0002487108577042818,
      92.8006820678711,
      0.0002450445608701557,
      85.93378448486328,
      0.0009965382050722837,
      92.63925170898438,
      0.0018739700317382812,
      98.23872375488281,
      -0.006457099225372076,
      83.84540557861328,
      -0.01845947466790676
    ],
    [
      0.3679255545139313,
      5.26453725058218e-08,
      0.37207141518592834,
      2.379006076580481e-07,
      0.24550631642341614,
      1.40139923132665e-06,
      0.1468830108642578,
      3.4286276786588132e-06,
      0.12374690175056458,
      8.726975465833675e-06,
      0.059749361127614975,
      1.7255959392059594e-05,
      0.04143929481506348,
      3.23678832501173e-05,
      -0.012359495274722576,
      0.0002026729198405519,
      -0.01845947466790676,
      0.0010659811086952686
    ]
  ],
  "damage": -6.580425262451172,
  "diff_bandwidth": 200.6107177734375,
  "dissonance": 5.295238294924509,
  "drr": 5.7717814445495605,
  "dynamics": 10.216546058654785,
  "format": 1245190,
  "frames": 1013760,
  "loudness": -20.335535049438477,
  "loudness_range": 20.58310317993164,
  "loudness_range_short": 30.83608627319336,
  "lowpass_true_peak_15khz": 0.01979985460639,
  "mastering3_acoustic_entropies": [
    {
      "acoustic_entropy": 5.870338439941406,
      "acoustic_entropy_mono": 5.870338439941406,
      "band_eliminated_acoustic_entropies": [
        {
          "acoustic_entropy": 5.825445652008057,
          "acoustic_entropy_side": 5.870338439941406,
          "hz": 129.47220167065723
        },
        {
          "acoustic_entropy": 5.476017475128174,
          "acoustic_entropy_side": 5.870338439941406,
          "hz": 202.92927478742237
        },
        {
          "acoustic_entropy": 5.945133686065674,
          "acoustic_entropy_side": 5.870338439941406,
          "hz": 282.89161906338205
        },
        {
          "acoustic_entropy": 5.96032190322876,
          "acoustic_entropy_side": 5.870338439941406,
          "hz": 369.9353335868758
        },
        {
          "acoustic_entropy": 5.528095245361328,
          "acoustic_entropy_side": 5.870338439941406,
          "hz": 464.6875360973435
        },
        {
          "acoustic_entropy": 5.897741317749023,
          "acoustic_entropy_side": 5.870338439941406,
          "hz": 567.8308811364784
        },
        {
          "acoustic_entropy": 5.87977933883667,
          "acoustic_entropy_side": 5.870338439941406,
          "hz": 680.1084783214808
        },
        {
          "acoustic_entropy": 5.899359226226807,
          "acoustic_entropy_side": 5.870338439941406,
          "hz": 802.3292461747484
        },
        {
          "acoustic_entropy": 5.910669326782227,
          "acoustic_entropy_side": 5.870338439941406,
          "hz": 935.3737400823702
        },
        {
          "acoustic_entropy": 5.897904872894287,
          "acoustic_entropy_side": 5.870338439941406,
          "hz": 1080.2004963696966
        },
        {
          "acoustic_entropy": 5.877921104431152,
          "acoustic_entropy_side": 5.870338439941406,
          "hz": 1237.8529382007157
        },
        {
          "acoustic_entropy": 5.870578289031982,
          "acoustic_entropy_side": 5.870338439941406,
          "hz": 1409.4668930556702
        },
        {
          "acoustic_entropy": 5.870733737945557,
          "acoustic_entropy_side": 5.870338439941406,
          "hz": 1596.2787759475705
        },
        {
          "acoustic_entropy": 5.871385097503662,
          "acoustic_entropy_side": 5.870338439941406,
          "hz": 1799.6344973346393
        },
        {
          "acoustic_entropy": 5.812814712524414,
          "acoustic_entropy_side": 5.870338439941406,
          "hz": 2020.9991599069049
        },
        {
          "acoustic_entropy": 5.869433403015137,
          "acoustic_entropy_side": 5.870338439941406,
          "hz": 2261.9676141086993
        },
        {
          "acoustic_entropy": 5.870954513549805,
          "acoustic_entropy_side": 5.870338439941406,
          "hz": 2524.2759484456974
        },
        {
          "acoustic_entropy": 5.8704833984375,
          "acoustic_entropy_side": 5.870338439941406,
          "hz": 2809.813997359896
        },
        {
          "acoustic_entropy": 5.870002269744873,
          "acoustic_entropy_side": 5.870338439941406,
          "hz": 3120.6389567871424
        },
        {
          "acoustic_entropy": 5.871750831604004,
          "acoustic_entropy_side": 5.870338439941406,
          "hz": 3458.990205492291
        },
        {
          "acoustic_entropy": 5.869729518890381,
          "acoustic_entropy_side": 5.870338439941406,
          "hz": 3827.305438964164
        },
        {
          "acoustic_entropy": 5.867337703704834,
          "acoustic_entropy_side": 5.870338439941406,
          "hz": 4228.238232109126
        },
        {
          "acoustic_entropy": 5.868378162384033,
          "acoustic_entropy_side": 5.870338439941406,
          "hz": 4664.6771572759235
        },
        {
          "acoustic_entropy": 5.8727312088012695,
          "acoustic_entropy_side": 5.870338439941406,
          "hz": 5139.766595350093
        },
        {
          "acoustic_entropy": 5.868710994720459,
          "acoustic_entropy_side": 5.870338439941406,
          "hz": 5656.929389854203
        },
        {
          "acoustic_entropy": 5.869207859039307,
          "acoustic_entropy_side": 5.870338439941406,
          "hz": 6219.891507268283
        },
        {
          "acoustic_entropy": 5.86749792098999,
          "acoustic_entropy_side": 5.870338439941406,
          "hz": 6832.70888123896
        },
        {
          "acoustic_entropy": 5.865151405334473,
          "acoustic_entropy_side": 5.870338439941406,
          "hz": 7499.796634079867
        },
        {
          "acoustic_entropy": 5.867525100708008,
          "acoustic_entropy_side": 5.870338439941406,
          "hz": 8225.96088609342
        },
        {
          "acoustic_entropy": 5.842241287231445,
          "acoustic_entropy_side": 5.870338439941406,
          "hz": 9016.43338188839
        },
        {
          "acoustic_entropy": 5.703110218048096,
          "acoustic_entropy_side": 5.870338439941406,
          "hz": 9876.909183162974
        },
        {
          "acoustic_entropy": 5.8620076179504395,
          "acoustic_entropy_side": 5.870338439941406,
          "hz": 10813.587699516042
        },
        {
          "acoustic_entropy": 5.865724086761475,
          "acoustic_entropy_side": 5.870338439941406,
          "hz": 11833.21735289826
        },
        {
          "acoustic_entropy": 5.865903854370117,
          "acoustic_entropy_side": 5.870338439941406,
          "hz": 12943.144197493959
        },
        {
          "acoustic_entropy": 5.86416482925415,
          "acoustic_entropy_side": 5.870338439941406,
          "hz": 14151.364845322005
        },
        {
          "acoustic_entropy": 5.866598129272461,
          "acoustic_entropy_side": 5.870338439941406,
          "hz": 15466.58407886509
        },
        {
          "acoustic_entropy": 5.870107650756836,
          "acoustic_entropy_side": 5.870338439941406,
          "hz": 16898.27756580493
        },
        {
          "acoustic_entropy": 5.870335578918457,
          "acoustic_entropy_side": 5.870338439941406,
          "hz": 18456.760127700032
        },
        {
          "acoustic_entropy": 5.870338439941406,
          "acoustic_entropy_side": 5.870338439941406,
          "hz": 20153.260054456492
        },
        {
          "acoustic_entropy": 5.870338439941406,
          "acoustic_entropy_side": 5.870338439941406,
          "hz": 22000.00000000001
        }
      ],
      "diff_acoustic_entropy": 4.660150051116943,
      "sn": 6
    },
    {
      "acoustic_entropy": 7.1786932945251465,
      "acoustic_entropy_mono": 7.1786932945251465,
      "band_eliminated_acoustic_entropies": [
        {
          "acoustic_entropy": 6.9736151695251465,
          "acoustic_entropy_side": 7.1786932945251465,
          "hz": 129.47220167065723
        },
        {
          "acoustic_entropy": 6.921441078186035,
          "acoustic_entropy_side": 7.1786932945251465,
          "hz": 202.92927478742237
        },
        {
          "acoustic_entropy": 7.21284294128418,
          "acoustic_entropy_side": 7.1786932945251465,
          "hz": 282.89161906338205
        },
        {
          "acoustic_entropy": 6.997959136962891,
          "acoustic_entropy_side": 7.1786932945251465,
          "hz": 369.9353335868758
        },
        {
          "acoustic_entropy": 7.261989593505859,
          "acoustic_entropy_side": 7.1786932945251465,
          "hz": 464.6875360973435
        },
        {
          "acoustic_entropy": 7.156103610992432,
          "acoustic_entropy_side": 7.1786932945251465,
          "hz": 567.8308811364784
        },
        {
          "acoustic_entropy": 7.198148727416992,
          "acoustic_entropy_side": 7.1786932945251465,
          "hz": 680.1084783214808
        },
        {
          "acoustic_entropy": 7.417649269104004,
          "acoustic_entropy_side": 7.1786932945251465,
          "hz": 802.3292461747484
        },
        {
          "acoustic_entropy": 7.3676438331604,
          "acoustic_entropy_side": 7.1786932945251465,
          "hz": 935.3737400823702
        },
        {
          "acoustic_entropy": 7.184638023376465,
          "acoustic_entropy_side": 7.1786932945251465,
          "hz": 1080.2004963696966
        },
        {
          "acoustic_entropy": 7.1598615646362305,
          "acoustic_entropy_side": 7.1786932945251465,
          "hz": 1237.8529382007157
        },
        {
          "acoustic_entropy": 7.181828022003174,
          "acoustic_entropy_side": 7.1786932945251465,
          "hz": 1409.4668930556702
        },
        {
          "acoustic_entropy": 7.179833889007568,
          "acoustic_entropy_side": 7.1786932945251465,
          "hz": 1596.2787759475705
        },
        {
          "acoustic_entropy": 7.195193767547607,
          "acoustic_entropy_side": 7.1786932945251465,
          "hz": 1799.6344973346393
        },
        {
          "acoustic_entropy": 7.085154056549072,
          "acoustic_entropy_side": 7.1786932945251465,
          "hz": 2020.9991599069049
        },
        {
          "acoustic_entropy": 7.194468975067139,
          "acoustic_entropy_side": 7.1786932945251465,
          "hz": 2261.9676141086993
        },
        {
          "acoustic_entropy": 7.18888521194458,
          "acoustic_entropy_side": 7.1786932945251465,
          "hz": 2524.2759484456974
        },
        {
          "acoustic_entropy": 7.184820652008057,
          "acoustic_entropy_side": 7.1786932945251465,
          "hz": 2809.813997359896
        },
        {
          "acoustic_entropy": 7.193185329437256,
          "acoustic_entropy_side": 7.1786932945251465,
          "hz": 3120.6389567871424
        },
        {
          "acoustic_entropy": 7.231226444244385,
          "acoustic_entropy_side": 7.1786932945251465,
          "hz": 3458.990205492291
        },
        {
          "acoustic_entropy": 7.213858604431152,
          "acoustic_entropy_side": 7.1786932945251465,
          "hz": 3827.305438964164
        },
        {
          "acoustic_entropy": 7.198980808258057,
          "acoustic_entropy_side": 7.1786932945251465,
          "hz": 4228.238232109126
        },
        {
          "acoustic_entropy": 7.212462902069092,
          "acoustic_entropy_side": 7.1786932945251465,
          "hz": 4664.6771572759235
        },
        {
          "acoustic_entropy": 7.2219557762146,
          "acoustic_entropy_side": 7.1786932945251465,
          "hz": 5139.766595350093
        },
        {
          "acoustic_entropy": 7.214674472808838,
          "acoustic_entropy_side": 7.1786932945251465,
          "hz": 5656.929389854203
        },
        {
          "acoustic_entropy": 7.205769062042236,
          "acoustic_entropy_side": 7.1786932945251465,
          "hz": 6219.891507268283
        },
        {
          "acoustic_entropy": 7.196901798248291,
          "acoustic_entropy_side": 7.1786932945251465,
          "hz": 6832.70888123896
        },
        {
          "acoustic_entropy": 7.212996959686279,
          "acoustic_entropy_side": 7.1786932945251465,
          "hz": 7499.796634079867
        },
        {
          "acoustic_entropy": 7.199594974517822,
          "acoustic_entropy_side": 7.1786932945251465,
          "hz": 8225.96088609342
        },
        {
          "acoustic_entropy": 7.221237659454346,
          "acoustic_entropy_side": 7.1786932945251465,
          "hz": 9016.43338188839
        },
        {
          "acoustic_entropy": 7.111921310424805,
          "acoustic_entropy_side": 7.1786932945251465,
          "hz": 9876.909183162974
        },
        {
          "acoustic_entropy": 7.1923508644104,
          "acoustic_entropy_side": 7.1786932945251465,
          "hz": 10813.587699516042
        },
        {
          "acoustic_entropy": 7.199292182922363,
          "acoustic_entropy_side": 7.1786932945251465,
          "hz": 11833.21735289826
        },
        {
          "acoustic_entropy": 7.196541786193848,
          "acoustic_entropy_side": 7.1786932945251465,
          "hz": 12943.144197493959
        },
        {
          "acoustic_entropy": 7.222292423248291,
          "acoustic_entropy_side": 7.1786932945251465,
          "hz": 14151.364845322005
        },
        {
          "acoustic_entropy": 7.186759948730469,
          "acoustic_entropy_side": 7.1786932945251465,
          "hz": 15466.58407886509
        },
        {
          "acoustic_entropy": 7.1770148277282715,
          "acoustic_entropy_side": 7.1786932945251465,
          "hz": 16898.27756580493
        },
        {
          "acoustic_entropy": 7.178664684295654,
          "acoustic_entropy_side": 7.1786932945251465,
          "hz": 18456.760127700032
        },
        {
          "acoustic_entropy": 7.1786932945251465,
          "acoustic_entropy_side": 7.1786932945251465,
          "hz": 20153.260054456492
        },
        {
          "acoustic_entropy": 7.1786932945251465,
          "acoustic_entropy_side": 7.1786932945251465,
          "hz": 22000.00000000001
        }
      ],
      "diff_acoustic_entropy": 6.347866535186768,
      "sn": 12
    },
    {
      "acoustic_entropy": 11.142212867736816,
      "acoustic_entropy_mono": 11.142212867736816,
      "band_eliminated_acoustic_entropies": [
        {
          "acoustic_entropy": 11.195490837097168,
          "acoustic_entropy_side": 11.142212867736816,
          "hz": 129.47220167065723
        },
        {
          "acoustic_entropy": 10.928506851196289,
          "acoustic_entropy_side": 11.142212867736816,
          "hz": 202.92927478742237
        },
        {
          "acoustic_entropy": 11.22856616973877,
          "acoustic_entropy_side": 11.142212867736816,
          "hz": 282.89161906338205
        },
        {
          "acoustic_entropy": 11.213606834411621,
          "acoustic_entropy_side": 11.142212867736816,
          "hz": 369.9353335868758
        },
        {
          "acoustic_entropy": 11.15163803100586,
          "acoustic_entropy_side": 11.142212867736816,
          "hz": 464.6875360973435
        },
        {
          "acoustic_entropy": 11.155426025390625,
          "acoustic_entropy_side": 11.142212867736816,
          "hz": 567.8308811364784
        },
        {
          "acoustic_entropy": 11.094015121459961,
          "acoustic_entropy_side": 11.142212867736816,
          "hz": 680.1084783214808
        },
        {
          "acoustic_entropy": 11.309367179870605,
          "acoustic_entropy_side": 11.142212867736816,
          "hz": 802.3292461747484
        },
        {
