{
  "acoustic_entropy": 84.36227416992188,
  "bands": [
    {
      "high_freq": 148.1999969482422,
      "loudness": -65.77886962890625,
      "loudness_range": 13.11074447631836,
      "mid_mean": -61.35505294799805,
      "mid_to_side_loudness": -15.219076156616211,
      "mid_to_side_loudness_range": 9.451329231262207,
      "side_mean": -69.18372344970703
    },
    {
      "high_freq": 392.3793640136719,
      "loudness": -37.80696105957031,
      "loudness_range": 22.873565673828125,
      "low_freq": 148.1999969482422,
      "mid_mean": -34.34685134887695,
      "mid_to_side_loudness": -16.271482467651367,
      "mid_to_side_loudness_range": 14.409627914428711,
      "side_mean": -50.762184143066406
    },
    {
      "high_freq": 794.6976318359375,
      "loudness": -51.03728103637695,
      "loudness_range": 21.45520782470703,
      "low_freq": 392.3793640136719,
      "mid_mean": -47.91039276123047,
      "mid_to_side_loudness": -14.177275657653809,
      "mid_to_side_loudness_range": 12.464022636413574,
      "side_mean": -60.990543365478516
    },
    {
      "high_freq": 1457.5709228515625,
      "loudness": -43.266326904296875,
      "loudness_range": 21.657217025756836,
      "low_freq": 794.6976318359375,
      "mid_mean": -40.09202194213867,
      "mid_to_side_loudness": -11.894575119018555,
      "mid_to_side_loudness_range": 11.947368621826172,
      "side_mean": -53.1726188659668
    },
    {
      "high_freq": 2549.74365234375,
      "loudness": -44.785892486572266,
      "loudness_range": 21.427715301513672,
      "low_freq": 1457.5709228515625,
      "mid_mean": -41.68721389770508,
      "mid_to_side_loudness": -11.456979751586914,
      "mid_to_side_loudness_range": 11.604458808898926,
      "side_mean": -54.28369140625
    },
    {
      "high_freq": 4349.24462890625,
      "loudness": -53.27879333496094,
      "loudness_range": 29.573131561279297,
      "low_freq": 2549.74365234375,
      "mid_mean": -51.159080505371094,
      "mid_to_side_loudness": -9.365888595581055,
      "mid_to_side_loudness_range": 5.573740482330322,
      "side_mean": -59.1734619140625
    },
    {
      "high_freq": 7314.1640625,
      "loudness": -63.592628479003906,
      "loudness_range": 26.961875915527344,
      "low_freq": 4349.24462890625,
      "mid_mean": -59.4468994140625,
      "mid_to_side_loudness": -6.488473892211914,
      "mid_to_side_loudness_range": 4.198756217956543,
      "side_mean": -64.10965728759766
    },
    {
      "high_freq": 12199.2666015625,
      "loudness": -73.80785369873047,
      "loudness_range": 11.751838684082031,
      "low_freq": 7314.1640625,
      "mid_mean": -67.64913177490234,
      "mid_to_side_loudness": -1.4649800062179565,
      "mid_to_side_loudness_range": 2.2706458568573,
      "side_mean": -68.23661041259766
    },
    {
      "loudness": 0,
      "loudness_range": 0,
      "low_freq": 12199.2666015625,
      "mid_mean": -68.94226837158203,
      "mid_to_side_loudness": 0.1302879899740219,
      "mid_to_side_loudness_range": 0.5262410640716553,
      "side_mean": -68.91409301757812
    }
  ],
  "bands_short": [
    {
      "high_freq": 148.1999969482422,
      "loudness": -68.88114929199219,
      "loudness_range": 11.375362396240234,
      "mid_mean": -63.820159912109375,
      "mid_to_side_loudness": -13.998664855957031,
      "mid_to_side_loudness_range": 13.442445755004883,
      "side_mean": -69.40799713134766
    },
    {
      "high_freq": 392.3793640136719,
      "loudness": -39.155296325683594,
      "loudness_range": 25.22243881225586,
      "low_freq": 148.1999969482422,
      "mid_mean": -35.674259185791016,
      "mid_to_side_loudness": -15.830717086791992,
      "mid_to_side_loudness_range": 16.684080123901367,
      "side_mean": -51.59836959838867
    },
    {
      "high_freq": 794.6976318359375,
      "loudness": -50.469947814941406,
      "loudness_range": 22.939769744873047,
      "low_freq": 392.3793640136719,
      "mid_mean": -47.24956512451172,
      "mid_to_side_loudness": -13.839255332946777,
      "mid_to_side_loudness_range": 14.732982635498047,
      "side_mean": -60.25469207763672
    },
    {
      "high_freq": 1457.5709228515625,
      "loudness": -44.5880241394043,
      "loudness_range": 23.207000732421875,
      "low_freq": 794.6976318359375,
      "mid_mean": -41.56732177734375,
      "mid_to_side_loudness": -11.369246482849121,
      "mid_to_side_loudness_range": 13.687272071838379,
      "side_mean": -54.18891143798828
    },
    {
      "high_freq": 2549.74365234375,
      "loudness": -45.279151916503906,
      "loudness_range": 23.85205841064453,
      "low_freq": 1457.5709228515625,
      "mid_mean": -42.322731018066406,
      "mid_to_side_loudness": -10.799369812011719,
      "mid_to_side_loudness_range": 12.953169822692871,
      "side_mean": -54.50522994995117
    },
    {
      "high_freq": 4349.24462890625,
      "loudness": -54.75909423828125,
      "loudness_range": 31.31583023071289,
      "low_freq": 2549.74365234375,
      "mid_mean": -52.54729080200195,
      "mid_to_side_loudness": -9.054980278015137,
      "mid_to_side_loudness_range": 6.337522029876709,
      "side_mean": -60.05961990356445
    },
    {
      "high_freq": 7314.1640625,
      "loudness": -65.1347885131836,
      "loudness_range": 25.736717224121094,
      "low_freq": 4349.24462890625,
      "mid_mean": -60.668758392333984,
      "mid_to_side_loudness": -6.174191951751709,
      "mid_to_side_loudness_range": 4.725811004638672,
      "side_mean": -64.8304672241211
    },
    {
      "high_freq": 12199.2666015625,
      "loudness": -74.28126525878906,
      "loudness_range": 9.271217346191406,
      "low_freq": 7314.1640625,
      "mid_mean": -67.88057708740234,
      "mid_to_side_loudness": -1.3790760040283203,
      "mid_to_side_loudness_range": 2.6371471881866455,
      "side_mean": -68.3924789428711
    },
    {
      "loudness": 0,
      "loudness_range": 0,
      "low_freq": 12199.2666015625,
      "mid_mean": -68.9381103515625,
      "mid_to_side_loudness": 0.12811872363090515,
      "mid_to_side_loudness_range": 1.4384992122650146,
      "side_mean": -68.90982055664062
    }
  ],
  "bandwidth": 621.8831176757812,
  "channels": 2,
  "covariance": [
    [
      14.087371826171875,
      1.2867109775543213,
      21.81766128540039,
      14.644004821777344,
      21.560243606567383,
      10.950177192687988,
      19.211776733398438,
      16.346263885498047,
      19.354045867919922,
      16.695833206176758,
      31.753318786621094,
      25.99213218688965,
      24.77973747253418,
      18.34138298034668,
      6.952162742614746,
      4.975176811218262,
      0.14510859549045563,
      0.14731089770793915
    ],
    [
      1.2867109775543213,
      0.2568030059337616,
      2.2257559299468994,
      1.9265961647033691,
      2.3510847091674805,
      1.7078454494476318,
      2.1123170852661133,
      2.1269371509552,
      2.1989083290100098,
      2.0839662551879883,
      3.0326385498046875,
      2.6246180534362793,
      2.30546236038208,
      1.7283293008804321,
      0.620754599571228,
      0.45450887084007263,
      0.014870671555399895,
      0.013989678584039211
    ],
    [
      21.81766128540039,
      2.2257559299468994,
      62.933624267578125,
      39.462711334228516,
      53.58586883544922,
      27.185577392578125,
      43.68013000488281,
      40.652069091796875,
      42.36140823364258,
      39.55048751831055,
      65.14270782470703,
      49.91731262207031,
      46.083045959472656,
      32.14501190185547,
      10.262428283691406,
      7.19055700302124,
      0.22136639058589935,
      0.2061392217874527
    ],
    [
      14.644004821777344,
      1.9265961647033691,
      39.462711334228516,
      39.21156692504883,
      35.27772521972656,
      25.10957145690918,
      25.985855102539062,
      32.29176712036133,
      26.626693725585938,
      31.289026260375977,
      41.336883544921875,
      32.665836334228516,
      29.45148468017578,
      20.05203628540039,
      5.408499240875244,
      3.7619855403900146,
      0.18110498785972595,
      0.17009237408638
    ],
    [
      21.560243606567383,
      2.3510847091674805,
      53.58586883544922,
      35.27772521972656,
      57.9059944152832,
      30.016489028930664,
      45.408634185791016,
      44.131290435791016,
      47.53385543823242,
      46.308231353759766,
      71.04500579833984,
      54.84297180175781,
      49.53112030029297,
      33.98600387573242,
      10.511643409729004,
      7.322020530700684,
      0.2161431759595871,
      0.20451116561889648
    ],
    [
      10.950177192687988,
      1.7078454494476318,
      27.185577392578125,
      25.10957145690918,
      30.016489028930664,
      23.381000518798828,
      22.18764305114746,
      27.315872192382812,
      24.27605628967285,
      28.245777130126953,
      35.73872375488281,
      28.857282638549805,
      24.793167114257812,
      16.614246368408203,
      4.160157680511475,
      2.8772621154785156,
      0.1262090504169464,
      0.11788931488990784
    ],
    [
      19.211776733398438,
      2.1123170852661133,
      43.68013000488281,
      25.985855102539062,
      45.408634185791016,
      22.18764305114746,
      62.25642395019531,
      41.73454666137695,
      57.76994323730469,
      41.9423828125,
      65.62183380126953,
      52.25691223144531,
      47.747802734375,
      33.73851013183594,
      10.989367485046387,
      7.71530294418335,
      0.22433412075042725,
      0.19645138084888458
    ],
    [
      16.346263885498047,
      2.1269371509552,
      40.652069091796875,
      32.29176712036133,
      44.131290435791016,
      27.315872192382812,
      41.73454666137695,
      47.3122673034668,
      41.46668243408203,
      45.59590148925781,
      58.66437911987305,
      45.971832275390625,
      40.364959716796875,
      27.628780364990234,
      8.226959228515625,
      5.822092056274414,
      0.2277243286371231,
      0.21007169783115387
    ],
    [
      19.354045867919922,
      2.1989083290100098,
      42.36140823364258,
      26.626693725585938,
      47.53385543823242,
      24.27605628967285,
      57.76994323730469,
      41.46668243408203,
      66.85564422607422,
      46.53776550292969,
      70.0898208618164,
      55.85603332519531,
      49.808860778808594,
      34.75643539428711,
      10.73869514465332,
      7.447573184967041,
      0.20997802913188934,
      0.18494099378585815
    ],
    [
      16.695833206176758,
      2.0839662551879883,
      39.55048751831055,
      31.289026260375977,
      46.308231353759766,
      28.245777130126953,
      41.9423828125,
      45.59590148925781,
      46.53776550292969,
      49.539371490478516,
      64.10704803466797,
      50.095733642578125,
      43.66108703613281,
      29.492919921875,
      8.39555835723877,
      5.855348110198975,
      0.22200645506381989,
      0.2056368589401245
    ],
    [
      31.753318786621094,
      3.0326385498046875,
      65.14270782470703,
      41.336883544921875,
      71.04500579833984,
      35.73872375488281,
      65.62183380126953,
      58.66437911987305,
      70.0898208618164,
      64.10704803466797,
      108.36959075927734,
      84.25653076171875,
      76.95342254638672,
      53.26142501831055,
      17.308937072753906,
      12.10280704498291,
      0.3617279529571533,
      0.35781461000442505
    ],
    [
      25.99213218688965,
      2.6246180534362793,
      49.91731262207031,
      32.665836334228516,
      54.84297180175781,
      28.857282638549805,
      52.25691223144531,
      45.971832275390625,
      55.85603332519531,
      50.095733642578125,
      84.25653076171875,
      68.13530731201172,
      61.979087829589844,
      43.7781867980957,
      14.296669006347656,
      10.10877799987793,
      0.28170067071914673,
      0.2823218107223511
    ],
    [
      24.77973747253418,
      2.30546236038208,
      46.083045959472656,
      29.45148468017578,
      49.53112030029297,
      24.793167114257812,
      47.747802734375,
      40.364959716796875,
      49.808860778808594,
      43.66108703613281,
      76.95342254638672,
      61.979087829589844,
      60.997474670410156,
      43.033363342285156,
      14.166587829589844,
      9.95762825012207,
      0.2714289724826813,
      0.2691483497619629
    ],
    [
      18.34138298034668,
      1.7283293008804321,
      32.14501190185547,
      20.05203628540039,
      33.98600387573242,
      16.614246368408203,
      33.73851013183594,
      27.628780364990234,
      34.75643539428711,
      29.492919921875,
      53.26142501831055,
      43.7781867980957,
      43.033363342285156,
      31.340456008911133,
      10.918722152709961,
      7.819863319396973,
      0.19930289685726166,
      0.2026316076517105
    ],
    [
      6.952162742614746,
      0.620754599571228,
      10.262428283691406,
      5.408499240875244,
      10.511643409729004,
      4.160157680511475,
      10.989367485046387,
      8.226959228515625,
      10.73869514465332,
      8.39555835723877,
      17.308937072753906,
      14.296669006347656,
      14.166587829589844,
      10.918722152709961,
      5.246826648712158,
      3.8503122329711914,
      0.09389746189117432,
      0.09874127060174942
    ],
    [
      4.975176811218262,
      0.45450887084007263,
      7.19055700302124,
      3.7619855403900146,
      7.322020530700684,
      2.8772621154785156,
      7.71530294418335,
      5.822092056274414,
      7.447573184967041,
      5.855348110198975,
      12.10280704498291,
      10.10877799987793,
      9.95762825012207,
      7.819863319396973,
      3.8503122329711914,
      2.910766124725342,
      0.06760325282812119,
      0.07430683076381683
    ],
    [
      0.14510859549045563,
      0.014870671555399895,
      0.22136639058589935,
      0.18110498785972595,
      0.2161431759595871,
      0.1262090504169464,
      0.22433412075042725,
      0.2277243286371231,
      0.20997802913188934,
      0.22200645506381989,
      0.3617279529571533,
      0.28170067071914673,
      0.2714289724826813,
      0.19930289685726166,
      0.09389746189117432,
      0.06760325282812119,
      0.004774227272719145,
      0.004189871251583099
    ],
    [
      0.14731089770793915,
      0.013989678584039211,
      0.2061392217874527,
      0.17009237408638,
      0.20451116561889648,
      0.11788931488990784,
      0.19645138084888458,
      0.21007169783115387,
      0.18494099378585815,
      0.2056368589401245,
      0.35781461000442505,
      0.2823218107223511,
      0.2691483497619629,
      0.2026316076517105,
      0.09874127060174942,
      0.07430683076381683,
      0.004189871251583099,
      0.0051584746688604355
    ]
  ],
  "covariance_short": [
    [
      8.653681755065918,
      0.33034369349479675,
      13.563011169433594,
      8.835115432739258,
      12.873469352722168,
      7.043859958648682,
      11.251456260681152,
      8.84184455871582,
      11.530067443847656,
      9.226092338562012,
      16.9036922454834,
      13.567346572875977,
      12.730576515197754,
      9.354613304138184,
      3.2517056465148926,
      2.3277804851531982,
      0.08913736045360565,
      0.08770836889743805
    ],
    [
      0.33034369349479675,
      0.2022785097360611,
      1.06461501121521,
      0.9943714141845703,
      1.0606951713562012,
      0.891037106513977,
      1.0438557863235474,
      0.9876152873039246,
      1.0249828100204468,
      0.9396125674247742,
      1.2688593864440918,
      1.0922526121139526,
      0.9891830682754517,
      0.7009556293487549,
      0.1948295384645462,
      0.1365235596895218,
      0.005982425529509783,
      0.005049513187259436
    ],
    [
      13.563011169433594,
      1.06461501121521,
      73.71817779541016,
      42.728763580322266,
      58.53289031982422,
      30.31454086303711,
      48.647438049316406,
      42.190792083740234,
      46.76741409301758,
      43.0327033996582,
      67.92261505126953,
      51.02278137207031,
      46.645328521728516,
      31.6400203704834,
      9.123652458190918,
      6.364068031311035,
      0.2422245293855667,
      0.23452630639076233
    ],
    [
      8.835115432739258,
      0.9943714141845703,
      42.728763580322266,
      45.16020202636719,
      36.54794692993164,
      28.07583999633789,
      28.53563117980957,
      32.741294860839844,
      28.872098922729492,
      33.1450080871582,
      43.871559143066406,
      33.66365432739258,
      30.41450309753418,
      20.029674530029297,
      4.640315532684326,
      3.165654420852661,
      0.15355513989925385,
      0.13372893631458282
    ],
    [
      12.873469352722168,
      1.0606951713562012,
      58.53289031982422,
      36.54794692993164,
      64.8997573852539,
      32.98820877075195,
      49.690914154052734,
      43.751861572265625,
      50.50657272338867,
      47.357666015625,
      70.77462768554688,
      53.46059036254883,
      48.70316696166992,
      33.064449310302734,
      9.518590927124023,
      6.652672290802002,
      0.2506062090396881,
      0.23429828882217407
    ],
    [
      7.043859958648682,
      0.891037106513977,
      30.31454086303711,
      28.07583999633789,
      32.98820877075195,
      28.1123046875,
      25.931800842285156,
      29.368587493896484,
      27.227027893066406,
      30.769039154052734,
      38.114376068115234,
      30.017147064208984,
      26.308853149414062,
      17.409698486328125,
      3.879004955291748,
      2.646430730819702,
      0.12582193315029144,
      0.11109602451324463
    ],
    [
      11.251456260681152,
      1.0438557863235474,
      48.647438049316406,
      28.53563117980957,
      49.690914154052734,
      25.931800842285156,
      74.22838592529297,
      46.143638610839844,
      66.5431900024414,
      48.14619445800781,
      72.01304626464844,
      55.49263381958008,
      49.807621002197266,
      34.104217529296875,
      9.83217716217041,
      6.849141597747803,
      0.258808434009552,
      0.23104286193847656
    ],
    [
      8.84184455871582,
      0.9876152873039246,
      42.190792083740234,
      32.741294860839844,
      43.751861572265625,
      29.368587493896484,
      46.143638610839844,
      50.583343505859375,
      43.93865966796875,
      47.92589569091797,
      59.652225494384766,
      45.596412658691406,
      39.37091064453125,
      26.211896896362305,
      6.85040283203125,
      4.7948408126831055,
      0.20854710042476654,
      0.19484418630599976
    ],
    [
      11.530067443847656,
      1.0249828100204468,
      46.76741409301758,
      28.872098922729492,
      50.50657272338867,
      27.227027893066406,
      66.5431900024414,
      43.93865966796875,
      80.46404266357422,
      52.95891571044922,
      78.04596710205078,
      60.54676055908203,
      53.51806640625,
      36.56586456298828,
      10.328394889831543,
      7.143698215484619,
      0.2518751621246338,
      0.22709739208221436
    ],
    [
      9.226092338562012,
      0.9396125674247742,
      43.0327033996582,
      33.1450080871582,
      47.357666015625,
      30.769039154052734,
      48.14619445800781,
      47.92589569091797,
      52.95891571044922,
      56.04368209838867,
      69.18225860595703,
      52.83974838256836,
      45.49851608276367,
      30.21197509765625,
      7.806929111480713,
      5.42680549621582,
      0.2192257046699524,
      0.20712530612945557
    ],
    [
      16.9036922454834,
      1.2688593864440918,
      67.92261505126953,
      43.871559143066406,
      70.77462768554688,
      38.114376068115234,
      72.01304626464844,
      59.652225494384766,
      78.04596710205078,
      69.18225860595703,
      111.5291976928711,
      84.6053466796875,
      75.75064086914062,
      51.2953987121582,
      15.23465633392334,
      10.680349349975586,
      0.3708556294441223,
      0.36780115962028503
    ],
    [
      13.567346572875977,
      1.0922526121139526,
      51.02278137207031,
      33.66365432739258,
      53.46059036254883,
      30.017147064208984,
      55.49263381958008,
      45.596412658691406,
      60.54676055908203,
      52.83974838256836,
      84.6053466796875,
      67.3487319946289,
      60.19785690307617,
      41.63420867919922,
      12.440081596374512,
      8.830404281616211,
      0.2897820770740509,
      0.2947089672088623
    ],
    [
      12.730576515197754,
      0.9891830682754517,
      46.645328521728516,
      30.41450309753418,
      48.70316696166992,
      26.308853149414062,
      49.807621002197266,
      39.37091064453125,
      53.51806640625,
      45.49851608276367,
      75.75064086914062,
      60.19785690307617,
      60.66142272949219,
      41.991294860839844,
      12.847187042236328,
      9.131306648254395,
      0.2877843677997589,
      0.28813597559928894
    ],
    [
      9.354613304138184,
      0.7009556293487549,
      31.6400203704834,
      20.029674530029297,
      33.064449310302734,
      17.409698486328125,
      34.104217529296875,
      26.211896896362305,
      36.56586456298828,
      30.21197509765625,
      51.2953987121582,
      41.63420867919922,
      41.991294860839844,
      30.252300262451172,
      9.865460395812988,
      7.1664814949035645,
      0.21326299011707306,
      0.22168110311031342
    ],
    [
      3.2517056465148926,
      0.1948295384645462,
      9.123652458190918,
      4.640315532684326,
      9.518590927124023,
      3.879004955291748,
      9.83217716217041,
      6.85040283203125,
      10.328394889831543,
      7.806929111480713,
      15.23465633392334,
      12.440081596374512,
      12.847187042236328,
      9.865460395812988,
      4.904241561889648,
      3.67450213432312,
      0.10447589308023453,
      0.11141707748174667
    ],
    [
      2.3277804851531982,
      0.1365235596895218,
      6.364068031311035,
      3.165654420852661,
      6.652672290802002,
      2.646430730819702,
      6.849141597747803,
      4.7948408126831055,
      7.143698215484619,
      5.42680549621582,
      10.680349349975586,
      8.830404281616211,
      9.131306648254395,
      7.1664814949035645,
      3.67450213432312,
      2.8524253368377686,
      0.07702580839395523,
      0.08619486540555954
    ],
    [
      0.08913736045360565,
      0.005982425529509783,
      0.2422245293855667,
      0.15355513989925385,
      0.2506062090396881,
      0.12582193315029144,
      0.258808434009552,
      0.20854710042476654,
      0.2518751621246338,
      0.2192257046699524,
      0.3708556294441223,
      0.2897820770740509,
      0.2877843677997589,
      0.21326299011707306,
      0.10447589308023453,
      0.07702580839395523,
      0.009134086780250072,
      0.003810800379142165
    ],
    [
      0.08770836889743805,
      0.005049513187259436,
      0.23452630639076233,
      0.13372893631458282,
      0.23429828882217407,
      0.11109602451324463,
      0.23104286193847656,
      0.19484418630599976,
      0.22709739208221436,
      0.20712530612945557,
      0.36780115962028503,
      0.2947089672088623,
      0.28813597559928894,
      0.22168110311031342,
      0.11141707748174667,
      0.08619486540555954,
      0.003810800379142165,
      0.010030045174062252
    ]
  ],
  "damage": -17.775493621826172,
  "diff_bandwidth": 640.2652587890625,
  "dissonance": 6.781930799865639,
  "drr": 5.564486980438232,
  "dynamics": 5.968228816986084,
  "format": 1245190,
  "frames": 4486080,
  "loudness": -30.453449249267578,
  "loudness_range": 20.955175399780273,
  "loudness_range_short": 24.0517578125,
  "lowpass_true_peak_15khz": -9.129257202148438,
  "mastering3_acoustic_entropies": [
    {
      "acoustic_entropy": 6.428023338317871,
      "acoustic_entropy_mono": 6.442913055419922,
      "band_eliminated_acoustic_entropies": [
        {
          "acoustic_entropy": 6.428023338317871,
          "acoustic_entropy_side": 6.428023338317871,
          "hz": 129.47220167065723
        },
        {
          "acoustic_entropy": 6.41945219039917,
          "acoustic_entropy_side": 6.4280266761779785,
          "hz": 202.92927478742237
        },
        {
          "acoustic_entropy": 5.510848045349121,
          "acoustic_entropy_side": 6.431565284729004,
          "hz": 282.89161906338205
        },
        {
          "acoustic_entropy": 7.0085296630859375,
          "acoustic_entropy_side": 6.437195301055908,
          "hz": 369.9353335868758
        },
        {
          "acoustic_entropy": 5.210535049438477,
          "acoustic_entropy_side": 6.429240703582764,
          "hz": 464.6875360973435
        },
        {
          "acoustic_entropy": 6.468970775604248,
          "acoustic_entropy_side": 6.428915977478027,
          "hz": 567.8308811364784
        },
        {
          "acoustic_entropy": 6.383352756500244,
          "acoustic_entropy_side": 6.428951740264893,
          "hz": 680.1084783214808
        },
        {
          "acoustic_entropy": 6.439586639404297,
          "acoustic_entropy_side": 6.428351402282715,
          "hz": 802.3292461747484
        },
        {
          "acoustic_entropy": 6.42574405670166,
          "acoustic_entropy_side": 6.4283318519592285,
          "hz": 935.3737400823702
        },
        {
          "acoustic_entropy": 6.404512882232666,
          "acoustic_entropy_side": 6.42950439453125,
          "hz": 1080.2004963696966
        },
        {
          "acoustic_entropy": 6.478566646575928,
          "acoustic_entropy_side": 6.435227394104004,
          "hz": 1237.8529382007157
        },
        {
          "acoustic_entropy": 6.587957382202148,
          "acoustic_entropy_side": 6.473880767822266,
          "hz": 1409.4668930556702
        },
        {
          "acoustic_entropy": 6.205168724060059,
          "acoustic_entropy_side": 6.513186931610107,
          "hz": 1596.2787759475705
        },
        {
          "acoustic_entropy": 6.381459712982178,
          "acoustic_entropy_side": 6.453234672546387,
          "hz": 1799.6344973346393
        },
        {
          "acoustic_entropy": 6.337741374969482,
          "acoustic_entropy_side": 6.418911457061768,
          "hz": 2020.9991599069049
        },
        {
          "acoustic_entropy": 6.3820905685424805,
          "acoustic_entropy_side": 6.425832748413086,
          "hz": 2261.9676141086993
        },
        {
          "acoustic_entropy": 6.418054103851318,
          "acoustic_entropy_side": 6.423650741577148,
          "hz": 2524.2759484456974
        },
        {
          "acoustic_entropy": 6.365057945251465,
          "acoustic_entropy_side": 6.420191764831543,
          "hz": 2809.813997359896
        },
        {
          "acoustic_entropy": 6.2209649085998535,
          "acoustic_entropy_side": 6.40294885635376,
          "hz": 3120.6389567871424
        },
        {
          "acoustic_entropy": 6.171360492706299,
          "acoustic_entropy_side": 6.3878560066223145,
          "hz": 3458.990205492291
        },
        {
          "acoustic_entropy": 6.376738548278809,
          "acoustic_entropy_side": 6.4180169105529785,
          "hz": 3827.305438964164
        },
        {
          "acoustic_entropy": 6.241009712219238,
          "acoustic_entropy_side": 6.40254545211792,
          "hz": 4228.238232109126
        },
        {
          "acoustic_entropy": 6.3796820640563965,
          "acoustic_entropy_side": 6.4210100173950195,
          "hz": 4664.6771572759235
        },
        {
          "acoustic_entropy": 6.367957592010498,
          "acoustic_entropy_side": 6.420722961425781,
          "hz": 5139.766595350093
        },
        {
          "acoustic_entropy": 6.404059886932373,
          "acoustic_entropy_side": 6.425790309906006,
          "hz": 5656.929389854203
        },
        {
          "acoustic_entropy": 6.419948101043701,
          "acoustic_entropy_side": 6.427391052246094,
          "hz": 6219.891507268283
        },
        {
          "acoustic_entropy": 6.4268927574157715,
          "acoustic_entropy_side": 6.4279351234436035,
          "hz": 6832.70888123896
        },
        {
          "acoustic_entropy": 6.427180767059326,
          "acoustic_entropy_side": 6.427934169769287,
          "hz": 7499.796634079867
        },
        {
          "acoustic_entropy": 6.427511692047119,
          "acoustic_entropy_side": 6.427950859069824,
          "hz": 8225.96088609342
        },
        {
          "acoustic_entropy": 6.42789363861084,
          "acoustic_entropy_side": 6.4279985427856445,
          "hz": 9016.43338188839
        },
        {
          "acoustic_entropy": 6.4279890060424805,
          "acoustic_entropy_side": 6.428013801574707,
          "hz": 9876.909183162974
        },
        {
          "acoustic_entropy": 6.428011894226074,
          "acoustic_entropy_side": 6.4280195236206055,
          "hz": 10813.587699516042
        },
        {
          "acoustic_entropy": 6.4280195236206055,
          "acoustic_entropy_side": 6.428022384643555,
          "hz": 11833.21735289826
        },
        {
          "acoustic_entropy": 6.428023338317871,
          "acoustic_entropy_side": 6.428023338317871,
          "hz": 12943.144197493959
        },
        {
          "acoustic_entropy": 6.428023338317871,
          "acoustic_entropy_side": 6.428023338317871,
          "hz": 14151.364845322005
        },
        {
          "acoustic_entropy": 6.428023338317871,
          "acoustic_entropy_side": 6.428023338317871,
          "hz": 15466.58407886509
        },
        {
          "acoustic_entropy": 6.428023338317871,
          "acoustic_entropy_side": 6.428023338317871,
          "hz": 16898.27756580493
        },
        {
          "acoustic_entropy": 6.428023338317871,
          "acoustic_entropy_side": 6.428023338317871,
          "hz": 18456.760127700032
        },
        {
          "acoustic_entropy": 6.428023338317871,
          "acoustic_entropy_side": 6.428023338317871,
          "hz": 20153.260054456492
        },
        {
          "acoustic_entropy": 6.428023338317871,
          "acoustic_entropy_side": 6.428023338317871,
          "hz": 22000.00000000001
        }
      ],
      "diff_acoustic_entropy": 4.777105331420898,
      "sn": 6
    },
    {
      "acoustic_entropy": 8.909224510192871,
      "acoustic_entropy_mono": 8.514205932617188,
      "band_eliminated_acoustic_entropies": [
        {
          "acoustic_entropy": 8.909181594848633,
          "acoustic_entropy_side": 8.909223556518555,
          "hz": 129.47220167065723
        },
        {
          "acoustic_entropy": 8.89328670501709,
          "acoustic_entropy_side": 8.909085273742676,
          "hz": 202.92927478742237
        },
        {
          "acoustic_entropy": 7.740077495574951,
          "acoustic_entropy_side": 8.87006664276123,
          "hz": 282.89161906338205
        },
        {
          "acoustic_entropy": 9.314251899719238,
          "acoustic_entropy_side": 8.76030445098877,
          "hz": 369.9353335868758
        },
        {
          "acoustic_entropy": 7.232394218444824,
          "acoustic_entropy_side": 8.695356369018555,
          "hz": 464.6875360973435
        },
        {
          "acoustic_entropy": 8.986852645874023,
          "acoustic_entropy_side": 8.902519226074219,
          "hz": 567.8308811364784
        },
        {
          "acoustic_entropy": 8.804152488708496,
          "acoustic_entropy_side": 8.903759002685547,
          "hz": 680.1084783214808
        },
        {
          "acoustic_entropy": 8.973464965820312,
          "acoustic_entropy_side": 8.90554141998291,
          "hz": 802.3292461747484
        },
        {
          "acoustic_entropy": 8.964908599853516,
          "acoustic_entropy_side": 8.902996063232422,
          "hz": 935.3737400823702
        },
        {
          "acoustic_entropy": 8.873695373535156,
          "acoustic_entropy_side": 8.884648323059082,
          "hz": 1080.2004963696966
        },
        {
          "acoustic_entropy": 8.896991729736328,
          "acoustic_entropy_side": 8.887763977050781,
          "hz": 1237.8529382007157
        },
        {
          "acoustic_entropy": 9.220878601074219,
          "acoustic_entropy_side": 8.908731460571289,
          "hz": 1409.4668930556702
        },
        {
          "acoustic_entropy": 8.396106719970703,
          "acoustic_entropy_side": 8.890335083007812,
          "hz": 1596.2787759475705
        },
        {
          "acoustic_entropy": 8.90623950958252,
          "acoustic_entropy_side": 8.775640487670898,
          "hz": 1799.6344973346393
        },
        {
          "acoustic_entropy": 8.823838233947754,
          "acoustic_entropy_side": 8.867228507995605,
          "hz": 2020.9991599069049
        },
        {
          "acoustic_entropy": 8.71445369720459,
          "acoustic_entropy_side": 8.880882263183594,
          "hz": 2261.9676141086993
        },
        {
          "acoustic_entropy": 8.80801010131836,
          "acoustic_entropy_side": 8.916443824768066,
          "hz": 2524.2759484456974
        },
        {
          "acoustic_entropy": 8.738922119140625,
          "acoustic_entropy_side": 8.929858207702637,
          "hz": 2809.813997359896
        },
        {
          "acoustic_entropy": 8.884371757507324,
          "acoustic_entropy_side": 8.940345764160156,
          "hz": 3120.6389567871424
        },
        {
          "acoustic_entropy": 8.799127578735352,
          "acoustic_entropy_side": 8.90458869934082,
          "hz": 3458.990205492291
        },
        {
          "acoustic_entropy": 8.980523109436035,
          "acoustic_entropy_side": 8.920998573303223,
          "hz": 3827.305438964164
        },
        {
          "acoustic_entropy": 8.5138578414917,
          "acoustic_entropy_side": 8.905278205871582,
          "hz": 4228.238232109126
        },
        {
          "acoustic_entropy": 9.037066459655762,
          "acoustic_entropy_side": 8.92293643951416,
          "hz": 4664.6771572759235
        },
        {
          "acoustic_entropy": 8.859807014465332,
          "acoustic_entropy_side": 8.890897750854492,
          "hz": 5139.766595350093
        },
        {
          "acoustic_entropy": 8.818239212036133,
          "acoustic_entropy_side": 8.894634246826172,
          "hz": 5656.929389854203
        },
        {
          "acoustic_entropy": 8.864264488220215,
          "acoustic_entropy_side": 8.903559684753418,
          "hz": 6219.891507268283
        },
        {
          "acoustic_entropy": 8.905838012695312,
          "acoustic_entropy_side": 8.908939361572266,
          "hz": 6832.70888123896
        },
        {
          "acoustic_entropy": 8.90772533416748,
          "acoustic_entropy_side": 8.909185409545898,
          "hz": 7499.796634079867
        },
        {
          "acoustic_entropy": 8.906628608703613,
          "acoustic_entropy_side": 8.90894603729248,
          "hz": 8225.96088609342
        },
        {
          "acoustic_entropy": 8.908438682556152,
          "acoustic_entropy_side": 8.909116744995117,
          "hz": 9016.43338188839
        },
        {
          "acoustic_entropy": 8.908963203430176,
          "acoustic_entropy_side": 8.909171104431152,
          "hz": 9876.909183162974
        },
        {
          "acoustic_entropy": 8.909132957458496,
          "acoustic_entropy_side": 8.909200668334961,
          "hz": 10813.587699516042
        },
        {
          "acoustic_entropy": 8.909210205078125,
          "acoustic_entropy_side": 8.909225463867188,
          "hz": 11833.21735289826
        },
        {
          "acoustic_entropy": 8.909222602844238,
          "acoustic_entropy_side": 8.909224510192871,
          "hz": 12943.144197493959
        },
        {
          "acoustic_entropy": 8.909222602844238,
          "acoustic_entropy_side": 8.909223556518555,
          "hz": 14151.364845322005
        },
        {
          "acoustic_entropy": 8.909224510192871,
          "acoustic_entropy_side": 8.909224510192871,
          "hz": 15466.58407886509
        },
        {
          "acoustic_entropy": 8.909224510192871,
          "acoustic_entropy_side": 8.909224510192871,
          "hz": 16898.27756580493
        },
        {
          "acoustic_entropy": 8.909224510192871,
          "acoustic_entropy_side": 8.909224510192871,
          "hz": 18456.760127700032
        },
        {
          "acoustic_entropy": 8.909224510192871,
          "acoustic_entropy_side": 8.909224510192871,
          "hz": 20153.260054456492
        },
        {
          "acoustic_entropy": 8.909224510192871,
          "acoustic_entropy_side": 8.909224510192871,
          "hz": 22000.00000000001
        }
      ],
      "diff_acoustic_entropy": 6.787770748138428,
      "sn": 12
    },
    {
      "acoustic_entropy": 12.10715389251709,
      "acoustic_entropy_mono": 10.560401916503906,
      "band_eliminated_acoustic_entropies": [
        {
          "acoustic_entropy": 12.108994483947754,
          "acoustic_entropy_side": 12.107227325439453,
          "hz": 129.47220167065723
        },
        {
          "acoustic_entropy": 12.11900806427002,
          "acoustic_entropy_side": 12.123917579650879,
          "hz": 202.92927478742237
        },
        {
          "acoustic_entropy": 10.689436912536621,
          "acoustic_entropy_side": 11.983375549316406,
          "hz": 282.89161906338205
        },
        {
          "acoustic_entropy": 13.697226524353027,
          "acoustic_entropy_side": 12.75266170501709,
          "hz": 369.9353335868758
        },
        {
          "acoustic_entropy": 10.99848461151123,
          "acoustic_entropy_side": 11.853938102722168,
          "hz": 464.6875360973435
        },
        {
          "acoustic_entropy": 12.389942169189453,
          "acoustic_entropy_side": 12.148909568786621,
          "hz": 567.8308811364784
        },
        {
          "acoustic_entropy": 12.073284149169922,
          "acoustic_entropy_side": 12.113870620727539,
          "hz": 680.1084783214808
        },
        {
          "acoustic_entropy": 12.079061508178711,
          "acoustic_entropy_side": 12.116884231567383,
          "hz": 802.3292461747484
        },
        {
          "acoustic_entropy": 12.041971206665039,
          "acoustic_entropy_side": 12.066415786743164,
          "hz": 935.3737400823702
        },
        {
          "acoustic_entropy": 12.041065216064453,
          "acoustic_entropy_side": 12.096200942993164,
          "hz": 1080.2004963696966
        },
        {
          "acoustic_entropy": 12.208253860473633,
          "acoustic_entropy_side": 12.074460983276367,
          "hz": 1237.8529382007157
        },
        {
          "acoustic_entropy": 12.052777290344238,
          "acoustic_entropy_side": 12.056126594543457,
          "hz": 1409.4668930556702
        },
        {
          "acoustic_entropy": 12.029104232788086,
          "acoustic_entropy_side": 11.981060028076172,
          "hz": 1596.2787759475705
        },
        {
          "acoustic_entropy": 11.94692611694336,
          "acoustic_entropy_side": 12.095523834228516,
          "hz": 1799.6344973346393
        },
        {
          "acoustic_entropy": 12.092217445373535,
          "acoustic_entropy_side": 12.26827335357666,
          "hz": 2020.9991599069049
        },
        {
          "acoustic_entropy": 12.445099830627441,
          "acoustic_entropy_side": 12.319911003112793,
          "hz": 2261.9676141086993
        },
        {
          "acoustic_entropy": 12.029664993286133,
          "acoustic_entropy_side": 12.166271209716797,
          "hz": 2524.2759484456974
        },
        {
          "acoustic_entropy": 12.030003547668457,
          "acoustic_entropy_side": 12.146288871765137,
          "hz": 2809.813997359896
        },
        {
          "acoustic_entropy": 12.077062606811523,
          "acoustic_entropy_side": 12.072465896606445,
