{
  "acoustic_entropy": 69.33821868896484,
  "bands": [
    {
      "high_freq": 148.1999969482422,
      "loudness": -48.06555938720703,
      "loudness_range": 30.296072006225586,
      "mid_mean": -45.127132415771484,
      "mid_to_side_loudness": -14.565098762512207,
      "mid_to_side_loudness_range": 14.357844352722168,
      "side_mean": -61.023677825927734
    },
    {
      "high_freq": 392.3793640136719,
      "loudness": -33.751338958740234,
      "loudness_range": 25.738880157470703,
      "low_freq": 148.1999969482422,
      "mid_mean": -31.20754051208496,
      "mid_to_side_loudness": -7.575660228729248,
      "mid_to_side_loudness_range": 18.806278228759766,
      "side_mean": -40.6864128112793
    },
    {
      "high_freq": 794.6976318359375,
      "loudness": -29.346206665039062,
      "loudness_range": 26.58771514892578,
      "low_freq": 392.3793640136719,
      "mid_mean": -26.59183120727539,
      "mid_to_side_loudness": -8.450942039489746,
      "mid_to_side_loudness_range": 14.29761028289795,
      "side_mean": -36.572906494140625
    },
    {
      "high_freq": 1457.5709228515625,
      "loudness": -37.69473648071289,
      "loudness_range": 23.990678787231445,
      "low_freq": 794.6976318359375,
      "mid_mean": -35.2772216796875,
      "mid_to_side_loudness": -6.502528667449951,
      "mid_to_side_loudness_range": 8.093220710754395,
      "side_mean": -42.43754196166992
    },
    {
      "high_freq": 2549.74365234375,
      "loudness": -43.470211029052734,
      "loudness_range": 27.727474212646484,
      "low_freq": 1457.5709228515625,
      "mid_mean": -41.52558517456055,
      "mid_to_side_loudness": -4.710710525512695,
      "mid_to_side_loudness_range": 8.011478424072266,
      "side_mean": -51.19243621826172
    },
    {
      "high_freq": 4349.24462890625,
      "loudness": -55.98722839355469,
      "loudness_range": 32.19548416137695,
      "low_freq": 2549.74365234375,
      "mid_mean": -57.97754669189453,
      "mid_to_side_loudness": -3.821533203125,
      "mid_to_side_loudness_range": 7.887558460235596,
      "side_mean": -60.87099075317383
    },
    {
      "high_freq": 7314.1640625,
      "loudness": -65.67935180664062,
      "loudness_range": 30.00411605834961,
      "low_freq": 4349.24462890625,
      "mid_mean": -66.07105255126953,
      "mid_to_side_loudness": -2.564558744430542,
      "mid_to_side_loudness_range": 6.368072509765625,
      "side_mean": -67.47773742675781
    },
    {
      "high_freq": 12199.2666015625,
      "loudness": -80.13997650146484,
      "loudness_range": 10.900482177734375,
      "low_freq": 7314.1640625,
      "mid_mean": -69.17024230957031,
      "mid_to_side_loudness": -1.106480598449707,
      "mid_to_side_loudness_range": 3.9958980083465576,
      "side_mean": -69.4765396118164
    },
    {
      "loudness": 0,
      "loudness_range": 0,
      "low_freq": 12199.2666015625,
      "mid_mean": -69.54074096679688,
      "mid_to_side_loudness": -0.33499178290367126,
      "mid_to_side_loudness_range": 0.6998378038406372,
      "side_mean": -69.57213592529297
    }
  ],
  "bands_short": [
    {
      "high_freq": 148.1999969482422,
      "loudness": -52.472251892089844,
      "loudness_range": 28.744342803955078,
      "mid_mean": -53.35279083251953,
      "mid_to_side_loudness": -17.047975540161133,
      "mid_to_side_loudness_range": 18.373558044433594,
      "side_mean": -65.51398468017578
    },
    {
      "high_freq": 392.3793640136719,
      "loudness": -33.73417282104492,
      "loudness_range": 25.92411231994629,
      "low_freq": 148.1999969482422,
      "mid_mean": -31.139942169189453,
      "mid_to_side_loudness": -7.335799694061279,
      "mid_to_side_loudness_range": 19.704978942871094,
      "side_mean": -41.06187438964844
    },
    {
      "high_freq": 794.6976318359375,
      "loudness": -29.61434555053711,
      "loudness_range": 27.118915557861328,
      "low_freq": 392.3793640136719,
      "mid_mean": -26.87578010559082,
      "mid_to_side_loudness": -9.051339149475098,
      "mid_to_side_loudness_range": 17.23206329345703,
      "side_mean": -38.1136474609375
    },
    {
      "high_freq": 1457.5709228515625,
      "loudness": -37.01457214355469,
      "loudness_range": 24.568016052246094,
      "low_freq": 794.6976318359375,
      "mid_mean": -35.328243255615234,
      "mid_to_side_loudness": -4.253294467926025,
      "mid_to_side_loudness_range": 9.177745819091797,
      "side_mean": -40.002437591552734
    },
    {
      "high_freq": 2549.74365234375,
      "loudness": -43.712406158447266,
      "loudness_range": 28.165924072265625,
      "low_freq": 1457.5709228515625,
      "mid_mean": -41.89994430541992,
      "mid_to_side_loudness": -4.51010274887085,
      "mid_to_side_loudness_range": 8.914966583251953,
      "side_mean": -52.11299133300781
    },
    {
      "high_freq": 4349.24462890625,
      "loudness": -56.51805114746094,
      "loudness_range": 31.530452728271484,
      "low_freq": 2549.74365234375,
      "mid_mean": -58.787742614746094,
      "mid_to_side_loudness": -3.310305595397949,
      "mid_to_side_loudness_range": 9.471063613891602,
      "side_mean": -61.30912399291992
    },
    {
      "high_freq": 7314.1640625,
      "loudness": -67.72882080078125,
      "loudness_range": 29.464359283447266,
      "low_freq": 4349.24462890625,
      "mid_mean": -66.7707748413086,
      "mid_to_side_loudness": -2.319084644317627,
      "mid_to_side_loudness_range": 6.900294780731201,
      "side_mean": -67.95760345458984
    },
    {
      "high_freq": 12199.2666015625,
      "loudness": -80.5610122680664,
      "loudness_range": 7.452552795410156,
      "low_freq": 7314.1640625,
      "mid_mean": -69.3228988647461,
      "mid_to_side_loudness": -0.9207520484924316,
      "mid_to_side_loudness_range": 3.5724596977233887,
      "side_mean": -69.54078674316406
    },
    {
      "loudness": 0,
      "loudness_range": 0,
      "low_freq": 12199.2666015625,
      "mid_mean": -69.53868103027344,
      "mid_to_side_loudness": -0.33811262249946594,
      "mid_to_side_loudness_range": 1.5568161010742188,
      "side_mean": -69.57026672363281
    }
  ],
  "bandwidth": 614.1854858398438,
  "channels": 2,
  "covariance": [
    [
      117.59686279296875,
      86.64396667480469,
      73.3887710571289,
      92.26961517333984,
      67.32147216796875,
      76.85919189453125,
      74.75978088378906,
      75.68807983398438,
      78.51054382324219,
      87.76194763183594,
      91.33484649658203,
      75.10289001464844,
      42.759822845458984,
      26.354778289794922,
      6.330748081207275,
      2.6715447902679443,
      -0.27419233322143555,
      -0.4050060510635376
    ],
    [
      86.64396667480469,
      78.51914978027344,
      62.474571228027344,
      75.5751953125,
      58.65428161621094,
      61.81364059448242,
      62.49673080444336,
      61.85114669799805,
      65.3598861694336,
      87.71986389160156,
      81.63711547851562,
      65.45581817626953,
      34.60922622680664,
      21.097774505615234,
      4.813721179962158,
      2.0724916458129883,
      -0.012132949195802212,
      -0.12059298157691956
    ],
    [
      73.3887710571289,
      62.474571228027344,
      89.0657958984375,
      97.94876861572266,
      77.73157501220703,
      80.60203552246094,
      81.84656524658203,
      76.32860565185547,
      84.42705535888672,
      86.49766540527344,
      87.15396881103516,
      74.33124542236328,
      40.71251678466797,
      25.41763687133789,
      5.018117427825928,
      1.9009697437286377,
      -0.31202369928359985,
      -0.4205646514892578
    ],
    [
      92.26961517333984,
      75.5751953125,
      97.94876861572266,
      123.8071517944336,
      86.18647003173828,
      92.77606964111328,
      90.02477264404297,
      88.78693389892578,
      96.30180358886719,
      100.50154876708984,
      101.87382507324219,
      85.0845718383789,
      45.5467414855957,
      28.24373435974121,
      5.393226146697998,
      2.0409340858459473,
      -0.3468928635120392,
      -0.4700016975402832
    ],
    [
      67.32147216796875,
      58.65428161621094,
      77.73157501220703,
      86.18647003173828,
      101.07493591308594,
      85.78582000732422,
      78.85062408447266,
      71.27455139160156,
      82.1238784790039,
      89.55667877197266,
      95.84783172607422,
      87.71841430664062,
      52.71986770629883,
      35.63338088989258,
      7.962520122528076,
      3.349236249923706,
      -0.4357911944389343,
      -0.5555211901664734
    ],
    [
      76.85919189453125,
      61.81364059448242,
      80.60203552246094,
      92.77606964111328,
      85.78582000732422,
      93.0478744506836,
      79.94010925292969,
      75.70024871826172,
      82.50227355957031,
      89.70983123779297,
      92.0745849609375,
      81.1250228881836,
      47.24590301513672,
      30.63474464416504,
      6.9126176834106445,
      2.84912109375,
      -0.36602234840393066,
      -0.47878703474998474
    ],
    [
      74.75978088378906,
      62.49673080444336,
      81.84656524658203,
      90.02477264404297,
      78.85062408447266,
      79.94010925292969,
      85.65238189697266,
      80.55537414550781,
      83.9908676147461,
      87.76071166992188,
      91.96422576904297,
      80.4942398071289,
      48.2929801940918,
      31.18936538696289,
      7.22952127456665,
      2.916741132736206,
      -0.3423660397529602,
      -0.4751140773296356
    ],
    [
      75.68807983398438,
      61.85114669799805,
      76.32860565185547,
      88.78693389892578,
      71.27455139160156,
      75.70024871826172,
      80.55537414550781,
      82.80608367919922,
      81.49615478515625,
      84.8902359008789,
      88.72222137451172,
      76.11444091796875,
      45.86847686767578,
      29.368120193481445,
      7.102726459503174,
      2.8770878314971924,
      -0.3020082712173462,
      -0.4369730055332184
    ],
    [
      78.51054382324219,
      65.3598861694336,
      84.42705535888672,
      96.30180358886719,
      82.1238784790039,
      82.50227355957031,
      83.9908676147461,
      81.49615478515625,
      97.47541809082031,
      95.77151489257812,
      99.45877075195312,
      86.26750946044922,
      50.61211395263672,
      33.264835357666016,
      8.43872356414795,
      3.6111795902252197,
      -0.35903793573379517,
      -0.49471327662467957
    ],
    [
      87.76194763183594,
      87.71986389160156,
      86.49766540527344,
      100.50154876708984,
      89.55667877197266,
      89.70983123779297,
      87.76071166992188,
      84.8902359008789,
      95.77151489257812,
      161.74948120117188,
      134.77432250976562,
      113.11897277832031,
      60.157257080078125,
      39.49757766723633,
      9.487626075744629,
      4.1398444175720215,
      0.05605430528521538,
      -0.11010873317718506
    ],
    [
      91.33484649658203,
      81.63711547851562,
      87.15396881103516,
      101.87382507324219,
      95.84783172607422,
      92.0745849609375,
      91.96422576904297,
      88.72222137451172,
      99.45877075195312,
      134.77432250976562,
      126.9941635131836,
      107.7267074584961,
      62.0450553894043,
      40.8749885559082,
      10.532026290893555,
      4.633174896240234,
      -0.10418742895126343,
      -0.2744334638118744
    ],
    [
      75.10289001464844,
      65.45581817626953,
      74.33124542236328,
      85.0845718383789,
      87.71841430664062,
      81.1250228881836,
      80.4942398071289,
      76.11444091796875,
      86.26750946044922,
      113.11897277832031,
      107.7267074584961,
      96.21319580078125,
      57.6378059387207,
      39.0189323425293,
      9.992215156555176,
      4.3950395584106445,
      -0.16091009974479675,
      -0.3097786009311676
    ],
    [
      42.759822845458984,
      34.60922622680664,
      40.71251678466797,
      45.5467414855957,
      52.71986770629883,
      47.24590301513672,
      48.2929801940918,
      45.86847686767578,
      50.61211395263672,
      60.157257080078125,
      62.0450553894043,
      57.6378059387207,
      42.1970329284668,
      29.77154541015625,
      8.803651809692383,
      4.03803014755249,
      -0.14076358079910278,
      -0.24864795804023743
    ],
    [
      26.354778289794922,
      21.097774505615234,
      25.41763687133789,
      28.24373435974121,
      35.63338088989258,
      30.63474464416504,
      31.18936538696289,
      29.368120193481445,
      33.264835357666016,
      39.49757766723633,
      40.8749885559082,
      39.0189323425293,
      29.77154541015625,
      22.333024978637695,
      6.960157871246338,
      3.2653753757476807,
      -0.10554169118404388,
      -0.17785467207431793
    ],
    [
      6.330748081207275,
      4.813721179962158,
      5.018117427825928,
      5.393226146697998,
      7.962520122528076,
      6.9126176834106445,
      7.22952127456665,
      7.102726459503174,
      8.43872356414795,
      9.487626075744629,
      10.532026290893555,
      9.992215156555176,
      8.803651809692383,
      6.960157871246338,
      2.9971911907196045,
      1.536897897720337,
      -0.01152363047003746,
      -0.03802400454878807
    ],
    [
      2.6715447902679443,
      2.0724916458129883,
      1.9009697437286377,
      2.0409340858459473,
      3.349236249923706,
      2.84912109375,
      2.916741132736206,
      2.8770878314971924,
      3.6111795902252197,
      4.1398444175720215,
      4.633174896240234,
      4.3950395584106445,
      4.03803014755249,
      3.2653753757476807,
      1.536897897720337,
      0.8287410736083984,
      -0.0002872054756153375,
      -0.0126281026750803
    ],
    [
      -0.27419233322143555,
      -0.012132949195802212,
      -0.31202369928359985,
      -0.3468928635120392,
      -0.4357911944389343,
      -0.36602234840393066,
      -0.3423660397529602,
      -0.3020082712173462,
      -0.35903793573379517,
      0.05605430528521538,
      -0.10418742895126343,
      -0.16091009974479675,
      -0.14076358079910278,
      -0.10554169118404388,
      -0.01152363047003746,
      -0.0002872054756153375,
      0.010744416154921055,
      0.010295568965375423
    ],
    [
      -0.4050060510635376,
      -0.12059298157691956,
      -0.4205646514892578,
      -0.4700016975402832,
      -0.5555211901664734,
      -0.47878703474998474,
      -0.4751140773296356,
      -0.4369730055332184,
      -0.49471327662467957,
      -0.11010873317718506,
      -0.2744334638118744,
      -0.3097786009311676,
      -0.24864795804023743,
      -0.17785467207431793,
      -0.03802400454878807,
      -0.0126281026750803,
      0.010295568965375423,
      0.0106084905564785
    ]
  ],
  "covariance_short": [
    [
      143.22869873046875,
      58.74938201904297,
      59.97652053833008,
      76.31224822998047,
      49.73289108276367,
      63.20771408081055,
      60.75075912475586,
      59.16828536987305,
      63.93668746948242,
      129.13914489746094,
      103.71136474609375,
      81.99519348144531,
      37.57929229736328,
      22.760635375976562,
      5.08905029296875,
      2.3021059036254883,
      0.17003001272678375,
      0.0076049636118113995
    ],
    [
      58.74938201904297,
      33.679344177246094,
      39.53215026855469,
      47.63072967529297,
      34.321922302246094,
      39.0097541809082,
      39.93379592895508,
      39.24908447265625,
      42.28618240356445,
      54.226566314697266,
      50.15632629394531,
      40.996700286865234,
      20.520694732666016,
      12.168721199035645,
      2.4603922367095947,
      0.9998396635055542,
      -0.0375543013215065,
      -0.12120766937732697
    ],
    [
      59.97652053833008,
      39.53215026855469,
      90.98080444335938,
      98.92417907714844,
      76.57323455810547,
      78.79695129394531,
      81.45236206054688,
      83.12133026123047,
      85.9808578491211,
      86.27806091308594,
      87.17909240722656,
      74.98342895507812,
      36.57822799682617,
      22.17157554626465,
      3.9930787086486816,
      1.5172098875045776,
      -0.32736921310424805,
      -0.4448155462741852
    ],
    [
      76.31224822998047,
      47.63072967529297,
      98.92417907714844,
      128.14315795898438,
      85.72138214111328,
      92.846923828125,
      91.68480682373047,
      95.7976303100586,
      98.23141479492188,
      102.38421630859375,
      102.53013610839844,
      85.96744537353516,
      40.87230682373047,
      24.694398880004883,
      4.124884128570557,
      1.5029869079589844,
      -0.3701520264148712,
      -0.4977807402610779
    ],
    [
      49.73289108276367,
      34.321922302246094,
      76.57323455810547,
      85.72138214111328,
      104.46700286865234,
      83.97491455078125,
      77.92469024658203,
      77.38494110107422,
      83.12608337402344,
      89.02249145507812,
      95.45673370361328,
      88.7939682006836,
      48.27660369873047,
      32.07138442993164,
      6.4425787925720215,
      2.6831448078155518,
      -0.4708379805088043,
      -0.6002072095870972
    ],
    [
      63.20771408081055,
      39.0097541809082,
      78.79695129394531,
      92.846923828125,
      83.97491455078125,
      94.91014099121094,
      78.84542846679688,
      79.41730499267578,
      83.6747055053711,
      90.7359848022461,
      92.38211822509766,
      81.03842163085938,
      42.41154861450195,
      27.075422286987305,
      5.768308639526367,
      2.4877026081085205,
      -0.3669244050979614,
      -0.5087822675704956
    ],
    [
      60.75075912475586,
      39.93379592895508,
      81.45236206054688,
      91.68480682373047,
      77.92469024658203,
      78.84542846679688,
      88.34146118164062,
      85.27445983886719,
      84.89403533935547,
      87.52678680419922,
      90.89404296875,
      80.21205139160156,
      43.521034240722656,
      27.585512161254883,
      5.934243202209473,
      2.4387218952178955,
      -0.3598906397819519,
      -0.5108208060264587
    ],
    [
      59.16828536987305,
      39.24908447265625,
      83.12133026123047,
      95.7976303100586,
      77.38494110107422,
      79.41730499267578,
      85.27445983886719,
      94.44685363769531,
      86.25312805175781,
      88.54935455322266,
      90.34759521484375,
      80.05054473876953,
      43.13467025756836,
      27.100488662719727,
      5.583743572235107,
      2.2528491020202637,
      -0.3655243515968323,
      -0.5041136145591736
    ],
    [
      63.93668746948242,
      42.28618240356445,
      85.9808578491211,
      98.23141479492188,
      83.12608337402344,
      83.6747055053711,
      84.89403533935547,
      86.25312805175781,
      100.74378967285156,
      96.78380584716797,
      98.88880157470703,
      85.71525573730469,
      45.43562316894531,
      29.141477584838867,
      6.804749488830566,
      2.9760167598724365,
      -0.3744276762008667,
      -0.5323066115379333
    ],
    [
      129.13914489746094,
      54.226566314697266,
      86.27806091308594,
      102.38421630859375,
      89.02249145507812,
      90.7359848022461,
      87.52678680419922,
      88.54935455322266,
      96.78380584716797,
      165.70364379882812,
      133.4562530517578,
      112.91181945800781,
      52.79248046875,
      33.94055938720703,
      7.383957862854004,
      3.298797369003296,
      0.033533837646245956,
      -0.1499740183353424
    ],
    [
      103.71136474609375,
      50.15632629394531,
      87.17909240722656,
      102.53013610839844,
      95.45673370361328,
      92.38211822509766,
      90.89404296875,
      90.34759521484375,
      98.88880157470703,
      133.4562530517578,
      122.58937072753906,
      103.99992370605469,
      52.906192779541016,
      34.113250732421875,
      8.021925926208496,
      3.62550950050354,
      -0.11835337430238724,
      -0.3068142533302307
    ],
    [
      81.99519348144531,
      40.996700286865234,
      74.98342895507812,
      85.96744537353516,
      88.7939682006836,
      81.03842163085938,
      80.21205139160156,
      80.05054473876953,
      85.71525573730469,
      112.91181945800781,
      103.99992370605469,
      94.72013854980469,
      49.763431549072266,
      33.11050796508789,
      7.635626316070557,
      3.4266974925994873,
      -0.17853397130966187,
      -0.338875949382782
    ],
    [
      37.57929229736328,
      20.520694732666016,
      36.57822799682617,
      40.87230682373047,
      48.27660369873047,
      42.41154861450195,
      43.521034240722656,
      43.13467025756836,
      45.43562316894531,
      52.79248046875,
      52.906192779541016,
      49.763431549072266,
      33.82178497314453,
      23.675813674926758,
      6.484431266784668,
      3.102585792541504,
      -0.13334839046001434,
      -0.25431057810783386
    ],
    [
      22.760635375976562,
      12.168721199035645,
      22.17157554626465,
      24.694398880004883,
      32.07138442993164,
      27.075422286987305,
      27.585512161254883,
      27.100488662719727,
      29.141477584838867,
      33.94055938720703,
      34.113250732421875,
      33.11050796508789,
      23.675813674926758,
      18.069957733154297,
      5.146082401275635,
      2.541717767715454,
      -0.09694473445415497,
      -0.17913872003555298
    ],
    [
      5.08905029296875,
      2.4603922367095947,
      3.9930787086486816,
      4.124884128570557,
      6.4425787925720215,
      5.768308639526367,
      5.934243202209473,
      5.583743572235107,
      6.804749488830566,
      7.383957862854004,
      8.021925926208496,
      7.635626316070557,
      6.484431266784668,
      5.146082401275635,
      2.2993319034576416,
      1.264885663986206,
      0.00024847258464433253,
      -0.03510488197207451
    ],
    [
      2.3021059036254883,
      0.9998396635055542,
      1.5172098875045776,
      1.5029869079589844,
      2.6831448078155518,
      2.4877026081085205,
      2.4387218952178955,
      2.2528491020202637,
      2.9760167598724365,
      3.298797369003296,
      3.62550950050354,
      3.4266974925994873,
      3.102585792541504,
      2.541717767715454,
      1.264885663986206,
      0.7728537321090698,
      0.009736915118992329,
      -0.010664057917892933
    ],
    [
      0.17003001272678375,
      -0.0375543013215065,
      -0.32736921310424805,
      -0.3701520264148712,
      -0.4708379805088043,
      -0.3669244050979614,
      -0.3598906397819519,
      -0.3655243515968323,
      -0.3744276762008667,
      0.033533837646245956,
      -0.11835337430238724,
      -0.17853397130966187,
      -0.13334839046001434,
      -0.09694473445415497,
      0.00024847258464433253,
      0.009736915118992329,
      0.012969058007001877,
      0.01101691648364067
    ],
    [
      0.0076049636118113995,
      -0.12120766937732697,
      -0.4448155462741852,
      -0.4977807402610779,
      -0.6002072095870972,
      -0.5087822675704956,
      -0.5108208060264587,
      -0.5041136145591736,
      -0.5323066115379333,
      -0.1499740183353424,
      -0.3068142533302307,
      -0.338875949382782,
      -0.25431057810783386,
      -0.17913872003555298,
      -0.03510488197207451,
      -0.010664057917892933,
      0.01101691648364067,
      0.012293938547372818
    ]
  ],
  "damage": -7.082616329193115,
  "diff_bandwidth": 623.9503784179688,
  "dissonance": 2.4463265168590755,
  "drr": 5.790732383728027,
  "dynamics": 8.570988655090332,
  "format": 1245190,
  "frames": 2467840,
  "loudness": -22.630367279052734,
  "loudness_range": 24.71202850341797,
  "loudness_range_short": 25.224384307861328,
  "lowpass_true_peak_15khz": -1.8697491884231567,
  "mastering3_acoustic_entropies": [
    {
      "acoustic_entropy": 5.396461486816406,
      "acoustic_entropy_mono": 5.2542643547058105,
      "band_eliminated_acoustic_entropies": [
        {
          "acoustic_entropy": 5.396771430969238,
          "acoustic_entropy_side": 5.396461486816406,
          "hz": 129.47220167065723
        },
        {
          "acoustic_entropy": 5.37099027633667,
          "acoustic_entropy_side": 5.39701509475708,
          "hz": 202.92927478742237
        },
        {
          "acoustic_entropy": 5.496329307556152,
          "acoustic_entropy_side": 5.411625862121582,
          "hz": 282.89161906338205
        },
        {
          "acoustic_entropy": 5.503778457641602,
          "acoustic_entropy_side": 5.433847904205322,
          "hz": 369.9353335868758
        },
        {
          "acoustic_entropy": 5.005720138549805,
          "acoustic_entropy_side": 5.407605171203613,
          "hz": 464.6875360973435
        },
        {
          "acoustic_entropy": 5.459188938140869,
          "acoustic_entropy_side": 5.384123802185059,
          "hz": 567.8308811364784
        },
        {
          "acoustic_entropy": 4.927382469177246,
          "acoustic_entropy_side": 5.392107963562012,
          "hz": 680.1084783214808
        },
        {
          "acoustic_entropy": 5.380370140075684,
          "acoustic_entropy_side": 5.412535190582275,
          "hz": 802.3292461747484
        },
        {
          "acoustic_entropy": 5.2748494148254395,
          "acoustic_entropy_side": 5.3751606941223145,
          "hz": 935.3737400823702
        },
        {
          "acoustic_entropy": 5.4953932762146,
          "acoustic_entropy_side": 5.463197231292725,
          "hz": 1080.2004963696966
        },
        {
          "acoustic_entropy": 5.270758628845215,
          "acoustic_entropy_side": 5.346790790557861,
          "hz": 1237.8529382007157
        },
        {
          "acoustic_entropy": 5.427977561950684,
          "acoustic_entropy_side": 5.38620138168335,
          "hz": 1409.4668930556702
        },
        {
          "acoustic_entropy": 5.370913982391357,
          "acoustic_entropy_side": 5.396068572998047,
          "hz": 1596.2787759475705
        },
        {
          "acoustic_entropy": 5.372146129608154,
          "acoustic_entropy_side": 5.390723705291748,
          "hz": 1799.6344973346393
        },
        {
          "acoustic_entropy": 5.580337047576904,
          "acoustic_entropy_side": 5.438149929046631,
          "hz": 2020.9991599069049
        },
        {
          "acoustic_entropy": 5.373693943023682,
          "acoustic_entropy_side": 5.394032001495361,
          "hz": 2261.9676141086993
        },
        {
          "acoustic_entropy": 5.368170738220215,
          "acoustic_entropy_side": 5.387147903442383,
          "hz": 2524.2759484456974
        },
        {
          "acoustic_entropy": 5.395317554473877,
          "acoustic_entropy_side": 5.393970489501953,
          "hz": 2809.813997359896
        },
        {
          "acoustic_entropy": 5.41197395324707,
          "acoustic_entropy_side": 5.401662826538086,
          "hz": 3120.6389567871424
        },
        {
          "acoustic_entropy": 5.408257961273193,
          "acoustic_entropy_side": 5.401063442230225,
          "hz": 3458.990205492291
        },
        {
          "acoustic_entropy": 5.398320198059082,
          "acoustic_entropy_side": 5.397238731384277,
          "hz": 3827.305438964164
        },
        {
          "acoustic_entropy": 5.398678779602051,
          "acoustic_entropy_side": 5.396740436553955,
          "hz": 4228.238232109126
        },
        {
          "acoustic_entropy": 5.406021595001221,
          "acoustic_entropy_side": 5.396729469299316,
          "hz": 4664.6771572759235
        },
        {
          "acoustic_entropy": 5.397924423217773,
          "acoustic_entropy_side": 5.396644115447998,
          "hz": 5139.766595350093
        },
        {
          "acoustic_entropy": 5.396975994110107,
          "acoustic_entropy_side": 5.396527290344238,
          "hz": 5656.929389854203
        },
        {
          "acoustic_entropy": 5.396646976470947,
          "acoustic_entropy_side": 5.396470546722412,
          "hz": 6219.891507268283
        },
        {
          "acoustic_entropy": 5.396536350250244,
          "acoustic_entropy_side": 5.396462917327881,
          "hz": 6832.70888123896
        },
        {
          "acoustic_entropy": 5.396509170532227,
          "acoustic_entropy_side": 5.396462917327881,
          "hz": 7499.796634079867
        },
        {
          "acoustic_entropy": 5.39646577835083,
          "acoustic_entropy_side": 5.3964619636535645,
          "hz": 8225.96088609342
        },
        {
          "acoustic_entropy": 5.396463394165039,
          "acoustic_entropy_side": 5.3964619636535645,
          "hz": 9016.43338188839
        },
        {
          "acoustic_entropy": 5.3964619636535645,
          "acoustic_entropy_side": 5.396461486816406,
          "hz": 9876.909183162974
        },
        {
          "acoustic_entropy": 5.396461486816406,
          "acoustic_entropy_side": 5.396461486816406,
          "hz": 10813.587699516042
        },
        {
          "acoustic_entropy": 5.396461486816406,
          "acoustic_entropy_side": 5.396461486816406,
          "hz": 11833.21735289826
        },
        {
          "acoustic_entropy": 5.396461486816406,
          "acoustic_entropy_side": 5.396461486816406,
          "hz": 12943.144197493959
        },
        {
          "acoustic_entropy": 5.396461486816406,
          "acoustic_entropy_side": 5.396461486816406,
          "hz": 14151.364845322005
        },
        {
          "acoustic_entropy": 5.396461486816406,
          "acoustic_entropy_side": 5.396461486816406,
          "hz": 15466.58407886509
        },
        {
          "acoustic_entropy": 5.396461486816406,
          "acoustic_entropy_side": 5.396461486816406,
          "hz": 16898.27756580493
        },
        {
          "acoustic_entropy": 5.396461486816406,
          "acoustic_entropy_side": 5.396461486816406,
          "hz": 18456.760127700032
        },
        {
          "acoustic_entropy": 5.396461486816406,
          "acoustic_entropy_side": 5.396461486816406,
          "hz": 20153.260054456492
        },
        {
          "acoustic_entropy": 5.396461486816406,
          "acoustic_entropy_side": 5.396461486816406,
          "hz": 22000.00000000001
        }
      ],
      "diff_acoustic_entropy": 2.888239860534668,
      "sn": 6
    },
    {
      "acoustic_entropy": 7.12436580657959,
      "acoustic_entropy_mono": 6.665317058563232,
      "band_eliminated_acoustic_entropies": [
        {
          "acoustic_entropy": 7.128075122833252,
          "acoustic_entropy_side": 7.12437105178833,
          "hz": 129.47220167065723
        },
        {
          "acoustic_entropy": 7.122674942016602,
          "acoustic_entropy_side": 7.130297660827637,
          "hz": 202.92927478742237
        },
        {
          "acoustic_entropy": 7.183859348297119,
          "acoustic_entropy_side": 7.181418418884277,
          "hz": 282.89161906338205
        },
        {
          "acoustic_entropy": 7.4645915031433105,
          "acoustic_entropy_side": 7.1754255294799805,
          "hz": 369.9353335868758
        },
        {
          "acoustic_entropy": 6.7283034324646,
          "acoustic_entropy_side": 7.201594352722168,
          "hz": 464.6875360973435
        },
        {
          "acoustic_entropy": 7.434175491333008,
          "acoustic_entropy_side": 7.200239181518555,
          "hz": 567.8308811364784
        },
        {
          "acoustic_entropy": 6.921806335449219,
          "acoustic_entropy_side": 7.19332218170166,
          "hz": 680.1084783214808
        },
        {
          "acoustic_entropy": 6.936717510223389,
          "acoustic_entropy_side": 7.1798529624938965,
          "hz": 802.3292461747484
        },
        {
          "acoustic_entropy": 6.962754249572754,
          "acoustic_entropy_side": 6.788505554199219,
          "hz": 935.3737400823702
        },
        {
          "acoustic_entropy": 7.086270332336426,
          "acoustic_entropy_side": 6.907619476318359,
          "hz": 1080.2004963696966
        },
        {
          "acoustic_entropy": 7.014759063720703,
          "acoustic_entropy_side": 7.223284721374512,
          "hz": 1237.8529382007157
        },
        {
          "acoustic_entropy": 6.93599796295166,
          "acoustic_entropy_side": 7.019287109375,
          "hz": 1409.4668930556702
        },
        {
          "acoustic_entropy": 7.226860523223877,
          "acoustic_entropy_side": 7.149084091186523,
          "hz": 1596.2787759475705
        },
        {
          "acoustic_entropy": 7.187389373779297,
          "acoustic_entropy_side": 7.176297664642334,
          "hz": 1799.6344973346393
        },
        {
          "acoustic_entropy": 7.120304107666016,
          "acoustic_entropy_side": 6.98386812210083,
          "hz": 2020.9991599069049
        },
        {
          "acoustic_entropy": 7.210010051727295,
          "acoustic_entropy_side": 7.2194061279296875,
          "hz": 2261.9676141086993
        },
        {
          "acoustic_entropy": 7.3267621994018555,
          "acoustic_entropy_side": 7.172097206115723,
          "hz": 2524.2759484456974
        },
        {
          "acoustic_entropy": 7.052367687225342,
          "acoustic_entropy_side": 7.058237552642822,
          "hz": 2809.813997359896
        },
        {
          "acoustic_entropy": 7.089640140533447,
          "acoustic_entropy_side": 7.094851970672607,
          "hz": 3120.6389567871424
        },
        {
          "acoustic_entropy": 7.0382161140441895,
          "acoustic_entropy_side": 7.08109712600708,
          "hz": 3458.990205492291
        },
        {
          "acoustic_entropy": 7.108336448669434,
          "acoustic_entropy_side": 7.115838050842285,
          "hz": 3827.305438964164
        },
        {
          "acoustic_entropy": 7.110448360443115,
          "acoustic_entropy_side": 7.121028423309326,
          "hz": 4228.238232109126
        },
        {
          "acoustic_entropy": 7.059436798095703,
          "acoustic_entropy_side": 7.12162971496582,
          "hz": 4664.6771572759235
        },
        {
          "acoustic_entropy": 7.112024307250977,
          "acoustic_entropy_side": 7.1223649978637695,
          "hz": 5139.766595350093
        },
        {
          "acoustic_entropy": 7.119319915771484,
          "acoustic_entropy_side": 7.123591899871826,
          "hz": 5656.929389854203
        },
        {
          "acoustic_entropy": 7.123313903808594,
          "acoustic_entropy_side": 7.1242594718933105,
          "hz": 6219.891507268283
        },
        {
          "acoustic_entropy": 7.123760223388672,
          "acoustic_entropy_side": 7.124344348907471,
          "hz": 6832.70888123896
        },
        {
          "acoustic_entropy": 7.123900413513184,
          "acoustic_entropy_side": 7.124349594116211,
          "hz": 7499.796634079867
        },
        {
          "acoustic_entropy": 7.124324321746826,
          "acoustic_entropy_side": 7.124361991882324,
          "hz": 8225.96088609342
        },
        {
          "acoustic_entropy": 7.1243486404418945,
          "acoustic_entropy_side": 7.124365329742432,
          "hz": 9016.43338188839
        },
        {
          "acoustic_entropy": 7.124364852905273,
          "acoustic_entropy_side": 7.124366283416748,
          "hz": 9876.909183162974
        },
        {
          "acoustic_entropy": 7.12436580657959,
          "acoustic_entropy_side": 7.124366283416748,
          "hz": 10813.587699516042
        },
        {
          "acoustic_entropy": 7.12436580657959,
          "acoustic_entropy_side": 7.12436580657959,
          "hz": 11833.21735289826
        },
        {
          "acoustic_entropy": 7.12436580657959,
          "acoustic_entropy_side": 7.12436580657959,
          "hz": 12943.144197493959
        },
        {
          "acoustic_entropy": 7.12436580657959,
          "acoustic_entropy_side": 7.12436580657959,
          "hz": 14151.364845322005
        },
        {
          "acoustic_entropy": 7.12436580657959,
          "acoustic_entropy_side": 7.12436580657959,
          "hz": 15466.58407886509
        },
        {
          "acoustic_entropy": 7.12436580657959,
          "acoustic_entropy_side": 7.12436580657959,
          "hz": 16898.27756580493
        },
        {
          "acoustic_entropy": 7.12436580657959,
          "acoustic_entropy_side": 7.12436580657959,
          "hz": 18456.760127700032
        },
        {
          "acoustic_entropy": 7.12436580657959,
          "acoustic_entropy_side": 7.12436580657959,
          "hz": 20153.260054456492
        },
        {
          "acoustic_entropy": 7.12436580657959,
          "acoustic_entropy_side": 7.12436580657959,
          "hz": 22000.00000000001
        }
      ],
      "diff_acoustic_entropy": 3.7615110874176025,
      "sn": 12
    },
    {
      "acoustic_entropy": 12.260692596435547,
      "acoustic_entropy_mono": 10.344491004943848,
      "band_eliminated_acoustic_entropies": [
        {
          "acoustic_entropy": 12.297231674194336,
          "acoustic_entropy_side": 12.260519027709961,
          "hz": 129.47220167065723
        },
        {
          "acoustic_entropy": 11.85983657836914,
          "acoustic_entropy_side": 12.264530181884766,
          "hz": 202.92927478742237
        },
        {
          "acoustic_entropy": 11.555270195007324,
          "acoustic_entropy_side": 11.652833938598633,
          "hz": 282.89161906338205
        },
        {
          "acoustic_entropy": 12.060554504394531,
          "acoustic_entropy_side": 12.36788272857666,
          "hz": 369.9353335868758
        },
        {
          "acoustic_entropy": 11.599864959716797,
          "acoustic_entropy_side": 12.222224235534668,
          "hz": 464.6875360973435
        },
        {
          "acoustic_entropy": 11.659330368041992,
          "acoustic_entropy_side": 11.883013725280762,
          "hz": 567.8308811364784
        },
        {
          "acoustic_entropy": 11.693060874938965,
          "acoustic_entropy_side": 12.163719177246094,
          "hz": 680.1084783214808
        },
        {
          "acoustic_entropy": 11.634324073791504,
          "acoustic_entropy_side": 11.874153137207031,
          "hz": 802.3292461747484
        },
        {
          "acoustic_entropy": 12.425321578979492,
          "acoustic_entropy_side": 12.248970985412598,
          "hz": 935.3737400823702
        },
        {
          "acoustic_entropy": 11.236820220947266,
          "acoustic_entropy_side": 11.867769241333008,
          "hz": 1080.2004963696966
        },
        {
          "acoustic_entropy": 11.26279067993164,
          "acoustic_entropy_side": 12.176473617553711,
          "hz": 1237.8529382007157
        },
        {
          "acoustic_entropy": 12.501333236694336,
          "acoustic_entropy_side": 12.355380058288574,
          "hz": 1409.4668930556702
        },
        {
          "acoustic_entropy": 12.561600685119629,
          "acoustic_entropy_side": 12.307116508483887,
          "hz": 1596.2787759475705
        },
        {
          "acoustic_entropy": 11.938519477844238,
          "acoustic_entropy_side": 12.341500282287598,
          "hz": 1799.6344973346393
        },
        {
          "acoustic_entropy": 11.642477989196777,
          "acoustic_entropy_side": 12.094772338867188,
          "hz": 2020.9991599069049
        },
        {
          "acoustic_entropy": 12.41466236114502,
          "acoustic_entropy_side": 12.350909233093262,
          "hz": 2261.9676141086993
        },
        {
          "acoustic_entropy": 11.971540451049805,
          "acoustic_entropy_side": 11.903139114379883,
          "hz": 2524.2759484456974
        },
        {
          "acoustic_entropy": 12.082076072692871,
          "acoustic_entropy_side": 12.044301986694336,
          "hz": 2809.813997359896
        },
        {
          "acoustic_entropy": 12.207594871520996,
          "acoustic_entropy_side": 12.253053665161133,
          "hz": 3120.6389567871424
