{
  "acoustic_entropy": 195.225341796875,
  "bands": [
    {
      "high_freq": 148.1999969482422,
      "loudness": -29.301145553588867,
      "loudness_range": 29.232938766479492,
      "mid_mean": -26.417593002319336,
      "mid_to_side_loudness": -16.053789138793945,
      "mid_to_side_loudness_range": 19.149959564208984,
      "side_mean": -43.316322326660156
    },
    {
      "high_freq": 392.3793640136719,
      "loudness": -22.972454071044922,
      "loudness_range": 18.03948211669922,
      "low_freq": 148.1999969482422,
      "mid_mean": -19.40011215209961,
      "mid_to_side_loudness": -15.880043029785156,
      "mid_to_side_loudness_range": 17.432889938354492,
      "side_mean": -35.94801712036133
    },
    {
      "high_freq": 794.6976318359375,
      "loudness": -21.882545471191406,
      "loudness_range": 10.208986282348633,
      "low_freq": 392.3793640136719,
      "mid_mean": -18.47797203063965,
      "mid_to_side_loudness": -13.435062408447266,
      "mid_to_side_loudness_range": 13.265576362609863,
      "side_mean": -32.06538772583008
    },
    {
      "high_freq": 1457.5709228515625,
      "loudness": -21.557079315185547,
      "loudness_range": 11.757412910461426,
      "low_freq": 794.6976318359375,
      "mid_mean": -18.126201629638672,
      "mid_to_side_loudness": -14.961053848266602,
      "mid_to_side_loudness_range": 11.15192699432373,
      "side_mean": -33.48759460449219
    },
    {
      "high_freq": 2549.74365234375,
      "loudness": -24.67298698425293,
      "loudness_range": 12.731918334960938,
      "low_freq": 1457.5709228515625,
      "mid_mean": -21.18172836303711,
      "mid_to_side_loudness": -15.676301956176758,
      "mid_to_side_loudness_range": 11.23525333404541,
      "side_mean": -37.33903121948242
    },
    {
      "high_freq": 4349.24462890625,
      "loudness": -28.185283660888672,
      "loudness_range": 16.8183650970459,
      "low_freq": 2549.74365234375,
      "mid_mean": -24.70022964477539,
      "mid_to_side_loudness": -15.052473068237305,
      "mid_to_side_loudness_range": 12.122489929199219,
      "side_mean": -40.20245361328125
    },
    {
      "high_freq": 7314.1640625,
      "loudness": -33.902862548828125,
      "loudness_range": 23.375125885009766,
      "low_freq": 4349.24462890625,
      "mid_mean": -30.564083099365234,
      "mid_to_side_loudness": -13.82241153717041,
      "mid_to_side_loudness_range": 12.44528579711914,
      "side_mean": -44.66674041748047
    },
    {
      "high_freq": 12199.2666015625,
      "loudness": -34.34950637817383,
      "loudness_range": 17.062698364257812,
      "low_freq": 7314.1640625,
      "mid_mean": -31.024110794067383,
      "mid_to_side_loudness": -15.34372615814209,
      "mid_to_side_loudness_range": 13.909181594848633,
      "side_mean": -46.84101867675781
    },
    {
      "loudness": -39.284332275390625,
      "loudness_range": 10.934398651123047,
      "low_freq": 12199.2666015625,
      "mid_mean": -35.86129379272461,
      "mid_to_side_loudness": -14.863198280334473,
      "mid_to_side_loudness_range": 13.62641716003418,
      "side_mean": -52.059627532958984
    }
  ],
  "bands_short": [
    {
      "high_freq": 148.1999969482422,
      "loudness": -37.79367446899414,
      "loudness_range": 32.076393127441406,
      "mid_mean": -35.010684967041016,
      "mid_to_side_loudness": -15.458882331848145,
      "mid_to_side_loudness_range": 24.030292510986328,
      "side_mean": -51.6428337097168
    },
    {
      "high_freq": 392.3793640136719,
      "loudness": -23.49112892150879,
      "loudness_range": 21.859920501708984,
      "low_freq": 148.1999969482422,
      "mid_mean": -20.222158432006836,
      "mid_to_side_loudness": -14.631281852722168,
      "mid_to_side_loudness_range": 21.274261474609375,
      "side_mean": -35.87754821777344
    },
    {
      "high_freq": 794.6976318359375,
      "loudness": -23.955339431762695,
      "loudness_range": 17.646862030029297,
      "low_freq": 392.3793640136719,
      "mid_mean": -20.652250289916992,
      "mid_to_side_loudness": -12.938823699951172,
      "mid_to_side_loudness_range": 16.853355407714844,
      "side_mean": -33.797157287597656
    },
    {
      "high_freq": 1457.5709228515625,
      "loudness": -22.204587936401367,
      "loudness_range": 17.498775482177734,
      "low_freq": 794.6976318359375,
      "mid_mean": -18.890195846557617,
      "mid_to_side_loudness": -13.965485572814941,
      "mid_to_side_loudness_range": 17.77566909790039,
      "side_mean": -33.4708366394043
    },
    {
      "high_freq": 2549.74365234375,
      "loudness": -25.55344009399414,
      "loudness_range": 16.521135330200195,
      "low_freq": 1457.5709228515625,
      "mid_mean": -22.18864631652832,
      "mid_to_side_loudness": -15.240049362182617,
      "mid_to_side_loudness_range": 15.583806037902832,
      "side_mean": -38.12969207763672
    },
    {
      "high_freq": 4349.24462890625,
      "loudness": -28.518951416015625,
      "loudness_range": 21.65749168395996,
      "low_freq": 2549.74365234375,
      "mid_mean": -25.259904861450195,
      "mid_to_side_loudness": -14.859552383422852,
      "mid_to_side_loudness_range": 15.327596664428711,
      "side_mean": -41.05377960205078
    },
    {
      "high_freq": 7314.1640625,
      "loudness": -34.887916564941406,
      "loudness_range": 23.72905158996582,
      "low_freq": 4349.24462890625,
      "mid_mean": -31.626243591308594,
      "mid_to_side_loudness": -13.69696044921875,
      "mid_to_side_loudness_range": 14.642189025878906,
      "side_mean": -45.625
    },
    {
      "high_freq": 12199.2666015625,
      "loudness": -35.074520111083984,
      "loudness_range": 20.041709899902344,
      "low_freq": 7314.1640625,
      "mid_mean": -31.84299087524414,
      "mid_to_side_loudness": -15.63020133972168,
      "mid_to_side_loudness_range": 15.106280326843262,
      "side_mean": -48.02069854736328
    },
    {
      "loudness": -40.139930725097656,
      "loudness_range": 16.456710815429688,
      "low_freq": 12199.2666015625,
      "mid_mean": -36.81280517578125,
      "mid_to_side_loudness": -15.498739242553711,
      "mid_to_side_loudness_range": 15.677766799926758,
      "side_mean": -53.65028762817383
    }
  ],
  "bandwidth": 734.1971435546875,
  "channels": 2,
  "covariance": [
    [
      109.49565124511719,
      72.70622253417969,
      27.52214813232422,
      19.766117095947266,
      14.240066528320312,
      0.8794268369674683,
      5.896830081939697,
      7.733959674835205,
      8.008771896362305,
      9.880202293395996,
      9.14228630065918,
      14.593426704406738,
      19.986297607421875,
      21.526153564453125,
      5.236908435821533,
      14.256795883178711,
      4.775822162628174,
      8.705782890319824
    ],
    [
      72.70622253417969,
      73.68818664550781,
      22.012563705444336,
      21.544803619384766,
      12.279566764831543,
      5.012454032897949,
      4.578047275543213,
      8.028972625732422,
      5.641267776489258,
      8.260369300842285,
      4.646121978759766,
      11.709750175476074,
      14.669421195983887,
      18.367027282714844,
      2.51301646232605,
      11.305233001708984,
      3.86659836769104,
      7.433969020843506
    ],
    [
      27.52214813232422,
      22.012563705444336,
      43.99418640136719,
      30.01923942565918,
      15.90455150604248,
      3.7091667652130127,
      9.425490379333496,
      4.269259452819824,
      9.735099792480469,
      8.647737503051758,
      14.854853630065918,
      14.028464317321777,
      23.389835357666016,
      21.915714263916016,
      16.232101440429688,
      16.885499954223633,
      11.115165710449219,
      7.38334846496582
    ],
    [
      19.766117095947266,
      21.544803619384766,
      30.01923942565918,
      34.52022933959961,
      13.783367156982422,
      10.632672309875488,
      8.185223579406738,
      4.892783164978027,
      7.714999675750732,
      6.352750778198242,
      5.575042724609375,
      7.3360700607299805,
      13.898959159851074,
      15.332822799682617,
      9.113706588745117,
      10.858755111694336,
      9.851920127868652,
      9.617223739624023
    ],
    [
      14.240066528320312,
      12.279566764831543,
      15.90455150604248,
      13.783367156982422,
      19.74974250793457,
      14.472301483154297,
      13.838905334472656,
      9.233647346496582,
      10.85136890411377,
      7.984278202056885,
      9.967070579528809,
      9.51914119720459,
      11.46579360961914,
      12.920273780822754,
      11.97239875793457,
      12.265059471130371,
      15.220714569091797,
      14.680224418640137
    ],
    [
      0.8794268369674683,
      5.012454032897949,
      3.7091667652130127,
      10.632672309875488,
      14.472301483154297,
      25.261791229248047,
      12.56986141204834,
      14.632682800292969,
      8.503204345703125,
      9.73507022857666,
      3.8152718544006348,
      6.098525047302246,
      1.367220401763916,
      6.515230178833008,
      5.8182573318481445,
      8.892823219299316,
      14.023411750793457,
      21.450767517089844
    ],
    [
      5.896830081939697,
      4.578047275543213,
      9.425490379333496,
      8.185223579406738,
      13.838905334472656,
      12.56986141204834,
      23.34621238708496,
      17.817432403564453,
      18.303449630737305,
      16.00250816345215,
      19.340816497802734,
      16.334148406982422,
      15.994514465332031,
      15.354840278625488,
      22.320892333984375,
      19.521034240722656,
      21.65087127685547,
      23.197166442871094
    ],
    [
      7.733959674835205,
      8.028972625732422,
      4.269259452819824,
      4.892783164978027,
      9.233647346496582,
      14.632682800292969,
      17.817432403564453,
      27.834081649780273,
      15.00434684753418,
      22.005455017089844,
      18.255802154541016,
      22.298900604248047,
      13.595904350280762,
      17.25258445739746,
      17.995771408081055,
      24.102811813354492,
      16.980045318603516,
      29.260507583618164
    ],
    [
      8.008771896362305,
      5.641267776489258,
      9.735099792480469,
      7.714999675750732,
      10.85136890411377,
      8.503204345703125,
      18.303449630737305,
      15.00434684753418,
      24.642560958862305,
      20.983299255371094,
      24.314477920532227,
      21.21641731262207,
      24.392242431640625,
      19.626840591430664,
      27.731122970581055,
      24.039756774902344,
      19.06366539001465,
      22.875974655151367
    ],
    [
      9.880202293395996,
      8.260369300842285,
      8.647737503051758,
      6.352750778198242,
      7.984278202056885,
      9.73507022857666,
      16.00250816345215,
      22.005455017089844,
      20.983299255371094,
      32.85096740722656,
      26.691905975341797,
      33.88481140136719,
      24.572399139404297,
      28.96952247619629,
      26.899383544921875,
      36.243011474609375,
      17.026594161987305,
      30.86618995666504
    ],
    [
      9.14228630065918,
      4.646121978759766,
      14.854853630065918,
      5.575042724609375,
      9.967070579528809,
      3.8152718544006348,
      19.340816497802734,
      18.255802154541016,
      24.314477920532227,
      26.691905975341797,
      44.17078399658203,
      36.009742736816406,
      39.0792350769043,
      31.62491226196289,
      39.781490325927734,
      37.01442337036133,
      20.51407814025879,
      25.203161239624023
    ],
    [
      14.593426704406738,
      11.709750175476074,
      14.028464317321777,
      7.3360700607299805,
      9.51914119720459,
      6.098525047302246,
      16.334148406982422,
      22.298900604248047,
      21.21641731262207,
      33.88481140136719,
      36.009742736816406,
      44.12168502807617,
      34.20759963989258,
      39.271385192871094,
      32.990047454833984,
      45.13452911376953,
      17.713838577270508,
      30.68448829650879
    ],
    [
      19.986297607421875,
      14.669421195983887,
      23.389835357666016,
      13.898959159851074,
      11.46579360961914,
      1.367220401763916,
      15.994514465332031,
      13.595904350280762,
      24.392242431640625,
      24.572399139404297,
      39.0792350769043,
      34.20759963989258,
      52.51240921020508,
      37.71432876586914,
      40.952728271484375,
      37.974891662597656,
      18.22087287902832,
      19.600147247314453
    ],
    [
      21.526153564453125,
      18.367027282714844,
      21.915714263916016,
      15.332822799682617,
      12.920273780822754,
      6.515230178833008,
      15.354840278625488,
      17.25258445739746,
      19.626840591430664,
      28.96952247619629,
      31.62491226196289,
      39.271385192871094,
      37.71432876586914,
      42.951507568359375,
      31.806489944458008,
      43.40240478515625,
      17.95810890197754,
      25.431232452392578
    ],
    [
      5.236908435821533,
      2.51301646232605,
      16.232101440429688,
      9.113706588745117,
      11.97239875793457,
      5.8182573318481445,
      22.320892333984375,
      17.995771408081055,
      27.731122970581055,
      26.899383544921875,
      39.781490325927734,
      32.990047454833984,
      40.952728271484375,
      31.806489944458008,
      42.55815887451172,
      37.0244140625,
      23.499082565307617,
      26.741926193237305
    ],
    [
      14.256795883178711,
      11.305233001708984,
      16.885499954223633,
      10.858755111694336,
      12.265059471130371,
      8.892823219299316,
      19.521034240722656,
      24.102811813354492,
      24.039756774902344,
      36.243011474609375,
      37.01442337036133,
      45.13452911376953,
      37.974891662597656,
      43.40240478515625,
      37.0244140625,
      51.50864028930664,
      21.57441520690918,
      36.1422004699707
    ],
    [
      4.775822162628174,
      3.86659836769104,
      11.115165710449219,
      9.851920127868652,
      15.220714569091797,
      14.023411750793457,
      21.65087127685547,
      16.980045318603516,
      19.06366539001465,
      17.026594161987305,
      20.51407814025879,
      17.713838577270508,
      18.22087287902832,
      17.95810890197754,
      23.499082565307617,
      21.57441520690918,
      23.36285400390625,
      23.76240348815918
    ],
    [
      8.705782890319824,
      7.433969020843506,
      7.38334846496582,
      9.617223739624023,
      14.680224418640137,
      21.450767517089844,
      23.197166442871094,
      29.260507583618164,
      22.875974655151367,
      30.86618995666504,
      25.203161239624023,
      30.68448829650879,
      19.600147247314453,
      25.431232452392578,
      26.741926193237305,
      36.1422004699707,
      23.76240348815918,
      60.75699234008789
    ]
  ],
  "covariance_short": [
    [
      147.41128540039062,
      85.09528350830078,
      60.64640426635742,
      33.8323860168457,
      35.97414779663086,
      10.531271934509277,
      19.452072143554688,
      15.2376127243042,
      21.196880340576172,
      19.267318725585938,
      26.46928596496582,
      29.634422302246094,
      35.498294830322266,
      33.05400848388672,
      22.49236297607422,
      28.922643661499023,
      14.505440711975098,
      26.249282836914062
    ],
    [
      85.09528350830078,
      98.69589233398438,
      34.69729232788086,
      32.5687141418457,
      23.87514305114746,
      11.219736099243164,
      12.459858894348145,
      12.661243438720703,
      13.124646186828613,
      15.432819366455078,
      14.356573104858398,
      23.317480087280273,
      23.21963882446289,
      27.744422912597656,
      11.45828914642334,
      24.00579071044922,
      7.936870098114014,
      34.457313537597656
    ],
    [
      60.64640426635742,
      34.69729232788086,
      70.91407012939453,
      31.403772354125977,
      32.97743225097656,
      12.696889877319336,
      21.457679748535156,
      15.381721496582031,
      20.856943130493164,
      19.036602020263672,
      27.153278350830078,
      26.27800178527832,
      33.75664520263672,
      32.78501892089844,
      27.238618850708008,
      30.25088119506836,
      22.383291244506836,
      25.824275970458984
    ],
    [
      33.8323860168457,
      32.5687141418457,
      31.403772354125977,
      37.849483489990234,
      22.33546257019043,
      15.644187927246094,
      12.870098114013672,
      9.091093063354492,
      10.939689636230469,
      10.718786239624023,
      7.781651496887207,
      13.692573547363281,
      15.704798698425293,
      19.268463134765625,
      9.851806640625,
      17.68019676208496,
      12.398175239562988,
      17.561864852905273
    ],
    [
      35.97414779663086,
      23.87514305114746,
      32.97743225097656,
      22.33546257019043,
      45.59258270263672,
      23.777448654174805,
      27.494916915893555,
      17.90749740600586,
      22.183168411254883,
      17.91386604309082,
      23.447866439819336,
      24.719839096069336,
      24.996482849121094,
      25.785964965820312,
      23.614513397216797,
      27.90738296508789,
      27.07457733154297,
      33.50364303588867
    ],
    [
      10.531271934509277,
      11.219736099243164,
      12.696889877319336,
      15.644187927246094,
      23.777448654174805,
      32.18041229248047,
      16.945913314819336,
      19.1447696685791,
      11.04354476928711,
      13.467336654663086,
      8.504400253295898,
      14.064794540405273,
      7.238888263702393,
      14.047789573669434,
      9.504117965698242,
      17.440296173095703,
      17.23859405517578,
      29.31998062133789
    ],
    [
      19.452072143554688,
      12.459858894348145,
      21.457679748535156,
      12.870098114013672,
      27.494916915893555,
      16.945913314819336,
      46.63496398925781,
      25.817489624023438,
      32.388084411621094,
      24.954965591430664,
      34.30620574951172,
      29.496217727661133,
      27.879812240600586,
      26.742483139038086,
      35.80118942260742,
      34.25258255004883,
      38.40554428100586,
      41.47443389892578
    ],
    [
      15.2376127243042,
      12.661243438720703,
      15.381721496582031,
      9.091093063354492,
      17.90749740600586,
      19.1447696685791,
      25.817489624023438,
      38.46759796142578,
      20.9781494140625,
      29.179458618164062,
      24.675968170166016,
      31.06615447998047,
      19.75649642944336,
      25.257343292236328,
      25.240083694458008,
      33.351768493652344,
      23.846317291259766,
      43.3841438293457
    ],
    [
      21.196880340576172,
      13.124646186828613,
      20.856943130493164,
      10.939689636230469,
      22.183168411254883,
      11.04354476928711,
      32.388084411621094,
      20.9781494140625,
      42.62031173706055,
      27.27184295654297,
      36.51546096801758,
      29.896764755249023,
      36.111366271972656,
      28.563825607299805,
      41.24298095703125,
      34.6273193359375,
      33.4182014465332,
      35.439239501953125
    ],
    [
      19.267318725585938,
      15.432819366455078,
      19.036602020263672,
      10.718786239624023,
      17.91386604309082,
      13.467336654663086,
      24.954965591430664,
      29.179458618164062,
      27.27184295654297,
      38.40235900878906,
      31.832876205444336,
      39.533443450927734,
      30.01858901977539,
      33.73215103149414,
      33.310829162597656,
      41.99568557739258,
      24.697404861450195,
      41.663509368896484
    ],
    [
      26.46928596496582,
      14.356573104858398,
      27.153278350830078,
      7.781651496887207,
      23.447866439819336,
      8.504400253295898,
      34.30620574951172,
      24.675968170166016,
      36.51546096801758,
      31.832876205444336,
      63.61015319824219,
      43.573585510253906,
      50.023799896240234,
      38.63124465942383,
      55.143043518066406,
      46.10438919067383,
      37.7492561340332,
      40.18421936035156
    ],
    [
      29.634422302246094,
      23.317480087280273,
      26.27800178527832,
      13.692573547363281,
      24.719839096069336,
      14.064794540405273,
      29.496217727661133,
      31.06615447998047,
      29.896764755249023,
      39.533443450927734,
      43.573585510253906,
      54.45985412597656,
      41.81468963623047,
      46.5945930480957,
      42.42802429199219,
      53.933494567871094,
      28.655179977416992,
      47.43803405761719
    ],
    [
      35.498294830322266,
      23.21963882446289,
      33.75664520263672,
      15.704798698425293,
      24.996482849121094,
      7.238888263702393,
      27.879812240600586,
      19.75649642944336,
      36.111366271972656,
      30.01858901977539,
      50.023799896240234,
      41.81468963623047,
      66.67733001708984,
      45.36763381958008,
      54.78278732299805,
      47.660037994384766,
      31.35589599609375,
      33.95650100708008
    ],
    [
      33.05400848388672,
      27.744422912597656,
      32.78501892089844,
      19.268463134765625,
      25.785964965820312,
      14.047789573669434,
      26.742483139038086,
      25.257343292236328,
      28.563825607299805,
      33.73215103149414,
      38.63124465942383,
      46.5945930480957,
      45.36763381958008,
      53.66613006591797,
      40.171852111816406,
      53.60540008544922,
      28.14436149597168,
      41.728919982910156
    ],
    [
      22.49236297607422,
      11.45828914642334,
      27.238618850708008,
      9.851806640625,
      23.614513397216797,
      9.504117965698242,
      35.80118942260742,
      25.240083694458008,
      41.24298095703125,
      33.310829162597656,
      55.143043518066406,
      42.42802429199219,
      54.78278732299805,
      40.171852111816406,
      60.10803985595703,
      47.578121185302734,
      39.35022735595703,
      41.196266174316406
    ],
    [
      28.922643661499023,
      24.00579071044922,
      30.25088119506836,
      17.68019676208496,
      27.90738296508789,
      17.440296173095703,
      34.25258255004883,
      33.351768493652344,
      34.6273193359375,
      41.99568557739258,
      46.10438919067383,
      53.933494567871094,
      47.660037994384766,
      53.60540008544922,
      47.578121185302734,
      64.91571807861328,
      33.93840026855469,
      54.882205963134766
    ],
    [
      14.505440711975098,
      7.936870098114014,
      22.383291244506836,
      12.398175239562988,
      27.07457733154297,
      17.23859405517578,
      38.40554428100586,
      23.846317291259766,
      33.4182014465332,
      24.697404861450195,
      37.7492561340332,
      28.655179977416992,
      31.35589599609375,
      28.14436149597168,
      39.35022735595703,
      33.93840026855469,
      42.84351348876953,
      40.00023651123047
    ],
    [
      26.249282836914062,
      34.457313537597656,
      25.824275970458984,
      17.561864852905273,
      33.50364303588867,
      29.31998062133789,
      41.47443389892578,
      43.3841438293457,
      35.439239501953125,
      41.663509368896484,
      40.18421936035156,
      47.43803405761719,
      33.95650100708008,
      41.728919982910156,
      41.196266174316406,
      54.882205963134766,
      40.00023651123047,
      80.67646026611328
    ]
  ],
  "damage": -7.473949909210205,
  "diff_bandwidth": 721.3975219726562,
  "dissonance": 7.786958946441751,
  "drr": -0.20720994472503662,
  "dynamics": 3.2717878818511963,
  "format": 1245190,
  "frames": 3190784,
  "loudness": -11.172025680541992,
  "loudness_range": 7.717763423919678,
  "loudness_range_short": 13.558195114135742,
  "lowpass_true_peak_15khz": 0.5503296852111816,
  "mastering3_acoustic_entropies": [
    {
      "acoustic_entropy": 9.859832763671875,
      "acoustic_entropy_mono": 9.823555946350098,
      "band_eliminated_acoustic_entropies": [
        {
          "acoustic_entropy": 9.861135482788086,
          "acoustic_entropy_side": 9.85983657836914,
          "hz": 129.47220167065723
        },
        {
          "acoustic_entropy": 10.089591026306152,
          "acoustic_entropy_side": 9.859386444091797,
          "hz": 202.92927478742237
        },
        {
          "acoustic_entropy": 10.024720191955566,
          "acoustic_entropy_side": 9.860344886779785,
          "hz": 282.89161906338205
        },
        {
          "acoustic_entropy": 9.700315475463867,
          "acoustic_entropy_side": 9.863282203674316,
          "hz": 369.9353335868758
        },
        {
          "acoustic_entropy": 9.75640869140625,
          "acoustic_entropy_side": 9.858818054199219,
          "hz": 464.6875360973435
        },
        {
          "acoustic_entropy": 9.55010986328125,
          "acoustic_entropy_side": 9.84377384185791,
          "hz": 567.8308811364784
        },
        {
          "acoustic_entropy": 9.211411476135254,
          "acoustic_entropy_side": 9.803056716918945,
          "hz": 680.1084783214808
        },
        {
          "acoustic_entropy": 10.31954288482666,
          "acoustic_entropy_side": 9.857500076293945,
          "hz": 802.3292461747484
        },
        {
          "acoustic_entropy": 8.699070930480957,
          "acoustic_entropy_side": 9.83740520477295,
          "hz": 935.3737400823702
        },
        {
          "acoustic_entropy": 8.57408332824707,
          "acoustic_entropy_side": 9.888405799865723,
          "hz": 1080.2004963696966
        },
        {
          "acoustic_entropy": 9.334181785583496,
          "acoustic_entropy_side": 9.932260513305664,
          "hz": 1237.8529382007157
        },
        {
          "acoustic_entropy": 8.6303071975708,
          "acoustic_entropy_side": 9.858269691467285,
          "hz": 1409.4668930556702
        },
        {
          "acoustic_entropy": 9.283522605895996,
          "acoustic_entropy_side": 9.847955703735352,
          "hz": 1596.2787759475705
        },
        {
          "acoustic_entropy": 9.816488265991211,
          "acoustic_entropy_side": 9.880084037780762,
          "hz": 1799.6344973346393
        },
        {
          "acoustic_entropy": 9.725948333740234,
          "acoustic_entropy_side": 9.859477043151855,
          "hz": 2020.9991599069049
        },
        {
          "acoustic_entropy": 10.072586059570312,
          "acoustic_entropy_side": 9.8528413772583,
          "hz": 2261.9676141086993
        },
        {
          "acoustic_entropy": 9.341684341430664,
          "acoustic_entropy_side": 9.846558570861816,
          "hz": 2524.2759484456974
        },
        {
          "acoustic_entropy": 10.310538291931152,
          "acoustic_entropy_side": 9.863338470458984,
          "hz": 2809.813997359896
        },
        {
          "acoustic_entropy": 9.525093078613281,
          "acoustic_entropy_side": 9.851587295532227,
          "hz": 3120.6389567871424
        },
        {
          "acoustic_entropy": 9.699907302856445,
          "acoustic_entropy_side": 9.866817474365234,
          "hz": 3458.990205492291
        },
        {
          "acoustic_entropy": 9.88572883605957,
          "acoustic_entropy_side": 9.873372077941895,
          "hz": 3827.305438964164
        },
        {
          "acoustic_entropy": 9.62255859375,
          "acoustic_entropy_side": 9.860672950744629,
          "hz": 4228.238232109126
        },
        {
          "acoustic_entropy": 9.90259838104248,
          "acoustic_entropy_side": 9.861910820007324,
          "hz": 4664.6771572759235
        },
        {
          "acoustic_entropy": 9.551414489746094,
          "acoustic_entropy_side": 9.861422538757324,
          "hz": 5139.766595350093
        },
        {
          "acoustic_entropy": 9.458048820495605,
          "acoustic_entropy_side": 9.860784530639648,
          "hz": 5656.929389854203
        },
        {
          "acoustic_entropy": 9.868199348449707,
          "acoustic_entropy_side": 9.861302375793457,
          "hz": 6219.891507268283
        },
        {
          "acoustic_entropy": 9.594817161560059,
          "acoustic_entropy_side": 9.860339164733887,
          "hz": 6832.70888123896
        },
        {
          "acoustic_entropy": 9.754984855651855,
          "acoustic_entropy_side": 9.859722137451172,
          "hz": 7499.796634079867
        },
        {
          "acoustic_entropy": 9.685914993286133,
          "acoustic_entropy_side": 9.859289169311523,
          "hz": 8225.96088609342
        },
        {
          "acoustic_entropy": 9.484684944152832,
          "acoustic_entropy_side": 9.86084270477295,
          "hz": 9016.43338188839
        },
        {
          "acoustic_entropy": 9.758047103881836,
          "acoustic_entropy_side": 9.860624313354492,
          "hz": 9876.909183162974
        },
        {
          "acoustic_entropy": 9.80579948425293,
          "acoustic_entropy_side": 9.860800743103027,
          "hz": 10813.587699516042
        },
        {
          "acoustic_entropy": 9.954813957214355,
          "acoustic_entropy_side": 9.859885215759277,
          "hz": 11833.21735289826
        },
        {
          "acoustic_entropy": 9.854815483093262,
          "acoustic_entropy_side": 9.86070442199707,
          "hz": 12943.144197493959
        },
        {
          "acoustic_entropy": 9.852474212646484,
          "acoustic_entropy_side": 9.86034870147705,
          "hz": 14151.364845322005
        },
        {
          "acoustic_entropy": 9.863731384277344,
          "acoustic_entropy_side": 9.86012077331543,
          "hz": 15466.58407886509
        },
        {
          "acoustic_entropy": 9.87724781036377,
          "acoustic_entropy_side": 9.859911918640137,
          "hz": 16898.27756580493
        },
        {
          "acoustic_entropy": 9.862548828125,
          "acoustic_entropy_side": 9.859858512878418,
          "hz": 18456.760127700032
        },
        {
          "acoustic_entropy": 9.854494094848633,
          "acoustic_entropy_side": 9.859829902648926,
          "hz": 20153.260054456492
        },
        {
          "acoustic_entropy": 9.85968017578125,
          "acoustic_entropy_side": 9.859832763671875,
          "hz": 22000.00000000001
        }
      ],
      "diff_acoustic_entropy": 6.979703426361084,
      "sn": 6
    },
    {
      "acoustic_entropy": 13.662500381469727,
      "acoustic_entropy_mono": 13.153766632080078,
      "band_eliminated_acoustic_entropies": [
        {
          "acoustic_entropy": 13.664983749389648,
          "acoustic_entropy_side": 13.662420272827148,
          "hz": 129.47220167065723
        },
        {
          "acoustic_entropy": 13.49055290222168,
          "acoustic_entropy_side": 13.658020973205566,
          "hz": 202.92927478742237
        },
        {
          "acoustic_entropy": 13.853896141052246,
          "acoustic_entropy_side": 13.662093162536621,
          "hz": 282.89161906338205
        },
        {
          "acoustic_entropy": 13.614498138427734,
          "acoustic_entropy_side": 13.66057014465332,
          "hz": 369.9353335868758
        },
        {
          "acoustic_entropy": 13.178177833557129,
          "acoustic_entropy_side": 13.461969375610352,
          "hz": 464.6875360973435
        },
        {
          "acoustic_entropy": 13.073211669921875,
          "acoustic_entropy_side": 13.77823257446289,
          "hz": 567.8308811364784
        },
        {
          "acoustic_entropy": 13.324240684509277,
          "acoustic_entropy_side": 13.715249061584473,
          "hz": 680.1084783214808
        },
        {
          "acoustic_entropy": 14.001407623291016,
          "acoustic_entropy_side": 14.061326026916504,
          "hz": 802.3292461747484
        },
        {
          "acoustic_entropy": 12.852872848510742,
          "acoustic_entropy_side": 13.294410705566406,
          "hz": 935.3737400823702
        },
        {
          "acoustic_entropy": 12.124917030334473,
          "acoustic_entropy_side": 12.926166534423828,
          "hz": 1080.2004963696966
        },
        {
          "acoustic_entropy": 11.9852933883667,
          "acoustic_entropy_side": 13.701950073242188,
          "hz": 1237.8529382007157
        },
        {
          "acoustic_entropy": 13.120878219604492,
          "acoustic_entropy_side": 13.553741455078125,
          "hz": 1409.4668930556702
        },
        {
          "acoustic_entropy": 13.211100578308105,
          "acoustic_entropy_side": 13.799311637878418,
          "hz": 1596.2787759475705
        },
        {
          "acoustic_entropy": 13.29805850982666,
          "acoustic_entropy_side": 13.53339958190918,
          "hz": 1799.6344973346393
        },
        {
          "acoustic_entropy": 13.019213676452637,
          "acoustic_entropy_side": 13.643742561340332,
          "hz": 2020.9991599069049
        },
        {
          "acoustic_entropy": 13.328337669372559,
          "acoustic_entropy_side": 13.836027145385742,
          "hz": 2261.9676141086993
        },
        {
          "acoustic_entropy": 13.238029479980469,
          "acoustic_entropy_side": 13.720693588256836,
          "hz": 2524.2759484456974
        },
        {
          "acoustic_entropy": 13.766494750976562,
          "acoustic_entropy_side": 13.66964340209961,
          "hz": 2809.813997359896
        },
        {
          "acoustic_entropy": 13.50170612335205,
          "acoustic_entropy_side": 13.860037803649902,
          "hz": 3120.6389567871424
        },
        {
          "acoustic_entropy": 13.202252388000488,
          "acoustic_entropy_side": 13.831802368164062,
          "hz": 3458.990205492291
        },
        {
          "acoustic_entropy": 13.737584114074707,
          "acoustic_entropy_side": 13.806318283081055,
          "hz": 3827.305438964164
        },
        {
          "acoustic_entropy": 13.403255462646484,
          "acoustic_entropy_side": 13.839025497436523,
          "hz": 4228.238232109126
        },
        {
          "acoustic_entropy": 13.640803337097168,
          "acoustic_entropy_side": 13.760580062866211,
          "hz": 4664.6771572759235
        },
        {
          "acoustic_entropy": 13.85059928894043,
          "acoustic_entropy_side": 13.796257019042969,
          "hz": 5139.766595350093
        },
        {
          "acoustic_entropy": 13.544245719909668,
          "acoustic_entropy_side": 13.711009979248047,
          "hz": 5656.929389854203
        },
        {
          "acoustic_entropy": 13.789752006530762,
          "acoustic_entropy_side": 13.759366989135742,
          "hz": 6219.891507268283
        },
        {
          "acoustic_entropy": 13.616199493408203,
          "acoustic_entropy_side": 13.695810317993164,
          "hz": 6832.70888123896
        },
        {
          "acoustic_entropy": 13.712088584899902,
          "acoustic_entropy_side": 13.689491271972656,
          "hz": 7499.796634079867
        },
        {
          "acoustic_entropy": 13.689321517944336,
          "acoustic_entropy_side": 13.699912071228027,
          "hz": 8225.96088609342
        },
        {
          "acoustic_entropy": 13.6260986328125,
          "acoustic_entropy_side": 13.746589660644531,
          "hz": 9016.43338188839
        },
        {
          "acoustic_entropy": 13.705107688903809,
          "acoustic_entropy_side": 13.776202201843262,
          "hz": 9876.909183162974
        },
        {
          "acoustic_entropy": 13.750616073608398,
          "acoustic_entropy_side": 13.774496078491211,
          "hz": 10813.587699516042
        },
        {
          "acoustic_entropy": 13.747349739074707,
          "acoustic_entropy_side": 13.783753395080566,
          "hz": 11833.21735289826
        },
        {
          "acoustic_entropy": 13.692400932312012,
          "acoustic_entropy_side": 13.67924690246582,
          "hz": 12943.144197493959
        },
        {
          "acoustic_entropy": 13.59162712097168,
          "acoustic_entropy_side": 13.664992332458496,
          "hz": 14151.364845322005
        },
        {
          "acoustic_entropy": 13.632892608642578,
          "acoustic_entropy_side": 13.663947105407715,
          "hz": 15466.58407886509
        },
        {
          "acoustic_entropy": 13.641996383666992,
          "acoustic_entropy_side": 13.664819717407227,
          "hz": 16898.27756580493
        },
        {
          "acoustic_entropy": 13.617337226867676,
          "acoustic_entropy_side": 13.663424491882324,
          "hz": 18456.760127700032
        },
        {
          "acoustic_entropy": 13.659486770629883,
          "acoustic_entropy_side": 13.66261100769043,
          "hz": 20153.260054456492
        },
        {
          "acoustic_entropy": 13.66279125213623,
          "acoustic_entropy_side": 13.662501335144043,
          "hz": 22000.00000000001
        }
      ],
      "diff_acoustic_entropy": 9.498184204101562,
      "sn": 12
    },
    {
      "acoustic_entropy": 17.554874420166016,
      "acoustic_entropy_mono": 16.863054275512695,
      "band_eliminated_acoustic_entropies": [
        {
          "acoustic_entropy": 17.932165145874023,
          "acoustic_entropy_side": 17.56304359436035,
          "hz": 129.47220167065723
        },
        {
          "acoustic_entropy": 18.438539505004883,
          "acoustic_entropy_side": 17.999225616455078,
          "hz": 202.92927478742237
        },
        {
          "acoustic_entropy": 18.02203941345215,
          "acoustic_entropy_side": 17.70531463623047,
          "hz": 282.89161906338205
        },
        {
          "acoustic_entropy": 17.54930305480957,
          "acoustic_entropy_side": 17.36553382873535,
          "hz": 369.9353335868758
        },
        {
          "acoustic_entropy": 17.93194007873535,
          "acoustic_entropy_side": 18.305429458618164,
          "hz": 464.6875360973435
        },
        {
          "acoustic_entropy": 17.196964263916016,
          "acoustic_entropy_side": 17.39286994934082,
          "hz": 567.8308811364784
        },
        {
          "acoustic_entropy": 17.463134765625,
          "acoustic_entropy_side": 18.10906219482422,
          "hz": 680.1084783214808
        },
        {
          "acoustic_entropy": 17.640792846679688,
          "acoustic_entropy_side": 17.953767776489258,
          "hz": 802.3292461747484
        },
        {
          "acoustic_entropy": 18.0156307220459,
          "acoustic_entropy_side": 18.49856948852539,
          "hz": 935.3737400823702
        },
        {
          "acoustic_entropy": 17.032093048095703,
          "acoustic_entropy_side": 17.687646865844727,
          "hz": 1080.2004963696966
        },
        {
          "acoustic_entropy": 17.492033004760742,
          "acoustic_entropy_side": 17.333044052124023,
          "hz": 1237.8529382007157
        },
        {
          "acoustic_entropy": 18.20393943786621,
          "acoustic_entropy_side": 18.112144470214844,
          "hz": 1409.4668930556702
        },
        {
          "acoustic_entropy": 18.495731353759766,
          "acoustic_entropy_side": 17.430919647216797,
          "hz": 1596.2787759475705
        },
        {
          "acoustic_entropy": 17.711820602416992,
          "acoustic_entropy_side": 18.115861892700195,
          "hz": 1799.6344973346393
        },
        {
          "acoustic_entropy": 18.153568267822266,
          "acoustic_entropy_side": 18.2862606048584,
          "hz": 2020.9991599069049
        },
        {
          "acoustic_entropy": 18.42386245727539,
          "acoustic_entropy_side": 17.765727996826172,
          "hz": 2261.9676141086993
        },
        {
          "acoustic_entropy": 17.47308921813965,
          "acoustic_entropy_side": 17.74220085144043,
          "hz": 2524.2759484456974
        },
        {
          "acoustic_entropy": 18.03619956970215,
          "acoustic_entropy_side": 17.569284439086914,
          "hz": 2809.813997359896
        },
        {
          "acoustic_entropy": 17.855958938598633,
          "acoustic_entropy_side": 17.836828231811523,
