{
  "acoustic_entropy": 195.0016326904297,
  "bands": [
    {
      "high_freq": 148.1999969482422,
      "loudness": -25.691396713256836,
      "loudness_range": 11.408550262451172,
      "mid_mean": -23.63143539428711,
      "mid_to_side_loudness": -4.4160637855529785,
      "mid_to_side_loudness_range": 11.672355651855469,
      "side_mean": -28.032791137695312
    },
    {
      "high_freq": 392.3793640136719,
      "loudness": -21.147226333618164,
      "loudness_range": 8.532815933227539,
      "low_freq": 148.1999969482422,
      "mid_mean": -18.933273315429688,
      "mid_to_side_loudness": -4.388535499572754,
      "mid_to_side_loudness_range": 7.288836479187012,
      "side_mean": -23.29990005493164
    },
    {
      "high_freq": 794.6976318359375,
      "loudness": -20.344911575317383,
      "loudness_range": 10.769021034240723,
      "low_freq": 392.3793640136719,
      "mid_mean": -19.127182006835938,
      "mid_to_side_loudness": -2.0005245208740234,
      "mid_to_side_loudness_range": 8.09382438659668,
      "side_mean": -20.869516372680664
    },
    {
      "high_freq": 1457.5709228515625,
      "loudness": -23.47467041015625,
      "loudness_range": 13.146559715270996,
      "low_freq": 794.6976318359375,
      "mid_mean": -21.694942474365234,
      "mid_to_side_loudness": -3.131201982498169,
      "mid_to_side_loudness_range": 7.240562438964844,
      "side_mean": -24.687360763549805
    },
    {
      "high_freq": 2549.74365234375,
      "loudness": -26.15677833557129,
      "loudness_range": 10.165168762207031,
      "low_freq": 1457.5709228515625,
      "mid_mean": -24.44921875,
      "mid_to_side_loudness": -2.9066128730773926,
      "mid_to_side_loudness_range": 4.784129619598389,
      "side_mean": -27.0792236328125
    },
    {
      "high_freq": 4349.24462890625,
      "loudness": -32.100460052490234,
      "loudness_range": 13.144725799560547,
      "low_freq": 2549.74365234375,
      "mid_mean": -30.03900146484375,
      "mid_to_side_loudness": -3.638528823852539,
      "mid_to_side_loudness_range": 5.428178310394287,
      "side_mean": -33.74876403808594
    },
    {
      "high_freq": 7314.1640625,
      "loudness": -38.75803756713867,
      "loudness_range": 18.986665725708008,
      "low_freq": 4349.24462890625,
      "mid_mean": -36.52617645263672,
      "mid_to_side_loudness": -4.205519199371338,
      "mid_to_side_loudness_range": 5.377620220184326,
      "side_mean": -40.8350944519043
    },
    {
      "high_freq": 12199.2666015625,
      "loudness": -39.87889862060547,
      "loudness_range": 24.129728317260742,
      "low_freq": 7314.1640625,
      "mid_mean": -38.14662551879883,
      "mid_to_side_loudness": -5.5333709716796875,
      "mid_to_side_loudness_range": 6.1960062980651855,
      "side_mean": -43.96390914916992
    },
    {
      "loudness": -37.44637680053711,
      "loudness_range": 18.694799423217773,
      "low_freq": 12199.2666015625,
      "mid_mean": -35.73162078857422,
      "mid_to_side_loudness": -6.837249279022217,
      "mid_to_side_loudness_range": 7.839690208435059,
      "side_mean": -46.45085525512695
    }
  ],
  "bands_short": [
    {
      "high_freq": 148.1999969482422,
      "loudness": -29.977874755859375,
      "loudness_range": 19.82212257385254,
      "mid_mean": -28.718496322631836,
      "mid_to_side_loudness": -3.65250825881958,
      "mid_to_side_loudness_range": 18.316198348999023,
      "side_mean": -32.40748596191406
    },
    {
      "high_freq": 392.3793640136719,
      "loudness": -20.904037475585938,
      "loudness_range": 9.365470886230469,
      "low_freq": 148.1999969482422,
      "mid_mean": -18.821182250976562,
      "mid_to_side_loudness": -4.301619052886963,
      "mid_to_side_loudness_range": 9.721528053283691,
      "side_mean": -23.107492446899414
    },
    {
      "high_freq": 794.6976318359375,
      "loudness": -21.480533599853516,
      "loudness_range": 12.887680053710938,
      "low_freq": 392.3793640136719,
      "mid_mean": -20.39870262145996,
      "mid_to_side_loudness": -2.027376651763916,
      "mid_to_side_loudness_range": 11.397640228271484,
      "side_mean": -22.12810707092285
    },
    {
      "high_freq": 1457.5709228515625,
      "loudness": -22.786521911621094,
      "loudness_range": 13.936901092529297,
      "low_freq": 794.6976318359375,
      "mid_mean": -21.04718780517578,
      "mid_to_side_loudness": -3.240870475769043,
      "mid_to_side_loudness_range": 9.646682739257812,
      "side_mean": -24.27243995666504
    },
    {
      "high_freq": 2549.74365234375,
      "loudness": -26.653514862060547,
      "loudness_range": 12.701282501220703,
      "low_freq": 1457.5709228515625,
      "mid_mean": -25.063751220703125,
      "mid_to_side_loudness": -2.7916910648345947,
      "mid_to_side_loudness_range": 7.716463565826416,
      "side_mean": -27.68788719177246
    },
    {
      "high_freq": 4349.24462890625,
      "loudness": -32.779781341552734,
      "loudness_range": 16.575849533081055,
      "low_freq": 2549.74365234375,
      "mid_mean": -31.050060272216797,
      "mid_to_side_loudness": -3.043534755706787,
      "mid_to_side_loudness_range": 7.663103103637695,
      "side_mean": -34.094966888427734
    },
    {
      "high_freq": 7314.1640625,
      "loudness": -40.490726470947266,
      "loudness_range": 23.293743133544922,
      "low_freq": 4349.24462890625,
      "mid_mean": -38.6845703125,
      "mid_to_side_loudness": -3.275053024291992,
      "mid_to_side_loudness_range": 7.2043776512146,
      "side_mean": -41.99922561645508
    },
    {
      "high_freq": 12199.2666015625,
      "loudness": -43.29915237426758,
      "loudness_range": 30.88865852355957,
      "low_freq": 7314.1640625,
      "mid_mean": -41.8741340637207,
      "mid_to_side_loudness": -4.386380672454834,
      "mid_to_side_loudness_range": 7.834418296813965,
      "side_mean": -46.4515266418457
    },
    {
      "loudness": -41.667510986328125,
      "loudness_range": 29.765775680541992,
      "low_freq": 12199.2666015625,
      "mid_mean": -44.31002426147461,
      "mid_to_side_loudness": -4.9979567527771,
      "mid_to_side_loudness_range": 9.68897819519043,
      "side_mean": -52.028079986572266
    }
  ],
  "bandwidth": 624.9223022460938,
  "channels": 2,
  "covariance": [
    [
      23.65304946899414,
      17.751243591308594,
      9.405064582824707,
      10.539774894714355,
      13.441044807434082,
      13.119625091552734,
      3.708770751953125,
      4.156761169433594,
      5.567523002624512,
      5.814095497131348,
      9.340678215026855,
      10.338926315307617,
      17.250225067138672,
      16.355621337890625,
      18.650148391723633,
      18.58380126953125,
      6.551259994506836,
      21.066808700561523
    ],
    [
      17.751243591308594,
      28.255695343017578,
      8.274005889892578,
      11.944907188415527,
      16.327922821044922,
      16.25190544128418,
      8.022735595703125,
      9.848653793334961,
      10.620816230773926,
      11.845182418823242,
      15.239109992980957,
      18.7982177734375,
      25.305648803710938,
      25.5184383392334,
      29.813167572021484,
      30.075040817260742,
      20.65697479248047,
      36.91230010986328
    ],
    [
      9.405064582824707,
      8.274005889892578,
      14.803718566894531,
      12.278961181640625,
      11.48354721069336,
      12.396463394165039,
      3.338388681411743,
      3.401325225830078,
      4.868443965911865,
      5.650570392608643,
      6.3038482666015625,
      7.026548385620117,
      8.23139762878418,
      8.345377922058105,
      5.603442192077637,
      5.413036823272705,
      4.563902854919434,
      6.15314245223999
    ],
    [
      10.539774894714355,
      11.944907188415527,
      12.278961181640625,
      16.67580795288086,
      12.811151504516602,
      13.596358299255371,
      5.436434745788574,
      6.436141014099121,
      7.655492305755615,
      8.91012191772461,
      9.62621784210205,
      11.259428024291992,
      14.090230941772461,
      14.180851936340332,
      12.298199653625488,
      12.098552703857422,
      10.162278175354004,
      14.679468154907227
    ],
    [
      13.441044807434082,
      16.327922821044922,
      11.48354721069336,
      12.811151504516602,
      25.528156280517578,
      22.1723575592041,
      9.13258171081543,
      9.786771774291992,
      11.344292640686035,
      11.853158950805664,
      13.19983959197998,
      16.384565353393555,
      16.388427734375,
      16.59519386291504,
      15.84914493560791,
      16.129531860351562,
      15.043482780456543,
      19.847042083740234
    ],
    [
      13.119625091552734,
      16.25190544128418,
      12.396463394165039,
      13.596358299255371,
      22.1723575592041,
      30.83643341064453,
      8.775160789489746,
      9.644918441772461,
      13.473831176757812,
      13.392594337463379,
      15.054766654968262,
      18.666011810302734,
      17.712158203125,
      18.503591537475586,
      16.15542221069336,
      16.836666107177734,
      15.196967124938965,
      20.49103355407715
    ],
    [
      3.708770751953125,
      8.022735595703125,
      3.338388681411743,
      5.436434745788574,
      9.13258171081543,
      8.775160789489746,
      18.3240909576416,
      20.04598045349121,
      12.815557479858398,
      12.883419036865234,
      14.412917137145996,
      15.405686378479004,
      13.744977951049805,
      14.079710960388184,
      13.395376205444336,
      13.477299690246582,
      12.778606414794922,
      16.794775009155273
    ],
    [
      4.156761169433594,
      9.848653793334961,
      3.401325225830078,
      6.436141014099121,
      9.786771774291992,
      9.644918441772461,
      20.04598045349121,
      27.335182189941406,
      15.529427528381348,
      16.280927658081055,
      18.414833068847656,
      18.813920974731445,
      17.639577865600586,
      18.572284698486328,
      19.27992057800293,
      19.40380859375,
      17.044666290283203,
      24.46108627319336
    ],
    [
      5.567523002624512,
      10.620816230773926,
      4.868443965911865,
      7.655492305755615,
      11.344292640686035,
      13.473831176757812,
      12.815557479858398,
      15.529427528381348,
      17.072124481201172,
      17.312349319458008,
      15.891210556030273,
      18.8726749420166,
      18.57215690612793,
      18.80046844482422,
      16.6042537689209,
      16.949344635009766,
      15.957746505737305,
      21.122800827026367
    ],
    [
      5.814095497131348,
      11.845182418823242,
      5.650570392608643,
      8.91012191772461,
      11.853158950805664,
      13.392594337463379,
      12.883419036865234,
      16.280927658081055,
      17.312349319458008,
      20.640871047973633,
      17.03224754333496,
      20.44922637939453,
      21.020288467407227,
      21.637332916259766,
      19.13125991821289,
      19.56720542907715,
      17.38191032409668,
      24.206464767456055
    ],
    [
      9.340678215026855,
      15.239109992980957,
      6.3038482666015625,
      9.62621784210205,
      13.19983959197998,
      15.054766654968262,
      14.412917137145996,
      18.414833068847656,
      15.891210556030273,
      17.03224754333496,
      24.507610321044922,
      25.13286781311035,
      28.47194480895996,
      28.688884735107422,
      30.63218879699707,
      30.6057071685791,
      24.743541717529297,
      37.03591537475586
    ],
    [
      10.338926315307617,
      18.7982177734375,
      7.026548385620117,
      11.259428024291992,
      16.384565353393555,
      18.666011810302734,
      15.405686378479004,
      18.813920974731445,
      18.8726749420166,
      20.44922637939453,
      25.13286781311035,
      29.80292320251465,
      30.844268798828125,
      31.821969985961914,
      32.09251022338867,
      32.70168685913086,
      27.778125762939453,
      40.05311584472656
    ],
    [
      17.250225067138672,
      25.305648803710938,
      8.23139762878418,
      14.090230941772461,
      16.388427734375,
      17.712158203125,
      13.744977951049805,
      17.639577865600586,
      18.57215690612793,
      21.020288467407227,
      28.47194480895996,
      30.844268798828125,
      51.22180938720703,
      48.71961975097656,
      58.42826461791992,
      58.23466491699219,
      36.18179702758789,
      68.90357208251953
    ],
    [
      16.355621337890625,
      25.5184383392334,
      8.345377922058105,
      14.180851936340332,
      16.59519386291504,
      18.503591537475586,
      14.079710960388184,
      18.572284698486328,
      18.80046844482422,
      21.637332916259766,
      28.688884735107422,
      31.821969985961914,
      48.71961975097656,
      49.06201934814453,
      55.75538635253906,
      57.089759826660156,
      34.247066497802734,
      67.15773010253906
    ],
    [
      18.650148391723633,
      29.813167572021484,
      5.603442192077637,
      12.298199653625488,
      15.84914493560791,
      16.15542221069336,
      13.395376205444336,
      19.27992057800293,
      16.6042537689209,
      19.13125991821289,
      30.63218879699707,
      32.09251022338867,
      58.42826461791992,
      55.75538635253906,
      85.72606658935547,
      82.4911880493164,
      51.67384719848633,
      100.21216583251953
    ],
    [
      18.58380126953125,
      30.075040817260742,
      5.413036823272705,
      12.098552703857422,
      16.129531860351562,
      16.836666107177734,
      13.477299690246582,
      19.40380859375,
      16.949344635009766,
      19.56720542907715,
      30.6057071685791,
      32.70168685913086,
      58.23466491699219,
      57.089759826660156,
      82.4911880493164,
      83.88599395751953,
      48.27559280395508,
      98.85260009765625
    ],
    [
      6.551259994506836,
      20.65697479248047,
      4.563902854919434,
      10.162278175354004,
      15.043482780456543,
      15.196967124938965,
      12.778606414794922,
      17.044666290283203,
      15.957746505737305,
      17.38191032409668,
      24.743541717529297,
      27.778125762939453,
      36.18179702758789,
      34.247066497802734,
      51.67384719848633,
      48.27559280395508,
      88.16200256347656,
      74.07825469970703
    ],
    [
      21.066808700561523,
      36.91230010986328,
      6.15314245223999,
      14.679468154907227,
      19.847042083740234,
      20.49103355407715,
      16.794775009155273,
      24.46108627319336,
      21.122800827026367,
      24.206464767456055,
      37.03591537475586,
      40.05311584472656,
      68.90357208251953,
      67.15773010253906,
      100.21216583251953,
      98.85260009765625,
      74.07825469970703,
      125.9789047241211
    ]
  ],
  "covariance_short": [
    [
      53.987693786621094,
      33.63748550415039,
      12.584033012390137,
      12.291500091552734,
      16.599056243896484,
      16.975513458251953,
      10.018922805786133,
      10.254684448242188,
      10.310882568359375,
      10.183465003967285,
      15.936020851135254,
      15.884594917297363,
      24.4820613861084,
      23.834054946899414,
      30.18960952758789,
      30.351037979125977,
      35.9279899597168,
      48.55343246459961
    ],
    [
      33.63748550415039,
      57.433441162109375,
      9.73572826385498,
      12.3592529296875,
      17.10458755493164,
      17.956695556640625,
      12.945901870727539,
      15.229201316833496,
      14.258382797241211,
      16.04095458984375,
      19.66053009033203,
      23.038997650146484,
      29.966093063354492,
      31.52891731262207,
      34.58257293701172,
      36.85529327392578,
      42.035789489746094,
      51.78817367553711
    ],
    [
      12.584033012390137,
      9.73572826385498,
      17.968652725219727,
      12.477922439575195,
      12.526606559753418,
      12.919720649719238,
      5.127943992614746,
      4.947088241577148,
      5.845351219177246,
      6.618817329406738,
      8.237347602844238,
      8.334295272827148,
      10.746020317077637,
      10.495596885681152,
      10.85973072052002,
      10.734496116638184,
      11.257454872131348,
      23.502634048461914
    ],
    [
      12.291500091552734,
      12.3592529296875,
      12.477922439575195,
      19.045066833496094,
      13.380348205566406,
      13.570231437683105,
      7.095922470092773,
      7.736124038696289,
      7.716434478759766,
      9.01204776763916,
      10.576172828674316,
      11.959912300109863,
      15.752704620361328,
      16.032062530517578,
      17.7962589263916,
      18.208438873291016,
      19.599472045898438,
      30.68276023864746
    ],
    [
      16.599056243896484,
      17.10458755493164,
      12.526606559753418,
      13.380348205566406,
      30.11632537841797,
      22.535381317138672,
      11.218521118164062,
      11.325509071350098,
      11.206045150756836,
      11.544075012207031,
      15.673595428466797,
      16.886751174926758,
      18.92963218688965,
      18.54711151123047,
      19.279251098632812,
      19.4793758392334,
      20.3828182220459,
      37.50860595703125
    ],
    [
      16.975513458251953,
      17.956695556640625,
      12.919720649719238,
      13.570231437683105,
      22.535381317138672,
      35.64720916748047,
      10.778192520141602,
      10.901712417602539,
      13.363396644592285,
      12.905004501342773,
      17.671100616455078,
      19.128843307495117,
      19.436622619628906,
      19.818387985229492,
      19.058032989501953,
      20.045156478881836,
      19.73224639892578,
      36.96772766113281
    ],
    [
      10.018922805786133,
      12.945901870727539,
      5.127943992614746,
      7.095922470092773,
      11.218521118164062,
      10.778192520141602,
      24.083269119262695,
      21.93778419494629,
      15.78370189666748,
      16.16771697998047,
      17.75225257873535,
      17.904712677001953,
      20.217756271362305,
      19.53502655029297,
      19.452695846557617,
      18.9128360748291,
      20.617284774780273,
      25.544757843017578
    ],
    [
      10.254684448242188,
      15.229201316833496,
      4.947088241577148,
      7.736124038696289,
      11.325509071350098,
      10.901712417602539,
      21.93778419494629,
      33.30559158325195,
      19.083782196044922,
      20.117979049682617,
      22.143192291259766,
      21.92523193359375,
      25.46368980407715,
      25.544614791870117,
      26.109193801879883,
      25.87718391418457,
      28.17976951599121,
      32.080467224121094
    ],
    [
      10.310882568359375,
      14.258382797241211,
      5.845351219177246,
      7.716434478759766,
      11.206045150756836,
      13.363396644592285,
      15.78370189666748,
      19.083782196044922,
      22.076658248901367,
      20.159833908081055,
      20.03782844543457,
      21.232561111450195,
      24.453475952148438,
      23.834138870239258,
      23.128816604614258,
      23.357593536376953,
      24.426267623901367,
      28.469297409057617
    ],
    [
      10.183465003967285,
      16.04095458984375,
      6.618817329406738,
      9.01204776763916,
      11.544075012207031,
      12.905004501342773,
      16.16771697998047,
      20.117979049682617,
      20.159833908081055,
      25.624685287475586,
      20.93094253540039,
      23.32176399230957,
      27.019088745117188,
      27.3061466217041,
      25.754291534423828,
      26.56235122680664,
      27.31511878967285,
      31.477161407470703
    ],
    [
      15.936020851135254,
      19.66053009033203,
      8.237347602844238,
      10.576172828674316,
      15.673595428466797,
      17.671100616455078,
      17.75225257873535,
      22.143192291259766,
      20.03782844543457,
      20.93094253540039,
      34.44852066040039,
      30.94651985168457,
      39.22985076904297,
      38.21455764770508,
      42.427818298339844,
      41.07234191894531,
      46.14119338989258,
      47.080322265625
    ],
    [
      15.884594917297363,
      23.038997650146484,
      8.334295272827148,
      11.959912300109863,
      16.886751174926758,
      19.128843307495117,
      17.904712677001953,
      21.92523193359375,
      21.232561111450195,
      23.32176399230957,
      30.94651985168457,
      35.43626403808594,
      39.19293975830078,
      40.19196319580078,
      41.49684524536133,
      42.89182662963867,
      46.240177154541016,
      50.13890838623047
    ],
    [
      24.4820613861084,
      29.966093063354492,
      10.746020317077637,
      15.752704620361328,
      18.92963218688965,
      19.436622619628906,
      20.217756271362305,
      25.46368980407715,
      24.453475952148438,
      27.019088745117188,
      39.22985076904297,
      39.19293975830078,
      67.99919891357422,
      62.67272186279297,
      79.19261169433594,
      76.4665756225586,
      91.06500244140625,
      89.13304901123047
    ],
    [
      23.834054946899414,
      31.52891731262207,
      10.495596885681152,
      16.032062530517578,
      18.54711151123047,
      19.818387985229492,
      19.53502655029297,
      25.544614791870117,
      23.834138870239258,
      27.3061466217041,
      38.21455764770508,
      40.19196319580078,
      62.67272186279297,
      64.37754821777344,
      74.19444274902344,
      75.8580551147461,
      84.28410339355469,
      86.42742156982422
    ],
    [
      30.18960952758789,
      34.58257293701172,
      10.85973072052002,
      17.7962589263916,
      19.279251098632812,
      19.058032989501953,
      19.452695846557617,
      26.109193801879883,
      23.128816604614258,
      25.754291534423828,
      42.427818298339844,
      41.49684524536133,
      79.19261169433594,
      74.19444274902344,
      120.6264419555664,
      111.58684539794922,
      146.58934020996094,
      132.52410888671875
    ],
    [
      30.351037979125977,
      36.85529327392578,
      10.734496116638184,
      18.208438873291016,
      19.4793758392334,
      20.045156478881836,
      18.9128360748291,
      25.87718391418457,
      23.357593536376953,
      26.56235122680664,
      41.07234191894531,
      42.89182662963867,
      76.4665756225586,
      75.8580551147461,
      111.58684539794922,
      113.31304168701172,
      133.98887634277344,
      129.79139709472656
    ],
    [
      35.9279899597168,
      42.035789489746094,
      11.257454872131348,
      19.599472045898438,
      20.3828182220459,
      19.73224639892578,
      20.617284774780273,
      28.17976951599121,
      24.426267623901367,
      27.31511878967285,
      46.14119338989258,
      46.240177154541016,
      91.06500244140625,
      84.28410339355469,
      146.58934020996094,
      133.98887634277344,
      210.77593994140625,
      173.2891845703125
    ],
    [
      48.55343246459961,
      51.78817367553711,
      23.502634048461914,
      30.68276023864746,
      37.50860595703125,
      36.96772766113281,
      25.544757843017578,
      32.080467224121094,
      28.469297409057617,
      31.477161407470703,
      47.080322265625,
      50.13890838623047,
      89.13304901123047,
      86.42742156982422,
      132.52410888671875,
      129.79139709472656,
      173.2891845703125,
      180.10308837890625
    ]
  ],
  "damage": -6.235452651977539,
  "diff_bandwidth": 657.2864379882812,
  "dissonance": 7.305635944668104,
  "drr": 4.932293891906738,
  "dynamics": 2.8200268745422363,
  "format": 1245190,
  "frames": 10248192,
  "loudness": -11.470141410827637,
  "loudness_range": 8.66843318939209,
  "loudness_range_short": 10.588191986083984,
  "lowpass_true_peak_15khz": 0.7377749681472778,
  "mastering3_acoustic_entropies": [
    {
      "acoustic_entropy": 6.117435455322266,
      "acoustic_entropy_mono": 5.729626655578613,
      "band_eliminated_acoustic_entropies": [
        {
          "acoustic_entropy": 6.122520923614502,
          "acoustic_entropy_side": 6.118269443511963,
          "hz": 129.47220167065723
        },
        {
          "acoustic_entropy": 6.07137393951416,
          "acoustic_entropy_side": 6.137393951416016,
          "hz": 202.92927478742237
        },
        {
          "acoustic_entropy": 5.741542339324951,
          "acoustic_entropy_side": 6.096360206604004,
          "hz": 282.89161906338205
        },
        {
          "acoustic_entropy": 5.893774032592773,
          "acoustic_entropy_side": 5.961369037628174,
          "hz": 369.9353335868758
        },
        {
          "acoustic_entropy": 5.789039134979248,
          "acoustic_entropy_side": 5.9966840744018555,
          "hz": 464.6875360973435
        },
        {
          "acoustic_entropy": 6.265369415283203,
          "acoustic_entropy_side": 5.7322540283203125,
          "hz": 567.8308811364784
        },
        {
          "acoustic_entropy": 5.756796836853027,
          "acoustic_entropy_side": 5.916318416595459,
          "hz": 680.1084783214808
        },
        {
          "acoustic_entropy": 6.226321220397949,
          "acoustic_entropy_side": 5.988205432891846,
          "hz": 802.3292461747484
        },
        {
          "acoustic_entropy": 6.231926441192627,
          "acoustic_entropy_side": 6.329737186431885,
          "hz": 935.3737400823702
        },
        {
          "acoustic_entropy": 5.768983840942383,
          "acoustic_entropy_side": 5.92246675491333,
          "hz": 1080.2004963696966
        },
        {
          "acoustic_entropy": 5.350898742675781,
          "acoustic_entropy_side": 6.154436111450195,
          "hz": 1237.8529382007157
        },
        {
          "acoustic_entropy": 5.4712443351745605,
          "acoustic_entropy_side": 5.948205471038818,
          "hz": 1409.4668930556702
        },
        {
          "acoustic_entropy": 5.406341552734375,
          "acoustic_entropy_side": 5.88389778137207,
          "hz": 1596.2787759475705
        },
        {
          "acoustic_entropy": 6.096144199371338,
          "acoustic_entropy_side": 6.0300116539001465,
          "hz": 1799.6344973346393
        },
        {
          "acoustic_entropy": 6.185499668121338,
          "acoustic_entropy_side": 6.157141208648682,
          "hz": 2020.9991599069049
        },
        {
          "acoustic_entropy": 5.998973369598389,
          "acoustic_entropy_side": 6.0678863525390625,
          "hz": 2261.9676141086993
        },
        {
          "acoustic_entropy": 5.994211196899414,
          "acoustic_entropy_side": 6.067628383636475,
          "hz": 2524.2759484456974
        },
        {
          "acoustic_entropy": 6.141441822052002,
          "acoustic_entropy_side": 6.136523246765137,
          "hz": 2809.813997359896
        },
        {
          "acoustic_entropy": 6.140960216522217,
          "acoustic_entropy_side": 6.1232733726501465,
          "hz": 3120.6389567871424
        },
        {
          "acoustic_entropy": 6.164257049560547,
          "acoustic_entropy_side": 6.108154296875,
          "hz": 3458.990205492291
        },
        {
          "acoustic_entropy": 6.1839470863342285,
          "acoustic_entropy_side": 6.116787910461426,
          "hz": 3827.305438964164
        },
        {
          "acoustic_entropy": 6.172283172607422,
          "acoustic_entropy_side": 6.1208062171936035,
          "hz": 4228.238232109126
        },
        {
          "acoustic_entropy": 6.164772033691406,
          "acoustic_entropy_side": 6.121594429016113,
          "hz": 4664.6771572759235
        },
        {
          "acoustic_entropy": 6.160890579223633,
          "acoustic_entropy_side": 6.1220479011535645,
          "hz": 5139.766595350093
        },
        {
          "acoustic_entropy": 6.145282745361328,
          "acoustic_entropy_side": 6.118795871734619,
          "hz": 5656.929389854203
        },
        {
          "acoustic_entropy": 6.151766777038574,
          "acoustic_entropy_side": 6.119565010070801,
          "hz": 6219.891507268283
        },
        {
          "acoustic_entropy": 6.231812000274658,
          "acoustic_entropy_side": 6.1236066818237305,
          "hz": 6832.70888123896
        },
        {
          "acoustic_entropy": 6.218741416931152,
          "acoustic_entropy_side": 6.125433444976807,
          "hz": 7499.796634079867
        },
        {
          "acoustic_entropy": 6.220817565917969,
          "acoustic_entropy_side": 6.124427318572998,
          "hz": 8225.96088609342
        },
        {
          "acoustic_entropy": 6.223555564880371,
          "acoustic_entropy_side": 6.12748384475708,
          "hz": 9016.43338188839
        },
        {
          "acoustic_entropy": 6.223836898803711,
          "acoustic_entropy_side": 6.128759860992432,
          "hz": 9876.909183162974
        },
        {
          "acoustic_entropy": 6.264315128326416,
          "acoustic_entropy_side": 6.132375240325928,
          "hz": 10813.587699516042
        },
        {
          "acoustic_entropy": 6.260820388793945,
          "acoustic_entropy_side": 6.134289741516113,
          "hz": 11833.21735289826
        },
        {
          "acoustic_entropy": 6.275912284851074,
          "acoustic_entropy_side": 6.133638381958008,
          "hz": 12943.144197493959
        },
        {
          "acoustic_entropy": 6.289855480194092,
          "acoustic_entropy_side": 6.1329193115234375,
          "hz": 14151.364845322005
        },
        {
          "acoustic_entropy": 6.297719478607178,
          "acoustic_entropy_side": 6.13450813293457,
          "hz": 15466.58407886509
        },
        {
          "acoustic_entropy": 6.303980827331543,
          "acoustic_entropy_side": 6.140847682952881,
          "hz": 16898.27756580493
        },
        {
          "acoustic_entropy": 6.2746686935424805,
          "acoustic_entropy_side": 6.142391204833984,
          "hz": 18456.760127700032
        },
        {
          "acoustic_entropy": 6.153818130493164,
          "acoustic_entropy_side": 6.14134407043457,
          "hz": 20153.260054456492
        },
        {
          "acoustic_entropy": 6.2361931800842285,
          "acoustic_entropy_side": 6.121490478515625,
          "hz": 22000.00000000001
        }
      ],
      "diff_acoustic_entropy": 5.61954402923584,
      "sn": 6
    },
    {
      "acoustic_entropy": 9.791179656982422,
      "acoustic_entropy_mono": 9.364956855773926,
      "band_eliminated_acoustic_entropies": [
        {
          "acoustic_entropy": 9.837226867675781,
          "acoustic_entropy_side": 9.798229217529297,
          "hz": 129.47220167065723
        },
        {
          "acoustic_entropy": 10.087601661682129,
          "acoustic_entropy_side": 9.935105323791504,
          "hz": 202.92927478742237
        },
        {
          "acoustic_entropy": 9.710439682006836,
          "acoustic_entropy_side": 10.126782417297363,
          "hz": 282.89161906338205
        },
        {
          "acoustic_entropy": 10.214489936828613,
          "acoustic_entropy_side": 9.787012100219727,
          "hz": 369.9353335868758
        },
        {
          "acoustic_entropy": 9.970855712890625,
          "acoustic_entropy_side": 9.571405410766602,
          "hz": 464.6875360973435
        },
        {
          "acoustic_entropy": 10.256534576416016,
          "acoustic_entropy_side": 10.363052368164062,
          "hz": 567.8308811364784
        },
        {
          "acoustic_entropy": 9.427178382873535,
          "acoustic_entropy_side": 9.447450637817383,
          "hz": 680.1084783214808
        },
        {
          "acoustic_entropy": 9.781889915466309,
          "acoustic_entropy_side": 9.857451438903809,
          "hz": 802.3292461747484
        },
        {
          "acoustic_entropy": 9.635857582092285,
          "acoustic_entropy_side": 9.880325317382812,
          "hz": 935.3737400823702
        },
        {
          "acoustic_entropy": 9.599894523620605,
          "acoustic_entropy_side": 10.317524909973145,
          "hz": 1080.2004963696966
        },
        {
          "acoustic_entropy": 10.213947296142578,
          "acoustic_entropy_side": 10.287554740905762,
          "hz": 1237.8529382007157
        },
        {
          "acoustic_entropy": 10.047264099121094,
          "acoustic_entropy_side": 9.695077896118164,
          "hz": 1409.4668930556702
        },
        {
          "acoustic_entropy": 9.64046573638916,
          "acoustic_entropy_side": 10.092928886413574,
          "hz": 1596.2787759475705
        },
        {
          "acoustic_entropy": 9.93967056274414,
          "acoustic_entropy_side": 10.146547317504883,
          "hz": 1799.6344973346393
        },
        {
          "acoustic_entropy": 9.534852981567383,
          "acoustic_entropy_side": 9.577987670898438,
          "hz": 2020.9991599069049
        },
        {
          "acoustic_entropy": 9.529150009155273,
          "acoustic_entropy_side": 9.705686569213867,
          "hz": 2261.9676141086993
        },
        {
          "acoustic_entropy": 9.707870483398438,
          "acoustic_entropy_side": 9.71043872833252,
          "hz": 2524.2759484456974
        },
        {
          "acoustic_entropy": 9.638798713684082,
          "acoustic_entropy_side": 9.718428611755371,
          "hz": 2809.813997359896
        },
        {
          "acoustic_entropy": 9.716442108154297,
          "acoustic_entropy_side": 9.908129692077637,
          "hz": 3120.6389567871424
        },
        {
          "acoustic_entropy": 9.769709587097168,
          "acoustic_entropy_side": 9.700590133666992,
          "hz": 3458.990205492291
        },
        {
          "acoustic_entropy": 9.767210006713867,
          "acoustic_entropy_side": 9.822967529296875,
          "hz": 3827.305438964164
        },
        {
          "acoustic_entropy": 9.840473175048828,
          "acoustic_entropy_side": 9.781749725341797,
          "hz": 4228.238232109126
        },
        {
          "acoustic_entropy": 9.861836433410645,
          "acoustic_entropy_side": 9.796405792236328,
          "hz": 4664.6771572759235
        },
        {
          "acoustic_entropy": 9.831825256347656,
          "acoustic_entropy_side": 9.780200958251953,
          "hz": 5139.766595350093
        },
        {
          "acoustic_entropy": 9.830238342285156,
          "acoustic_entropy_side": 9.806961059570312,
          "hz": 5656.929389854203
        },
        {
          "acoustic_entropy": 9.862306594848633,
          "acoustic_entropy_side": 9.812827110290527,
          "hz": 6219.891507268283
        },
        {
          "acoustic_entropy": 9.83007526397705,
          "acoustic_entropy_side": 9.786075592041016,
          "hz": 6832.70888123896
        },
        {
          "acoustic_entropy": 9.810684204101562,
          "acoustic_entropy_side": 9.77165699005127,
          "hz": 7499.796634079867
        },
        {
          "acoustic_entropy": 9.803532600402832,
          "acoustic_entropy_side": 9.764107704162598,
          "hz": 8225.96088609342
        },
        {
          "acoustic_entropy": 9.784448623657227,
          "acoustic_entropy_side": 9.765740394592285,
          "hz": 9016.43338188839
        },
        {
          "acoustic_entropy": 9.783957481384277,
          "acoustic_entropy_side": 9.775179862976074,
          "hz": 9876.909183162974
        },
        {
          "acoustic_entropy": 9.79484748840332,
          "acoustic_entropy_side": 9.771559715270996,
          "hz": 10813.587699516042
        },
        {
          "acoustic_entropy": 9.828471183776855,
          "acoustic_entropy_side": 9.783204078674316,
          "hz": 11833.21735289826
        },
        {
          "acoustic_entropy": 9.811574935913086,
          "acoustic_entropy_side": 9.784268379211426,
          "hz": 12943.144197493959
        },
        {
          "acoustic_entropy": 9.832030296325684,
          "acoustic_entropy_side": 9.786355972290039,
          "hz": 14151.364845322005
        },
        {
          "acoustic_entropy": 9.820001602172852,
          "acoustic_entropy_side": 9.788101196289062,
          "hz": 15466.58407886509
        },
        {
          "acoustic_entropy": 9.813977241516113,
          "acoustic_entropy_side": 9.78579044342041,
          "hz": 16898.27756580493
        },
        {
          "acoustic_entropy": 9.799311637878418,
          "acoustic_entropy_side": 9.782402992248535,
          "hz": 18456.760127700032
        },
        {
          "acoustic_entropy": 9.721118927001953,
          "acoustic_entropy_side": 9.782383918762207,
          "hz": 20153.260054456492
        },
        {
          "acoustic_entropy": 9.81777286529541,
          "acoustic_entropy_side": 9.788583755493164,
          "hz": 22000.00000000001
        }
      ],
      "diff_acoustic_entropy": 10.329583168029785,
      "sn": 12
    },
    {
      "acoustic_entropy": 14.720816612243652,
      "acoustic_entropy_mono": 13.878331184387207,
      "band_eliminated_acoustic_entropies": [
        {
          "acoustic_entropy": 14.603594779968262,
          "acoustic_entropy_side": 14.544190406799316,
          "hz": 129.47220167065723
        },
        {
          "acoustic_entropy": 14.791651725769043,
          "acoustic_entropy_side": 13.969721794128418,
          "hz": 202.92927478742237
        },
        {
          "acoustic_entropy": 15.368717193603516,
          "acoustic_entropy_side": 15.095897674560547,
          "hz": 282.89161906338205
        },
        {
          "acoustic_entropy": 14.620487213134766,
          "acoustic_entropy_side": 14.867989540100098,
          "hz": 369.9353335868758
        },
        {
          "acoustic_entropy": 14.148154258728027,
          "acoustic_entropy_side": 14.604351997375488,
          "hz": 464.6875360973435
        },
        {
          "acoustic_entropy": 15.29039192199707,
          "acoustic_entropy_side": 16.081451416015625,
          "hz": 567.8308811364784
        },
        {
          "acoustic_entropy": 14.208049774169922,
          "acoustic_entropy_side": 14.517133712768555,
          "hz": 680.1084783214808
        },
        {
          "acoustic_entropy": 14.718717575073242,
          "acoustic_entropy_side": 14.961932182312012,
          "hz": 802.3292461747484
        },
        {
          "acoustic_entropy": 14.995779991149902,
          "acoustic_entropy_side": 15.266304016113281,
          "hz": 935.3737400823702
        },
        {
          "acoustic_entropy": 14.393444061279297,
          "acoustic_entropy_side": 15.633892059326172,
          "hz": 1080.2004963696966
        },
        {
          "acoustic_entropy": 14.262829780578613,
          "acoustic_entropy_side": 14.515634536743164,
          "hz": 1237.8529382007157
        },
        {
          "acoustic_entropy": 15.10074234008789,
          "acoustic_entropy_side": 15.144486427307129,
          "hz": 1409.4668930556702
        },
        {
          "acoustic_entropy": 14.366905212402344,
          "acoustic_entropy_side": 15.60391902923584,
          "hz": 1596.2787759475705
        },
        {
          "acoustic_entropy": 14.97185230255127,
          "acoustic_entropy_side": 15.026626586914062,
          "hz": 1799.6344973346393
        },
        {
          "acoustic_entropy": 14.72619342803955,
          "acoustic_entropy_side": 14.735620498657227,
          "hz": 2020.9991599069049
        },
        {
          "acoustic_entropy": 14.9832181930542,
          "acoustic_entropy_side": 14.839780807495117,
          "hz": 2261.9676141086993
        },
        {
          "acoustic_entropy": 14.682519912719727,
          "acoustic_entropy_side": 14.36269760131836,
          "hz": 2524.2759484456974
        },
        {
          "acoustic_entropy": 15.668808937072754,
          "acoustic_entropy_side": 14.846369743347168,
          "hz": 2809.813997359896
        },
        {
          "acoustic_entropy": 14.661157608032227,
          "acoustic_entropy_side": 14.955710411071777,
          "hz": 3120.6389567871424
        },
        {
