{
  "acoustic_entropy": 236.93284606933594,
  "bands": [
    {
      "high_freq": 148.1999969482422,
      "loudness": -26.525833129882812,
      "loudness_range": 14.319988250732422,
      "mid_mean": -22.92600440979004,
      "mid_to_side_loudness": -29.991958618164062,
      "mid_to_side_loudness_range": 29.751903533935547,
      "side_mean": -53.483970642089844
    },
    {
      "high_freq": 392.3793640136719,
      "loudness": -25.741533279418945,
      "loudness_range": 8.955020904541016,
      "low_freq": 148.1999969482422,
      "mid_mean": -22.377269744873047,
      "mid_to_side_loudness": -16.327390670776367,
      "mid_to_side_loudness_range": 25.54821014404297,
      "side_mean": -38.10799026489258
    },
    {
      "high_freq": 794.6976318359375,
      "loudness": -24.640289306640625,
      "loudness_range": 9.257467269897461,
      "low_freq": 392.3793640136719,
      "mid_mean": -21.392000198364258,
      "mid_to_side_loudness": -10.843363761901855,
      "mid_to_side_loudness_range": 8.710747718811035,
      "side_mean": -32.21529769897461
    },
    {
      "high_freq": 1457.5709228515625,
      "loudness": -25.51546859741211,
      "loudness_range": 9.735404968261719,
      "low_freq": 794.6976318359375,
      "mid_mean": -22.262449264526367,
      "mid_to_side_loudness": -11.09803295135498,
      "mid_to_side_loudness_range": 8.725082397460938,
      "side_mean": -33.348995208740234
    },
    {
      "high_freq": 2549.74365234375,
      "loudness": -24.291799545288086,
      "loudness_range": 9.321126937866211,
      "low_freq": 1457.5709228515625,
      "mid_mean": -20.982280731201172,
      "mid_to_side_loudness": -11.766862869262695,
      "mid_to_side_loudness_range": 9.531341552734375,
      "side_mean": -32.72719955444336
    },
    {
      "high_freq": 4349.24462890625,
      "loudness": -25.071334838867188,
      "loudness_range": 10.579734802246094,
      "low_freq": 2549.74365234375,
      "mid_mean": -21.714529037475586,
      "mid_to_side_loudness": -12.303874969482422,
      "mid_to_side_loudness_range": 10.584766387939453,
      "side_mean": -34.0622673034668
    },
    {
      "high_freq": 7314.1640625,
      "loudness": -28.690065383911133,
      "loudness_range": 11.33061408996582,
      "low_freq": 4349.24462890625,
      "mid_mean": -25.700315475463867,
      "mid_to_side_loudness": -9.147504806518555,
      "mid_to_side_loudness_range": 11.524327278137207,
      "side_mean": -34.73997116088867
    },
    {
      "high_freq": 12199.2666015625,
      "loudness": -29.094533920288086,
      "loudness_range": 15.29560661315918,
      "low_freq": 7314.1640625,
      "mid_mean": -27.19448471069336,
      "mid_to_side_loudness": -5.927044868469238,
      "mid_to_side_loudness_range": 16.71634292602539,
      "side_mean": -31.347610473632812
    },
    {
      "loudness": -38.06763458251953,
      "loudness_range": 13.637727737426758,
      "low_freq": 12199.2666015625,
      "mid_mean": -35.15119934082031,
      "mid_to_side_loudness": -10.750732421875,
      "mid_to_side_loudness_range": 17.83062744140625,
      "side_mean": -45.52461624145508
    }
  ],
  "bands_short": [
    {
      "high_freq": 148.1999969482422,
      "loudness": -31.122343063354492,
      "loudness_range": 18.918638229370117,
      "mid_mean": -27.47745132446289,
      "mid_to_side_loudness": -35.57282257080078,
      "mid_to_side_loudness_range": 33.577999114990234,
      "side_mean": -61.04528045654297
    },
    {
      "high_freq": 392.3793640136719,
      "loudness": -26.088523864746094,
      "loudness_range": 14.754156112670898,
      "low_freq": 148.1999969482422,
      "mid_mean": -22.7386417388916,
      "mid_to_side_loudness": -17.320175170898438,
      "mid_to_side_loudness_range": 30.772315979003906,
      "side_mean": -39.325870513916016
    },
    {
      "high_freq": 794.6976318359375,
      "loudness": -25.540477752685547,
      "loudness_range": 11.292783737182617,
      "low_freq": 392.3793640136719,
      "mid_mean": -22.39162254333496,
      "mid_to_side_loudness": -10.286384582519531,
      "mid_to_side_loudness_range": 11.480012893676758,
      "side_mean": -32.764259338378906
    },
    {
      "high_freq": 1457.5709228515625,
      "loudness": -25.31464958190918,
      "loudness_range": 12.496498107910156,
      "low_freq": 794.6976318359375,
      "mid_mean": -22.0872802734375,
      "mid_to_side_loudness": -11.046667098999023,
      "mid_to_side_loudness_range": 11.43263053894043,
      "side_mean": -33.18783950805664
    },
    {
      "high_freq": 2549.74365234375,
      "loudness": -25.078407287597656,
      "loudness_range": 12.620256423950195,
      "low_freq": 1457.5709228515625,
      "mid_mean": -21.84681510925293,
      "mid_to_side_loudness": -11.304055213928223,
      "mid_to_side_loudness_range": 12.320942878723145,
      "side_mean": -33.17799377441406
    },
    {
      "high_freq": 4349.24462890625,
      "loudness": -26.0142765045166,
      "loudness_range": 14.246639251708984,
      "low_freq": 2549.74365234375,
      "mid_mean": -22.745756149291992,
      "mid_to_side_loudness": -11.915534973144531,
      "mid_to_side_loudness_range": 12.889427185058594,
      "side_mean": -34.78137969970703
    },
    {
      "high_freq": 7314.1640625,
      "loudness": -29.780250549316406,
      "loudness_range": 15.44980239868164,
      "low_freq": 4349.24462890625,
      "mid_mean": -26.69502830505371,
      "mid_to_side_loudness": -11.281027793884277,
      "mid_to_side_loudness_range": 16.296916961669922,
      "side_mean": -37.995853424072266
    },
    {
      "high_freq": 12199.2666015625,
      "loudness": -33.35868453979492,
      "loudness_range": 23.814315795898438,
      "low_freq": 7314.1640625,
      "mid_mean": -30.466001510620117,
      "mid_to_side_loudness": -11.839377403259277,
      "mid_to_side_loudness_range": 21.631807327270508,
      "side_mean": -42.05504608154297
    },
    {
      "loudness": -40.63822555541992,
      "loudness_range": 18.441434860229492,
      "low_freq": 12199.2666015625,
      "mid_mean": -37.45513153076172,
      "mid_to_side_loudness": -15.663219451904297,
      "mid_to_side_loudness_range": 20.774978637695312,
      "side_mean": -53.707305908203125
    }
  ],
  "bandwidth": 819.6493530273438,
  "channels": 2,
  "covariance": [
    [
      32.656227111816406,
      10.220986366271973,
      11.58338451385498,
      -8.521273612976074,
      12.80262565612793,
      9.013862609863281,
      12.989314079284668,
      10.951830863952637,
      14.126843452453613,
      12.159377098083496,
      15.942839622497559,
      15.365453720092773,
      15.171031951904297,
      22.564611434936523,
      19.208833694458008,
      24.888168334960938,
      12.82900619506836,
      26.91573715209961
    ],
    [
      10.220986366271973,
      80.60327911376953,
      13.946471214294434,
      23.59640884399414,
      5.370850086212158,
      7.3450469970703125,
      1.798193097114563,
      5.349335193634033,
      3.877350091934204,
      0.14553891122341156,
      2.4153425693511963,
      -2.3440253734588623,
      4.2244672775268555,
      2.913438081741333,
      8.72918701171875,
      32.957096099853516,
      2.2889013290405273,
      15.40307903289795
    ],
    [
      11.58338451385498,
      13.946471214294434,
      16.437381744384766,
      4.571895122528076,
      9.564811706542969,
      9.232645034790039,
      9.82275390625,
      9.789209365844727,
      11.053898811340332,
      9.593128204345703,
      12.184679985046387,
      10.070236206054688,
      11.59378719329834,
      10.537036895751953,
      11.186177253723145,
      10.488389015197754,
      9.886760711669922,
      8.461605072021484
    ],
    [
      -8.521273612976074,
      23.59640884399414,
      4.571895122528076,
      72.9310531616211,
      3.1515913009643555,
      7.06782865524292,
      -6.741638660430908,
      0.793948769569397,
      -3.9618453979492188,
      -4.661199569702148,
      -9.405585289001465,
      -11.659745216369629,
      -9.271868705749512,
      -19.770870208740234,
      -12.213783264160156,
      -17.92275619506836,
      -10.90772819519043,
      -26.785676956176758
    ],
    [
      12.80262565612793,
      5.370850086212158,
      9.564811706542969,
      3.1515913009643555,
      17.8064022064209,
      10.428403854370117,
      10.890331268310547,
      8.763663291931152,
      13.204066276550293,
      8.818404197692871,
      13.412006378173828,
      10.069334983825684,
      10.653905868530273,
      11.151907920837402,
      8.2089204788208,
      5.951761722564697,
      7.222308158874512,
      7.704013824462891
    ],
    [
      9.013862609863281,
      7.3450469970703125,
      9.232645034790039,
      7.06782865524292,
      10.428403854370117,
      16.885316848754883,
      10.46134090423584,
      13.548720359802246,
      11.083483695983887,
      13.759575843811035,
      11.682430267333984,
      14.100533485412598,
      11.976544380187988,
      11.312758445739746,
      8.895341873168945,
      4.275031089782715,
      8.477723121643066,
      4.6222124099731445
    ],
    [
      12.989314079284668,
      1.798193097114563,
      9.82275390625,
      -6.741638660430908,
      10.890331268310547,
      10.46134090423584,
      20.585033416748047,
      13.397340774536133,
      14.480830192565918,
      13.607667922973633,
      15.99162769317627,
      15.75257396697998,
      15.95882797241211,
      15.032417297363281,
      12.398959159851074,
      7.40562105178833,
      12.040826797485352,
      9.379283905029297
    ],
    [
      10.951830863952637,
      5.349335193634033,
      9.789209365844727,
      0.793948769569397,
      8.763663291931152,
      13.548720359802246,
      13.397340774536133,
      17.891559600830078,
      12.046533584594727,
      16.133882522583008,
      13.403812408447266,
      16.997013092041016,
      14.640992164611816,
      13.20493221282959,
      11.012725830078125,
      5.035135269165039,
      10.669843673706055,
      5.52651309967041
    ],
    [
      14.126843452453613,
      3.877350091934204,
      11.053898811340332,
      -3.9618453979492188,
      13.204066276550293,
      11.083483695983887,
      14.480830192565918,
      12.046533584594727,
      19.64995574951172,
      13.165090560913086,
      17.363584518432617,
      15.254009246826172,
      17.271757125854492,
      15.898092269897461,
      13.851339340209961,
      8.472155570983887,
      13.620965957641602,
      10.709430694580078
    ],
    [
      12.159377098083496,
      0.14553891122341156,
      9.593128204345703,
      -4.661199569702148,
      8.818404197692871,
      13.759575843811035,
      13.607667922973633,
      16.133882522583008,
      13.165090560913086,
      19.310659408569336,
      13.866907119750977,
      20.688907623291016,
      14.740707397460938,
      17.045486450195312,
      12.206460952758789,
      6.846207618713379,
      12.060678482055664,
      9.303874015808105
    ],
    [
      15.942839622497559,
      2.4153425693511963,
      12.184679985046387,
      -9.405585289001465,
      13.412006378173828,
      11.682430267333984,
      15.99162769317627,
      13.403812408447266,
      17.363584518432617,
      13.866907119750977,
      23.656099319458008,
      17.11214256286621,
      21.419479370117188,
      20.332094192504883,
      18.563276290893555,
      14.516901969909668,
      17.658239364624023,
      17.724653244018555
    ],
    [
      15.365453720092773,
      -2.3440253734588623,
      10.070236206054688,
      -11.659745216369629,
      10.069334983825684,
      14.100533485412598,
      15.75257396697998,
      16.997013092041016,
      15.254009246826172,
      20.688907623291016,
      17.11214256286621,
      25.501972198486328,
      18.051063537597656,
      23.7802734375,
      16.70804786682129,
      12.787117958068848,
      15.512516021728516,
      17.679738998413086
    ],
    [
      15.171031951904297,
      4.2244672775268555,
      11.59378719329834,
      -9.271868705749512,
      10.653905868530273,
      11.976544380187988,
      15.95882797241211,
      14.640992164611816,
      17.271757125854492,
      14.740707397460938,
      21.419479370117188,
      18.051063537597656,
      25.94169807434082,
      22.4808406829834,
      22.005062103271484,
      16.290760040283203,
      20.666667938232422,
      19.571569442749023
    ],
    [
      22.564611434936523,
      2.913438081741333,
      10.537036895751953,
      -19.770870208740234,
      11.151907920837402,
      11.312758445739746,
      15.032417297363281,
      13.20493221282959,
      15.898092269897461,
      17.045486450195312,
      20.332094192504883,
      23.7802734375,
      22.4808406829834,
      39.989192962646484,
      29.87924575805664,
      38.28778839111328,
      24.23784828186035,
      46.416744232177734
    ],
    [
      19.208833694458008,
      8.72918701171875,
      11.186177253723145,
      -12.213783264160156,
      8.2089204788208,
      8.895341873168945,
      12.398959159851074,
      11.012725830078125,
      13.851339340209961,
      12.206460952758789,
      18.563276290893555,
      16.70804786682129,
      22.005062103271484,
      29.87924575805664,
      34.43775939941406,
      35.98079299926758,
      26.169662475585938,
      40.86642837524414
    ],
    [
      24.888168334960938,
      32.957096099853516,
      10.488389015197754,
      -17.92275619506836,
      5.951761722564697,
      4.275031089782715,
      7.40562105178833,
      5.035135269165039,
      8.472155570983887,
      6.846207618713379,
      14.516901969909668,
      12.787117958068848,
      16.290760040283203,
      38.28778839111328,
      35.98079299926758,
      82.4465103149414,
      23.901065826416016,
      75.41893005371094
    ],
    [
      12.82900619506836,
      2.2889013290405273,
      9.886760711669922,
      -10.90772819519043,
      7.222308158874512,
      8.477723121643066,
      12.040826797485352,
      10.669843673706055,
      13.620965957641602,
      12.060678482055664,
      17.658239364624023,
      15.512516021728516,
      20.666667938232422,
      24.23784828186035,
      26.169662475585938,
      23.901065826416016,
      27.87217903137207,
      28.53990936279297
    ],
    [
      26.91573715209961,
      15.40307903289795,
      8.461605072021484,
      -26.785676956176758,
      7.704013824462891,
      4.6222124099731445,
      9.379283905029297,
      5.52651309967041,
      10.709430694580078,
      9.303874015808105,
      17.724653244018555,
      17.679738998413086,
      19.571569442749023,
      46.416744232177734,
      40.86642837524414,
      75.41893005371094,
      28.53990936279297,
      85.18222045898438
    ]
  ],
  "covariance_short": [
    [
      34.423851013183594,
      20.31412124633789,
      20.33534049987793,
      -3.715550661087036,
      12.598115921020508,
      7.153857707977295,
      13.270699501037598,
      11.002257347106934,
      14.737042427062988,
      11.591118812561035,
      15.465234756469727,
      14.49464225769043,
      16.072965621948242,
      23.451311111450195,
      22.09335708618164,
      36.94753646850586,
      16.7590274810791,
      34.20330047607422
    ],
    [
      20.31412124633789,
      78.9241943359375,
      20.865371704101562,
      18.633390426635742,
      6.243312358856201,
      6.444375514984131,
      4.392765522003174,
      5.295808792114258,
      8.074612617492676,
      3.409666061401367,
      8.149002075195312,
      2.9891762733459473,
      10.275981903076172,
      13.300525665283203,
      22.86307716369629,
      41.31507110595703,
      15.057271003723145,
      42.42240524291992
    ],
    [
      20.33534049987793,
      20.865371704101562,
      24.2673397064209,
      7.598687648773193,
      11.438652038574219,
      8.317553520202637,
      10.7507905960083,
      10.767996788024902,
      13.165142059326172,
      10.849539756774902,
      14.582180976867676,
      12.487234115600586,
      14.950835227966309,
      17.89596176147461,
      19.593891143798828,
      26.59037208557129,
      16.42911148071289,
      25.944412231445312
    ],
    [
      -3.715550661087036,
      18.633390426635742,
      7.598687648773193,
      111.1498031616211,
      5.584182262420654,
      9.172017097473145,
      -10.847198486328125,
      -1.519572138786316,
      -3.58606219291687,
      -8.446930885314941,
      -10.473902702331543,
      -17.280921936035156,
      -10.162894248962402,
      -28.617097854614258,
      -8.2579984664917,
      -35.565547943115234,
      -8.575789451599121,
      -30.98099708557129
    ],
    [
      12.598115921020508,
      6.243312358856201,
      11.438652038574219,
      5.584182262420654,
      20.952800750732422,
      10.434678077697754,
      10.795184135437012,
      8.914087295532227,
      12.630645751953125,
      8.703642845153809,
      12.545721054077148,
      9.833532333374023,
      11.037588119506836,
      10.801185607910156,
      8.842931747436523,
      9.66913890838623,
      8.495556831359863,
      12.89053726196289
    ],
    [
      7.153857707977295,
      6.444375514984131,
      8.317553520202637,
      9.172017097473145,
      10.434678077697754,
      22.197128295898438,
      9.341323852539062,
      13.123750686645508,
      10.037806510925293,
      14.041492462158203,
      10.557125091552734,
      13.449169158935547,
      11.286133766174316,
      12.961151123046875,
      9.683573722839355,
      8.354867935180664,
      10.167925834655762,
      12.442416191101074
    ],
    [
      13.270699501037598,
      4.392765522003174,
      10.7507905960083,
      -10.847198486328125,
      10.795184135437012,
      9.341323852539062,
      25.494945526123047,
      13.684465408325195,
      15.065462112426758,
      13.679093360900879,
      17.474273681640625,
      16.363862991333008,
      18.317636489868164,
      19.624282836914062,
      16.546977996826172,
      20.573911666870117,
      16.33730125427246,
      22.37128448486328
    ],
    [
      11.002257347106934,
      5.295808792114258,
      10.767996788024902,
      -1.519572138786316,
      8.914087295532227,
      13.123750686645508,
      13.684465408325195,
      21.062105178833008,
      12.720182418823242,
      17.570432662963867,
      14.095749855041504,
      19.157962799072266,
      16.32344627380371,
      20.15660285949707,
      15.9277925491333,
      17.292633056640625,
      16.250463485717773,
      19.373741149902344
    ],
    [
      14.737042427062988,
      8.074612617492676,
      13.165142059326172,
      -3.58606219291687,
      12.630645751953125,
      10.037806510925293,
      15.065462112426758,
      12.720182418823242,
      26.44972038269043,
      14.638324737548828,
      18.85887336730957,
      17.5045166015625,
      20.70282745361328,
      21.8511905670166,
      20.57386589050293,
      24.669797897338867,
      20.02850341796875,
      25.53868865966797
    ],
    [
      11.591118812561035,
      3.409666061401367,
      10.849539756774902,
      -8.446930885314941,
      8.703642845153809,
      14.041492462158203,
      13.679093360900879,
      17.570432662963867,
      14.638324737548828,
      23.883583068847656,
      15.371223449707031,
      24.70397186279297,
      17.69889259338379,
      27.932518005371094,
      18.790260314941406,
      27.01842498779297,
      19.29387855529785,
      27.782150268554688
    ],
    [
      15.465234756469727,
      8.149002075195312,
      14.582180976867676,
      -10.473902702331543,
      12.545721054077148,
      10.557125091552734,
      17.474273681640625,
      14.095749855041504,
      18.85887336730957,
      15.371223449707031,
      30.680212020874023,
      19.81636619567871,
      25.554044723510742,
      27.039730072021484,
      26.26618766784668,
      33.7336540222168,
      25.822961807250977,
      33.31159591674805
    ],
    [
      14.49464225769043,
      2.9891762733459473,
      12.487234115600586,
      -17.280921936035156,
      9.833532333374023,
      13.449169158935547,
      16.363862991333008,
      19.157962799072266,
      17.5045166015625,
      24.70397186279297,
      19.81636619567871,
      33.10376739501953,
      22.484323501586914,
      39.32988739013672,
      25.31172752380371,
      42.66397476196289,
      24.662656784057617,
      42.19742202758789
    ],
    [
      16.072965621948242,
      10.275981903076172,
      14.950835227966309,
      -10.162894248962402,
      11.037588119506836,
      11.286133766174316,
      18.317636489868164,
      16.32344627380371,
      20.70282745361328,
      17.69889259338379,
      25.554044723510742,
      22.484323501586914,
      33.88459014892578,
      31.003414154052734,
      32.210140228271484,
      38.13815689086914,
      30.427553176879883,
      37.8121223449707
    ],
    [
      23.451311111450195,
      13.300525665283203,
      17.89596176147461,
      -28.617097854614258,
      10.801185607910156,
      12.961151123046875,
      19.624282836914062,
      20.15660285949707,
      21.8511905670166,
      27.932518005371094,
      27.039730072021484,
      39.32988739013672,
      31.003414154052734,
      62.458282470703125,
      42.96597671508789,
      81.39480590820312,
      37.7428092956543,
      74.0440902709961
    ],
    [
      22.09335708618164,
      22.86307716369629,
      19.593891143798828,
      -8.2579984664917,
      8.842931747436523,
      9.683573722839355,
      16.546977996826172,
      15.9277925491333,
      20.57386589050293,
      18.790260314941406,
      26.26618766784668,
      25.31172752380371,
      32.210140228271484,
      42.96597671508789,
      52.47174835205078,
      67.91838073730469,
      43.674888610839844,
      59.771995544433594
    ],
    [
      36.94753646850586,
      41.31507110595703,
      26.59037208557129,
      -35.565547943115234,
      9.66913890838623,
      8.354867935180664,
      20.573911666870117,
      17.292633056640625,
      24.669797897338867,
      27.01842498779297,
      33.7336540222168,
      42.66397476196289,
      38.13815689086914,
      81.39480590820312,
      67.91838073730469,
      145.97250366210938,
      55.45329666137695,
      121.44068908691406
    ],
    [
      16.7590274810791,
      15.057271003723145,
      16.42911148071289,
      -8.575789451599121,
      8.495556831359863,
      10.167925834655762,
      16.33730125427246,
      16.250463485717773,
      20.02850341796875,
      19.29387855529785,
      25.822961807250977,
      24.662656784057617,
      30.427553176879883,
      37.7428092956543,
      43.674888610839844,
      55.45329666137695,
      47.28826141357422,
      49.83964920043945
    ],
    [
      34.20330047607422,
      42.42240524291992,
      25.944412231445312,
      -30.98099708557129,
      12.89053726196289,
      12.442416191101074,
      22.37128448486328,
      19.373741149902344,
      25.53868865966797,
      27.782150268554688,
      33.31159591674805,
      42.19742202758789,
      37.8121223449707,
      74.0440902709961,
      59.771995544433594,
      121.44068908691406,
      49.83964920043945,
      117.8631591796875
    ]
  ],
  "damage": -10.612898826599121,
  "diff_bandwidth": 808.9827880859375,
  "dissonance": 9.825534019531917,
  "drr": 8.369765281677246,
  "dynamics": 2.6522438526153564,
  "format": 1245190,
  "frames": 11476992,
  "loudness": -12.429139137268066,
  "loudness_range": 6.559323310852051,
  "loudness_range_short": 10.236598014831543,
  "lowpass_true_peak_15khz": 1.7472560405731201,
  "mastering3_acoustic_entropies": [
    {
      "acoustic_entropy": 7.658273696899414,
      "acoustic_entropy_mono": 6.8010640144348145,
      "band_eliminated_acoustic_entropies": [
        {
          "acoustic_entropy": 7.566635608673096,
          "acoustic_entropy_side": 7.658253192901611,
          "hz": 129.47220167065723
        },
        {
          "acoustic_entropy": 7.409533977508545,
          "acoustic_entropy_side": 7.654835224151611,
          "hz": 202.92927478742237
        },
        {
          "acoustic_entropy": 7.647383689880371,
          "acoustic_entropy_side": 7.648425102233887,
          "hz": 282.89161906338205
        },
        {
          "acoustic_entropy": 7.742116451263428,
          "acoustic_entropy_side": 7.669830799102783,
          "hz": 369.9353335868758
        },
        {
          "acoustic_entropy": 7.775745868682861,
          "acoustic_entropy_side": 7.673095703125,
          "hz": 464.6875360973435
        },
        {
          "acoustic_entropy": 8.016892433166504,
          "acoustic_entropy_side": 7.66254997253418,
          "hz": 567.8308811364784
        },
        {
          "acoustic_entropy": 7.9004082679748535,
          "acoustic_entropy_side": 7.663534164428711,
          "hz": 680.1084783214808
        },
        {
          "acoustic_entropy": 7.150657653808594,
          "acoustic_entropy_side": 7.651615142822266,
          "hz": 802.3292461747484
        },
        {
          "acoustic_entropy": 7.695258617401123,
          "acoustic_entropy_side": 7.673369407653809,
          "hz": 935.3737400823702
        },
        {
          "acoustic_entropy": 7.279144287109375,
          "acoustic_entropy_side": 7.67710542678833,
          "hz": 1080.2004963696966
        },
        {
          "acoustic_entropy": 7.803791046142578,
          "acoustic_entropy_side": 7.668919563293457,
          "hz": 1237.8529382007157
        },
        {
          "acoustic_entropy": 7.851606845855713,
          "acoustic_entropy_side": 7.661928176879883,
          "hz": 1409.4668930556702
        },
        {
          "acoustic_entropy": 8.085746765136719,
          "acoustic_entropy_side": 7.657464027404785,
          "hz": 1596.2787759475705
        },
        {
          "acoustic_entropy": 8.134867668151855,
          "acoustic_entropy_side": 7.661412239074707,
          "hz": 1799.6344973346393
        },
        {
          "acoustic_entropy": 7.718557357788086,
          "acoustic_entropy_side": 7.661529541015625,
          "hz": 2020.9991599069049
        },
        {
          "acoustic_entropy": 7.045882701873779,
          "acoustic_entropy_side": 7.653456211090088,
          "hz": 2261.9676141086993
        },
        {
          "acoustic_entropy": 7.6035847663879395,
          "acoustic_entropy_side": 7.663369178771973,
          "hz": 2524.2759484456974
        },
        {
          "acoustic_entropy": 7.814855575561523,
          "acoustic_entropy_side": 7.648401260375977,
          "hz": 2809.813997359896
        },
        {
          "acoustic_entropy": 7.599888324737549,
          "acoustic_entropy_side": 7.657012939453125,
          "hz": 3120.6389567871424
        },
        {
          "acoustic_entropy": 7.3275275230407715,
          "acoustic_entropy_side": 7.663120269775391,
          "hz": 3458.990205492291
        },
        {
          "acoustic_entropy": 7.597752571105957,
          "acoustic_entropy_side": 7.654330730438232,
          "hz": 3827.305438964164
        },
        {
          "acoustic_entropy": 7.824648857116699,
          "acoustic_entropy_side": 7.659038543701172,
          "hz": 4228.238232109126
        },
        {
          "acoustic_entropy": 7.782092094421387,
          "acoustic_entropy_side": 7.6548566818237305,
          "hz": 4664.6771572759235
        },
        {
          "acoustic_entropy": 7.8565826416015625,
          "acoustic_entropy_side": 7.659158229827881,
          "hz": 5139.766595350093
        },
        {
          "acoustic_entropy": 7.586575508117676,
          "acoustic_entropy_side": 7.654627799987793,
          "hz": 5656.929389854203
        },
        {
          "acoustic_entropy": 7.5169997215271,
          "acoustic_entropy_side": 7.657978534698486,
          "hz": 6219.891507268283
        },
        {
          "acoustic_entropy": 7.786288738250732,
          "acoustic_entropy_side": 7.649946689605713,
          "hz": 6832.70888123896
        },
        {
          "acoustic_entropy": 7.676793575286865,
          "acoustic_entropy_side": 7.585545063018799,
          "hz": 7499.796634079867
        },
        {
          "acoustic_entropy": 7.660273551940918,
          "acoustic_entropy_side": 7.58850622177124,
          "hz": 8225.96088609342
        },
        {
          "acoustic_entropy": 7.563209056854248,
          "acoustic_entropy_side": 7.555934429168701,
          "hz": 9016.43338188839
        },
        {
          "acoustic_entropy": 7.490353584289551,
          "acoustic_entropy_side": 7.535728931427002,
          "hz": 9876.909183162974
        },
        {
          "acoustic_entropy": 7.58344030380249,
          "acoustic_entropy_side": 7.572523593902588,
          "hz": 10813.587699516042
        },
        {
          "acoustic_entropy": 7.594680309295654,
          "acoustic_entropy_side": 7.591129779815674,
          "hz": 11833.21735289826
        },
        {
          "acoustic_entropy": 7.661059856414795,
          "acoustic_entropy_side": 7.624500751495361,
          "hz": 12943.144197493959
        },
        {
          "acoustic_entropy": 7.734310626983643,
          "acoustic_entropy_side": 7.655343055725098,
          "hz": 14151.364845322005
        },
        {
          "acoustic_entropy": 7.635505676269531,
          "acoustic_entropy_side": 7.656373977661133,
          "hz": 15466.58407886509
        },
        {
          "acoustic_entropy": 7.624057769775391,
          "acoustic_entropy_side": 7.657475471496582,
          "hz": 16898.27756580493
        },
        {
          "acoustic_entropy": 7.658363342285156,
          "acoustic_entropy_side": 7.657388687133789,
          "hz": 18456.760127700032
        },
        {
          "acoustic_entropy": 7.665799140930176,
          "acoustic_entropy_side": 7.655473232269287,
          "hz": 20153.260054456492
        },
        {
          "acoustic_entropy": 7.659628391265869,
          "acoustic_entropy_side": 7.657358169555664,
          "hz": 22000.00000000001
        }
      ],
      "diff_acoustic_entropy": 7.367847919464111,
      "sn": 6
    },
    {
      "acoustic_entropy": 12.311544418334961,
      "acoustic_entropy_mono": 10.419855117797852,
      "band_eliminated_acoustic_entropies": [
        {
          "acoustic_entropy": 12.299572944641113,
          "acoustic_entropy_side": 12.311230659484863,
          "hz": 129.47220167065723
        },
        {
          "acoustic_entropy": 12.351319313049316,
          "acoustic_entropy_side": 12.281020164489746,
          "hz": 202.92927478742237
        },
        {
          "acoustic_entropy": 12.214255332946777,
          "acoustic_entropy_side": 12.330184936523438,
          "hz": 282.89161906338205
        },
        {
          "acoustic_entropy": 11.611961364746094,
          "acoustic_entropy_side": 12.501609802246094,
          "hz": 369.9353335868758
        },
        {
          "acoustic_entropy": 12.413090705871582,
          "acoustic_entropy_side": 12.552733421325684,
          "hz": 464.6875360973435
        },
        {
          "acoustic_entropy": 11.609880447387695,
          "acoustic_entropy_side": 12.443931579589844,
          "hz": 567.8308811364784
        },
        {
          "acoustic_entropy": 12.522405624389648,
          "acoustic_entropy_side": 12.31739616394043,
          "hz": 680.1084783214808
        },
        {
          "acoustic_entropy": 12.723318099975586,
          "acoustic_entropy_side": 12.32702350616455,
          "hz": 802.3292461747484
        },
        {
          "acoustic_entropy": 12.900240898132324,
          "acoustic_entropy_side": 12.24990463256836,
          "hz": 935.3737400823702
        },
        {
          "acoustic_entropy": 11.636408805847168,
          "acoustic_entropy_side": 12.177874565124512,
          "hz": 1080.2004963696966
        },
        {
          "acoustic_entropy": 11.762009620666504,
          "acoustic_entropy_side": 12.357809066772461,
          "hz": 1237.8529382007157
        },
        {
          "acoustic_entropy": 11.933462142944336,
          "acoustic_entropy_side": 12.271039962768555,
          "hz": 1409.4668930556702
        },
        {
          "acoustic_entropy": 11.813580513000488,
          "acoustic_entropy_side": 12.196595191955566,
          "hz": 1596.2787759475705
        },
        {
          "acoustic_entropy": 12.733717918395996,
          "acoustic_entropy_side": 12.217756271362305,
          "hz": 1799.6344973346393
        },
        {
          "acoustic_entropy": 13.051030158996582,
          "acoustic_entropy_side": 12.071654319763184,
          "hz": 2020.9991599069049
        },
        {
          "acoustic_entropy": 12.041340827941895,
          "acoustic_entropy_side": 12.150426864624023,
          "hz": 2261.9676141086993
        },
        {
          "acoustic_entropy": 12.207375526428223,
          "acoustic_entropy_side": 12.121930122375488,
          "hz": 2524.2759484456974
        },
        {
          "acoustic_entropy": 12.110467910766602,
          "acoustic_entropy_side": 12.167065620422363,
          "hz": 2809.813997359896
        },
        {
          "acoustic_entropy": 11.503652572631836,
          "acoustic_entropy_side": 12.08987045288086,
          "hz": 3120.6389567871424
        },
        {
          "acoustic_entropy": 12.33378791809082,
          "acoustic_entropy_side": 12.232571601867676,
          "hz": 3458.990205492291
        },
        {
          "acoustic_entropy": 12.070917129516602,
          "acoustic_entropy_side": 12.205819129943848,
          "hz": 3827.305438964164
        },
        {
          "acoustic_entropy": 12.0731201171875,
          "acoustic_entropy_side": 12.291837692260742,
          "hz": 4228.238232109126
        },
        {
          "acoustic_entropy": 12.175817489624023,
          "acoustic_entropy_side": 12.234314918518066,
          "hz": 4664.6771572759235
        },
        {
          "acoustic_entropy": 12.183273315429688,
          "acoustic_entropy_side": 12.334052085876465,
          "hz": 5139.766595350093
        },
        {
          "acoustic_entropy": 12.15432071685791,
          "acoustic_entropy_side": 12.377228736877441,
          "hz": 5656.929389854203
        },
        {
          "acoustic_entropy": 12.412529945373535,
          "acoustic_entropy_side": 12.297266960144043,
          "hz": 6219.891507268283
        },
        {
          "acoustic_entropy": 12.225587844848633,
          "acoustic_entropy_side": 12.304539680480957,
          "hz": 6832.70888123896
        },
        {
          "acoustic_entropy": 12.499554634094238,
          "acoustic_entropy_side": 12.328615188598633,
          "hz": 7499.796634079867
        },
        {
          "acoustic_entropy": 12.595650672912598,
          "acoustic_entropy_side": 12.335432052612305,
          "hz": 8225.96088609342
        },
        {
          "acoustic_entropy": 12.358363151550293,
          "acoustic_entropy_side": 12.319663047790527,
          "hz": 9016.43338188839
        },
        {
          "acoustic_entropy": 12.363323211669922,
          "acoustic_entropy_side": 12.28283405303955,
          "hz": 9876.909183162974
        },
        {
          "acoustic_entropy": 12.31119441986084,
          "acoustic_entropy_side": 12.309465408325195,
          "hz": 10813.587699516042
        },
        {
          "acoustic_entropy": 12.43402099609375,
          "acoustic_entropy_side": 12.30998420715332,
          "hz": 11833.21735289826
        },
        {
          "acoustic_entropy": 12.47144889831543,
          "acoustic_entropy_side": 12.301857948303223,
          "hz": 12943.144197493959
        },
        {
          "acoustic_entropy": 12.44514274597168,
          "acoustic_entropy_side": 12.306413650512695,
          "hz": 14151.364845322005
        },
        {
          "acoustic_entropy": 12.289149284362793,
          "acoustic_entropy_side": 12.307149887084961,
          "hz": 15466.58407886509
        },
        {
          "acoustic_entropy": 12.285861015319824,
          "acoustic_entropy_side": 12.310161590576172,
          "hz": 16898.27756580493
        },
        {
          "acoustic_entropy": 12.30815315246582,
          "acoustic_entropy_side": 12.31104850769043,
          "hz": 18456.760127700032
        },
        {
          "acoustic_entropy": 12.317002296447754,
          "acoustic_entropy_side": 12.308009147644043,
          "hz": 20153.260054456492
        },
        {
          "acoustic_entropy": 12.299700736999512,
          "acoustic_entropy_side": 12.308170318603516,
          "hz": 22000.00000000001
        }
      ],
      "diff_acoustic_entropy": 11.010161399841309,
      "sn": 12
    },
    {
      "acoustic_entropy": 18.065074920654297,
      "acoustic_entropy_mono": 13.45470142364502,
      "band_eliminated_acoustic_entropies": [
        {
          "acoustic_entropy": 18.338685989379883,
          "acoustic_entropy_side": 18.068103790283203,
          "hz": 129.47220167065723
        },
        {
          "acoustic_entropy": 17.80228042602539,
          "acoustic_entropy_side": 17.945232391357422,
          "hz": 202.92927478742237
        },
        {
          "acoustic_entropy": 17.12082290649414,
          "acoustic_entropy_side": 17.251462936401367,
          "hz": 282.89161906338205
        },
        {
          "acoustic_entropy": 17.69870376586914,
          "acoustic_entropy_side": 17.842819213867188,
          "hz": 369.9353335868758
        },
        {
          "acoustic_entropy": 17.51509666442871,
          "acoustic_entropy_side": 17.752500534057617,
          "hz": 464.6875360973435
        },
        {
          "acoustic_entropy": 18.26326560974121,
          "acoustic_entropy_side": 18.396352767944336,
          "hz": 567.8308811364784
        },
        {
          "acoustic_entropy": 18.563495635986328,
          "acoustic_entropy_side": 17.823049545288086,
          "hz": 680.1084783214808
        },
        {
          "acoustic_entropy": 18.102672576904297,
          "acoustic_entropy_side": 17.95863151550293,
          "hz": 802.3292461747484
        },
        {
          "acoustic_entropy": 17.67790412902832,
          "acoustic_entropy_side": 17.705162048339844,
          "hz": 935.3737400823702
        },
        {
          "acoustic_entropy": 17.86517333984375,
          "acoustic_entropy_side": 18.163423538208008,
          "hz": 1080.2004963696966
        },
        {
          "acoustic_entropy": 18.064390182495117,
          "acoustic_entropy_side": 17.851224899291992,
          "hz": 1237.8529382007157
        },
        {
          "acoustic_entropy": 17.924789428710938,
          "acoustic_entropy_side": 17.979019165039062,
          "hz": 1409.4668930556702
        },
        {
          "acoustic_entropy": 18.28585433959961,
          "acoustic_entropy_side": 18.15390396118164,
          "hz": 1596.2787759475705
        },
        {
          "acoustic_entropy": 18.221256256103516,
          "acoustic_entropy_side": 17.98748016357422,
          "hz": 1799.6344973346393
        },
        {
          "acoustic_entropy": 18.740739822387695,
          "acoustic_entropy_side": 17.928306579589844,
          "hz": 2020.9991599069049
        },
        {
          "acoustic_entropy": 18.528942108154297,
          "acoustic_entropy_side": 17.86767578125,
          "hz": 2261.9676141086993
        },
        {
          "acoustic_entropy": 18.473737716674805,
          "acoustic_entropy_side": 18.05137062072754,
          "hz": 2524.2759484456974
        },
        {
          "acoustic_entropy": 18.258136749267578,
          "acoustic_entropy_side": 17.988157272338867,
          "hz": 2809.813997359896
        },
        {
