{
  "acoustic_entropy": 99.47586059570312,
  "bands": [
    {
      "high_freq": 148.1999969482422,
      "loudness": -47.66960906982422,
      "loudness_range": 36.14039611816406,
      "mid_mean": -44.029029846191406,
      "mid_to_side_loudness": -23.44408416748047,
      "mid_to_side_loudness_range": 23.345417022705078,
      "side_mean": -65.51981353759766
    },
    {
      "high_freq": 392.3793640136719,
      "loudness": -32.03701400756836,
      "loudness_range": 15.321205139160156,
      "low_freq": 148.1999969482422,
      "mid_mean": -29.604169845581055,
      "mid_to_side_loudness": -31.701316833496094,
      "mid_to_side_loudness_range": 30.439531326293945,
      "side_mean": -63.49668884277344
    },
    {
      "high_freq": 794.6976318359375,
      "loudness": -42.5792121887207,
      "loudness_range": 29.942155838012695,
      "low_freq": 392.3793640136719,
      "mid_mean": -39.7005615234375,
      "mid_to_side_loudness": -27.653919219970703,
      "mid_to_side_loudness_range": 32.8690185546875,
      "side_mean": -64.62911224365234
    },
    {
      "high_freq": 1457.5709228515625,
      "loudness": -40.97135925292969,
      "loudness_range": 39.77189254760742,
      "low_freq": 794.6976318359375,
      "mid_mean": -38.02220916748047,
      "mid_to_side_loudness": -24.065805435180664,
      "mid_to_side_loudness_range": 27.357053756713867,
      "side_mean": -60.35221481323242
    },
    {
      "high_freq": 2549.74365234375,
      "loudness": -48.3426513671875,
      "loudness_range": 23.684188842773438,
      "low_freq": 1457.5709228515625,
      "mid_mean": -45.603538513183594,
      "mid_to_side_loudness": -20.32331085205078,
      "mid_to_side_loudness_range": 27.310298919677734,
      "side_mean": -63.24351119995117
    },
    {
      "high_freq": 4349.24462890625,
      "loudness": -53.68035125732422,
      "loudness_range": 21.016437530517578,
      "low_freq": 2549.74365234375,
      "mid_mean": -51.73691940307617,
      "mid_to_side_loudness": -15.692057609558105,
      "mid_to_side_loudness_range": 24.41167449951172,
      "side_mean": -64.12109375
    },
    {
      "high_freq": 7314.1640625,
      "loudness": -59.53044128417969,
      "loudness_range": 19.269344329833984,
      "low_freq": 4349.24462890625,
      "mid_mean": -55.895606994628906,
      "mid_to_side_loudness": -10.423389434814453,
      "mid_to_side_loudness_range": 20.687583923339844,
      "side_mean": -64.24837493896484
    },
    {
      "high_freq": 12199.2666015625,
      "loudness": -61.313873291015625,
      "loudness_range": 17.14521026611328,
      "low_freq": 7314.1640625,
      "mid_mean": -58.4385871887207,
      "mid_to_side_loudness": -6.053711414337158,
      "mid_to_side_loudness_range": 17.55289077758789,
      "side_mean": -63.41768264770508
    },
    {
      "loudness": -66.63871765136719,
      "loudness_range": 4.183830261230469,
      "low_freq": 12199.2666015625,
      "mid_mean": -64.04533386230469,
      "mid_to_side_loudness": -1.7899980545043945,
      "mid_to_side_loudness_range": 9.243158340454102,
      "side_mean": -65.2841567993164
    }
  ],
  "bands_short": [
    {
      "high_freq": 148.1999969482422,
      "loudness": -53.858707427978516,
      "loudness_range": 27.284442901611328,
      "mid_mean": -51.08491897583008,
      "mid_to_side_loudness": -21.09380340576172,
      "mid_to_side_loudness_range": 22.094697952270508,
      "side_mean": -67.18345642089844
    },
    {
      "high_freq": 392.3793640136719,
      "loudness": -34.24949645996094,
      "loudness_range": 25.298254013061523,
      "low_freq": 148.1999969482422,
      "mid_mean": -31.923429489135742,
      "mid_to_side_loudness": -29.575210571289062,
      "mid_to_side_loudness_range": 30.58351707458496,
      "side_mean": -64.87801361083984
    },
    {
      "high_freq": 794.6976318359375,
      "loudness": -38.42751693725586,
      "loudness_range": 19.13089942932129,
      "low_freq": 392.3793640136719,
      "mid_mean": -37.44467544555664,
      "mid_to_side_loudness": -24.69261360168457,
      "mid_to_side_loudness_range": 25.903579711914062,
      "side_mean": -64.7529525756836
    },
    {
      "high_freq": 1457.5709228515625,
      "loudness": -37.80103302001953,
      "loudness_range": 35.056800842285156,
      "low_freq": 794.6976318359375,
      "mid_mean": -36.50740051269531,
      "mid_to_side_loudness": -20.56047821044922,
      "mid_to_side_loudness_range": 20.59783935546875,
      "side_mean": -61.442161560058594
    },
    {
      "high_freq": 2549.74365234375,
      "loudness": -47.321868896484375,
      "loudness_range": 24.66815185546875,
      "low_freq": 1457.5709228515625,
      "mid_mean": -52.06794357299805,
      "mid_to_side_loudness": -16.85918617248535,
      "mid_to_side_loudness_range": 19.379295349121094,
      "side_mean": -64.3145980834961
    },
    {
      "high_freq": 4349.24462890625,
      "loudness": -58.65910720825195,
      "loudness_range": 29.30685043334961,
      "low_freq": 2549.74365234375,
      "mid_mean": -55.926185607910156,
      "mid_to_side_loudness": -12.639826774597168,
      "mid_to_side_loudness_range": 16.088977813720703,
      "side_mean": -65.15442657470703
    },
    {
      "high_freq": 7314.1640625,
      "loudness": -63.801612854003906,
      "loudness_range": 24.36478042602539,
      "low_freq": 4349.24462890625,
      "mid_mean": -59.76433563232422,
      "mid_to_side_loudness": -7.8856916427612305,
      "mid_to_side_loudness_range": 11.565470695495605,
      "side_mean": -65.43736267089844
    },
    {
      "high_freq": 12199.2666015625,
      "loudness": -64.70841979980469,
      "loudness_range": 18.48055648803711,
      "low_freq": 7314.1640625,
      "mid_mean": -61.65105056762695,
      "mid_to_side_loudness": -4.004153728485107,
      "mid_to_side_loudness_range": 9.692766189575195,
      "side_mean": -64.70653533935547
    },
    {
      "loudness": -66.9000244140625,
      "loudness_range": 3.885955810546875,
      "low_freq": 12199.2666015625,
      "mid_mean": -64.25414276123047,
      "mid_to_side_loudness": -1.5837690830230713,
      "mid_to_side_loudness_range": 8.654753684997559,
      "side_mean": -65.3233413696289
    }
  ],
  "bandwidth": 698.7117309570312,
  "channels": 2,
  "covariance": [
    [
      101.80628204345703,
      42.50057601928711,
      30.08573341369629,
      17.4830322265625,
      42.53139114379883,
      8.195599555969238,
      13.762999534606934,
      9.010204315185547,
      22.117414474487305,
      7.168684005737305,
      9.069218635559082,
      5.244829177856445,
      -6.616318225860596,
      4.563343524932861,
      -13.091224670410156,
      2.449432611465454,
      -2.816678762435913,
      1.431291103363037
    ],
    [
      42.50057601928711,
      26.6254825592041,
      3.229316473007202,
      -0.10893065482378006,
      6.286471843719482,
      -5.938207626342773,
      -13.07013988494873,
      -13.01742172241211,
      -4.85611629486084,
      -8.434013366699219,
      -5.116008758544922,
      -7.143887042999268,
      -7.266170024871826,
      -5.924040794372559,
      -4.906488418579102,
      -5.691809177398682,
      1.579564094543457,
      -2.2032711505889893
    ],
    [
      30.08573341369629,
      3.229316473007202,
      70.00493621826172,
      28.875587463378906,
      54.3078498840332,
      25.38201141357422,
      53.075435638427734,
      39.44746780395508,
      39.260536193847656,
      27.920984268188477,
      21.876079559326172,
      20.288986206054688,
      2.3018646240234375,
      14.696415901184082,
      -8.051848411560059,
      13.65206527709961,
      -5.910470485687256,
      5.728860378265381
    ],
    [
      17.4830322265625,
      -0.10893065482378006,
      28.875587463378906,
      23.989683151245117,
      34.87021255493164,
      21.080944061279297,
      37.15090560913086,
      31.916139602661133,
      27.781269073486328,
      22.013582229614258,
      23.53115463256836,
      17.162477493286133,
      8.02308464050293,
      13.514927864074707,
      -1.73671293258667,
      12.19131088256836,
      -3.4892468452453613,
      5.278426170349121
    ],
    [
      42.53139114379883,
      6.286471843719482,
      54.3078498840332,
      34.87021255493164,
      97.0868911743164,
      45.886985778808594,
      99.05897521972656,
      69.77192687988281,
      64.34513092041016,
      47.98456954956055,
      31.25301170349121,
      33.31970977783203,
      -4.223354339599609,
      21.757028579711914,
      -19.669452667236328,
      17.78696060180664,
      -9.240959167480469,
      8.107580184936523
    ],
    [
      8.195599555969238,
      -5.938207626342773,
      25.38201141357422,
      21.080944061279297,
      45.886985778808594,
      33.3171501159668,
      51.476417541503906,
      45.02479934692383,
      38.606407165527344,
      31.8549861907959,
      29.103466033935547,
      22.240673065185547,
      11.098623275756836,
      15.960708618164062,
      -0.3664185106754303,
      13.27735424041748,
      -3.6607494354248047,
      5.785677909851074
    ],
    [
      13.762999534606934,
      -13.07013988494873,
      53.075435638427734,
      37.15090560913086,
      99.05897521972656,
      51.476417541503906,
      181.34364318847656,
      143.9630889892578,
      94.44786834716797,
      77.09972381591797,
      67.21598815917969,
      62.61618423461914,
      15.956441879272461,
      38.51518630981445,
      -8.037070274353027,
      30.603242874145508,
      -8.20462417602539,
      12.9441556930542
    ],
    [
      9.010204315185547,
      -13.01742172241211,
      39.44746780395508,
      31.916139602661133,
      69.77192687988281,
      45.02479934692383,
      143.9630889892578,
      122.28764343261719,
      79.97010803222656,
      66.29840087890625,
      71.92951965332031,
      54.49501037597656,
      32.37767028808594,
      35.821044921875,
      8.252921104431152,
      28.167051315307617,
      -3.501354932785034,
      11.758200645446777
    ],
    [
      22.117414474487305,
      -4.85611629486084,
      39.260536193847656,
      27.781269073486328,
      64.34513092041016,
      38.606407165527344,
      94.44786834716797,
      79.97010803222656,
      81.81793975830078,
      54.38045883178711,
      55.38798904418945,
      39.0410041809082,
      24.872636795043945,
      27.829763412475586,
      6.79241943359375,
      23.677650451660156,
      -3.162527084350586,
      8.620570182800293
    ],
    [
      7.168684005737305,
      -8.434013366699219,
      27.920984268188477,
      22.013582229614258,
      47.98456954956055,
      31.8549861907959,
      77.09972381591797,
      66.29840087890625,
      54.38045883178711,
      45.16609191894531,
      43.433982849121094,
      32.71974182128906,
      21.684192657470703,
      24.241918563842773,
      5.419970512390137,
      19.52571678161621,
      -2.765158176422119,
      7.703060150146484
    ],
    [
      9.069218635559082,
      -5.116008758544922,
      21.876079559326172,
      23.53115463256836,
      31.25301170349121,
      29.103466033935547,
      67.21598815917969,
      71.92951965332031,
      55.38798904418945,
      43.433982849121094,
      76.81884002685547,
      38.994712829589844,
      51.025367736816406,
      29.285076141357422,
      33.3128662109375,
      26.211811065673828,
      4.928632736206055,
      8.235880851745605
    ],
    [
      5.244829177856445,
      -7.143887042999268,
      20.288986206054688,
      17.162477493286133,
      33.31970977783203,
      22.240673065185547,
      62.61618423461914,
      54.49501037597656,
      39.0410041809082,
      32.71974182128906,
      38.994712829589844,
      29.598167419433594,
      20.95623016357422,
      22.037322998046875,
      7.624195575714111,
      18.271635055541992,
      -2.0030441284179688,
      6.546790599822998
    ],
    [
      -6.616318225860596,
      -7.266170024871826,
      2.3018646240234375,
      8.02308464050293,
      -4.223354339599609,
      11.098623275756836,
      15.956441879272461,
      32.37767028808594,
      24.872636795043945,
      21.684192657470703,
      51.025367736816406,
      20.95623016357422,
      48.004093170166016,
      20.67503547668457,
      37.51739501953125,
      18.883892059326172,
      6.7561421394348145,
      4.1932597160339355
    ],
    [
      4.563343524932861,
      -5.924040794372559,
      14.696415901184082,
      13.514927864074707,
      21.757028579711914,
      15.960708618164062,
      38.51518630981445,
      35.821044921875,
      27.829763412475586,
      24.241918563842773,
      29.285076141357422,
      22.037322998046875,
      20.67503547668457,
      20.42681884765625,
      9.317522048950195,
      17.178251266479492,
      -1.7299638986587524,
      5.429925441741943
    ],
    [
      -13.091224670410156,
      -4.906488418579102,
      -8.051848411560059,
      -1.73671293258667,
      -19.669452667236328,
      -0.3664185106754303,
      -8.037070274353027,
      8.252921104431152,
      6.79241943359375,
      5.419970512390137,
      33.3128662109375,
      7.624195575714111,
      37.51739501953125,
      9.317522048950195,
      37.74335479736328,
      12.103286743164062,
      9.062034606933594,
      1.0399142503738403
    ],
    [
      2.449432611465454,
      -5.691809177398682,
      13.65206527709961,
      12.19131088256836,
      17.78696060180664,
      13.27735424041748,
      30.603242874145508,
      28.167051315307617,
      23.677650451660156,
      19.52571678161621,
      26.211811065673828,
      18.271635055541992,
      18.883892059326172,
      17.178251266479492,
      12.103286743164062,
      17.70539093017578,
      -0.27575138211250305,
      5.0447163581848145
    ],
    [
      -2.816678762435913,
      1.579564094543457,
      -5.910470485687256,
      -3.4892468452453613,
      -9.240959167480469,
      -3.6607494354248047,
      -8.20462417602539,
      -3.501354932785034,
      -3.162527084350586,
      -2.765158176422119,
      4.928632736206055,
      -2.0030441284179688,
      6.7561421394348145,
      -1.7299638986587524,
      9.062034606933594,
      -0.27575138211250305,
      3.9318511486053467,
      -0.7442170977592468
    ],
    [
      1.431291103363037,
      -2.2032711505889893,
      5.728860378265381,
      5.278426170349121,
      8.107580184936523,
      5.785677909851074,
      12.9441556930542,
      11.758200645446777,
      8.620570182800293,
      7.703060150146484,
      8.235880851745605,
      6.546790599822998,
      4.1932597160339355,
      5.429925441741943,
      1.0399142503738403,
      5.0447163581848145,
      -0.7442170977592468,
      2.100438117980957
    ]
  ],
  "covariance_short": [
    [
      106.79127502441406,
      31.779260635375977,
      29.706621170043945,
      27.507715225219727,
      23.79624366760254,
      23.426498413085938,
      25.849998474121094,
      34.5333251953125,
      65.5997543334961,
      24.46829605102539,
      46.160423278808594,
      20.05995750427246,
      26.249313354492188,
      16.853866577148438,
      10.481365203857422,
      13.780067443847656,
      0.4841032326221466,
      6.468599796295166
    ],
    [
      31.779260635375977,
      17.634042739868164,
      -3.358187675476074,
      3.156536340713501,
      -6.0042195320129395,
      -1.3460488319396973,
      -2.7889633178710938,
      -3.5167171955108643,
      -1.323222041130066,
      -1.8473491668701172,
      -0.7308735847473145,
      -1.3273428678512573,
      -0.0007426537340506911,
      -0.838218092918396,
      0.1778145581483841,
      -0.9427368640899658,
      0.7979050874710083,
      -0.633701741695404
    ],
    [
      29.706621170043945,
      -3.358187675476074,
      118.39995574951172,
      40.68267059326172,
      68.90289306640625,
      35.97295379638672,
      53.54122543334961,
      49.839630126953125,
      76.70048522949219,
      35.593746185302734,
      53.41404724121094,
      27.28990936279297,
      24.584396362304688,
      21.056598663330078,
      5.163556098937988,
      17.2840633392334,
      -6.037868022918701,
      7.192660331726074
    ],
    [
      27.507715225219727,
      3.156536340713501,
      40.68267059326172,
      26.702890396118164,
      30.43901252746582,
      21.026132583618164,
      19.7823543548584,
      26.386621475219727,
      46.11079406738281,
      19.163972854614258,
      31.089956283569336,
      14.873037338256836,
      14.928743362426758,
      11.842728614807129,
      4.631891250610352,
      10.376058578491211,
      -2.185350179672241,
      4.794421195983887
    ],
    [
      23.79624366760254,
      -6.0042195320129395,
      68.90289306640625,
      30.43901252746582,
      115.18156433105469,
      47.67557907104492,
      75.64373779296875,
      63.50669860839844,
      88.08847045898438,
      44.35368347167969,
      60.853065490722656,
      31.880107879638672,
      26.523372650146484,
      22.163814544677734,
      4.846687316894531,
      17.287368774414062,
      -5.529149055480957,
      7.294358253479004
    ],
    [
      23.426498413085938,
      -1.3460488319396973,
      35.97295379638672,
      21.026132583618164,
      47.67557907104492,
      34.163814544677734,
      41.09449005126953,
      41.50845718383789,
      60.4783821105957,
      30.694210052490234,
      39.9031867980957,
      21.482297897338867,
      18.749143600463867,
      15.557437896728516,
      4.831326007843018,
      12.491917610168457,
      -2.850548505783081,
      5.894652366638184
    ],
    [
      25.849998474121094,
      -2.7889633178710938,
      53.54122543334961,
      19.7823543548584,
      75.64373779296875,
      41.09449005126953,
      188.24269104003906,
      137.16395568847656,
      109.44352722167969,
      65.16197967529297,
      95.99602508544922,
      57.075138092041016,
      47.50996780395508,
      34.27675247192383,
      14.14409351348877,
      21.4362735748291,
      -1.6075987815856934,
      7.877669811248779
    ],
    [
      34.5333251953125,
      -3.5167171955108643,
      49.839630126953125,
      26.386621475219727,
      63.50669860839844,
      41.50845718383789,
      137.16395568847656,
      112.1447982788086,
      109.96037292480469,
      58.142845153808594,
      86.43049621582031,
      49.694637298583984,
      43.99272918701172,
      33.314353942871094,
      14.758235931396484,
      24.50029945373535,
      -2.3609931468963623,
      11.157965660095215
    ],
    [
      65.5997543334961,
      -1.323222041130066,
      76.70048522949219,
      46.11079406738281,
      88.08847045898438,
      60.4783821105957,
      109.44352722167969,
      109.96037292480469,
      173.0633544921875,
      75.69776916503906,
      123.70919799804688,
      56.93930435180664,
      70.55000305175781,
      44.043643951416016,
      32.45993423461914,
      36.42524719238281,
      0.48176896572113037,
      15.686031341552734
    ],
    [
      24.46829605102539,
      -1.8473491668701172,
      35.593746185302734,
      19.163972854614258,
      44.35368347167969,
      30.694210052490234,
      65.16197967529297,
      58.142845153808594,
      75.69776916503906,
      42.66317367553711,
      52.58816909790039,
      30.222187042236328,
      29.57054328918457,
      22.733963012695312,
      10.338522911071777,
      17.133407592773438,
      -1.8670344352722168,
      7.178243637084961
    ],
    [
      46.160423278808594,
      -0.7308735847473145,
      53.41404724121094,
      31.089956283569336,
      60.853065490722656,
      39.9031867980957,
      95.99602508544922,
      86.43049621582031,
      123.70919799804688,
      52.58816909790039,
      109.19813537597656,
      50.739845275878906,
      67.31114196777344,
      38.20955276489258,
      37.49715042114258,
      31.625253677368164,
      4.035595893859863,
      11.392399787902832
    ],
    [
      20.05995750427246,
      -1.3273428678512573,
      27.28990936279297,
      14.873037338256836,
      31.880107879638672,
      21.482297897338867,
      57.075138092041016,
      49.694637298583984,
      56.93930435180664,
      30.222187042236328,
      50.739845275878906,
      30.67203140258789,
      30.233407974243164,
      22.58246421813965,
      13.760560035705566,
      17.669010162353516,
      -0.6315768361091614,
      6.358242511749268
    ],
    [
      26.249313354492188,
      -0.0007426537340506911,
      24.584396362304688,
      14.928743362426758,
      26.523372650146484,
      18.749143600463867,
      47.50996780395508,
      43.99272918701172,
      70.55000305175781,
      29.57054328918457,
      67.31114196777344,
      30.233407974243164,
      54.82948303222656,
      28.91427993774414,
      36.21023178100586,
      24.420412063598633,
      6.4538679122924805,
      6.7157440185546875
    ],
    [
      16.853866577148438,
      -0.838218092918396,
      21.056598663330078,
      11.842728614807129,
      22.163814544677734,
      15.557437896728516,
      34.27675247192383,
      33.314353942871094,
      44.043643951416016,
      22.733963012695312,
      38.20955276489258,
      22.58246421813965,
      28.91427993774414,
      21.46466827392578,
      15.700507164001465,
      17.467079162597656,
      0.18482038378715515,
      5.498331069946289
    ],
    [
      10.481365203857422,
      0.1778145581483841,
      5.163556098937988,
      4.631891250610352,
      4.846687316894531,
      4.831326007843018,
      14.14409351348877,
      14.758235931396484,
      32.45993423461914,
      10.338522911071777,
      37.49715042114258,
      13.760560035705566,
      36.21023178100586,
      15.700507164001465,
      32.416465759277344,
      16.725419998168945,
      8.088315963745117,
      3.261229991912842
    ],
    [
      13.780067443847656,
      -0.9427368640899658,
      17.2840633392334,
      10.376058578491211,
      17.287368774414062,
      12.491917610168457,
      21.4362735748291,
      24.50029945373535,
      36.42524719238281,
      17.133407592773438,
      31.625253677368164,
      17.669010162353516,
      24.420412063598633,
      17.467079162597656,
      16.725419998168945,
      17.353605270385742,
      1.211458683013916,
      5.261782646179199
    ],
    [
      0.4841032326221466,
      0.7979050874710083,
      -6.037868022918701,
      -2.185350179672241,
      -5.529149055480957,
      -2.850548505783081,
      -1.6075987815856934,
      -2.3609931468963623,
      0.48176896572113037,
      -1.8670344352722168,
      4.035595893859863,
      -0.6315768361091614,
      6.4538679122924805,
      0.18482038378715515,
      8.088315963745117,
      1.211458683013916,
      4.1233062744140625,
      -0.23297454416751862
    ],
    [
      6.468599796295166,
      -0.633701741695404,
      7.192660331726074,
      4.794421195983887,
      7.294358253479004,
      5.894652366638184,
      7.877669811248779,
      11.157965660095215,
      15.686031341552734,
      7.178243637084961,
      11.392399787902832,
      6.358242511749268,
      6.7157440185546875,
      5.498331069946289,
      3.261229991912842,
      5.261782646179199,
      -0.23297454416751862,
      2.4566454887390137
    ]
  ],
  "damage": -14.376708984375,
  "diff_bandwidth": 697.3554077148438,
  "dissonance": 6.960149372665341,
  "drr": -2.9923763275146484,
  "dynamics": 6.591735363006592,
  "format": 1245190,
  "frames": 2342848,
  "loudness": -23.42045783996582,
  "loudness_range": 27.649517059326172,
  "loudness_range_short": 27.48577880859375,
  "lowpass_true_peak_15khz": -4.9017653465271,
  "mastering3_acoustic_entropies": [
    {
      "acoustic_entropy": 7.830230712890625,
      "acoustic_entropy_mono": 7.898069381713867,
      "band_eliminated_acoustic_entropies": [
        {
          "acoustic_entropy": 7.726307392120361,
          "acoustic_entropy_side": 7.830212116241455,
          "hz": 129.47220167065723
        },
        {
          "acoustic_entropy": 7.7425312995910645,
          "acoustic_entropy_side": 7.830223083496094,
          "hz": 202.92927478742237
        },
        {
          "acoustic_entropy": 7.337188720703125,
          "acoustic_entropy_side": 7.830228805541992,
          "hz": 282.89161906338205
        },
        {
          "acoustic_entropy": 8.036873817443848,
          "acoustic_entropy_side": 7.830231189727783,
          "hz": 369.9353335868758
        },
        {
          "acoustic_entropy": 7.703639030456543,
          "acoustic_entropy_side": 7.830234527587891,
          "hz": 464.6875360973435
        },
        {
          "acoustic_entropy": 7.770085334777832,
          "acoustic_entropy_side": 7.830233097076416,
          "hz": 567.8308811364784
        },
        {
          "acoustic_entropy": 7.764972686767578,
          "acoustic_entropy_side": 7.83025598526001,
          "hz": 680.1084783214808
        },
        {
          "acoustic_entropy": 7.675549507141113,
          "acoustic_entropy_side": 7.830075740814209,
          "hz": 802.3292461747484
        },
        {
          "acoustic_entropy": 8.774711608886719,
          "acoustic_entropy_side": 7.832640171051025,
          "hz": 935.3737400823702
        },
        {
          "acoustic_entropy": 7.267534255981445,
          "acoustic_entropy_side": 7.826022148132324,
          "hz": 1080.2004963696966
        },
        {
          "acoustic_entropy": 7.776516914367676,
          "acoustic_entropy_side": 7.834256649017334,
          "hz": 1237.8529382007157
        },
        {
          "acoustic_entropy": 7.861179351806641,
          "acoustic_entropy_side": 7.874157428741455,
          "hz": 1409.4668930556702
        },
        {
          "acoustic_entropy": 7.673758506774902,
          "acoustic_entropy_side": 7.843791484832764,
          "hz": 1596.2787759475705
        },
        {
          "acoustic_entropy": 7.873082160949707,
          "acoustic_entropy_side": 7.830080032348633,
          "hz": 1799.6344973346393
        },
        {
          "acoustic_entropy": 7.623973846435547,
          "acoustic_entropy_side": 7.830257892608643,
          "hz": 2020.9991599069049
        },
        {
          "acoustic_entropy": 7.625513076782227,
          "acoustic_entropy_side": 7.830210208892822,
          "hz": 2261.9676141086993
        },
        {
          "acoustic_entropy": 7.925302028656006,
          "acoustic_entropy_side": 7.830502986907959,
          "hz": 2524.2759484456974
        },
        {
          "acoustic_entropy": 7.9829182624816895,
          "acoustic_entropy_side": 7.83095645904541,
          "hz": 2809.813997359896
        },
        {
          "acoustic_entropy": 7.89614200592041,
          "acoustic_entropy_side": 7.830302715301514,
          "hz": 3120.6389567871424
        },
        {
          "acoustic_entropy": 7.687896251678467,
          "acoustic_entropy_side": 7.830228805541992,
          "hz": 3458.990205492291
        },
        {
          "acoustic_entropy": 7.8264336585998535,
          "acoustic_entropy_side": 7.8302435874938965,
          "hz": 3827.305438964164
        },
        {
          "acoustic_entropy": 7.8530073165893555,
          "acoustic_entropy_side": 7.830281734466553,
          "hz": 4228.238232109126
        },
        {
          "acoustic_entropy": 7.839771747589111,
          "acoustic_entropy_side": 7.8302412033081055,
          "hz": 4664.6771572759235
        },
        {
          "acoustic_entropy": 7.83192777633667,
          "acoustic_entropy_side": 7.830234527587891,
          "hz": 5139.766595350093
        },
        {
          "acoustic_entropy": 7.829963207244873,
          "acoustic_entropy_side": 7.830236434936523,
          "hz": 5656.929389854203
        },
        {
          "acoustic_entropy": 7.829800128936768,
          "acoustic_entropy_side": 7.830223083496094,
          "hz": 6219.891507268283
        },
        {
          "acoustic_entropy": 7.830751419067383,
          "acoustic_entropy_side": 7.830230236053467,
          "hz": 6832.70888123896
        },
        {
          "acoustic_entropy": 7.830845832824707,
          "acoustic_entropy_side": 7.830225944519043,
          "hz": 7499.796634079867
        },
        {
          "acoustic_entropy": 7.831099510192871,
          "acoustic_entropy_side": 7.830208778381348,
          "hz": 8225.96088609342
        },
        {
          "acoustic_entropy": 7.829805374145508,
          "acoustic_entropy_side": 7.830190658569336,
          "hz": 9016.43338188839
        },
        {
          "acoustic_entropy": 7.826512813568115,
          "acoustic_entropy_side": 7.8302130699157715,
          "hz": 9876.909183162974
        },
        {
          "acoustic_entropy": 7.82837438583374,
          "acoustic_entropy_side": 7.830227375030518,
          "hz": 10813.587699516042
        },
        {
          "acoustic_entropy": 7.831668853759766,
          "acoustic_entropy_side": 7.830214023590088,
          "hz": 11833.21735289826
        },
        {
          "acoustic_entropy": 7.8307318687438965,
          "acoustic_entropy_side": 7.8302226066589355,
          "hz": 12943.144197493959
        },
        {
          "acoustic_entropy": 7.830352783203125,
          "acoustic_entropy_side": 7.830225467681885,
          "hz": 14151.364845322005
        },
        {
          "acoustic_entropy": 7.830262660980225,
          "acoustic_entropy_side": 7.830227851867676,
          "hz": 15466.58407886509
        },
        {
          "acoustic_entropy": 7.830236911773682,
          "acoustic_entropy_side": 7.83022928237915,
          "hz": 16898.27756580493
        },
        {
          "acoustic_entropy": 7.83022928237915,
          "acoustic_entropy_side": 7.830229759216309,
          "hz": 18456.760127700032
        },
        {
          "acoustic_entropy": 7.83022928237915,
          "acoustic_entropy_side": 7.830229759216309,
          "hz": 20153.260054456492
        },
        {
          "acoustic_entropy": 7.830230236053467,
          "acoustic_entropy_side": 7.830230236053467,
          "hz": 22000.00000000001
        }
      ],
      "diff_acoustic_entropy": 7.434133529663086,
      "sn": 6
    },
    {
      "acoustic_entropy": 10.452006340026855,
      "acoustic_entropy_mono": 10.432351112365723,
      "band_eliminated_acoustic_entropies": [
        {
          "acoustic_entropy": 9.877820014953613,
          "acoustic_entropy_side": 10.45203971862793,
          "hz": 129.47220167065723
        },
        {
          "acoustic_entropy": 10.427024841308594,
          "acoustic_entropy_side": 10.452019691467285,
          "hz": 202.92927478742237
        },
        {
          "acoustic_entropy": 9.508895874023438,
          "acoustic_entropy_side": 10.452018737792969,
          "hz": 282.89161906338205
        },
        {
          "acoustic_entropy": 11.106558799743652,
          "acoustic_entropy_side": 10.452048301696777,
          "hz": 369.9353335868758
        },
        {
          "acoustic_entropy": 10.408974647521973,
          "acoustic_entropy_side": 10.451770782470703,
          "hz": 464.6875360973435
        },
        {
          "acoustic_entropy": 10.308385848999023,
          "acoustic_entropy_side": 10.451958656311035,
          "hz": 567.8308811364784
        },
        {
          "acoustic_entropy": 10.477137565612793,
          "acoustic_entropy_side": 10.452369689941406,
          "hz": 680.1084783214808
        },
        {
          "acoustic_entropy": 10.18445110321045,
          "acoustic_entropy_side": 10.453325271606445,
          "hz": 802.3292461747484
        },
        {
          "acoustic_entropy": 10.759101867675781,
          "acoustic_entropy_side": 10.480072021484375,
          "hz": 935.3737400823702
        },
        {
          "acoustic_entropy": 10.299505233764648,
          "acoustic_entropy_side": 10.418559074401855,
          "hz": 1080.2004963696966
        },
        {
          "acoustic_entropy": 10.4440279006958,
          "acoustic_entropy_side": 10.457653045654297,
          "hz": 1237.8529382007157
        },
        {
          "acoustic_entropy": 10.798012733459473,
          "acoustic_entropy_side": 10.41793155670166,
          "hz": 1409.4668930556702
        },
        {
          "acoustic_entropy": 10.342936515808105,
          "acoustic_entropy_side": 10.47365665435791,
          "hz": 1596.2787759475705
        },
        {
          "acoustic_entropy": 10.304969787597656,
          "acoustic_entropy_side": 10.451070785522461,
          "hz": 1799.6344973346393
        },
        {
          "acoustic_entropy": 10.782867431640625,
          "acoustic_entropy_side": 10.453855514526367,
          "hz": 2020.9991599069049
        },
        {
          "acoustic_entropy": 10.415285110473633,
          "acoustic_entropy_side": 10.451631546020508,
          "hz": 2261.9676141086993
        },
        {
          "acoustic_entropy": 10.27530288696289,
          "acoustic_entropy_side": 10.44668197631836,
          "hz": 2524.2759484456974
        },
        {
          "acoustic_entropy": 10.676363945007324,
          "acoustic_entropy_side": 10.44957160949707,
          "hz": 2809.813997359896
        },
        {
          "acoustic_entropy": 10.38028335571289,
          "acoustic_entropy_side": 10.451963424682617,
          "hz": 3120.6389567871424
        },
        {
          "acoustic_entropy": 10.464839935302734,
          "acoustic_entropy_side": 10.451866149902344,
          "hz": 3458.990205492291
        },
        {
          "acoustic_entropy": 10.446674346923828,
          "acoustic_entropy_side": 10.450682640075684,
          "hz": 3827.305438964164
        },
        {
          "acoustic_entropy": 10.43122673034668,
          "acoustic_entropy_side": 10.451358795166016,
          "hz": 4228.238232109126
        },
        {
          "acoustic_entropy": 10.437369346618652,
          "acoustic_entropy_side": 10.451848983764648,
          "hz": 4664.6771572759235
        },
        {
          "acoustic_entropy": 10.437764167785645,
          "acoustic_entropy_side": 10.451348304748535,
          "hz": 5139.766595350093
        },
        {
          "acoustic_entropy": 10.434678077697754,
          "acoustic_entropy_side": 10.45081901550293,
          "hz": 5656.929389854203
        },
        {
          "acoustic_entropy": 10.43764591217041,
          "acoustic_entropy_side": 10.451081275939941,
          "hz": 6219.891507268283
        },
        {
          "acoustic_entropy": 10.454505920410156,
          "acoustic_entropy_side": 10.451589584350586,
          "hz": 6832.70888123896
        },
        {
          "acoustic_entropy": 10.459028244018555,
          "acoustic_entropy_side": 10.451685905456543,
          "hz": 7499.796634079867
        },
        {
          "acoustic_entropy": 10.478838920593262,
          "acoustic_entropy_side": 10.451077461242676,
          "hz": 8225.96088609342
        },
        {
          "acoustic_entropy": 10.496658325195312,
          "acoustic_entropy_side": 10.450911521911621,
          "hz": 9016.43338188839
        },
        {
          "acoustic_entropy": 10.507940292358398,
          "acoustic_entropy_side": 10.451231956481934,
          "hz": 9876.909183162974
        },
        {
          "acoustic_entropy": 10.500116348266602,
          "acoustic_entropy_side": 10.451827049255371,
          "hz": 10813.587699516042
        },
        {
          "acoustic_entropy": 10.455032348632812,
          "acoustic_entropy_side": 10.451878547668457,
          "hz": 11833.21735289826
        },
        {
          "acoustic_entropy": 10.451351165771484,
          "acoustic_entropy_side": 10.451860427856445,
          "hz": 12943.144197493959
        },
        {
          "acoustic_entropy": 10.451375961303711,
          "acoustic_entropy_side": 10.451969146728516,
          "hz": 14151.364845322005
        },
        {
          "acoustic_entropy": 10.45181941986084,
          "acoustic_entropy_side": 10.451994895935059,
          "hz": 15466.58407886509
        },
        {
          "acoustic_entropy": 10.4519624710083,
          "acoustic_entropy_side": 10.452000617980957,
          "hz": 16898.27756580493
        },
        {
          "acoustic_entropy": 10.451992988586426,
          "acoustic_entropy_side": 10.45200252532959,
          "hz": 18456.760127700032
        },
        {
          "acoustic_entropy": 10.452004432678223,
          "acoustic_entropy_side": 10.452004432678223,
          "hz": 20153.260054456492
        },
        {
          "acoustic_entropy": 10.452003479003906,
          "acoustic_entropy_side": 10.452005386352539,
          "hz": 22000.00000000001
        }
      ],
      "diff_acoustic_entropy": 9.998428344726562,
      "sn": 12
    },
    {
      "acoustic_entropy": 14.821738243103027,
      "acoustic_entropy_mono": 15.102712631225586,
      "band_eliminated_acoustic_entropies": [
        {
          "acoustic_entropy": 12.997162818908691,
          "acoustic_entropy_side": 14.825234413146973,
          "hz": 129.47220167065723
        },
        {
          "acoustic_entropy": 15.323373794555664,
          "acoustic_entropy_side": 14.823652267456055,
          "hz": 202.92927478742237
        },
        {
          "acoustic_entropy": 14.005440711975098,
          "acoustic_entropy_side": 14.824511528015137,
          "hz": 282.89161906338205
        },
        {
          "acoustic_entropy": 15.181764602661133,
          "acoustic_entropy_side": 14.828910827636719,
          "hz": 369.9353335868758
        },
        {
          "acoustic_entropy": 14.676522254943848,
          "acoustic_entropy_side": 14.823761940002441,
          "hz": 464.6875360973435
        },
        {
          "acoustic_entropy": 14.405016899108887,
          "acoustic_entropy_side": 14.817873001098633,
          "hz": 567.8308811364784
        },
        {
          "acoustic_entropy": 15.141448020935059,
          "acoustic_entropy_side": 14.837565422058105,
          "hz": 680.1084783214808
        },
        {
          "acoustic_entropy": 14.613809585571289,
          "acoustic_entropy_side": 14.862557411193848,
          "hz": 802.3292461747484
        },
        {
          "acoustic_entropy": 15.542998313903809,
          "acoustic_entropy_side": 15.086698532104492,
          "hz": 935.3737400823702
        },
        {
          "acoustic_entropy": 14.862338066101074,
          "acoustic_entropy_side": 14.604110717773438,
          "hz": 1080.2004963696966
        },
        {
          "acoustic_entropy": 14.868728637695312,
          "acoustic_entropy_side": 15.069954872131348,
          "hz": 1237.8529382007157
        },
        {
          "acoustic_entropy": 14.664810180664062,
          "acoustic_entropy_side": 14.967520713806152,
          "hz": 1409.4668930556702
        },
        {
          "acoustic_entropy": 15.152119636535645,
          "acoustic_entropy_side": 14.409753799438477,
          "hz": 1596.2787759475705
        },
        {
          "acoustic_entropy": 14.988236427307129,
          "acoustic_entropy_side": 14.823766708374023,
          "hz": 1799.6344973346393
        },
        {
          "acoustic_entropy": 15.23328685760498,
          "acoustic_entropy_side": 14.692937850952148,
          "hz": 2020.9991599069049
        },
        {
          "acoustic_entropy": 14.780515670776367,
          "acoustic_entropy_side": 14.895559310913086,
          "hz": 2261.9676141086993
        },
        {
          "acoustic_entropy": 14.477666854858398,
          "acoustic_entropy_side": 14.805865287780762,
          "hz": 2524.2759484456974
        },
        {
          "acoustic_entropy": 14.86722183227539,
          "acoustic_entropy_side": 14.730673789978027,
          "hz": 2809.813997359896
        },
        {
