{
  "acoustic_entropy": 197.406005859375,
  "bands": [
    {
      "high_freq": 148.1999969482422,
      "loudness": -19.11766242980957,
      "loudness_range": 9.163976669311523,
      "mid_mean": -15.542205810546875,
      "mid_to_side_loudness": -23.44532012939453,
      "mid_to_side_loudness_range": 27.929967880249023,
      "side_mean": -40.025211334228516
    },
    {
      "high_freq": 392.3793640136719,
      "loudness": -21.048660278320312,
      "loudness_range": 6.856266021728516,
      "low_freq": 148.1999969482422,
      "mid_mean": -19.071996688842773,
      "mid_to_side_loudness": -5.10008430480957,
      "mid_to_side_loudness_range": 17.09906005859375,
      "side_mean": -24.4022216796875
    },
    {
      "high_freq": 794.6976318359375,
      "loudness": -25.655742645263672,
      "loudness_range": 9.963567733764648,
      "low_freq": 392.3793640136719,
      "mid_mean": -24.51220703125,
      "mid_to_side_loudness": -1.8168741464614868,
      "mid_to_side_loudness_range": 11.706438064575195,
      "side_mean": -26.4426212310791
    },
    {
      "high_freq": 1457.5709228515625,
      "loudness": -25.99424171447754,
      "loudness_range": 12.666805267333984,
      "low_freq": 794.6976318359375,
      "mid_mean": -25.037931442260742,
      "mid_to_side_loudness": -1.552148699760437,
      "mid_to_side_loudness_range": 12.855661392211914,
      "side_mean": -26.65766716003418
    },
    {
      "high_freq": 2549.74365234375,
      "loudness": -25.567054748535156,
      "loudness_range": 11.807830810546875,
      "low_freq": 1457.5709228515625,
      "mid_mean": -24.30245590209961,
      "mid_to_side_loudness": -1.8775047063827515,
      "mid_to_side_loudness_range": 10.376541137695312,
      "side_mean": -26.28622817993164
    },
    {
      "high_freq": 4349.24462890625,
      "loudness": -27.621538162231445,
      "loudness_range": 12.301736831665039,
      "low_freq": 2549.74365234375,
      "mid_mean": -25.7442684173584,
      "mid_to_side_loudness": -3.4124391078948975,
      "mid_to_side_loudness_range": 9.704124450683594,
      "side_mean": -29.309133529663086
    },
    {
      "high_freq": 7314.1640625,
      "loudness": -28.839202880859375,
      "loudness_range": 12.421724319458008,
      "low_freq": 4349.24462890625,
      "mid_mean": -26.766326904296875,
      "mid_to_side_loudness": -3.85990047454834,
      "mid_to_side_loudness_range": 12.36906623840332,
      "side_mean": -31.154674530029297
    },
    {
      "high_freq": 12199.2666015625,
      "loudness": -25.50897789001465,
      "loudness_range": 13.372648239135742,
      "low_freq": 7314.1640625,
      "mid_mean": -23.30190086364746,
      "mid_to_side_loudness": -4.3404130935668945,
      "mid_to_side_loudness_range": 12.044905662536621,
      "side_mean": -28.221040725708008
    },
    {
      "loudness": -31.76644515991211,
      "loudness_range": 11.87967300415039,
      "low_freq": 12199.2666015625,
      "mid_mean": -30.067161560058594,
      "mid_to_side_loudness": -2.9199578762054443,
      "mid_to_side_loudness_range": 9.505873680114746,
      "side_mean": -33.280189514160156
    }
  ],
  "bands_short": [
    {
      "high_freq": 148.1999969482422,
      "loudness": -20.719938278198242,
      "loudness_range": 13.385765075683594,
      "mid_mean": -17.105602264404297,
      "mid_to_side_loudness": -28.957643508911133,
      "mid_to_side_loudness_range": 34.057456970214844,
      "side_mean": -47.40293502807617
    },
    {
      "high_freq": 392.3793640136719,
      "loudness": -22.525190353393555,
      "loudness_range": 12.779054641723633,
      "low_freq": 148.1999969482422,
      "mid_mean": -20.354915618896484,
      "mid_to_side_loudness": -6.56852388381958,
      "mid_to_side_loudness_range": 20.214616775512695,
      "side_mean": -27.167327880859375
    },
    {
      "high_freq": 794.6976318359375,
      "loudness": -24.77240753173828,
      "loudness_range": 13.487846374511719,
      "low_freq": 392.3793640136719,
      "mid_mean": -23.95520782470703,
      "mid_to_side_loudness": -1.460159182548523,
      "mid_to_side_loudness_range": 14.598222732543945,
      "side_mean": -25.554088592529297
    },
    {
      "high_freq": 1457.5709228515625,
      "loudness": -26.908966064453125,
      "loudness_range": 16.15776824951172,
      "low_freq": 794.6976318359375,
      "mid_mean": -26.466699600219727,
      "mid_to_side_loudness": -0.7739533185958862,
      "mid_to_side_loudness_range": 15.126338958740234,
      "side_mean": -27.383955001831055
    },
    {
      "high_freq": 2549.74365234375,
      "loudness": -26.64579963684082,
      "loudness_range": 15.402042388916016,
      "low_freq": 1457.5709228515625,
      "mid_mean": -25.695425033569336,
      "mid_to_side_loudness": -1.1909949779510498,
      "mid_to_side_loudness_range": 12.461559295654297,
      "side_mean": -27.210893630981445
    },
    {
      "high_freq": 4349.24462890625,
      "loudness": -28.82282257080078,
      "loudness_range": 16.407133102416992,
      "low_freq": 2549.74365234375,
      "mid_mean": -27.06212615966797,
      "mid_to_side_loudness": -3.0354714393615723,
      "mid_to_side_loudness_range": 11.81943416595459,
      "side_mean": -30.573787689208984
    },
    {
      "high_freq": 7314.1640625,
      "loudness": -30.91033363342285,
      "loudness_range": 18.772846221923828,
      "low_freq": 4349.24462890625,
      "mid_mean": -28.90719985961914,
      "mid_to_side_loudness": -3.937744379043579,
      "mid_to_side_loudness_range": 14.200063705444336,
      "side_mean": -33.69915771484375
    },
    {
      "high_freq": 12199.2666015625,
      "loudness": -27.70339584350586,
      "loudness_range": 20.51351547241211,
      "low_freq": 7314.1640625,
      "mid_mean": -25.34942054748535,
      "mid_to_side_loudness": -5.067070007324219,
      "mid_to_side_loudness_range": 17.572534561157227,
      "side_mean": -31.668807983398438
    },
    {
      "loudness": -35.93115234375,
      "loudness_range": 26.60422134399414,
      "low_freq": 12199.2666015625,
      "mid_mean": -33.82633590698242,
      "mid_to_side_loudness": -4.559337615966797,
      "mid_to_side_loudness_range": 16.9309139251709,
      "side_mean": -40.26740646362305
    }
  ],
  "bandwidth": 495.74591064453125,
  "channels": 2,
  "covariance": [
    [
      17.76903533935547,
      2.24124813079834,
      -0.5655498504638672,
      -10.717022895812988,
      -4.355447769165039,
      -12.362725257873535,
      -3.8433303833007812,
      -13.165291786193848,
      -3.5673255920410156,
      -11.975793838500977,
      -4.159738063812256,
      -10.866995811462402,
      0.7636317610740662,
      -4.878116607666016,
      7.582520961761475,
      2.898005247116089,
      12.168801307678223,
      10.415876388549805
    ],
    [
      2.24124813079834,
      53.34328079223633,
      5.8990092277526855,
      20.641437530517578,
      3.483625888824463,
      6.330781936645508,
      2.933288335800171,
      -0.33926209807395935,
      1.4464412927627563,
      0.41156846284866333,
      5.1017255783081055,
      3.8712360858917236,
      -0.41405346989631653,
      3.4999799728393555,
      0.5440186858177185,
      0.3122158646583557,
      -0.9717299342155457,
      -1.2199987173080444
    ],
    [
      -0.5655498504638672,
      5.8990092277526855,
      5.526193618774414,
      4.388711452484131,
      2.4466512203216553,
      1.8015865087509155,
      0.8661603331565857,
      -0.44490858912467957,
      0.7526658177375793,
      -0.7271000742912292,
      1.1018807888031006,
      -0.3132098913192749,
      -0.4620416462421417,
      -0.9254946708679199,
      -0.10436463356018066,
      -1.255613088607788,
      1.315952181816101,
      0.6364127993583679
    ],
    [
      -10.717022895812988,
      20.641437530517578,
      4.388711452484131,
      38.32541275024414,
      3.6089699268341064,
      18.37438201904297,
      -0.6163180470466614,
      9.740519523620605,
      -1.0584691762924194,
      7.879693031311035,
      1.7729955911636353,
      6.891106128692627,
      -4.714557647705078,
      0.7874207496643066,
      -1.3251330852508545,
      -0.23095670342445374,
      -8.701654434204102,
      -8.765936851501465
    ],
    [
      -4.355447769165039,
      3.483625888824463,
      2.4466512203216553,
      3.6089699268341064,
      14.086551666259766,
      9.659500122070312,
      10.808676719665527,
      7.8088274002075195,
      9.311958312988281,
      6.421812057495117,
      7.833966255187988,
      4.723607063293457,
      6.108710289001465,
      2.256718635559082,
      5.373368263244629,
      0.02433747425675392,
      6.57437801361084,
      2.7020797729492188
    ],
    [
      -12.362725257873535,
      6.330781936645508,
      1.8015865087509155,
      18.37438201904297,
      9.659500122070312,
      21.393508911132812,
      6.913107872009277,
      15.007579803466797,
      6.407389163970947,
      13.07569694519043,
      5.570333003997803,
      8.99166202545166,
      -0.3568519353866577,
      2.341804027557373,
      -1.0530072450637817,
      -1.1319646835327148,
      -5.870375633239746,
      -6.822558879852295
    ],
    [
      -3.8433303833007812,
      2.933288335800171,
      0.8661603331565857,
      -0.6163180470466614,
      10.808676719665527,
      6.913107872009277,
      23.319744110107422,
      14.491399765014648,
      12.385506629943848,
      10.344179153442383,
      11.10091495513916,
      8.797452926635742,
      10.22188949584961,
      6.82806396484375,
      3.6616365909576416,
      -1.3831642866134644,
      3.540719509124756,
      -1.0964759588241577
    ],
    [
      -13.165291786193848,
      -0.33926209807395935,
      -0.44490858912467957,
      9.740519523620605,
      7.8088274002075195,
      15.007579803466797,
      14.491399765014648,
      24.2625789642334,
      9.95252513885498,
      18.22100830078125,
      8.127833366394043,
      13.460634231567383,
      4.657860279083252,
      7.317026138305664,
      -3.0742099285125732,
      -3.434290647506714,
      -8.464070320129395,
      -10.844795227050781
    ],
    [
      -3.5673255920410156,
      1.4464412927627563,
      0.7526658177375793,
      -1.0584691762924194,
      9.311958312988281,
      6.407389163970947,
      12.385506629943848,
      9.95252513885498,
      17.9046573638916,
      14.467582702636719,
      15.46576976776123,
      13.251137733459473,
      12.611275672912598,
      10.02759075164795,
      6.055312633514404,
      3.0154948234558105,
      3.0720324516296387,
      0.6914387941360474
    ],
    [
      -11.975793838500977,
      0.41156846284866333,
      -0.7271000742912292,
      7.879693031311035,
      6.421812057495117,
      13.07569694519043,
      10.344179153442383,
      18.22100830078125,
      14.467582702636719,
      23.526046752929688,
      12.727075576782227,
      19.80125617980957,
      7.658255100250244,
      12.70703125,
      -2.0916635990142822,
      -0.0617513433098793,
      -9.313436508178711,
      -9.10834789276123
    ],
    [
      -4.159738063812256,
      5.1017255783081055,
      1.1018807888031006,
      1.7729955911636353,
      7.833966255187988,
      5.570333003997803,
      11.10091495513916,
      8.127833366394043,
      15.46576976776123,
      12.727075576782227,
      22.655675888061523,
      17.802715301513672,
      17.576356887817383,
      15.055819511413574,
      9.442997932434082,
      6.846613883972168,
      2.630315065383911,
      0.8360487818717957
    ],
    [
      -10.866995811462402,
      3.8712360858917236,
      -0.3132098913192749,
      6.891106128692627,
      4.723607063293457,
      8.99166202545166,
      8.797452926635742,
      13.460634231567383,
      13.251137733459473,
      19.80125617980957,
      17.802715301513672,
      24.583221435546875,
      11.820536613464355,
      18.241727828979492,
      -0.5153951048851013,
      3.794063091278076,
      -9.875996589660645,
      -7.513915538787842
    ],
    [
      0.7636317610740662,
      -0.41405346989631653,
      -0.4620416462421417,
      -4.714557647705078,
      6.108710289001465,
      -0.3568519353866577,
      10.22188949584961,
      4.657860279083252,
      12.611275672912598,
      7.658255100250244,
      17.576356887817383,
      11.820536613464355,
      26.933799743652344,
      15.003543853759766,
      17.47071647644043,
      12.391929626464844,
      13.454597473144531,
      9.439388275146484
    ],
    [
      -4.878116607666016,
      3.4999799728393555,
      -0.9254946708679199,
      0.7874207496643066,
      2.256718635559082,
      2.341804027557373,
      6.82806396484375,
      7.317026138305664,
      10.02759075164795,
      12.70703125,
      15.055819511413574,
      18.241727828979492,
      15.003543853759766,
      21.154232025146484,
      3.441457986831665,
      8.101425170898438,
      -3.356220245361328,
      -0.4932331442832947
    ],
    [
      7.582520961761475,
      0.5440186858177185,
      -0.10436463356018066,
      -1.3251330852508545,
      5.373368263244629,
      -1.0530072450637817,
      3.6616365909576416,
      -3.0742099285125732,
      6.055312633514404,
      -2.0916635990142822,
      9.442997932434082,
      -0.5153951048851013,
      17.47071647644043,
      3.441457986831665,
      34.905128479003906,
      20.762327194213867,
      27.16599464416504,
      19.503639221191406
    ],
    [
      2.898005247116089,
      0.3122158646583557,
      -1.255613088607788,
      -0.23095670342445374,
      0.02433747425675392,
      -1.1319646835327148,
      -1.3831642866134644,
      -3.434290647506714,
      3.0154948234558105,
      -0.0617513433098793,
      6.846613883972168,
      3.794063091278076,
      12.391929626464844,
      8.101425170898438,
      20.762327194213867,
      22.79336166381836,
      12.681431770324707,
      14.397571563720703
    ],
    [
      12.168801307678223,
      -0.9717299342155457,
      1.315952181816101,
      -8.701654434204102,
      6.57437801361084,
      -5.870375633239746,
      3.540719509124756,
      -8.464070320129395,
      3.0720324516296387,
      -9.313436508178711,
      2.630315065383911,
      -9.875996589660645,
      13.454597473144531,
      -3.356220245361328,
      27.16599464416504,
      12.681431770324707,
      43.39790725708008,
      31.73958969116211
    ],
    [
      10.415876388549805,
      -1.2199987173080444,
      0.6364127993583679,
      -8.765936851501465,
      2.7020797729492188,
      -6.822558879852295,
      -1.0964759588241577,
      -10.844795227050781,
      0.6914387941360474,
      -9.10834789276123,
      0.8360487818717957,
      -7.513915538787842,
      9.439388275146484,
      -0.4932331442832947,
      19.503639221191406,
      14.397571563720703,
      31.73958969116211,
      32.78525161743164
    ]
  ],
  "covariance_short": [
    [
      26.624897003173828,
      3.7825498580932617,
      -6.947349548339844,
      -19.273218154907227,
      -13.19514274597168,
      -19.541507720947266,
      -13.239864349365234,
      -19.293121337890625,
      -10.938125610351562,
      -17.15045166015625,
      -11.4368257522583,
      -17.566856384277344,
      -7.512627601623535,
      -13.820963859558105,
      -0.4350951015949249,
      -6.636491298675537,
      -1.6634074449539185,
      -1.927870512008667
    ],
    [
      3.7825498580932617,
      81.79926300048828,
      8.78252124786377,
      28.187803268432617,
      -2.074622392654419,
      4.338901996612549,
      -2.9460699558258057,
      -3.9900381565093994,
      -3.501263380050659,
      -1.5406126976013184,
      -0.3394222557544708,
      -0.5544652342796326,
      -5.604169845581055,
      -0.4455140233039856,
      -2.331476926803589,
      2.901667833328247,
      -4.4370551109313965,
      -2.0136585235595703
    ],
    [
      -6.947349548339844,
      8.78252124786377,
      21.448074340820312,
      14.341079711914062,
      9.8267183303833,
      6.880349159240723,
      7.520890235900879,
      4.430854320526123,
      4.057797431945801,
      3.2370822429656982,
      5.579342842102051,
      4.801058292388916,
      5.115479946136475,
      5.004935264587402,
      6.19917106628418,
      4.987708568572998,
      9.305842399597168,
      8.471952438354492
    ],
    [
      -19.273218154907227,
      28.187803268432617,
      14.341079711914062,
      56.405879974365234,
      14.565397262573242,
      32.00413131713867,
      7.750082492828369,
      17.0760498046875,
      4.960838794708252,
      14.035041809082031,
      8.660478591918945,
      14.790532112121582,
      3.509713888168335,
      9.612144470214844,
      7.265971660614014,
      11.903584480285645,
      4.570605754852295,
      4.806431293487549
    ],
    [
      -13.19514274597168,
      -2.074622392654419,
      9.8267183303833,
      14.565397262573242,
      26.974145889282227,
      18.85244369506836,
      19.607786178588867,
      16.646713256835938,
      14.250420570373535,
      13.14708137512207,
      11.392024993896484,
      10.001908302307129,
      9.206445693969727,
      6.159847259521484,
      11.281241416931152,
      5.701495170593262,
      15.850619316101074,
      6.470997333526611
    ],
    [
      -19.541507720947266,
      4.338901996612549,
      6.880349159240723,
      32.00413131713867,
      18.85244369506836,
      36.487022399902344,
      12.955572128295898,
      21.568681716918945,
      10.240262031555176,
      17.757999420166016,
      8.706014633178711,
      14.003813743591309,
      3.551508665084839,
      7.244579315185547,
      6.361411094665527,
      7.416065692901611,
      6.117513656616211,
      1.2546979188919067
    ],
    [
      -13.239864349365234,
      -2.9460699558258057,
      7.520890235900879,
      7.750082492828369,
      19.607786178588867,
      12.955572128295898,
      45.69487380981445,
      25.93726348876953,
      26.04149627685547,
      21.157428741455078,
      22.65745735168457,
      18.386011123657227,
      21.6649169921875,
      16.645387649536133,
      15.987324714660645,
      7.8105034828186035,
      21.27692222595215,
      9.13082218170166
    ],
    [
      -19.293121337890625,
      -3.9900381565093994,
      4.430854320526123,
      17.0760498046875,
      16.646713256835938,
      21.568681716918945,
      25.93726348876953,
      35.609859466552734,
      18.57931900024414,
      25.706188201904297,
      14.69958209991455,
      20.92765235900879,
      11.28739070892334,
      15.528026580810547,
      3.8915064334869385,
      5.747452735900879,
      4.227736949920654,
      -0.7401251196861267
    ],
    [
      -10.938125610351562,
      -3.501263380050659,
      4.057797431945801,
      4.960838794708252,
      14.250420570373535,
      10.240262031555176,
      26.04149627685547,
      18.57931900024414,
      35.677223205566406,
      24.680889129638672,
      27.858312606811523,
      24.698928833007812,
      24.640277862548828,
      22.935970306396484,
      17.153688430786133,
      16.23820686340332,
      19.12992286682129,
      16.056516647338867
    ],
    [
      -17.15045166015625,
      -1.5406126976013184,
      3.2370822429656982,
      14.035041809082031,
      13.14708137512207,
      17.757999420166016,
      21.157428741455078,
      25.706188201904297,
      24.680889129638672,
      35.423892974853516,
      20.52377700805664,
      30.065176010131836,
      16.2903995513916,
      25.224607467651367,
      5.859342098236084,
      14.512760162353516,
      4.3665289878845215,
      6.6267805099487305
    ],
    [
      -11.4368257522583,
      -0.3394222557544708,
      5.579342842102051,
      8.660478591918945,
      11.392024993896484,
      8.706014633178711,
      22.65745735168457,
      14.69958209991455,
      27.858312606811523,
      20.52377700805664,
      40.251216888427734,
      30.156944274902344,
      33.76475524902344,
      31.63942527770996,
      24.793346405029297,
      24.200498580932617,
      21.854284286499023,
      22.313358306884766
    ],
    [
      -17.566856384277344,
      -0.5544652342796326,
      4.801058292388916,
      14.790532112121582,
      10.001908302307129,
      14.003813743591309,
      18.386011123657227,
      20.92765235900879,
      24.698928833007812,
      30.065176010131836,
      30.156944274902344,
      41.087703704833984,
      25.34239387512207,
      37.77151870727539,
      11.058403015136719,
      25.295421600341797,
      6.422883033752441,
      17.078306198120117
    ],
    [
      -7.512627601623535,
      -5.604169845581055,
      5.115479946136475,
      3.509713888168335,
      9.206445693969727,
      3.551508665084839,
      21.6649169921875,
      11.28739070892334,
      24.640277862548828,
      16.2903995513916,
      33.76475524902344,
      25.34239387512207,
      47.932464599609375,
      33.765750885009766,
      34.95499801635742,
      31.7670955657959,
      34.7685661315918,
      35.402889251708984
    ],
    [
      -13.820963859558105,
      -0.4455140233039856,
      5.004935264587402,
      9.612144470214844,
      6.159847259521484,
      7.244579315185547,
      16.645387649536133,
      15.528026580810547,
      22.935970306396484,
      25.224607467651367,
      31.63942527770996,
      37.77151870727539,
      33.765750885009766,
      49.32870101928711,
      18.18198013305664,
      35.24171829223633,
      15.008336067199707,
      33.04579544067383
    ],
    [
      -0.4350951015949249,
      -2.331476926803589,
      6.19917106628418,
      7.265971660614014,
      11.281241416931152,
      6.361411094665527,
      15.987324714660645,
      3.8915064334869385,
      17.153688430786133,
      5.859342098236084,
      24.793346405029297,
      11.058403015136719,
      34.95499801635742,
      18.18198013305664,
      62.98202896118164,
      40.4594612121582,
      56.68598556518555,
      50.71110916137695
    ],
    [
      -6.636491298675537,
      2.901667833328247,
      4.987708568572998,
      11.903584480285645,
      5.701495170593262,
      7.416065692901611,
      7.8105034828186035,
      5.747452735900879,
      16.23820686340332,
      14.512760162353516,
      24.200498580932617,
      25.295421600341797,
      31.7670955657959,
      35.24171829223633,
      40.4594612121582,
      58.51256561279297,
      34.553104400634766,
      59.307342529296875
    ],
    [
      -1.6634074449539185,
      -4.4370551109313965,
      9.305842399597168,
      4.570605754852295,
      15.850619316101074,
      6.117513656616211,
      21.27692222595215,
      4.227736949920654,
      19.12992286682129,
      4.3665289878845215,
      21.854284286499023,
      6.422883033752441,
      34.7685661315918,
      15.008336067199707,
      56.68598556518555,
      34.553104400634766,
      80.63148498535156,
      58.025474548339844
    ],
    [
      -1.927870512008667,
      -2.0136585235595703,
      8.471952438354492,
      4.806431293487549,
      6.470997333526611,
      1.2546979188919067,
      9.13082218170166,
      -0.7401251196861267,
      16.056516647338867,
      6.6267805099487305,
      22.313358306884766,
      17.078306198120117,
      35.402889251708984,
      33.04579544067383,
      50.71110916137695,
      59.307342529296875,
      58.025474548339844,
      89.40511322021484
    ]
  ],
  "damage": -4.015756130218506,
  "diff_bandwidth": 442.5184020996094,
  "dissonance": 9.546041181370564,
  "drr": 12.816707611083984,
  "dynamics": 1.4196908473968506,
  "format": 1245190,
  "frames": 8886208,
  "loudness": -10.392858505249023,
  "loudness_range": 2.886610984802246,
  "loudness_range_short": 5.307670593261719,
  "lowpass_true_peak_15khz": 1.246817708015442,
  "mastering3_acoustic_entropies": [
    {
      "acoustic_entropy": 9.147823333740234,
      "acoustic_entropy_mono": 8.134712219238281,
      "band_eliminated_acoustic_entropies": [
        {
          "acoustic_entropy": 9.268580436706543,
          "acoustic_entropy_side": 9.147326469421387,
          "hz": 129.47220167065723
        },
        {
          "acoustic_entropy": 8.763012886047363,
          "acoustic_entropy_side": 9.122742652893066,
          "hz": 202.92927478742237
        },
        {
          "acoustic_entropy": 8.93095588684082,
          "acoustic_entropy_side": 9.348069190979004,
          "hz": 282.89161906338205
        },
        {
          "acoustic_entropy": 8.96020221710205,
          "acoustic_entropy_side": 9.280548095703125,
          "hz": 369.9353335868758
        },
        {
          "acoustic_entropy": 8.198044776916504,
          "acoustic_entropy_side": 8.530096054077148,
          "hz": 464.6875360973435
        },
        {
          "acoustic_entropy": 9.136536598205566,
          "acoustic_entropy_side": 9.334303855895996,
          "hz": 567.8308811364784
        },
        {
          "acoustic_entropy": 9.1521635055542,
          "acoustic_entropy_side": 9.30733871459961,
          "hz": 680.1084783214808
        },
        {
          "acoustic_entropy": 9.284418106079102,
          "acoustic_entropy_side": 9.213881492614746,
          "hz": 802.3292461747484
        },
        {
          "acoustic_entropy": 9.448714256286621,
          "acoustic_entropy_side": 9.45523738861084,
          "hz": 935.3737400823702
        },
        {
          "acoustic_entropy": 7.968357563018799,
          "acoustic_entropy_side": 9.087088584899902,
          "hz": 1080.2004963696966
        },
        {
          "acoustic_entropy": 9.442179679870605,
          "acoustic_entropy_side": 9.399365425109863,
          "hz": 1237.8529382007157
        },
        {
          "acoustic_entropy": 9.261028289794922,
          "acoustic_entropy_side": 9.228299140930176,
          "hz": 1409.4668930556702
        },
        {
          "acoustic_entropy": 9.226692199707031,
          "acoustic_entropy_side": 9.180610656738281,
          "hz": 1596.2787759475705
        },
        {
          "acoustic_entropy": 9.05562973022461,
          "acoustic_entropy_side": 9.186853408813477,
          "hz": 1799.6344973346393
        },
        {
          "acoustic_entropy": 8.822282791137695,
          "acoustic_entropy_side": 9.011982917785645,
          "hz": 2020.9991599069049
        },
        {
          "acoustic_entropy": 9.153332710266113,
          "acoustic_entropy_side": 9.136894226074219,
          "hz": 2261.9676141086993
        },
        {
          "acoustic_entropy": 9.10326862335205,
          "acoustic_entropy_side": 9.126815795898438,
          "hz": 2524.2759484456974
        },
        {
          "acoustic_entropy": 9.04598331451416,
          "acoustic_entropy_side": 9.108415603637695,
          "hz": 2809.813997359896
        },
        {
          "acoustic_entropy": 9.126564979553223,
          "acoustic_entropy_side": 9.180866241455078,
          "hz": 3120.6389567871424
        },
        {
          "acoustic_entropy": 9.125802993774414,
          "acoustic_entropy_side": 9.258101463317871,
          "hz": 3458.990205492291
        },
        {
          "acoustic_entropy": 9.01106071472168,
          "acoustic_entropy_side": 9.16282844543457,
          "hz": 3827.305438964164
        },
        {
          "acoustic_entropy": 9.07639217376709,
          "acoustic_entropy_side": 9.134645462036133,
          "hz": 4228.238232109126
        },
        {
          "acoustic_entropy": 9.007536888122559,
          "acoustic_entropy_side": 9.142860412597656,
          "hz": 4664.6771572759235
        },
        {
          "acoustic_entropy": 8.925384521484375,
          "acoustic_entropy_side": 9.03361701965332,
          "hz": 5139.766595350093
        },
        {
          "acoustic_entropy": 9.087883949279785,
          "acoustic_entropy_side": 9.106707572937012,
          "hz": 5656.929389854203
        },
        {
          "acoustic_entropy": 9.006617546081543,
          "acoustic_entropy_side": 9.10267448425293,
          "hz": 6219.891507268283
        },
        {
          "acoustic_entropy": 8.98690128326416,
          "acoustic_entropy_side": 9.081901550292969,
          "hz": 6832.70888123896
        },
        {
          "acoustic_entropy": 9.008459091186523,
          "acoustic_entropy_side": 9.057888984680176,
          "hz": 7499.796634079867
        },
        {
          "acoustic_entropy": 9.106132507324219,
          "acoustic_entropy_side": 9.132707595825195,
          "hz": 8225.96088609342
        },
        {
          "acoustic_entropy": 8.818262100219727,
          "acoustic_entropy_side": 8.971489906311035,
          "hz": 9016.43338188839
        },
        {
          "acoustic_entropy": 8.807888984680176,
          "acoustic_entropy_side": 8.884917259216309,
          "hz": 9876.909183162974
        },
        {
          "acoustic_entropy": 9.032017707824707,
          "acoustic_entropy_side": 8.976822853088379,
          "hz": 10813.587699516042
        },
        {
          "acoustic_entropy": 9.087821006774902,
          "acoustic_entropy_side": 9.196210861206055,
          "hz": 11833.21735289826
        },
        {
          "acoustic_entropy": 9.16792106628418,
          "acoustic_entropy_side": 9.22867488861084,
          "hz": 12943.144197493959
        },
        {
          "acoustic_entropy": 9.09924602508545,
          "acoustic_entropy_side": 9.200218200683594,
          "hz": 14151.364845322005
        },
        {
          "acoustic_entropy": 9.10383415222168,
          "acoustic_entropy_side": 9.246072769165039,
          "hz": 15466.58407886509
        },
        {
          "acoustic_entropy": 9.14451789855957,
          "acoustic_entropy_side": 9.225166320800781,
          "hz": 16898.27756580493
        },
        {
          "acoustic_entropy": 9.183213233947754,
          "acoustic_entropy_side": 9.212871551513672,
          "hz": 18456.760127700032
        },
        {
          "acoustic_entropy": 9.207782745361328,
          "acoustic_entropy_side": 9.20859432220459,
          "hz": 20153.260054456492
        },
        {
          "acoustic_entropy": 9.169204711914062,
          "acoustic_entropy_side": 9.166858673095703,
          "hz": 22000.00000000001
        }
      ],
      "diff_acoustic_entropy": 6.132606029510498,
      "sn": 6
    },
    {
      "acoustic_entropy": 13.14177131652832,
      "acoustic_entropy_mono": 11.76769733428955,
      "band_eliminated_acoustic_entropies": [
        {
          "acoustic_entropy": 13.159198760986328,
          "acoustic_entropy_side": 13.141694068908691,
          "hz": 129.47220167065723
        },
        {
          "acoustic_entropy": 12.4540376663208,
          "acoustic_entropy_side": 13.09509563446045,
          "hz": 202.92927478742237
        },
        {
          "acoustic_entropy": 12.718618392944336,
          "acoustic_entropy_side": 12.521981239318848,
          "hz": 282.89161906338205
        },
        {
          "acoustic_entropy": 13.312705039978027,
          "acoustic_entropy_side": 13.150524139404297,
          "hz": 369.9353335868758
        },
        {
          "acoustic_entropy": 12.674017906188965,
          "acoustic_entropy_side": 13.097250938415527,
          "hz": 464.6875360973435
        },
        {
          "acoustic_entropy": 13.695235252380371,
          "acoustic_entropy_side": 13.312949180603027,
          "hz": 567.8308811364784
        },
        {
          "acoustic_entropy": 13.832622528076172,
          "acoustic_entropy_side": 13.428564071655273,
          "hz": 680.1084783214808
        },
        {
          "acoustic_entropy": 13.207499504089355,
          "acoustic_entropy_side": 13.040570259094238,
          "hz": 802.3292461747484
        },
        {
          "acoustic_entropy": 14.252657890319824,
          "acoustic_entropy_side": 13.580023765563965,
          "hz": 935.3737400823702
        },
        {
          "acoustic_entropy": 12.598690032958984,
          "acoustic_entropy_side": 12.95090103149414,
          "hz": 1080.2004963696966
        },
        {
          "acoustic_entropy": 14.02444076538086,
          "acoustic_entropy_side": 13.53479290008545,
          "hz": 1237.8529382007157
        },
        {
          "acoustic_entropy": 13.28117847442627,
          "acoustic_entropy_side": 13.259454727172852,
          "hz": 1409.4668930556702
        },
        {
          "acoustic_entropy": 13.269526481628418,
          "acoustic_entropy_side": 13.110952377319336,
          "hz": 1596.2787759475705
        },
        {
          "acoustic_entropy": 13.689974784851074,
          "acoustic_entropy_side": 13.342973709106445,
          "hz": 1799.6344973346393
        },
        {
          "acoustic_entropy": 13.082418441772461,
          "acoustic_entropy_side": 13.035573959350586,
          "hz": 2020.9991599069049
        },
        {
          "acoustic_entropy": 13.284470558166504,
          "acoustic_entropy_side": 13.246301651000977,
          "hz": 2261.9676141086993
        },
        {
          "acoustic_entropy": 12.848306655883789,
          "acoustic_entropy_side": 13.126062393188477,
          "hz": 2524.2759484456974
        },
        {
          "acoustic_entropy": 12.988356590270996,
          "acoustic_entropy_side": 13.10589599609375,
          "hz": 2809.813997359896
        },
        {
          "acoustic_entropy": 12.955169677734375,
          "acoustic_entropy_side": 13.123137474060059,
          "hz": 3120.6389567871424
        },
        {
          "acoustic_entropy": 13.290963172912598,
          "acoustic_entropy_side": 13.281817436218262,
          "hz": 3458.990205492291
        },
        {
          "acoustic_entropy": 13.04061508178711,
          "acoustic_entropy_side": 13.245240211486816,
          "hz": 3827.305438964164
        },
        {
          "acoustic_entropy": 13.157149314880371,
          "acoustic_entropy_side": 13.085068702697754,
          "hz": 4228.238232109126
        },
        {
          "acoustic_entropy": 13.144702911376953,
          "acoustic_entropy_side": 13.073734283447266,
          "hz": 4664.6771572759235
        },
        {
          "acoustic_entropy": 13.375544548034668,
          "acoustic_entropy_side": 13.219799995422363,
          "hz": 5139.766595350093
        },
        {
          "acoustic_entropy": 13.109634399414062,
          "acoustic_entropy_side": 13.290838241577148,
          "hz": 5656.929389854203
        },
        {
          "acoustic_entropy": 13.122430801391602,
          "acoustic_entropy_side": 13.28292179107666,
          "hz": 6219.891507268283
        },
        {
          "acoustic_entropy": 12.839317321777344,
          "acoustic_entropy_side": 13.339512825012207,
          "hz": 6832.70888123896
        },
        {
          "acoustic_entropy": 13.287089347839355,
          "acoustic_entropy_side": 13.337900161743164,
          "hz": 7499.796634079867
        },
        {
          "acoustic_entropy": 13.039169311523438,
          "acoustic_entropy_side": 13.156750679016113,
          "hz": 8225.96088609342
        },
        {
          "acoustic_entropy": 12.770654678344727,
          "acoustic_entropy_side": 13.094444274902344,
          "hz": 9016.43338188839
        },
        {
          "acoustic_entropy": 12.958820343017578,
          "acoustic_entropy_side": 13.115364074707031,
          "hz": 9876.909183162974
        },
        {
          "acoustic_entropy": 13.085075378417969,
          "acoustic_entropy_side": 13.148757934570312,
          "hz": 10813.587699516042
        },
        {
          "acoustic_entropy": 13.10685920715332,
          "acoustic_entropy_side": 13.13873291015625,
          "hz": 11833.21735289826
        },
        {
          "acoustic_entropy": 13.118125915527344,
          "acoustic_entropy_side": 13.242118835449219,
          "hz": 12943.144197493959
        },
        {
          "acoustic_entropy": 13.236403465270996,
          "acoustic_entropy_side": 13.265357971191406,
          "hz": 14151.364845322005
        },
        {
          "acoustic_entropy": 13.14433479309082,
          "acoustic_entropy_side": 13.226716995239258,
          "hz": 15466.58407886509
        },
        {
          "acoustic_entropy": 13.25313949584961,
          "acoustic_entropy_side": 13.161624908447266,
          "hz": 16898.27756580493
        },
        {
          "acoustic_entropy": 13.297783851623535,
          "acoustic_entropy_side": 13.206608772277832,
          "hz": 18456.760127700032
        },
        {
          "acoustic_entropy": 13.229960441589355,
          "acoustic_entropy_side": 13.258432388305664,
          "hz": 20153.260054456492
        },
        {
          "acoustic_entropy": 13.203742980957031,
          "acoustic_entropy_side": 13.214725494384766,
          "hz": 22000.00000000001
        }
      ],
      "diff_acoustic_entropy": 9.402453422546387,
      "sn": 12
    },
    {
      "acoustic_entropy": 19.35529136657715,
      "acoustic_entropy_mono": 15.096627235412598,
      "band_eliminated_acoustic_entropies": [
        {
          "acoustic_entropy": 19.21567726135254,
          "acoustic_entropy_side": 19.287260055541992,
          "hz": 129.47220167065723
        },
        {
          "acoustic_entropy": 18.719768524169922,
          "acoustic_entropy_side": 19.100093841552734,
          "hz": 202.92927478742237
        },
        {
          "acoustic_entropy": 18.9851016998291,
          "acoustic_entropy_side": 19.073938369750977,
          "hz": 282.89161906338205
        },
        {
          "acoustic_entropy": 19.052955627441406,
          "acoustic_entropy_side": 19.239593505859375,
          "hz": 369.9353335868758
        },
        {
          "acoustic_entropy": 18.709840774536133,
          "acoustic_entropy_side": 18.970273971557617,
          "hz": 464.6875360973435
        },
        {
          "acoustic_entropy": 19.28619956970215,
          "acoustic_entropy_side": 19.499069213867188,
          "hz": 567.8308811364784
        },
        {
          "acoustic_entropy": 19.791019439697266,
          "acoustic_entropy_side": 19.56293296813965,
          "hz": 680.1084783214808
        },
        {
          "acoustic_entropy": 18.711393356323242,
          "acoustic_entropy_side": 19.301467895507812,
          "hz": 802.3292461747484
        },
        {
          "acoustic_entropy": 18.974990844726562,
          "acoustic_entropy_side": 19.55901527404785,
          "hz": 935.3737400823702
        },
        {
          "acoustic_entropy": 18.23055648803711,
          "acoustic_entropy_side": 19.184528350830078,
          "hz": 1080.2004963696966
        },
        {
          "acoustic_entropy": 19.221126556396484,
          "acoustic_entropy_side": 19.558998107910156,
          "hz": 1237.8529382007157
        },
        {
          "acoustic_entropy": 19.038196563720703,
          "acoustic_entropy_side": 19.3392391204834,
          "hz": 1409.4668930556702
        },
        {
          "acoustic_entropy": 19.667707443237305,
          "acoustic_entropy_side": 19.295705795288086,
          "hz": 1596.2787759475705
        },
        {
          "acoustic_entropy": 18.59140396118164,
          "acoustic_entropy_side": 19.108989715576172,
          "hz": 1799.6344973346393
        },
        {
          "acoustic_entropy": 19.735254287719727,
          "acoustic_entropy_side": 19.426700592041016,
          "hz": 2020.9991599069049
        },
        {
          "acoustic_entropy": 19.450632095336914,
          "acoustic_entropy_side": 19.339406967163086,
          "hz": 2261.9676141086993
        },
        {
          "acoustic_entropy": 19.517871856689453,
          "acoustic_entropy_side": 19.336645126342773,
          "hz": 2524.2759484456974
        },
        {
          "acoustic_entropy": 19.760501861572266,
