{
  "acoustic_entropy": 103.99322509765625,
  "bands": [
    {
      "high_freq": 148.1999969482422,
      "loudness": -54.22440719604492,
      "loudness_range": 25.117767333984375,
      "mid_mean": -50.764732360839844,
      "mid_to_side_loudness": -22.322540283203125,
      "mid_to_side_loudness_range": 17.231185913085938,
      "side_mean": -67.239501953125
    },
    {
      "high_freq": 392.3793640136719,
      "loudness": -35.86225509643555,
      "loudness_range": 25.02466583251953,
      "low_freq": 148.1999969482422,
      "mid_mean": -32.286590576171875,
      "mid_to_side_loudness": -21.718320846557617,
      "mid_to_side_loudness_range": 17.882461547851562,
      "side_mean": -55.270751953125
    },
    {
      "high_freq": 794.6976318359375,
      "loudness": -28.556041717529297,
      "loudness_range": 16.678611755371094,
      "low_freq": 392.3793640136719,
      "mid_mean": -24.88294792175293,
      "mid_to_side_loudness": -22.72378158569336,
      "mid_to_side_loudness_range": 19.10655975341797,
      "side_mean": -49.173545837402344
    },
    {
      "high_freq": 1457.5709228515625,
      "loudness": -34.08706283569336,
      "loudness_range": 22.961227416992188,
      "low_freq": 794.6976318359375,
      "mid_mean": -30.515958786010742,
      "mid_to_side_loudness": -18.76258659362793,
      "mid_to_side_loudness_range": 13.336780548095703,
      "side_mean": -51.3551139831543
    },
    {
      "high_freq": 2549.74365234375,
      "loudness": -42.22071838378906,
      "loudness_range": 21.884946823120117,
      "low_freq": 1457.5709228515625,
      "mid_mean": -38.75625991821289,
      "mid_to_side_loudness": -13.442315101623535,
      "mid_to_side_loudness_range": 8.256942749023438,
      "side_mean": -53.79765319824219
    },
    {
      "high_freq": 4349.24462890625,
      "loudness": -47.43387985229492,
      "loudness_range": 23.167198181152344,
      "low_freq": 2549.74365234375,
      "mid_mean": -44.198463439941406,
      "mid_to_side_loudness": -9.353935241699219,
      "mid_to_side_loudness_range": 5.709961414337158,
      "side_mean": -54.707454681396484
    },
    {
      "high_freq": 7314.1640625,
      "loudness": -62.074615478515625,
      "loudness_range": 29.186805725097656,
      "low_freq": 4349.24462890625,
      "mid_mean": -58.655921936035156,
      "mid_to_side_loudness": -4.467137813568115,
      "mid_to_side_loudness_range": 3.961935520172119,
      "side_mean": -61.90591049194336
    },
    {
      "high_freq": 12199.2666015625,
      "loudness": -69.24614715576172,
      "loudness_range": 26.421409606933594,
      "low_freq": 7314.1640625,
      "mid_mean": -64.99950408935547,
      "mid_to_side_loudness": 0.13652774691581726,
      "mid_to_side_loudness_range": 2.6485114097595215,
      "side_mean": -64.97874450683594
    },
    {
      "loudness": -76.45970153808594,
      "loudness_range": 10.773704528808594,
      "low_freq": 12199.2666015625,
      "mid_mean": -68.88006591796875,
      "mid_to_side_loudness": 1.235482931137085,
      "mid_to_side_loudness_range": 4.262814521789551,
      "side_mean": -68.4224624633789
    }
  ],
  "bands_short": [
    {
      "high_freq": 148.1999969482422,
      "loudness": -57.17047119140625,
      "loudness_range": 25.801544189453125,
      "mid_mean": -53.4394645690918,
      "mid_to_side_loudness": -21.595748901367188,
      "mid_to_side_loudness_range": 18.335311889648438,
      "side_mean": -67.8480224609375
    },
    {
      "high_freq": 392.3793640136719,
      "loudness": -37.804405212402344,
      "loudness_range": 27.999605178833008,
      "low_freq": 148.1999969482422,
      "mid_mean": -34.21089553833008,
      "mid_to_side_loudness": -20.85963249206543,
      "mid_to_side_loudness_range": 20.4000244140625,
      "side_mean": -56.29506301879883
    },
    {
      "high_freq": 794.6976318359375,
      "loudness": -28.968168258666992,
      "loudness_range": 18.47379493713379,
      "low_freq": 392.3793640136719,
      "mid_mean": -25.360614776611328,
      "mid_to_side_loudness": -22.461523056030273,
      "mid_to_side_loudness_range": 19.612823486328125,
      "side_mean": -49.541927337646484
    },
    {
      "high_freq": 1457.5709228515625,
      "loudness": -34.74457550048828,
      "loudness_range": 25.059072494506836,
      "low_freq": 794.6976318359375,
      "mid_mean": -31.171247482299805,
      "mid_to_side_loudness": -18.582735061645508,
      "mid_to_side_loudness_range": 14.421503067016602,
      "side_mean": -51.914791107177734
    },
    {
      "high_freq": 2549.74365234375,
      "loudness": -43.46376419067383,
      "loudness_range": 22.843658447265625,
      "low_freq": 1457.5709228515625,
      "mid_mean": -39.96514129638672,
      "mid_to_side_loudness": -13.229990005493164,
      "mid_to_side_loudness_range": 8.644386291503906,
      "side_mean": -54.797706604003906
    },
    {
      "high_freq": 4349.24462890625,
      "loudness": -48.174137115478516,
      "loudness_range": 24.546825408935547,
      "low_freq": 2549.74365234375,
      "mid_mean": -45.008628845214844,
      "mid_to_side_loudness": -9.359207153320312,
      "mid_to_side_loudness_range": 6.050090312957764,
      "side_mean": -55.424224853515625
    },
    {
      "high_freq": 7314.1640625,
      "loudness": -63.37826919555664,
      "loudness_range": 29.510406494140625,
      "low_freq": 4349.24462890625,
      "mid_mean": -59.6727180480957,
      "mid_to_side_loudness": -4.503347873687744,
      "mid_to_side_loudness_range": 4.759387016296387,
      "side_mean": -62.81468200683594
    },
    {
      "high_freq": 12199.2666015625,
      "loudness": -71.06006622314453,
      "loudness_range": 19.047801971435547,
      "low_freq": 7314.1640625,
      "mid_mean": -66.32488250732422,
      "mid_to_side_loudness": 0.2109161913394928,
      "mid_to_side_loudness_range": 3.2103543281555176,
      "side_mean": -66.25910949707031
    },
    {
      "loudness": -77.14776611328125,
      "loudness_range": 2.7200088500976562,
      "low_freq": 12199.2666015625,
      "mid_mean": -69.07206726074219,
      "mid_to_side_loudness": 0.953894853591919,
      "mid_to_side_loudness_range": 2.3799991607666016,
      "side_mean": -68.79623413085938
    }
  ],
  "bandwidth": 672.1838989257812,
  "channels": 2,
  "covariance": [
    [
      78.44491577148438,
      23.790159225463867,
      29.849821090698242,
      28.872955322265625,
      29.509782791137695,
      18.65135383605957,
      12.937108993530273,
      27.908742904663086,
      5.343428134918213,
      18.529579162597656,
      18.87571144104004,
      30.535598754882812,
      26.965089797973633,
      26.046321868896484,
      21.27902603149414,
      21.440519332885742,
      3.2891552448272705,
      5.611597537994385
    ],
    [
      23.790159225463867,
      12.034588813781738,
      6.682589054107666,
      6.175942897796631,
      8.105600357055664,
      -0.12574097514152527,
      -4.577616214752197,
      -2.7059996128082275,
      -9.652182579040527,
      -6.96745491027832,
      -1.8963708877563477,
      0.031920693814754486,
      -4.28270959854126,
      -2.3935892581939697,
      -2.072174072265625,
      -1.8309495449066162,
      -0.4841979742050171,
      -0.8261213898658752
    ],
    [
      29.849821090698242,
      6.682589054107666,
      63.34391403198242,
      39.59275817871094,
      24.834224700927734,
      17.821247100830078,
      6.99476957321167,
      13.192521095275879,
      3.4412918090820312,
      6.7688422203063965,
      20.227170944213867,
      21.32401466369629,
      8.273467063903809,
      7.224730968475342,
      12.494526863098145,
      12.475903511047363,
      2.5507400035858154,
      4.249502182006836
    ],
    [
      28.872955322265625,
      6.175942897796631,
      39.59275817871094,
      52.427757263183594,
      16.49859046936035,
      26.74789810180664,
      6.40551233291626,
      26.247211456298828,
      3.916783332824707,
      17.162555694580078,
      18.8228702545166,
      29.92510986328125,
      12.432421684265137,
      9.832365989685059,
      6.5200958251953125,
      6.905460357666016,
      1.4592102766036987,
      2.2215373516082764
    ],
    [
      29.509782791137695,
      8.105600357055664,
      24.834224700927734,
      16.49859046936035,
      36.1635627746582,
      22.41828155517578,
      29.595474243164062,
      26.499561309814453,
      12.50287914276123,
      13.832250595092773,
      23.732688903808594,
      23.764850616455078,
      22.117111206054688,
      20.69805145263672,
      13.714101791381836,
      14.063398361206055,
      2.0511815547943115,
      3.77878475189209
    ],
    [
      18.65135383605957,
      -0.12574097514152527,
      17.821247100830078,
      26.74789810180664,
      22.41828155517578,
      40.352783203125,
      33.19260025024414,
      45.65272521972656,
      23.12826156616211,
      35.178550720214844,
      28.596263885498047,
      38.30922317504883,
      33.3398323059082,
      27.836923599243164,
      14.74616527557373,
      14.839065551757812,
      1.772469401359558,
      3.296643018722534
    ],
    [
      12.937108993530273,
      -4.577616214752197,
      6.99476957321167,
      6.40551233291626,
      29.595474243164062,
      33.19260025024414,
      76.53938293457031,
      66.53219604492188,
      52.62846755981445,
      50.06071853637695,
      50.924808502197266,
      48.00570297241211,
      57.01809310913086,
      49.11320114135742,
      27.838781356811523,
      27.648662567138672,
      2.829623222351074,
      5.689824104309082
    ],
    [
      27.908742904663086,
      -2.7059996128082275,
      13.192521095275879,
      26.247211456298828,
      26.499561309814453,
      45.65272521972656,
      66.53219604492188,
      83.49212646484375,
      50.540626525878906,
      66.76165008544922,
      49.16167449951172,
      63.644500732421875,
      63.050270080566406,
      52.39290237426758,
      28.936813354492188,
      28.758134841918945,
      3.046660900115967,
      5.95494270324707
    ],
    [
      5.343428134918213,
      -9.652182579040527,
      3.4412918090820312,
      3.916783332824707,
      12.50287914276123,
      23.12826156616211,
      52.62846755981445,
      50.540626525878906,
      61.742305755615234,
      55.91539764404297,
      47.06117630004883,
      44.70551681518555,
      56.0470085144043,
      47.40261459350586,
      28.666444778442383,
      28.10879135131836,
      2.8130576610565186,
      5.619995594024658
    ],
    [
      18.529579162597656,
      -6.96745491027832,
      6.7688422203063965,
      17.162555694580078,
      13.832250595092773,
      35.178550720214844,
      50.06071853637695,
      66.76165008544922,
      55.91539764404297,
      69.28199768066406,
      45.66501235961914,
      57.75358963012695,
      61.38211441040039,
      50.53142547607422,
      29.361042022705078,
      28.94314956665039,
      2.971111297607422,
      5.838788986206055
    ],
    [
      18.87571144104004,
      -1.8963708877563477,
      20.227170944213867,
      18.8228702545166,
      23.732688903808594,
      28.596263885498047,
      50.924808502197266,
      49.16167449951172,
      47.06117630004883,
      45.66501235961914,
      60.15761947631836,
      56.41545486450195,
      52.61952209472656,
      47.108455657958984,
      29.066753387451172,
      29.471776962280273,
      4.1505045890808105,
      7.566791534423828
    ],
    [
      30.535598754882812,
      0.031920693814754486,
      21.32401466369629,
      29.92510986328125,
      23.764850616455078,
      38.30922317504883,
      48.00570297241211,
      63.644500732421875,
      44.70551681518555,
      57.75358963012695,
      56.41545486450195,
      66.92985534667969,
      58.260650634765625,
      50.617469787597656,
      29.91963768005371,
      30.367942810058594,
      4.200628280639648,
      7.685004711151123
    ],
    [
      26.965089797973633,
      -4.28270959854126,
      8.273467063903809,
      12.432421684265137,
      22.117111206054688,
      33.3398323059082,
      57.01809310913086,
      63.050270080566406,
      56.0470085144043,
      61.38211441040039,
      52.61952209472656,
      58.260650634765625,
      73.17247009277344,
      63.85630798339844,
      42.31950759887695,
      42.20680236816406,
      6.4507646560668945,
      11.581164360046387
    ],
    [
      26.046321868896484,
      -2.3935892581939697,
      7.224730968475342,
      9.832365989685059,
      20.69805145263672,
      27.836923599243164,
      49.11320114135742,
      52.39290237426758,
      47.40261459350586,
      50.53142547607422,
      47.108455657958984,
      50.617469787597656,
      63.85630798339844,
      57.36982727050781,
      38.658145904541016,
      39.05936050415039,
      6.197520732879639,
      11.206249237060547
    ],
    [
      21.27902603149414,
      -2.072174072265625,
      12.494526863098145,
      6.5200958251953125,
      13.714101791381836,
      14.74616527557373,
      27.838781356811523,
      28.936813354492188,
      28.666444778442383,
      29.361042022705078,
      29.066753387451172,
      29.91963768005371,
      42.31950759887695,
      38.658145904541016,
      42.21397399902344,
      42.23415756225586,
      8.461917877197266,
      14.61892032623291
    ],
    [
      21.440519332885742,
      -1.8309495449066162,
      12.475903511047363,
      6.905460357666016,
      14.063398361206055,
      14.839065551757812,
      27.648662567138672,
      28.758134841918945,
      28.10879135131836,
      28.94314956665039,
      29.471776962280273,
      30.367942810058594,
      42.20680236816406,
      39.05936050415039,
      42.23415756225586,
      42.663814544677734,
      8.655162811279297,
      15.111130714416504
    ],
    [
      3.2891552448272705,
      -0.4841979742050171,
      2.5507400035858154,
      1.4592102766036987,
      2.0511815547943115,
      1.772469401359558,
      2.829623222351074,
      3.046660900115967,
      2.8130576610565186,
      2.971111297607422,
      4.1505045890808105,
      4.200628280639648,
      6.4507646560668945,
      6.197520732879639,
      8.461917877197266,
      8.655162811279297,
      2.8665003776550293,
      4.575874328613281
    ],
    [
      5.611597537994385,
      -0.8261213898658752,
      4.249502182006836,
      2.2215373516082764,
      3.77878475189209,
      3.296643018722534,
      5.689824104309082,
      5.95494270324707,
      5.619995594024658,
      5.838788986206055,
      7.566791534423828,
      7.685004711151123,
      11.581164360046387,
      11.206249237060547,
      14.61892032623291,
      15.111130714416504,
      4.575874328613281,
      7.6533942222595215
    ]
  ],
  "covariance_short": [
    [
      70.79192352294922,
      18.31842803955078,
      34.32038116455078,
      26.488597869873047,
      27.53193473815918,
      16.8794002532959,
      9.681025505065918,
      23.0529842376709,
      3.723994255065918,
      15.09386920928955,
      15.791036605834961,
      25.454954147338867,
      21.498945236206055,
      20.612442016601562,
      12.84274673461914,
      13.358368873596191,
      1.4250680208206177,
      2.500114679336548
    ],
    [
      18.31842803955078,
      9.723479270935059,
      8.48086929321289,
      5.964054584503174,
      7.183250427246094,
      -0.44696280360221863,
      -4.585522651672363,
      -2.9575002193450928,
      -8.131173133850098,
      -5.806313991546631,
      -1.8368600606918335,
      -0.12795239686965942,
      -3.5686604976654053,
      -2.105854034423828,
      -1.2309117317199707,
      -1.034777283668518,
      -0.2895733416080475,
      -0.4281434416770935
    ],
    [
      34.32038116455078,
      8.48086929321289,
      84.93852233886719,
      42.40394592285156,
      32.540611267089844,
      19.2514705657959,
      6.956707954406738,
      12.629783630371094,
      4.555447101593018,
      6.569736957550049,
      20.447175979614258,
      21.700136184692383,
      9.04394245147705,
      8.20771312713623,
      11.084556579589844,
      11.533831596374512,
      1.9386411905288696,
      3.3187100887298584
    ],
    [
      26.488597869873047,
      5.964054584503174,
      42.40394592285156,
      54.02674102783203,
      19.4851131439209,
      26.912199020385742,
      5.035033702850342,
      23.343835830688477,
      2.586122751235962,
      14.836291313171387,
      17.40668487548828,
      26.796409606933594,
      10.075421333312988,
      7.676445007324219,
      3.729767322540283,
      4.251099586486816,
      0.2552207112312317,
      0.5716623067855835
    ],
    [
      27.53193473815918,
      7.183250427246094,
      32.540611267089844,
      19.4851131439209,
      45.59699249267578,
      25.163774490356445,
      30.582441329956055,
      26.495954513549805,
      16.728515625,
      16.310009002685547,
      27.972597122192383,
      26.712966918945312,
      22.387861251831055,
      20.065027236938477,
      10.533246994018555,
      10.903749465942383,
      1.2996881008148193,
      2.2426915168762207
    ],
    [
      16.8794002532959,
      -0.44696280360221863,
      19.2514705657959,
      26.912199020385742,
      25.163774490356445,
      47.17435073852539,
      32.12010192871094,
      45.765018463134766,
      23.620132446289062,
      35.622920989990234,
      30.7247314453125,
      39.70932388305664,
      32.07893371582031,
      26.124664306640625,
      10.669309616088867,
      10.86086654663086,
      1.1723400354385376,
      1.9985183477401733
    ],
    [
      9.681025505065918,
      -4.585522651672363,
      6.956707954406738,
      5.035033702850342,
      30.582441329956055,
      32.12010192871094,
      79.65167236328125,
      65.6231460571289,
      53.58470153808594,
      49.62995147705078,
      53.14272689819336,
      49.21445846557617,
      53.436180114746094,
      44.898983001708984,
      18.872865676879883,
      18.739957809448242,
      1.6069626808166504,
      2.955310583114624
    ],
    [
      23.0529842376709,
      -2.9575002193450928,
      12.629783630371094,
      23.343835830688477,
      26.495954513549805,
      45.765018463134766,
      65.6231460571289,
      84.14529418945312,
      49.2143669128418,
      64.75725555419922,
      51.12160873413086,
      63.28342819213867,
      58.62438201904297,
      47.89649200439453,
      19.595060348510742,
      19.70623207092285,
      1.8111884593963623,
      3.272020101547241
    ],
    [
      3.723994255065918,
      -8.131173133850098,
      4.555447101593018,
      2.586122751235962,
      16.728515625,
      23.620132446289062,
      53.58470153808594,
      49.2143669128418,
      64.87673950195312,
      57.69725036621094,
      50.958683013916016,
      46.41261291503906,
      53.74464416503906,
      44.65028762817383,
      20.974313735961914,
      20.534912109375,
      1.8637664318084717,
      3.3281631469726562
    ],
    [
      15.09386920928955,
      -5.806313991546631,
      6.569736957550049,
      14.836291313171387,
      16.310009002685547,
      35.622920989990234,
      49.62995147705078,
      64.75725555419922,
      57.69725036621094,
      69.49984741210938,
      48.70799255371094,
      57.931373596191406,
      57.31031799316406,
      46.425357818603516,
      20.375532150268555,
      20.203487396240234,
      1.7769801616668701,
      3.2275798320770264
    ],
    [
      15.791036605834961,
      -1.8368600606918335,
      20.447175979614258,
      17.40668487548828,
      27.972597122192383,
      30.7247314453125,
      53.14272689819336,
      51.12160873413086,
      50.958683013916016,
      48.70799255371094,
      70.85740661621094,
      64.94474792480469,
      55.2775993347168,
      48.44702911376953,
      24.278011322021484,
      24.747793197631836,
      2.925137758255005,
      5.241255760192871
    ],
    [
      25.454954147338867,
      -0.12795239686965942,
      21.700136184692383,
      26.796409606933594,
      26.712966918945312,
      39.70932388305664,
      49.21445846557617,
      63.28342819213867,
      46.41261291503906,
      57.931373596191406,
      64.94474792480469,
      72.3616714477539,
      58.489418029785156,
      50.149898529052734,
      23.845041275024414,
      24.48355484008789,
      2.8265655040740967,
      5.118386745452881
    ],
    [
      21.498945236206055,
      -3.5686604976654053,
      9.04394245147705,
      10.075421333312988,
      22.387861251831055,
      32.07893371582031,
      53.436180114746094,
      58.62438201904297,
      53.74464416503906,
      57.31031799316406,
      55.2775993347168,
      58.489418029785156,
      68.70398712158203,
      59.398258209228516,
      30.07462501525879,
      30.315265655517578,
      3.949305772781372,
      6.972257614135742
    ],
    [
      20.612442016601562,
      -2.105854034423828,
      8.20771312713623,
      7.676445007324219,
      20.065027236938477,
      26.124664306640625,
      44.898983001708984,
      47.89649200439453,
      44.65028762817383,
      46.425357818603516,
      48.44702911376953,
      50.149898529052734,
      59.398258209228516,
      53.15996551513672,
      27.235244750976562,
      27.939449310302734,
      3.7149136066436768,
      6.669126510620117
    ],
    [
      12.84274673461914,
      -1.2309117317199707,
      11.084556579589844,
      3.729767322540283,
      10.533246994018555,
      10.669309616088867,
      18.872865676879883,
      19.595060348510742,
      20.974313735961914,
      20.375532150268555,
      24.278011322021484,
      23.845041275024414,
      30.07462501525879,
      27.235244750976562,
      26.795001983642578,
      26.754117965698242,
      5.309795379638672,
      8.667494773864746
    ],
    [
      13.358368873596191,
      -1.034777283668518,
      11.533831596374512,
      4.251099586486816,
      10.903749465942383,
      10.86086654663086,
      18.739957809448242,
      19.70623207092285,
      20.534912109375,
      20.203487396240234,
      24.747793197631836,
      24.48355484008789,
      30.315265655517578,
      27.939449310302734,
      26.754117965698242,
      27.105087280273438,
      5.379175186157227,
      8.884052276611328
    ],
    [
      1.4250680208206177,
      -0.2895733416080475,
      1.9386411905288696,
      0.2552207112312317,
      1.2996881008148193,
      1.1723400354385376,
      1.6069626808166504,
      1.8111884593963623,
      1.8637664318084717,
      1.7769801616668701,
      2.925137758255005,
      2.8265655040740967,
      3.949305772781372,
      3.7149136066436768,
      5.309795379638672,
      5.379175186157227,
      1.9566221237182617,
      2.878335952758789
    ],
    [
      2.500114679336548,
      -0.4281434416770935,
      3.3187100887298584,
      0.5716623067855835,
      2.2426915168762207,
      1.9985183477401733,
      2.955310583114624,
      3.272020101547241,
      3.3281631469726562,
      3.2275798320770264,
      5.241255760192871,
      5.118386745452881,
      6.972257614135742,
      6.669126510620117,
      8.667494773864746,
      8.884052276611328,
      2.878335952758789,
      4.479275703430176
    ]
  ],
  "damage": -12.100263595581055,
  "diff_bandwidth": 681.6393432617188,
  "dissonance": 4.395620488282215,
  "drr": 3.90205717086792,
  "dynamics": 4.988550186157227,
  "format": 1245190,
  "frames": 1295296,
  "loudness": -21.071229934692383,
  "loudness_range": 16.32289695739746,
  "loudness_range_short": 19.256141662597656,
  "lowpass_true_peak_15khz": -5.593781471252441,
  "mastering3_acoustic_entropies": [
    {
      "acoustic_entropy": 7.6986918449401855,
      "acoustic_entropy_mono": 7.350090503692627,
      "band_eliminated_acoustic_entropies": [
        {
          "acoustic_entropy": 7.698816299438477,
          "acoustic_entropy_side": 7.698691368103027,
          "hz": 129.47220167065723
        },
        {
          "acoustic_entropy": 7.715800762176514,
          "acoustic_entropy_side": 7.6986918449401855,
          "hz": 202.92927478742237
        },
        {
          "acoustic_entropy": 7.7623138427734375,
          "acoustic_entropy_side": 7.69870138168335,
          "hz": 282.89161906338205
        },
        {
          "acoustic_entropy": 7.297269344329834,
          "acoustic_entropy_side": 7.697818279266357,
          "hz": 369.9353335868758
        },
        {
          "acoustic_entropy": 7.10761833190918,
          "acoustic_entropy_side": 7.696760177612305,
          "hz": 464.6875360973435
        },
        {
          "acoustic_entropy": 6.773048400878906,
          "acoustic_entropy_side": 7.698570728302002,
          "hz": 567.8308811364784
        },
        {
          "acoustic_entropy": 7.681583404541016,
          "acoustic_entropy_side": 7.688405990600586,
          "hz": 680.1084783214808
        },
        {
          "acoustic_entropy": 7.926692008972168,
          "acoustic_entropy_side": 7.702062606811523,
          "hz": 802.3292461747484
        },
        {
          "acoustic_entropy": 7.393209457397461,
          "acoustic_entropy_side": 7.6997270584106445,
          "hz": 935.3737400823702
        },
        {
          "acoustic_entropy": 7.434199810028076,
          "acoustic_entropy_side": 7.704708576202393,
          "hz": 1080.2004963696966
        },
        {
          "acoustic_entropy": 7.558358192443848,
          "acoustic_entropy_side": 7.715127944946289,
          "hz": 1237.8529382007157
        },
        {
          "acoustic_entropy": 7.522404670715332,
          "acoustic_entropy_side": 7.696423530578613,
          "hz": 1409.4668930556702
        },
        {
          "acoustic_entropy": 7.510254383087158,
          "acoustic_entropy_side": 7.699865818023682,
          "hz": 1596.2787759475705
        },
        {
          "acoustic_entropy": 7.535558700561523,
          "acoustic_entropy_side": 7.697271823883057,
          "hz": 1799.6344973346393
        },
        {
          "acoustic_entropy": 7.844489574432373,
          "acoustic_entropy_side": 7.697459697723389,
          "hz": 2020.9991599069049
        },
        {
          "acoustic_entropy": 7.707701206207275,
          "acoustic_entropy_side": 7.698678493499756,
          "hz": 2261.9676141086993
        },
        {
          "acoustic_entropy": 7.651711940765381,
          "acoustic_entropy_side": 7.698678016662598,
          "hz": 2524.2759484456974
        },
        {
          "acoustic_entropy": 7.844683647155762,
          "acoustic_entropy_side": 7.708876132965088,
          "hz": 2809.813997359896
        },
        {
          "acoustic_entropy": 7.750721454620361,
          "acoustic_entropy_side": 7.699481010437012,
          "hz": 3120.6389567871424
        },
        {
          "acoustic_entropy": 7.815131187438965,
          "acoustic_entropy_side": 7.397278785705566,
          "hz": 3458.990205492291
        },
        {
          "acoustic_entropy": 7.423981666564941,
          "acoustic_entropy_side": 7.689149856567383,
          "hz": 3827.305438964164
        },
        {
          "acoustic_entropy": 7.704433441162109,
          "acoustic_entropy_side": 7.698853015899658,
          "hz": 4228.238232109126
        },
        {
          "acoustic_entropy": 7.701298236846924,
          "acoustic_entropy_side": 7.698781490325928,
          "hz": 4664.6771572759235
        },
        {
          "acoustic_entropy": 7.698247909545898,
          "acoustic_entropy_side": 7.69868278503418,
          "hz": 5139.766595350093
        },
        {
          "acoustic_entropy": 7.699658393859863,
          "acoustic_entropy_side": 7.6987624168396,
          "hz": 5656.929389854203
        },
        {
          "acoustic_entropy": 7.698722839355469,
          "acoustic_entropy_side": 7.698730945587158,
          "hz": 6219.891507268283
        },
        {
          "acoustic_entropy": 7.692892074584961,
          "acoustic_entropy_side": 7.696962833404541,
          "hz": 6832.70888123896
        },
        {
          "acoustic_entropy": 7.469141006469727,
          "acoustic_entropy_side": 7.638489723205566,
          "hz": 7499.796634079867
        },
        {
          "acoustic_entropy": 7.699115753173828,
          "acoustic_entropy_side": 7.698800086975098,
          "hz": 8225.96088609342
        },
        {
          "acoustic_entropy": 7.698877334594727,
          "acoustic_entropy_side": 7.698767185211182,
          "hz": 9016.43338188839
        },
        {
          "acoustic_entropy": 7.670170307159424,
          "acoustic_entropy_side": 7.68052339553833,
          "hz": 9876.909183162974
        },
        {
          "acoustic_entropy": 7.6955246925354,
          "acoustic_entropy_side": 7.696468353271484,
          "hz": 10813.587699516042
        },
        {
          "acoustic_entropy": 7.696065902709961,
          "acoustic_entropy_side": 7.696606159210205,
          "hz": 11833.21735289826
        },
        {
          "acoustic_entropy": 7.697835445404053,
          "acoustic_entropy_side": 7.697917461395264,
          "hz": 12943.144197493959
        },
        {
          "acoustic_entropy": 7.698282241821289,
          "acoustic_entropy_side": 7.698297500610352,
          "hz": 14151.364845322005
        },
        {
          "acoustic_entropy": 7.698688507080078,
          "acoustic_entropy_side": 7.698688507080078,
          "hz": 15466.58407886509
        },
        {
          "acoustic_entropy": 7.698691368103027,
          "acoustic_entropy_side": 7.698691368103027,
          "hz": 16898.27756580493
        },
        {
          "acoustic_entropy": 7.6986918449401855,
          "acoustic_entropy_side": 7.6986918449401855,
          "hz": 18456.760127700032
        },
        {
          "acoustic_entropy": 7.6986918449401855,
          "acoustic_entropy_side": 7.6986918449401855,
          "hz": 20153.260054456492
        },
        {
          "acoustic_entropy": 7.6986918449401855,
          "acoustic_entropy_side": 7.6986918449401855,
          "hz": 22000.00000000001
        }
      ],
      "diff_acoustic_entropy": 3.466348648071289,
      "sn": 6
    },
    {
      "acoustic_entropy": 10.632216453552246,
      "acoustic_entropy_mono": 11.24992847442627,
      "band_eliminated_acoustic_entropies": [
        {
          "acoustic_entropy": 10.63359260559082,
          "acoustic_entropy_side": 10.632216453552246,
          "hz": 129.47220167065723
        },
        {
          "acoustic_entropy": 10.906511306762695,
          "acoustic_entropy_side": 10.632257461547852,
          "hz": 202.92927478742237
        },
        {
          "acoustic_entropy": 11.579424858093262,
          "acoustic_entropy_side": 10.632953643798828,
          "hz": 282.89161906338205
        },
        {
          "acoustic_entropy": 10.692571640014648,
          "acoustic_entropy_side": 10.591134071350098,
          "hz": 369.9353335868758
        },
        {
          "acoustic_entropy": 10.93415641784668,
          "acoustic_entropy_side": 10.630868911743164,
          "hz": 464.6875360973435
        },
        {
          "acoustic_entropy": 10.084012031555176,
          "acoustic_entropy_side": 10.6587495803833,
          "hz": 567.8308811364784
        },
        {
          "acoustic_entropy": 10.814024925231934,
          "acoustic_entropy_side": 10.662665367126465,
          "hz": 680.1084783214808
        },
        {
          "acoustic_entropy": 10.85491943359375,
          "acoustic_entropy_side": 10.615883827209473,
          "hz": 802.3292461747484
        },
        {
          "acoustic_entropy": 10.120244979858398,
          "acoustic_entropy_side": 10.695455551147461,
          "hz": 935.3737400823702
        },
        {
          "acoustic_entropy": 11.048042297363281,
          "acoustic_entropy_side": 10.652302742004395,
          "hz": 1080.2004963696966
        },
        {
          "acoustic_entropy": 9.63967514038086,
          "acoustic_entropy_side": 10.70095443725586,
          "hz": 1237.8529382007157
        },
        {
          "acoustic_entropy": 10.455146789550781,
          "acoustic_entropy_side": 10.616214752197266,
          "hz": 1409.4668930556702
        },
        {
          "acoustic_entropy": 11.116450309753418,
          "acoustic_entropy_side": 10.638060569763184,
          "hz": 1596.2787759475705
        },
        {
          "acoustic_entropy": 10.548600196838379,
          "acoustic_entropy_side": 10.639185905456543,
          "hz": 1799.6344973346393
        },
        {
          "acoustic_entropy": 10.675271034240723,
          "acoustic_entropy_side": 10.625722885131836,
          "hz": 2020.9991599069049
        },
        {
          "acoustic_entropy": 10.825580596923828,
          "acoustic_entropy_side": 10.628515243530273,
          "hz": 2261.9676141086993
        },
        {
          "acoustic_entropy": 10.497909545898438,
          "acoustic_entropy_side": 10.634214401245117,
          "hz": 2524.2759484456974
        },
        {
          "acoustic_entropy": 11.041937828063965,
          "acoustic_entropy_side": 10.685656547546387,
          "hz": 2809.813997359896
        },
        {
          "acoustic_entropy": 10.88438892364502,
          "acoustic_entropy_side": 10.615808486938477,
          "hz": 3120.6389567871424
        },
        {
          "acoustic_entropy": 10.105489730834961,
          "acoustic_entropy_side": 11.388839721679688,
          "hz": 3458.990205492291
        },
        {
          "acoustic_entropy": 11.10398006439209,
          "acoustic_entropy_side": 10.745772361755371,
          "hz": 3827.305438964164
        },
        {
          "acoustic_entropy": 10.593221664428711,
          "acoustic_entropy_side": 10.629475593566895,
          "hz": 4228.238232109126
        },
        {
          "acoustic_entropy": 10.652105331420898,
          "acoustic_entropy_side": 10.633756637573242,
          "hz": 4664.6771572759235
        },
        {
          "acoustic_entropy": 10.6491060256958,
          "acoustic_entropy_side": 10.633218765258789,
          "hz": 5139.766595350093
        },
        {
          "acoustic_entropy": 10.646020889282227,
          "acoustic_entropy_side": 10.632777214050293,
          "hz": 5656.929389854203
        },
        {
          "acoustic_entropy": 10.626836776733398,
          "acoustic_entropy_side": 10.631634712219238,
          "hz": 6219.891507268283
        },
        {
          "acoustic_entropy": 10.673237800598145,
          "acoustic_entropy_side": 10.65035343170166,
          "hz": 6832.70888123896
        },
        {
          "acoustic_entropy": 11.342351913452148,
          "acoustic_entropy_side": 11.097723007202148,
          "hz": 7499.796634079867
        },
        {
          "acoustic_entropy": 10.615318298339844,
          "acoustic_entropy_side": 10.62685489654541,
          "hz": 8225.96088609342
        },
        {
          "acoustic_entropy": 10.618149757385254,
          "acoustic_entropy_side": 10.625121116638184,
          "hz": 9016.43338188839
        },
        {
          "acoustic_entropy": 10.737286567687988,
          "acoustic_entropy_side": 10.753084182739258,
          "hz": 9876.909183162974
        },
        {
          "acoustic_entropy": 10.676094055175781,
          "acoustic_entropy_side": 10.662850379943848,
          "hz": 10813.587699516042
        },
        {
          "acoustic_entropy": 10.678998947143555,
          "acoustic_entropy_side": 10.66811466217041,
          "hz": 11833.21735289826
        },
        {
          "acoustic_entropy": 10.647485733032227,
          "acoustic_entropy_side": 10.64582347869873,
          "hz": 12943.144197493959
        },
        {
          "acoustic_entropy": 10.642001152038574,
          "acoustic_entropy_side": 10.641593933105469,
          "hz": 14151.364845322005
        },
        {
          "acoustic_entropy": 10.632277488708496,
          "acoustic_entropy_side": 10.63227653503418,
          "hz": 15466.58407886509
        },
        {
          "acoustic_entropy": 10.632221221923828,
          "acoustic_entropy_side": 10.632221221923828,
          "hz": 16898.27756580493
        },
        {
          "acoustic_entropy": 10.632216453552246,
          "acoustic_entropy_side": 10.632216453552246,
          "hz": 18456.760127700032
        },
        {
          "acoustic_entropy": 10.632216453552246,
          "acoustic_entropy_side": 10.632216453552246,
          "hz": 20153.260054456492
        },
        {
          "acoustic_entropy": 10.632216453552246,
          "acoustic_entropy_side": 10.632216453552246,
          "hz": 22000.00000000001
        }
      ],
      "diff_acoustic_entropy": 5.439790725708008,
      "sn": 12
    },
    {
      "acoustic_entropy": 15.7055025100708,
      "acoustic_entropy_mono": 15.893664360046387,
      "band_eliminated_acoustic_entropies": [
        {
          "acoustic_entropy": 15.581674575805664,
          "acoustic_entropy_side": 15.705427169799805,
          "hz": 129.47220167065723
        },
        {
          "acoustic_entropy": 15.484526634216309,
          "acoustic_entropy_side": 15.70520305633545,
          "hz": 202.92927478742237
        },
        {
          "acoustic_entropy": 16.012346267700195,
          "acoustic_entropy_side": 15.71995735168457,
          "hz": 282.89161906338205
        },
        {
          "acoustic_entropy": 15.916205406188965,
          "acoustic_entropy_side": 15.453083992004395,
          "hz": 369.9353335868758
        },
        {
          "acoustic_entropy": 15.845718383789062,
          "acoustic_entropy_side": 15.54554271697998,
          "hz": 464.6875360973435
        },
        {
          "acoustic_entropy": 14.89875316619873,
          "acoustic_entropy_side": 15.78701400756836,
          "hz": 567.8308811364784
        },
        {
          "acoustic_entropy": 15.377376556396484,
          "acoustic_entropy_side": 15.94499683380127,
          "hz": 680.1084783214808
        },
        {
          "acoustic_entropy": 15.877360343933105,
          "acoustic_entropy_side": 15.479461669921875,
          "hz": 802.3292461747484
        },
        {
          "acoustic_entropy": 15.062278747558594,
          "acoustic_entropy_side": 15.941208839416504,
          "hz": 935.3737400823702
        },
        {
          "acoustic_entropy": 16.620519638061523,
          "acoustic_entropy_side": 15.952201843261719,
          "hz": 1080.2004963696966
        },
        {
          "acoustic_entropy": 14.955812454223633,
          "acoustic_entropy_side": 16.30008888244629,
          "hz": 1237.8529382007157
        },
        {
          "acoustic_entropy": 15.080395698547363,
          "acoustic_entropy_side": 15.542475700378418,
          "hz": 1409.4668930556702
        },
        {
          "acoustic_entropy": 15.551459312438965,
          "acoustic_entropy_side": 15.570364952087402,
          "hz": 1596.2787759475705
        },
        {
          "acoustic_entropy": 15.891257286071777,
          "acoustic_entropy_side": 15.83937931060791,
          "hz": 1799.6344973346393
        },
        {
          "acoustic_entropy": 16.096023559570312,
          "acoustic_entropy_side": 15.961686134338379,
          "hz": 2020.9991599069049
        },
        {
          "acoustic_entropy": 15.447755813598633,
          "acoustic_entropy_side": 15.680214881896973,
          "hz": 2261.9676141086993
        },
        {
          "acoustic_entropy": 15.620083808898926,
          "acoustic_entropy_side": 15.702136039733887,
          "hz": 2524.2759484456974
        },
        {
          "acoustic_entropy": 15.949250221252441,
          "acoustic_entropy_side": 15.693469047546387,
          "hz": 2809.813997359896
        },
        {
          "acoustic_entropy": 15.601710319519043,
