{
  "acoustic_entropy": 236.19717407226562,
  "bands": [
    {
      "high_freq": 148.1999969482422,
      "loudness": -33.25213623046875,
      "loudness_range": 17.214580535888672,
      "mid_mean": -31.086105346679688,
      "mid_to_side_loudness": -4.857419013977051,
      "mid_to_side_loudness_range": 9.131601333618164,
      "side_mean": -35.77762222290039
    },
    {
      "high_freq": 392.3793640136719,
      "loudness": -30.922090530395508,
      "loudness_range": 13.228509902954102,
      "low_freq": 148.1999969482422,
      "mid_mean": -29.002470016479492,
      "mid_to_side_loudness": -3.7279441356658936,
      "mid_to_side_loudness_range": 8.79941177368164,
      "side_mean": -32.66765594482422
    },
    {
      "high_freq": 794.6976318359375,
      "loudness": -31.341480255126953,
      "loudness_range": 17.50556755065918,
      "low_freq": 392.3793640136719,
      "mid_mean": -28.9966983795166,
      "mid_to_side_loudness": -4.963665962219238,
      "mid_to_side_loudness_range": 7.776551723480225,
      "side_mean": -33.96334457397461
    },
    {
      "high_freq": 1457.5709228515625,
      "loudness": -35.66337203979492,
      "loudness_range": 22.803050994873047,
      "low_freq": 794.6976318359375,
      "mid_mean": -33.68920135498047,
      "mid_to_side_loudness": -3.8763678073883057,
      "mid_to_side_loudness_range": 7.92208194732666,
      "side_mean": -37.53670120239258
    },
    {
      "high_freq": 2549.74365234375,
      "loudness": -37.51618957519531,
      "loudness_range": 27.227439880371094,
      "low_freq": 1457.5709228515625,
      "mid_mean": -35.72962188720703,
      "mid_to_side_loudness": -3.07029128074646,
      "mid_to_side_loudness_range": 6.453544616699219,
      "side_mean": -38.726112365722656
    },
    {
      "high_freq": 4349.24462890625,
      "loudness": -37.059471130371094,
      "loudness_range": 24.7530517578125,
      "low_freq": 2549.74365234375,
      "mid_mean": -35.0620002746582,
      "mid_to_side_loudness": -3.5543975830078125,
      "mid_to_side_loudness_range": 5.106915473937988,
      "side_mean": -38.59605407714844
    },
    {
      "high_freq": 7314.1640625,
      "loudness": -38.51470184326172,
      "loudness_range": 24.392803192138672,
      "low_freq": 4349.24462890625,
      "mid_mean": -36.24323654174805,
      "mid_to_side_loudness": -4.279255390167236,
      "mid_to_side_loudness_range": 3.2726714611053467,
      "side_mean": -40.74618148803711
    },
    {
      "high_freq": 12199.2666015625,
      "loudness": -45.01234817504883,
      "loudness_range": 25.304649353027344,
      "low_freq": 7314.1640625,
      "mid_mean": -43.53300857543945,
      "mid_to_side_loudness": -3.759399652481079,
      "mid_to_side_loudness_range": 4.110988140106201,
      "side_mean": -48.015872955322266
    },
    {
      "loudness": -59.62723922729492,
      "loudness_range": 17.70108413696289,
      "low_freq": 12199.2666015625,
      "mid_mean": -58.107242584228516,
      "mid_to_side_loudness": -0.41429516673088074,
      "mid_to_side_loudness_range": 1.0219074487686157,
      "side_mean": -58.39741134643555
    }
  ],
  "bands_short": [
    {
      "high_freq": 148.1999969482422,
      "loudness": -37.78142166137695,
      "loudness_range": 25.00641632080078,
      "mid_mean": -35.694847106933594,
      "mid_to_side_loudness": -5.818403720855713,
      "mid_to_side_loudness_range": 13.30292797088623,
      "side_mean": -41.20895004272461
    },
    {
      "high_freq": 392.3793640136719,
      "loudness": -31.246868133544922,
      "loudness_range": 15.056863784790039,
      "low_freq": 148.1999969482422,
      "mid_mean": -29.33197784423828,
      "mid_to_side_loudness": -3.933908224105835,
      "mid_to_side_loudness_range": 10.01465129852295,
      "side_mean": -33.19387435913086
    },
    {
      "high_freq": 794.6976318359375,
      "loudness": -32.685245513916016,
      "loudness_range": 21.346723556518555,
      "low_freq": 392.3793640136719,
      "mid_mean": -30.453594207763672,
      "mid_to_side_loudness": -4.797570705413818,
      "mid_to_side_loudness_range": 9.569092750549316,
      "side_mean": -35.280433654785156
    },
    {
      "high_freq": 1457.5709228515625,
      "loudness": -37.17538070678711,
      "loudness_range": 27.161563873291016,
      "low_freq": 794.6976318359375,
      "mid_mean": -35.253517150878906,
      "mid_to_side_loudness": -3.7253546714782715,
      "mid_to_side_loudness_range": 8.59862995147705,
      "side_mean": -39.012107849121094
    },
    {
      "high_freq": 2549.74365234375,
      "loudness": -39.63615417480469,
      "loudness_range": 29.665334701538086,
      "low_freq": 1457.5709228515625,
      "mid_mean": -37.973793029785156,
      "mid_to_side_loudness": -2.890684127807617,
      "mid_to_side_loudness_range": 7.463400840759277,
      "side_mean": -40.746734619140625
    },
    {
      "high_freq": 4349.24462890625,
      "loudness": -38.24543762207031,
      "loudness_range": 25.68451499938965,
      "low_freq": 2549.74365234375,
      "mid_mean": -36.284122467041016,
      "mid_to_side_loudness": -3.45967435836792,
      "mid_to_side_loudness_range": 5.661766052246094,
      "side_mean": -39.73602294921875
    },
    {
      "high_freq": 7314.1640625,
      "loudness": -40.05135726928711,
      "loudness_range": 26.870765686035156,
      "low_freq": 4349.24462890625,
      "mid_mean": -37.82347106933594,
      "mid_to_side_loudness": -4.125148773193359,
      "mid_to_side_loudness_range": 3.9336137771606445,
      "side_mean": -42.217437744140625
    },
    {
      "high_freq": 12199.2666015625,
      "loudness": -46.26475143432617,
      "loudness_range": 27.99262237548828,
      "low_freq": 7314.1640625,
      "mid_mean": -44.854026794433594,
      "mid_to_side_loudness": -3.7676515579223633,
      "mid_to_side_loudness_range": 4.854102611541748,
      "side_mean": -49.2130126953125
    },
    {
      "loudness": -59.95685577392578,
      "loudness_range": 16.999820709228516,
      "low_freq": 12199.2666015625,
      "mid_mean": -58.403751373291016,
      "mid_to_side_loudness": -0.4216475784778595,
      "mid_to_side_loudness_range": 1.1967759132385254,
      "side_mean": -58.70166015625
    }
  ],
  "bandwidth": 751.71826171875,
  "channels": 2,
  "covariance": [
    [
      38.293643951416016,
      37.028568267822266,
      7.20831298828125,
      10.892420768737793,
      1.3332077264785767,
      3.84830641746521,
      2.1070809364318848,
      4.4903364181518555,
      11.914546012878418,
      13.95040512084961,
      14.851576805114746,
      16.21434211730957,
      19.00360679626465,
      19.436391830444336,
      21.695465087890625,
      24.40924644470215,
      10.756050109863281,
      11.204479217529297
    ],
    [
      37.028568267822266,
      50.511512756347656,
      10.221414566040039,
      17.900686264038086,
      1.415176510810852,
      5.19050407409668,
      1.0199952125549316,
      5.306059837341309,
      17.646692276000977,
      21.548526763916016,
      19.761545181274414,
      22.347631454467773,
      22.592670440673828,
      24.226402282714844,
      26.07552146911621,
      30.65068817138672,
      17.909934997558594,
      18.77153205871582
    ],
    [
      7.20831298828125,
      10.221414566040039,
      20.488872528076172,
      20.469942092895508,
      7.370442867279053,
      7.395687103271484,
      7.047928333282471,
      8.859390258789062,
      9.191117286682129,
      10.57934284210205,
      8.070261001586914,
      8.904090881347656,
      6.324790954589844,
      7.251766681671143,
      6.646190166473389,
      8.204787254333496,
      7.041069984436035,
      7.364024639129639
    ],
    [
      10.892420768737793,
      17.900686264038086,
      20.469942092895508,
      30.322647094726562,
      7.406810760498047,
      8.998565673828125,
      8.300631523132324,
      11.475937843322754,
      17.704206466674805,
      20.574832916259766,
      16.98775863647461,
      19.387928009033203,
      13.946944236755371,
      16.251789093017578,
      14.778066635131836,
      18.356733322143555,
      14.949499130249023,
      15.63621997833252
    ],
    [
      1.3332077264785767,
      1.415176510810852,
      7.370442867279053,
      7.406810760498047,
      39.265892028808594,
      33.724735260009766,
      39.078758239746094,
      36.66593933105469,
      31.63569450378418,
      30.65317726135254,
      15.880315780639648,
      16.531339645385742,
      5.23776388168335,
      5.1004557609558105,
      -0.6069281101226807,
      1.2192972898483276,
      -0.18569286167621613,
      -0.6913568377494812
    ],
    [
      3.84830641746521,
      5.19050407409668,
      7.395687103271484,
      8.998565673828125,
      33.724735260009766,
      35.74429702758789,
      37.02248001098633,
      35.79618453979492,
      34.66664505004883,
      34.307701110839844,
      20.274208068847656,
      21.6193790435791,
      10.46462345123291,
      10.758721351623535,
      6.313459396362305,
      9.19477367401123,
      4.507595062255859,
      4.199080944061279
    ],
    [
      2.1070809364318848,
      1.0199952125549316,
      7.047928333282471,
      8.300631523132324,
      39.078758239746094,
      37.02248001098633,
      63.13435363769531,
      57.86860275268555,
      48.879547119140625,
      47.514949798583984,
      27.791311264038086,
      28.92833709716797,
      15.423871040344238,
      16.336843490600586,
      8.371244430541992,
      13.156800270080566,
      4.662491798400879,
      4.277201175689697
    ],
    [
      4.4903364181518555,
      5.306059837341309,
      8.859390258789062,
      11.475937843322754,
      36.66593933105469,
      35.79618453979492,
      57.86860275268555,
      61.80625915527344,
      51.44852828979492,
      51.81697463989258,
      31.363414764404297,
      33.317718505859375,
      19.497167587280273,
      20.914247512817383,
      12.80106258392334,
      18.768922805786133,
      9.226102828979492,
      9.037576675415039
    ],
    [
      11.914546012878418,
      17.646692276000977,
      9.191117286682129,
      17.704206466674805,
      31.63569450378418,
      34.66664505004883,
      48.879547119140625,
      51.44852828979492,
      77.35197448730469,
      76.55219268798828,
      55.96463394165039,
      59.43748092651367,
      38.938316345214844,
      42.39164352416992,
      33.26476287841797,
      42.377037048339844,
      21.322072982788086,
      21.298643112182617
    ],
    [
      13.95040512084961,
      21.548526763916016,
      10.57934284210205,
      20.574832916259766,
      30.65317726135254,
      34.307701110839844,
      47.514949798583984,
      51.81697463989258,
      76.55219268798828,
      81.89837646484375,
      57.942569732666016,
      62.6301155090332,
      41.45683670043945,
      45.806671142578125,
      36.19926452636719,
      46.42323684692383,
      25.280534744262695,
      25.48591423034668
    ],
    [
      14.851576805114746,
      19.761545181274414,
      8.070261001586914,
      16.98775863647461,
      15.880315780639648,
      20.274208068847656,
      27.791311264038086,
      31.363414764404297,
      55.96463394165039,
      57.942569732666016,
      57.63786697387695,
      59.25594711303711,
      47.69253158569336,
      51.571937561035156,
      44.61899948120117,
      55.26798629760742,
      25.18785858154297,
      25.458436965942383
    ],
    [
      16.21434211730957,
      22.347631454467773,
      8.904090881347656,
      19.387928009033203,
      16.531339645385742,
      21.6193790435791,
      28.92833709716797,
      33.317718505859375,
      59.43748092651367,
      62.6301155090332,
      59.25594711303711,
      64.88988494873047,
      49.97354507446289,
      54.63932418823242,
      46.77782440185547,
      58.14309310913086,
      28.077922821044922,
      28.525468826293945
    ],
    [
      19.00360679626465,
      22.592670440673828,
      6.324790954589844,
      13.946944236755371,
      5.23776388168335,
      10.46462345123291,
      15.423871040344238,
      19.497167587280273,
      38.938316345214844,
      41.45683670043945,
      47.69253158569336,
      49.97354507446289,
      67.23448944091797,
      66.62861633300781,
      65.28584289550781,
      69.37797546386719,
      27.11367416381836,
      27.89474868774414
    ],
    [
      19.436391830444336,
      24.226402282714844,
      7.251766681671143,
      16.251789093017578,
      5.1004557609558105,
      10.758721351623535,
      16.336843490600586,
      20.914247512817383,
      42.39164352416992,
      45.806671142578125,
      51.571937561035156,
      54.63932418823242,
      66.62861633300781,
      71.12501525878906,
      66.79277801513672,
      73.4737319946289,
      30.37457275390625,
      31.268705368041992
    ],
    [
      21.695465087890625,
      26.07552146911621,
      6.646190166473389,
      14.778066635131836,
      -0.6069281101226807,
      6.313459396362305,
      8.371244430541992,
      12.80106258392334,
      33.26476287841797,
      36.19926452636719,
      44.61899948120117,
      46.77782440185547,
      65.28584289550781,
      66.79277801513672,
      81.33473205566406,
      80.08230590820312,
      30.769319534301758,
      31.980440139770508
    ],
    [
      24.40924644470215,
      30.65068817138672,
      8.204787254333496,
      18.356733322143555,
      1.2192972898483276,
      9.19477367401123,
      13.156800270080566,
      18.768922805786133,
      42.377037048339844,
      46.42323684692383,
      55.26798629760742,
      58.14309310913086,
      69.37797546386719,
      73.4737319946289,
      80.08230590820312,
      92.92799377441406,
      38.886756896972656,
      40.15089416503906
    ],
    [
      10.756050109863281,
      17.909934997558594,
      7.041069984436035,
      14.949499130249023,
      -0.18569286167621613,
      4.507595062255859,
      4.662491798400879,
      9.226102828979492,
      21.322072982788086,
      25.280534744262695,
      25.18785858154297,
      28.077922821044922,
      27.11367416381836,
      30.37457275390625,
      30.769319534301758,
      38.886756896972656,
      26.4395751953125,
      27.42163848876953
    ],
    [
      11.204479217529297,
      18.77153205871582,
      7.364024639129639,
      15.63621997833252,
      -0.6913568377494812,
      4.199080944061279,
      4.277201175689697,
      9.037576675415039,
      21.298643112182617,
      25.48591423034668,
      25.458436965942383,
      28.525468826293945,
      27.89474868774414,
      31.268705368041992,
      31.980440139770508,
      40.15089416503906,
      27.42163848876953,
      28.519838333129883
    ]
  ],
  "covariance_short": [
    [
      74.63705444335938,
      64.31939697265625,
      16.299386978149414,
      17.962759017944336,
      3.2174880504608154,
      4.806447982788086,
      1.5853278636932373,
      3.7519586086273193,
      12.968820571899414,
      14.546902656555176,
      17.247371673583984,
      18.964120864868164,
      24.50130844116211,
      24.548139572143555,
      28.71710777282715,
      31.8177490234375,
      11.247267723083496,
      11.654160499572754
    ],
    [
      64.31939697265625,
      82.80630493164062,
      17.656448364257812,
      24.750507354736328,
      3.646348237991333,
      6.382876873016357,
      0.6860606670379639,
      4.7621965408325195,
      17.92982292175293,
      21.391611099243164,
      21.499357223510742,
      24.221267700195312,
      27.62709617614746,
      28.57785415649414,
      32.19933319091797,
      36.026573181152344,
      16.970829010009766,
      17.705305099487305
    ],
    [
      16.299386978149414,
      17.656448364257812,
      28.24219512939453,
      26.88751983642578,
      12.024325370788574,
      11.663640975952148,
      10.833233833312988,
      12.496975898742676,
      13.75244140625,
      14.56678295135498,
      11.795495986938477,
      12.639931678771973,
      11.854593276977539,
      12.73504638671875,
      12.869933128356934,
      15.173311233520508,
      8.715198516845703,
      9.100590705871582
    ],
    [
      17.962759017944336,
      24.750507354736328,
      26.88751983642578,
      38.82564163208008,
      12.681230545043945,
      13.729104995727539,
      11.397608757019043,
      14.435653686523438,
      21.00868034362793,
      23.727081298828125,
      19.646465301513672,
      22.027652740478516,
      18.439613342285156,
      20.71721649169922,
      19.336015701293945,
      23.578168869018555,
      15.718254089355469,
      16.417821884155273
    ],
    [
      3.2174880504608154,
      3.646348237991333,
      12.024325370788574,
      12.681230545043945,
      57.868431091308594,
      48.67070770263672,
      55.9030876159668,
      53.23554229736328,
      44.617942810058594,
      42.66541290283203,
      21.31856918334961,
      21.839263916015625,
      7.404207229614258,
      7.410821437835693,
      -0.1948801428079605,
      0.6221145391464233,
      -0.3727341890335083,
      -0.9899670481681824
    ],
    [
      4.806447982788086,
      6.382876873016357,
      11.663640975952148,
      13.729104995727539,
      48.67070770263672,
      52.058990478515625,
      51.73044967651367,
      50.20867919921875,
      46.48503875732422,
      45.10481262207031,
      25.199636459350586,
      26.41997528076172,
      12.235637664794922,
      12.836642265319824,
      6.389782428741455,
      8.373250961303711,
      3.748767137527466,
      3.321394681930542
    ],
    [
      1.5853278636932373,
      0.6860606670379639,
      10.833233833312988,
      11.397608757019043,
      55.9030876159668,
      51.73044967651367,
      87.2627182006836,
      78.44219207763672,
      62.31881332397461,
      59.763526916503906,
      31.474668502807617,
      32.38603591918945,
      13.233074188232422,
      14.941052436828613,
      3.917506694793701,
      6.883014678955078,
      1.7082115411758423,
      1.075903058052063
    ],
    [
      3.7519586086273193,
      4.7621965408325195,
      12.496975898742676,
      14.435653686523438,
      53.23554229736328,
      50.20867919921875,
      78.44219207763672,
      81.9495849609375,
      63.87616729736328,
      63.04827880859375,
      34.61185836791992,
      36.3524169921875,
      17.46690559387207,
      19.8343563079834,
      8.872590065002441,
      13.157662391662598,
      6.021824359893799,
      5.582846164703369
    ],
    [
      12.968820571899414,
      17.92982292175293,
      13.75244140625,
      21.00868034362793,
      44.617942810058594,
      46.48503875732422,
      62.31881332397461,
      63.87616729736328,
      91.43811798095703,
      88.31861877441406,
      62.37324905395508,
      65.57245635986328,
      42.58766555786133,
      47.02134704589844,
      35.18170928955078,
      43.2252197265625,
      19.33344841003418,
      19.086383819580078
    ],
    [
      14.546902656555176,
      21.391611099243164,
      14.56678295135498,
      23.727081298828125,
      42.66541290283203,
      45.10481262207031,
      59.763526916503906,
      63.04827880859375,
      88.31861877441406,
      93.91516876220703,
      63.476470947265625,
      68.0601806640625,
      45.0939826965332,
      50.15559768676758,
      38.86115264892578,
      47.067840576171875,
      22.983097076416016,
      22.989229202270508
    ],
    [
      17.247371673583984,
      21.499357223510742,
      11.795495986938477,
      19.646465301513672,
      21.31856918334961,
      25.199636459350586,
      31.474668502807617,
      34.61185836791992,
      62.37324905395508,
      63.476470947265625,
      63.831050872802734,
      64.37075805664062,
      53.22043991088867,
      57.61614990234375,
      50.507789611816406,
      58.102115631103516,
      24.005779266357422,
      24.09825897216797
    ],
    [
      18.964120864868164,
      24.221267700195312,
      12.639931678771973,
      22.027652740478516,
      21.839263916015625,
      26.41997528076172,
      32.38603591918945,
      36.3524169921875,
      65.57245635986328,
      68.0601806640625,
      64.37075805664062,
      70.38180541992188,
      55.30007553100586,
      60.565040588378906,
      52.74740219116211,
      61.108463287353516,
      26.781204223632812,
      27.0515079498291
    ],
    [
      24.50130844116211,
      27.62709617614746,
      11.854593276977539,
      18.439613342285156,
      7.404207229614258,
      12.235637664794922,
      13.233074188232422,
      17.46690559387207,
      42.58766555786133,
      45.0939826965332,
      53.22043991088867,
      55.30007553100586,
      73.75374603271484,
      72.75760650634766,
      73.56664276123047,
      74.50177764892578,
      27.66123390197754,
      28.299564361572266
    ],
    [
      24.548139572143555,
      28.57785415649414,
      12.73504638671875,
      20.71721649169922,
      7.410821437835693,
      12.836642265319824,
      14.941052436828613,
      19.8343563079834,
      47.02134704589844,
      50.15559768676758,
      57.61614990234375,
      60.565040588378906,
      72.75760650634766,
      77.9229965209961,
      74.9620132446289,
      78.76703643798828,
      31.165559768676758,
      31.904293060302734
    ],
    [
      28.71710777282715,
      32.19933319091797,
      12.869933128356934,
      19.336015701293945,
      -0.1948801428079605,
      6.389782428741455,
      3.917506694793701,
      8.872590065002441,
      35.18170928955078,
      38.86115264892578,
      50.507789611816406,
      52.74740219116211,
      73.56664276123047,
      74.9620132446289,
      92.5203628540039,
      89.56124877929688,
      32.391929626464844,
      33.51285934448242
    ],
    [
      31.8177490234375,
      36.026573181152344,
      15.173311233520508,
      23.578168869018555,
      0.6221145391464233,
      8.373250961303711,
      6.883014678955078,
      13.157662391662598,
      43.2252197265625,
      47.067840576171875,
      58.102115631103516,
      61.108463287353516,
      74.50177764892578,
      78.76703643798828,
      89.56124877929688,
      99.4865493774414,
      39.03200149536133,
      40.173248291015625
    ],
    [
      11.247267723083496,
      16.970829010009766,
      8.715198516845703,
      15.718254089355469,
      -0.3727341890335083,
      3.748767137527466,
      1.7082115411758423,
      6.021824359893799,
      19.33344841003418,
      22.983097076416016,
      24.005779266357422,
      26.781204223632812,
      27.66123390197754,
      31.165559768676758,
      32.391929626464844,
      39.03200149536133,
      25.474727630615234,
      26.35903549194336
    ],
    [
      11.654160499572754,
      17.705305099487305,
      9.100590705871582,
      16.417821884155273,
      -0.9899670481681824,
      3.321394681930542,
      1.075903058052063,
      5.582846164703369,
      19.086383819580078,
      22.989229202270508,
      24.09825897216797,
      27.0515079498291,
      28.299564361572266,
      31.904293060302734,
      33.51285934448242,
      40.173248291015625,
      26.35903549194336,
      27.386993408203125
    ]
  ],
  "damage": -15.149169921875,
  "diff_bandwidth": 779.448486328125,
  "dissonance": 7.307446379546465,
  "drr": 11.635124206542969,
  "dynamics": 4.480529308319092,
  "format": 1245190,
  "frames": 21582784,
  "loudness": -20.092103958129883,
  "loudness_range": 12.786182403564453,
  "loudness_range_short": 15.80077075958252,
  "lowpass_true_peak_15khz": -0.11370320618152618,
  "mastering3_acoustic_entropies": [
    {
      "acoustic_entropy": 9.10608959197998,
      "acoustic_entropy_mono": 9.171004295349121,
      "band_eliminated_acoustic_entropies": [
        {
          "acoustic_entropy": 9.138980865478516,
          "acoustic_entropy_side": 9.114531517028809,
          "hz": 129.47220167065723
        },
        {
          "acoustic_entropy": 9.107959747314453,
          "acoustic_entropy_side": 9.026466369628906,
          "hz": 202.92927478742237
        },
        {
          "acoustic_entropy": 8.935491561889648,
          "acoustic_entropy_side": 9.233609199523926,
          "hz": 282.89161906338205
        },
        {
          "acoustic_entropy": 8.702472686767578,
          "acoustic_entropy_side": 8.678532600402832,
          "hz": 369.9353335868758
        },
        {
          "acoustic_entropy": 7.960929870605469,
          "acoustic_entropy_side": 8.857966423034668,
          "hz": 464.6875360973435
        },
        {
          "acoustic_entropy": 8.52550983428955,
          "acoustic_entropy_side": 9.030826568603516,
          "hz": 567.8308811364784
        },
        {
          "acoustic_entropy": 8.854795455932617,
          "acoustic_entropy_side": 9.092844009399414,
          "hz": 680.1084783214808
        },
        {
          "acoustic_entropy": 9.004890441894531,
          "acoustic_entropy_side": 9.316535949707031,
          "hz": 802.3292461747484
        },
        {
          "acoustic_entropy": 8.886744499206543,
          "acoustic_entropy_side": 8.973100662231445,
          "hz": 935.3737400823702
        },
        {
          "acoustic_entropy": 9.625515937805176,
          "acoustic_entropy_side": 9.409871101379395,
          "hz": 1080.2004963696966
        },
        {
          "acoustic_entropy": 8.944954872131348,
          "acoustic_entropy_side": 8.866432189941406,
          "hz": 1237.8529382007157
        },
        {
          "acoustic_entropy": 9.044989585876465,
          "acoustic_entropy_side": 9.291635513305664,
          "hz": 1409.4668930556702
        },
        {
          "acoustic_entropy": 8.969255447387695,
          "acoustic_entropy_side": 8.945813179016113,
          "hz": 1596.2787759475705
        },
        {
          "acoustic_entropy": 9.478835105895996,
          "acoustic_entropy_side": 9.302131652832031,
          "hz": 1799.6344973346393
        },
        {
          "acoustic_entropy": 9.218485832214355,
          "acoustic_entropy_side": 9.113609313964844,
          "hz": 2020.9991599069049
        },
        {
          "acoustic_entropy": 9.034818649291992,
          "acoustic_entropy_side": 9.159306526184082,
          "hz": 2261.9676141086993
        },
        {
          "acoustic_entropy": 9.172224998474121,
          "acoustic_entropy_side": 9.072159767150879,
          "hz": 2524.2759484456974
        },
        {
          "acoustic_entropy": 8.9314603805542,
          "acoustic_entropy_side": 8.944831848144531,
          "hz": 2809.813997359896
        },
        {
          "acoustic_entropy": 9.099922180175781,
          "acoustic_entropy_side": 9.079236030578613,
          "hz": 3120.6389567871424
        },
        {
          "acoustic_entropy": 9.322871208190918,
          "acoustic_entropy_side": 9.126873970031738,
          "hz": 3458.990205492291
        },
        {
          "acoustic_entropy": 9.322259902954102,
          "acoustic_entropy_side": 9.151118278503418,
          "hz": 3827.305438964164
        },
        {
          "acoustic_entropy": 9.109189987182617,
          "acoustic_entropy_side": 9.074702262878418,
          "hz": 4228.238232109126
        },
        {
          "acoustic_entropy": 9.162055015563965,
          "acoustic_entropy_side": 9.097142219543457,
          "hz": 4664.6771572759235
        },
        {
          "acoustic_entropy": 9.13410472869873,
          "acoustic_entropy_side": 9.118389129638672,
          "hz": 5139.766595350093
        },
        {
          "acoustic_entropy": 9.264204978942871,
          "acoustic_entropy_side": 9.114960670471191,
          "hz": 5656.929389854203
        },
        {
          "acoustic_entropy": 9.175816535949707,
          "acoustic_entropy_side": 9.101780891418457,
          "hz": 6219.891507268283
        },
        {
          "acoustic_entropy": 9.118256568908691,
          "acoustic_entropy_side": 9.074457168579102,
          "hz": 6832.70888123896
        },
        {
          "acoustic_entropy": 9.063077926635742,
          "acoustic_entropy_side": 9.107842445373535,
          "hz": 7499.796634079867
        },
        {
          "acoustic_entropy": 9.124549865722656,
          "acoustic_entropy_side": 9.112095832824707,
          "hz": 8225.96088609342
        },
        {
          "acoustic_entropy": 9.1551513671875,
          "acoustic_entropy_side": 9.116783142089844,
          "hz": 9016.43338188839
        },
        {
          "acoustic_entropy": 9.12315559387207,
          "acoustic_entropy_side": 9.109559059143066,
          "hz": 9876.909183162974
        },
        {
          "acoustic_entropy": 9.108196258544922,
          "acoustic_entropy_side": 9.106724739074707,
          "hz": 10813.587699516042
        },
        {
          "acoustic_entropy": 9.106138229370117,
          "acoustic_entropy_side": 9.106119155883789,
          "hz": 11833.21735289826
        },
        {
          "acoustic_entropy": 9.106096267700195,
          "acoustic_entropy_side": 9.106094360351562,
          "hz": 12943.144197493959
        },
        {
          "acoustic_entropy": 9.106086730957031,
          "acoustic_entropy_side": 9.10608959197998,
          "hz": 14151.364845322005
        },
        {
          "acoustic_entropy": 9.106070518493652,
          "acoustic_entropy_side": 9.106078147888184,
          "hz": 15466.58407886509
        },
        {
          "acoustic_entropy": 9.10571002960205,
          "acoustic_entropy_side": 9.105896949768066,
          "hz": 16898.27756580493
        },
        {
          "acoustic_entropy": 9.106037139892578,
          "acoustic_entropy_side": 9.106061935424805,
          "hz": 18456.760127700032
        },
        {
          "acoustic_entropy": 9.106088638305664,
          "acoustic_entropy_side": 9.106088638305664,
          "hz": 20153.260054456492
        },
        {
          "acoustic_entropy": 9.10608959197998,
          "acoustic_entropy_side": 9.10608959197998,
          "hz": 22000.00000000001
        }
      ],
      "diff_acoustic_entropy": 5.90736722946167,
      "sn": 6
    },
    {
      "acoustic_entropy": 14.42937183380127,
      "acoustic_entropy_mono": 14.602306365966797,
      "band_eliminated_acoustic_entropies": [
        {
          "acoustic_entropy": 14.530111312866211,
          "acoustic_entropy_side": 14.49165153503418,
          "hz": 129.47220167065723
        },
        {
          "acoustic_entropy": 14.65519905090332,
          "acoustic_entropy_side": 14.542604446411133,
          "hz": 202.92927478742237
        },
        {
          "acoustic_entropy": 14.43096923828125,
          "acoustic_entropy_side": 14.483297348022461,
          "hz": 282.89161906338205
        },
        {
          "acoustic_entropy": 14.70041275024414,
          "acoustic_entropy_side": 14.151206016540527,
          "hz": 369.9353335868758
        },
        {
          "acoustic_entropy": 13.956941604614258,
          "acoustic_entropy_side": 14.906702041625977,
          "hz": 464.6875360973435
        },
        {
          "acoustic_entropy": 13.97745132446289,
          "acoustic_entropy_side": 14.37801742553711,
          "hz": 567.8308811364784
        },
        {
          "acoustic_entropy": 13.691246032714844,
          "acoustic_entropy_side": 14.424288749694824,
          "hz": 680.1084783214808
        },
        {
          "acoustic_entropy": 14.381199836730957,
          "acoustic_entropy_side": 14.971747398376465,
          "hz": 802.3292461747484
        },
        {
          "acoustic_entropy": 13.90691089630127,
          "acoustic_entropy_side": 14.403326034545898,
          "hz": 935.3737400823702
        },
        {
          "acoustic_entropy": 14.474910736083984,
          "acoustic_entropy_side": 14.543967247009277,
          "hz": 1080.2004963696966
        },
        {
          "acoustic_entropy": 14.31470775604248,
          "acoustic_entropy_side": 14.249009132385254,
          "hz": 1237.8529382007157
        },
        {
          "acoustic_entropy": 14.09611988067627,
          "acoustic_entropy_side": 14.228199005126953,
          "hz": 1409.4668930556702
        },
        {
          "acoustic_entropy": 14.599559783935547,
          "acoustic_entropy_side": 14.657951354980469,
          "hz": 1596.2787759475705
        },
        {
          "acoustic_entropy": 14.854066848754883,
          "acoustic_entropy_side": 14.437629699707031,
          "hz": 1799.6344973346393
        },
        {
          "acoustic_entropy": 14.59467887878418,
          "acoustic_entropy_side": 14.673158645629883,
          "hz": 2020.9991599069049
        },
        {
          "acoustic_entropy": 14.193574905395508,
          "acoustic_entropy_side": 14.398752212524414,
          "hz": 2261.9676141086993
        },
        {
          "acoustic_entropy": 14.528770446777344,
          "acoustic_entropy_side": 14.499420166015625,
          "hz": 2524.2759484456974
        },
        {
          "acoustic_entropy": 14.446672439575195,
          "acoustic_entropy_side": 14.719141006469727,
          "hz": 2809.813997359896
        },
        {
          "acoustic_entropy": 14.518261909484863,
          "acoustic_entropy_side": 14.462145805358887,
          "hz": 3120.6389567871424
        },
        {
          "acoustic_entropy": 14.306509971618652,
          "acoustic_entropy_side": 14.471392631530762,
          "hz": 3458.990205492291
        },
        {
          "acoustic_entropy": 14.496670722961426,
          "acoustic_entropy_side": 14.472850799560547,
          "hz": 3827.305438964164
        },
        {
          "acoustic_entropy": 14.555885314941406,
          "acoustic_entropy_side": 14.557217597961426,
          "hz": 4228.238232109126
        },
        {
          "acoustic_entropy": 14.445954322814941,
          "acoustic_entropy_side": 14.47431468963623,
          "hz": 4664.6771572759235
        },
        {
          "acoustic_entropy": 14.401681900024414,
          "acoustic_entropy_side": 14.453761100769043,
          "hz": 5139.766595350093
        },
        {
          "acoustic_entropy": 14.364494323730469,
          "acoustic_entropy_side": 14.356618881225586,
          "hz": 5656.929389854203
        },
        {
          "acoustic_entropy": 14.446075439453125,
          "acoustic_entropy_side": 14.393486976623535,
          "hz": 6219.891507268283
        },
        {
          "acoustic_entropy": 14.404541015625,
          "acoustic_entropy_side": 14.39622974395752,
          "hz": 6832.70888123896
        },
        {
          "acoustic_entropy": 14.538326263427734,
          "acoustic_entropy_side": 14.380582809448242,
          "hz": 7499.796634079867
        },
        {
          "acoustic_entropy": 14.637443542480469,
          "acoustic_entropy_side": 14.458828926086426,
          "hz": 8225.96088609342
        },
        {
          "acoustic_entropy": 14.818113327026367,
          "acoustic_entropy_side": 14.507954597473145,
          "hz": 9016.43338188839
        },
        {
          "acoustic_entropy": 14.526111602783203,
          "acoustic_entropy_side": 14.503229141235352,
          "hz": 9876.909183162974
        },
        {
          "acoustic_entropy": 14.474294662475586,
          "acoustic_entropy_side": 14.446861267089844,
          "hz": 10813.587699516042
        },
        {
          "acoustic_entropy": 14.431650161743164,
          "acoustic_entropy_side": 14.43051528930664,
          "hz": 11833.21735289826
        },
        {
          "acoustic_entropy": 14.431004524230957,
          "acoustic_entropy_side": 14.430184364318848,
          "hz": 12943.144197493959
        },
        {
          "acoustic_entropy": 14.430933952331543,
          "acoustic_entropy_side": 14.430154800415039,
          "hz": 14151.364845322005
        },
        {
          "acoustic_entropy": 14.432296752929688,
          "acoustic_entropy_side": 14.43082332611084,
          "hz": 15466.58407886509
        },
        {
          "acoustic_entropy": 14.43183708190918,
          "acoustic_entropy_side": 14.431391716003418,
          "hz": 16898.27756580493
        },
        {
          "acoustic_entropy": 14.43001937866211,
          "acoustic_entropy_side": 14.429634094238281,
          "hz": 18456.760127700032
        },
        {
          "acoustic_entropy": 14.429413795471191,
          "acoustic_entropy_side": 14.429393768310547,
          "hz": 20153.260054456492
        },
        {
          "acoustic_entropy": 14.429370880126953,
          "acoustic_entropy_side": 14.429369926452637,
          "hz": 22000.00000000001
        }
      ],
      "diff_acoustic_entropy": 11.271016120910645,
      "sn": 12
    },
    {
      "acoustic_entropy": 21.123497009277344,
      "acoustic_entropy_mono": 19.511743545532227,
      "band_eliminated_acoustic_entropies": [
        {
          "acoustic_entropy": 20.84910011291504,
          "acoustic_entropy_side": 21.204618453979492,
          "hz": 129.47220167065723
        },
        {
          "acoustic_entropy": 20.30861473083496,
          "acoustic_entropy_side": 20.27984619140625,
          "hz": 202.92927478742237
        },
        {
          "acoustic_entropy": 21.3719539642334,
          "acoustic_entropy_side": 21.35409927368164,
          "hz": 282.89161906338205
        },
        {
          "acoustic_entropy": 20.341073989868164,
          "acoustic_entropy_side": 20.676481246948242,
          "hz": 369.9353335868758
        },
        {
          "acoustic_entropy": 21.09217071533203,
          "acoustic_entropy_side": 22.392744064331055,
          "hz": 464.6875360973435
        },
        {
          "acoustic_entropy": 21.13819122314453,
          "acoustic_entropy_side": 21.277376174926758,
          "hz": 567.8308811364784
        },
        {
          "acoustic_entropy": 21.23871612548828,
          "acoustic_entropy_side": 21.329946517944336,
          "hz": 680.1084783214808
        },
        {
          "acoustic_entropy": 21.48983383178711,
          "acoustic_entropy_side": 21.255512237548828,
          "hz": 802.3292461747484
        },
        {
          "acoustic_entropy": 20.124170303344727,
          "acoustic_entropy_side": 21.538503646850586,
          "hz": 935.3737400823702
        },
        {
          "acoustic_entropy": 21.64545249938965,
          "acoustic_entropy_side": 21.47036361694336,
          "hz": 1080.2004963696966
        },
        {
          "acoustic_entropy": 21.454296112060547,
          "acoustic_entropy_side": 21.192468643188477,
          "hz": 1237.8529382007157
        },
        {
          "acoustic_entropy": 20.86620330810547,
          "acoustic_entropy_side": 21.045373916625977,
          "hz": 1409.4668930556702
        },
        {
          "acoustic_entropy": 20.056713104248047,
          "acoustic_entropy_side": 20.145875930786133,
          "hz": 1596.2787759475705
        },
        {
          "acoustic_entropy": 20.86083221435547,
          "acoustic_entropy_side": 21.374794006347656,
          "hz": 1799.6344973346393
        },
        {
          "acoustic_entropy": 21.524324417114258,
          "acoustic_entropy_side": 21.012737274169922,
          "hz": 2020.9991599069049
        },
        {
          "acoustic_entropy": 20.463130950927734,
          "acoustic_entropy_side": 20.560195922851562,
          "hz": 2261.9676141086993
        },
        {
          "acoustic_entropy": 20.838579177856445,
          "acoustic_entropy_side": 21.16307258605957,
          "hz": 2524.2759484456974
        },
        {
          "acoustic_entropy": 21.023601531982422,
          "acoustic_entropy_side": 21.603116989135742,
          "hz": 2809.813997359896
        },
        {
          "acoustic_entropy": 20.751502990722656,
          "acoustic_entropy_side": 20.953907012939453,
          "hz": 3120.6389567871424
