{
  "acoustic_entropy": 87.77440643310547,
  "bands": [
    {
      "high_freq": 148.1999969482422,
      "loudness": -30.62749481201172,
      "loudness_range": 21.448688507080078,
      "mid_mean": -27.116769790649414,
      "mid_to_side_loudness": -19.152122497558594,
      "mid_to_side_loudness_range": 18.733028411865234,
      "side_mean": -47.8568115234375
    },
    {
      "high_freq": 392.3793640136719,
      "loudness": -35.484375,
      "loudness_range": 6.711017608642578,
      "low_freq": 148.1999969482422,
      "mid_mean": -32.313812255859375,
      "mid_to_side_loudness": -10.239615440368652,
      "mid_to_side_loudness_range": 6.602519512176514,
      "side_mean": -43.150447845458984
    },
    {
      "high_freq": 794.6976318359375,
      "loudness": -29.104820251464844,
      "loudness_range": 4.664150238037109,
      "low_freq": 392.3793640136719,
      "mid_mean": -28.53609848022461,
      "mid_to_side_loudness": 0.21691344678401947,
      "mid_to_side_loudness_range": 1.9171631336212158,
      "side_mean": -28.348121643066406
    },
    {
      "high_freq": 1457.5709228515625,
      "loudness": -32.832725524902344,
      "loudness_range": 4.717691421508789,
      "low_freq": 794.6976318359375,
      "mid_mean": -31.089859008789062,
      "mid_to_side_loudness": -2.782965898513794,
      "mid_to_side_loudness_range": 3.0813350677490234,
      "side_mean": -33.76715850830078
    },
    {
      "high_freq": 2549.74365234375,
      "loudness": -33.99115753173828,
      "loudness_range": 6.313085556030273,
      "low_freq": 1457.5709228515625,
      "mid_mean": -32.54298400878906,
      "mid_to_side_loudness": -1.8957017660140991,
      "mid_to_side_loudness_range": 3.480675220489502,
      "side_mean": -34.47572708129883
    },
    {
      "high_freq": 4349.24462890625,
      "loudness": -33.0737190246582,
      "loudness_range": 17.57389259338379,
      "low_freq": 2549.74365234375,
      "mid_mean": -31.061195373535156,
      "mid_to_side_loudness": -3.026909112930298,
      "mid_to_side_loudness_range": 4.300296783447266,
      "side_mean": -34.59406280517578
    },
    {
      "high_freq": 7314.1640625,
      "loudness": -32.89901351928711,
      "loudness_range": 16.1842041015625,
      "low_freq": 4349.24462890625,
      "mid_mean": -31.409181594848633,
      "mid_to_side_loudness": -1.723897099494934,
      "mid_to_side_loudness_range": 4.72236442565918,
      "side_mean": -33.664676666259766
    },
    {
      "high_freq": 12199.2666015625,
      "loudness": -34.741127014160156,
      "loudness_range": 11.925134658813477,
      "low_freq": 7314.1640625,
      "mid_mean": -32.19490432739258,
      "mid_to_side_loudness": -5.359034538269043,
      "mid_to_side_loudness_range": 1.920299768447876,
      "side_mean": -37.719417572021484
    },
    {
      "loudness": -42.742401123046875,
      "loudness_range": 19.29831314086914,
      "low_freq": 12199.2666015625,
      "mid_mean": -40.581546783447266,
      "mid_to_side_loudness": -3.6903984546661377,
      "mid_to_side_loudness_range": 2.410137176513672,
      "side_mean": -44.41392517089844
    }
  ],
  "bands_short": [
    {
      "high_freq": 148.1999969482422,
      "loudness": -44.31452178955078,
      "loudness_range": 37.07417678833008,
      "mid_mean": -41.224578857421875,
      "mid_to_side_loudness": -11.066407203674316,
      "mid_to_side_loudness_range": 13.244810104370117,
      "side_mean": -55.01008605957031
    },
    {
      "high_freq": 392.3793640136719,
      "loudness": -37.73213195800781,
      "loudness_range": 23.625356674194336,
      "low_freq": 148.1999969482422,
      "mid_mean": -34.80514144897461,
      "mid_to_side_loudness": -9.480131149291992,
      "mid_to_side_loudness_range": 13.116618156433105,
      "side_mean": -44.71992492675781
    },
    {
      "high_freq": 794.6976318359375,
      "loudness": -29.68583106994629,
      "loudness_range": 9.929803848266602,
      "low_freq": 392.3793640136719,
      "mid_mean": -29.296077728271484,
      "mid_to_side_loudness": 0.5458671450614929,
      "mid_to_side_loudness_range": 5.824637413024902,
      "side_mean": -28.936756134033203
    },
    {
      "high_freq": 1457.5709228515625,
      "loudness": -34.503807067871094,
      "loudness_range": 14.395210266113281,
      "low_freq": 794.6976318359375,
      "mid_mean": -32.317935943603516,
      "mid_to_side_loudness": -4.412298202514648,
      "mid_to_side_loudness_range": 9.49252700805664,
      "side_mean": -36.91127014160156
    },
    {
      "high_freq": 2549.74365234375,
      "loudness": -37.89040756225586,
      "loudness_range": 19.546415328979492,
      "low_freq": 1457.5709228515625,
      "mid_mean": -36.634796142578125,
      "mid_to_side_loudness": -1.2893811464309692,
      "mid_to_side_loudness_range": 6.889228820800781,
      "side_mean": -38.36989974975586
    },
    {
      "high_freq": 4349.24462890625,
      "loudness": -37.8796501159668,
      "loudness_range": 30.862180709838867,
      "low_freq": 2549.74365234375,
      "mid_mean": -36.03257369995117,
      "mid_to_side_loudness": -2.8276007175445557,
      "mid_to_side_loudness_range": 6.726158142089844,
      "side_mean": -39.43809127807617
    },
    {
      "high_freq": 7314.1640625,
      "loudness": -39.1500358581543,
      "loudness_range": 30.729604721069336,
      "low_freq": 4349.24462890625,
      "mid_mean": -37.833457946777344,
      "mid_to_side_loudness": -1.4823318719863892,
      "mid_to_side_loudness_range": 6.905566692352295,
      "side_mean": -39.81196212768555
    },
    {
      "high_freq": 12199.2666015625,
      "loudness": -43.60991287231445,
      "loudness_range": 32.67820739746094,
      "low_freq": 7314.1640625,
      "mid_mean": -42.36155700683594,
      "mid_to_side_loudness": -2.050241231918335,
      "mid_to_side_loudness_range": 7.775486946105957,
      "side_mean": -45.01878356933594
    },
    {
      "loudness": -48.29676818847656,
      "loudness_range": 36.6369743347168,
      "low_freq": 12199.2666015625,
      "mid_mean": -53.440269470214844,
      "mid_to_side_loudness": -1.8852869272232056,
      "mid_to_side_loudness_range": 5.808805465698242,
      "side_mean": -55.54489517211914
    }
  ],
  "bandwidth": 709.6447143554688,
  "channels": 2,
  "covariance": [
    [
      76.7312240600586,
      27.773815155029297,
      20.613075256347656,
      11.083109855651855,
      0.3187342584133148,
      0.6441057920455933,
      2.5981714725494385,
      3.9219863414764404,
      2.232799530029297,
      2.9700138568878174,
      -0.3394802212715149,
      -0.7486789226531982,
      2.8330957889556885,
      1.7997249364852905,
      0.3164962828159332,
      3.018946647644043,
      -3.9852476119995117,
      -0.8522258996963501
    ],
    [
      27.773815155029297,
      32.07709503173828,
      12.137436866760254,
      12.959334373474121,
      5.592458248138428,
      6.5579681396484375,
      7.528539180755615,
      7.270839691162109,
      5.222561836242676,
      5.825766563415527,
      -0.16930636763572693,
      1.6512725353240967,
      1.8859572410583496,
      3.147810697555542,
      2.65830659866333,
      3.153585195541382,
      -1.100400686264038,
      0.1801210194826126
    ],
    [
      20.613075256347656,
      12.137436866760254,
      16.055904388427734,
      11.148110389709473,
      5.150152683258057,
      5.369986057281494,
      4.5669145584106445,
      6.372430801391602,
      0.4371500015258789,
      3.266275644302368,
      -6.827171325683594,
      -4.486112117767334,
      -5.441534519195557,
      -2.3433494567871094,
      -2.3649113178253174,
      -1.0542442798614502,
      -7.287029266357422,
      -4.696692943572998
    ],
    [
      11.083109855651855,
      12.959334373474121,
      11.148110389709473,
      13.523792266845703,
      7.901808738708496,
      9.565694808959961,
      7.702847480773926,
      9.133430480957031,
      1.670859456062317,
      4.544299602508545,
      -6.401493072509766,
      -4.369326591491699,
      -5.3594279289245605,
      -2.32224178314209,
      -1.4518005847930908,
      -0.9734465479850769,
      -6.587947845458984,
      -4.814520359039307
    ],
    [
      0.3187342584133148,
      5.592458248138428,
      5.150152683258057,
      7.901808738708496,
      7.939313888549805,
      7.312923431396484,
      6.246899127960205,
      6.51032018661499,
      1.7358744144439697,
      3.4815101623535156,
      -3.02079176902771,
      -1.831780195236206,
      -2.734300374984741,
      -0.882089376449585,
      -0.2624225914478302,
      -0.14198458194732666,
      -2.9699480533599854,
      -2.2404844760894775
    ],
    [
      0.6441057920455933,
      6.5579681396484375,
      5.369986057281494,
      9.565694808959961,
      7.312923431396484,
      9.15225887298584,
      6.88413143157959,
      7.026352405548096,
      1.6328608989715576,
      3.3180954456329346,
      -3.9165101051330566,
      -2.9378533363342285,
      -3.4184398651123047,
      -1.6773927211761475,
      -0.631249725818634,
      -0.7821857333183289,
      -3.997652530670166,
      -3.3834972381591797
    ],
    [
      2.5981714725494385,
      7.528539180755615,
      4.5669145584106445,
      7.702847480773926,
      6.246899127960205,
      6.88413143157959,
      7.785458564758301,
      6.604647636413574,
      3.5499088764190674,
      4.918397426605225,
      -0.6519731283187866,
      0.0723426342010498,
      0.03168967738747597,
      1.308612585067749,
      2.1961610317230225,
      2.0074350833892822,
      -0.44479110836982727,
      -0.05087563022971153
    ],
    [
      3.9219863414764404,
      7.270839691162109,
      6.372430801391602,
      9.133430480957031,
      6.51032018661499,
      7.026352405548096,
      6.604647636413574,
      8.507521629333496,
      2.992043972015381,
      5.541703701019287,
      -2.5772502422332764,
      -0.27723291516304016,
      -1.7260637283325195,
      1.2819294929504395,
      1.5888745784759521,
      2.1353797912597656,
      -1.8551164865493774,
      -0.26075315475463867
    ],
    [
      2.232799530029297,
      5.222561836242676,
      0.4371500015258789,
      1.670859456062317,
      1.7358744144439697,
      1.6328608989715576,
      3.5499088764190674,
      2.992043972015381,
      7.745090484619141,
      5.109672546386719,
      10.67725658416748,
      9.456489562988281,
      10.892049789428711,
      9.310134887695312,
      9.80212688446045,
      8.90894603729248,
      11.668344497680664,
      10.183839797973633
    ],
    [
      2.9700138568878174,
      5.825766563415527,
      3.266275644302368,
      4.544299602508545,
      3.4815101623535156,
      3.3180954456329346,
      4.918397426605225,
      5.541703701019287,
      5.109672546386719,
      6.483707427978516,
      3.060041904449463,
      4.370637893676758,
      3.812992811203003,
      5.4092020988464355,
      5.481879711151123,
      5.716854572296143,
      4.11749792098999,
      4.831138610839844
    ],
    [
      -0.3394802212715149,
      -0.16930636763572693,
      -6.827171325683594,
      -6.401493072509766,
      -3.02079176902771,
      -3.9165101051330566,
      -0.6519731283187866,
      -2.5772502422332764,
      10.67725658416748,
      3.060041904449463,
      34.47340774536133,
      27.07106590270996,
      31.69869041442871,
      22.004140853881836,
      19.231428146362305,
      17.353294372558594,
      35.398094177246094,
      28.792530059814453
    ],
    [
      -0.7486789226531982,
      1.6512725353240967,
      -4.486112117767334,
      -4.369326591491699,
      -1.831780195236206,
      -2.9378533363342285,
      0.0723426342010498,
      -0.27723291516304016,
      9.456489562988281,
      4.370637893676758,
      27.07106590270996,
      24.589412689208984,
      25.337860107421875,
      19.60260772705078,
      16.574655532836914,
      15.818517684936523,
      28.698083877563477,
      24.797100067138672
    ],
    [
      2.8330957889556885,
      1.8859572410583496,
      -5.441534519195557,
      -5.3594279289245605,
      -2.734300374984741,
      -3.4184398651123047,
      0.03168967738747597,
      -1.7260637283325195,
      10.892049789428711,
      3.812992811203003,
      31.69869041442871,
      25.337860107421875,
      29.990257263183594,
      21.378896713256836,
      18.750186920166016,
      17.06771469116211,
      32.75101089477539,
      27.109670639038086
    ],
    [
      1.7997249364852905,
      3.147810697555542,
      -2.3433494567871094,
      -2.32224178314209,
      -0.882089376449585,
      -1.6773927211761475,
      1.308612585067749,
      1.2819294929504395,
      9.310134887695312,
      5.4092020988464355,
      22.004140853881836,
      19.60260772705078,
      21.378896713256836,
      17.71735191345215,
      14.934967041015625,
      14.49071979522705,
      23.678308486938477,
      21.132795333862305
    ],
    [
      0.3164962828159332,
      2.65830659866333,
      -2.3649113178253174,
      -1.4518005847930908,
      -0.2624225914478302,
      -0.631249725818634,
      2.1961610317230225,
      1.5888745784759521,
      9.80212688446045,
      5.481879711151123,
      19.231428146362305,
      16.574655532836914,
      18.750186920166016,
      14.934967041015625,
      14.851383209228516,
      13.51047134399414,
      21.054821014404297,
      18.00432777404785
    ],
    [
      3.018946647644043,
      3.153585195541382,
      -1.0542442798614502,
      -0.9734465479850769,
      -0.14198458194732666,
      -0.7821857333183289,
      2.0074350833892822,
      2.1353797912597656,
      8.90894603729248,
      5.716854572296143,
      17.353294372558594,
      15.818517684936523,
      17.06771469116211,
      14.49071979522705,
      13.51047134399414,
      13.213052749633789,
      18.899490356445312,
      17.144712448120117
    ],
    [
      -3.9852476119995117,
      -1.100400686264038,
      -7.287029266357422,
      -6.587947845458984,
      -2.9699480533599854,
      -3.997652530670166,
      -0.44479110836982727,
      -1.8551164865493774,
      11.668344497680664,
      4.11749792098999,
      35.398094177246094,
      28.698083877563477,
      32.75101089477539,
      23.678308486938477,
      21.054821014404297,
      18.899490356445312,
      37.553077697753906,
      30.836488723754883
    ],
    [
      -0.8522258996963501,
      0.1801210194826126,
      -4.696692943572998,
      -4.814520359039307,
      -2.2404844760894775,
      -3.3834972381591797,
      -0.05087563022971153,
      -0.26075315475463867,
      10.183839797973633,
      4.831138610839844,
      28.792530059814453,
      24.797100067138672,
      27.109670639038086,
      21.132795333862305,
      18.00432777404785,
      17.144712448120117,
      30.836488723754883,
      26.73236656188965
    ]
  ],
  "covariance_short": [
    [
      134.95135498046875,
      53.55821990966797,
      82.69117736816406,
      41.92609405517578,
      12.581146240234375,
      14.203495979309082,
      19.518970489501953,
      18.408273696899414,
      28.76664161682129,
      21.699420928955078,
      28.172197341918945,
      23.339191436767578,
      40.361839294433594,
      37.88877487182617,
      45.586509704589844,
      45.39400100708008,
      33.218727111816406,
      34.83486557006836
    ],
    [
      53.55821990966797,
      54.37458038330078,
      40.415870666503906,
      30.468360900878906,
      8.79743480682373,
      9.71190357208252,
      10.012925148010254,
      11.644669532775879,
      10.121866226196289,
      11.024077415466309,
      5.10346794128418,
      8.603503227233887,
      11.600905418395996,
      15.611284255981445,
      17.342361450195312,
      18.90735626220703,
      17.798011779785156,
      18.753633499145508
    ],
    [
      82.69117736816406,
      40.415870666503906,
      76.68547058105469,
      42.3510856628418,
      18.314762115478516,
      17.501022338867188,
      24.30788230895996,
      28.559152603149414,
      31.13444709777832,
      28.187028884887695,
      26.900047302246094,
      25.391952514648438,
      31.710493087768555,
      35.07792663574219,
      40.08962631225586,
      42.41127395629883,
      26.361223220825195,
      29.778457641601562
    ],
    [
      41.92609405517578,
      30.468360900878906,
      42.3510856628418,
      38.10194778442383,
      14.255972862243652,
      14.065803527832031,
      16.46239471435547,
      19.931795120239258,
      14.776288032531738,
      15.965391159057617,
      5.6765642166137695,
      8.005908966064453,
      6.481225967407227,
      11.999675750732422,
      10.836383819580078,
      15.25737476348877,
      -1.016555666923523,
      2.3989806175231934
    ],
    [
      12.581146240234375,
      8.79743480682373,
      18.314762115478516,
      14.255972862243652,
      16.84376335144043,
      13.280156135559082,
      15.659390449523926,
      15.866382598876953,
      12.420266151428223,
      12.927425384521484,
      7.572854042053223,
      5.988557815551758,
      4.398926734924316,
      5.628942012786865,
      7.015028476715088,
      8.323482513427734,
      0.5513781309127808,
      0.6137535572052002
    ],
    [
      14.203495979309082,
      9.71190357208252,
      17.501022338867188,
      14.065803527832031,
      13.280156135559082,
      15.68153190612793,
      14.781096458435059,
      15.21104621887207,
      9.333359718322754,
      10.838040351867676,
      3.4842240810394287,
      3.5276687145233154,
      1.9750776290893555,
      3.64090633392334,
      3.6205413341522217,
      5.689514636993408,
      -3.607495069503784,
      -2.51667857170105
    ],
    [
      19.518970489501953,
      10.012925148010254,
      24.30788230895996,
      16.46239471435547,
      15.659390449523926,
      14.781096458435059,
      19.458940505981445,
      20.249563217163086,
      19.426471710205078,
      18.39960289001465,
      17.033432006835938,
      14.182764053344727,
      15.152426719665527,
      14.957767486572266,
      18.720096588134766,
      18.211318969726562,
      13.488409996032715,
      11.68758487701416
    ],
    [
      18.408273696899414,
      11.644669532775879,
      28.559152603149414,
      19.931795120239258,
      15.866382598876953,
      15.21104621887207,
      20.249563217163086,
      30.970561981201172,
      28.39049530029297,
      29.030864715576172,
      26.194944381713867,
      26.68816566467285,
      24.48650360107422,
      27.26403045654297,
      32.2301025390625,
      30.741113662719727,
      28.60099983215332,
      27.44449234008789
    ],
    [
      28.76664161682129,
      10.121866226196289,
      31.13444709777832,
      14.776288032531738,
      12.420266151428223,
      9.333359718322754,
      19.426471710205078,
      28.39049530029297,
      49.595603942871094,
      39.14169692993164,
      64.08354949951172,
      54.7277946472168,
      63.994476318359375,
      57.21656036376953,
      72.61259460449219,
      62.06907272338867,
      79.6391372680664,
      68.89683532714844
    ],
    [
      21.699420928955078,
      11.024077415466309,
      28.187028884887695,
      15.965391159057617,
      12.927425384521484,
      10.838040351867676,
      18.39960289001465,
      29.030864715576172,
      39.14169692993164,
      37.611083984375,
      45.00324630737305,
      43.42326736450195,
      44.73664855957031,
      45.077911376953125,
      53.95734786987305,
      49.51472854614258,
      55.99794387817383,
      51.92365264892578
    ],
    [
      28.172197341918945,
      5.10346794128418,
      26.900047302246094,
      5.6765642166137695,
      7.572854042053223,
      3.4842240810394287,
      17.033432006835938,
      26.194944381713867,
      64.08354949951172,
      45.00324630737305,
      113.20982360839844,
      92.85310363769531,
      111.48217010498047,
      92.7880630493164,
      118.90438842773438,
      98.6319351196289,
      146.9687042236328,
      123.75108337402344
    ],
    [
      23.339191436767578,
      8.603503227233887,
      25.391952514648438,
      8.005908966064453,
      5.988557815551758,
      3.5276687145233154,
      14.182764053344727,
      26.68816566467285,
      54.7277946472168,
      43.42326736450195,
      92.85310363769531,
      86.49472045898438,
      94.11688232421875,
      85.9455795288086,
      103.5695571899414,
      90.435791015625,
      128.3677215576172,
      114.79148864746094
    ],
    [
      40.361839294433594,
      11.600905418395996,
      31.710493087768555,
      6.481225967407227,
      4.398926734924316,
      1.9750776290893555,
      15.152426719665527,
      24.48650360107422,
      63.994476318359375,
      44.73664855957031,
      111.48217010498047,
      94.11688232421875,
      118.91819763183594,
      98.90443420410156,
      128.28067016601562,
      104.72361755371094,
      158.53460693359375,
      134.49557495117188
    ],
    [
      37.88877487182617,
      15.611284255981445,
      35.07792663574219,
      11.999675750732422,
      5.628942012786865,
      3.64090633392334,
      14.957767486572266,
      27.26403045654297,
      57.21656036376953,
      45.077911376953125,
      92.7880630493164,
      85.9455795288086,
      98.90443420410156,
      92.24816131591797,
      112.16536712646484,
      97.61148834228516,
      133.5598602294922,
      120.70934295654297
    ],
    [
      45.586509704589844,
      17.342361450195312,
      40.08962631225586,
      10.836383819580078,
      7.015028476715088,
      3.6205413341522217,
      18.720096588134766,
      32.2301025390625,
      72.61259460449219,
      53.95734786987305,
      118.90438842773438,
      103.5695571899414,
      128.28067016601562,
      112.16536712646484,
      149.05064392089844,
      119.38162231445312,
      177.48912048339844,
      152.2383575439453
    ],
    [
      45.39400100708008,
      18.90735626220703,
      42.41127395629883,
      15.25737476348877,
      8.323482513427734,
      5.689514636993408,
      18.211318969726562,
      30.741113662719727,
      62.06907272338867,
      49.51472854614258,
      98.6319351196289,
      90.435791015625,
      104.72361755371094,
      97.61148834228516,
      119.38162231445312,
      105.41300201416016,
      138.4169158935547,
      125.69571685791016
    ],
    [
      33.218727111816406,
      17.798011779785156,
      26.361223220825195,
      -1.016555666923523,
      0.5513781309127808,
      -3.607495069503784,
      13.488409996032715,
      28.60099983215332,
      79.6391372680664,
      55.99794387817383,
      146.9687042236328,
      128.3677215576172,
      158.53460693359375,
      133.5598602294922,
      177.48912048339844,
      138.4169158935547,
      236.37789916992188,
      198.83905029296875
    ],
    [
      34.83486557006836,
      18.753633499145508,
      29.778457641601562,
      2.3989806175231934,
      0.6137535572052002,
      -2.51667857170105,
      11.68758487701416,
      27.44449234008789,
      68.89683532714844,
      51.92365264892578,
      123.75108337402344,
      114.79148864746094,
      134.49557495117188,
      120.70934295654297,
      152.2383575439453,
      125.69571685791016,
      198.83905029296875,
      176.5651397705078
    ]
  ],
  "damage": -12.75259780883789,
  "diff_bandwidth": 592.1641235351562,
  "dissonance": 10.777208265268627,
  "drr": 6.862579822540283,
  "dynamics": 3.39054799079895,
  "format": 1245190,
  "frames": 1397696,
  "loudness": -18.488636016845703,
  "loudness_range": 7.711810111999512,
  "loudness_range_short": 15.420073509216309,
  "lowpass_true_peak_15khz": -0.0429285503923893,
  "mastering3_acoustic_entropies": [
    {
      "acoustic_entropy": 6.04340934753418,
      "acoustic_entropy_mono": 5.703639984130859,
      "band_eliminated_acoustic_entropies": [
        {
          "acoustic_entropy": 6.04615592956543,
          "acoustic_entropy_side": 6.0434112548828125,
          "hz": 129.47220167065723
        },
        {
          "acoustic_entropy": 5.607863903045654,
          "acoustic_entropy_side": 6.043486595153809,
          "hz": 202.92927478742237
        },
        {
          "acoustic_entropy": 6.056799411773682,
          "acoustic_entropy_side": 6.0435309410095215,
          "hz": 282.89161906338205
        },
        {
          "acoustic_entropy": 6.035305023193359,
          "acoustic_entropy_side": 6.0440287590026855,
          "hz": 369.9353335868758
        },
        {
          "acoustic_entropy": 5.8688764572143555,
          "acoustic_entropy_side": 6.0058274269104,
          "hz": 464.6875360973435
        },
        {
          "acoustic_entropy": 6.022805213928223,
          "acoustic_entropy_side": 6.033489227294922,
          "hz": 567.8308811364784
        },
        {
          "acoustic_entropy": 6.0535759925842285,
          "acoustic_entropy_side": 6.044673442840576,
          "hz": 680.1084783214808
        },
        {
          "acoustic_entropy": 6.042318820953369,
          "acoustic_entropy_side": 6.043110370635986,
          "hz": 802.3292461747484
        },
        {
          "acoustic_entropy": 6.041663646697998,
          "acoustic_entropy_side": 6.042939186096191,
          "hz": 935.3737400823702
        },
        {
          "acoustic_entropy": 6.077165603637695,
          "acoustic_entropy_side": 6.042027473449707,
          "hz": 1080.2004963696966
        },
        {
          "acoustic_entropy": 6.0316267013549805,
          "acoustic_entropy_side": 6.006308555603027,
          "hz": 1237.8529382007157
        },
        {
          "acoustic_entropy": 5.994293689727783,
          "acoustic_entropy_side": 6.005244255065918,
          "hz": 1409.4668930556702
        },
        {
          "acoustic_entropy": 6.047669887542725,
          "acoustic_entropy_side": 6.042751789093018,
          "hz": 1596.2787759475705
        },
        {
          "acoustic_entropy": 5.9932732582092285,
          "acoustic_entropy_side": 6.010613918304443,
          "hz": 1799.6344973346393
        },
        {
          "acoustic_entropy": 5.961349010467529,
          "acoustic_entropy_side": 6.000295162200928,
          "hz": 2020.9991599069049
        },
        {
          "acoustic_entropy": 6.037522792816162,
          "acoustic_entropy_side": 6.037998676300049,
          "hz": 2261.9676141086993
        },
        {
          "acoustic_entropy": 6.046826362609863,
          "acoustic_entropy_side": 6.044086933135986,
          "hz": 2524.2759484456974
        },
        {
          "acoustic_entropy": 6.043498516082764,
          "acoustic_entropy_side": 6.0440168380737305,
          "hz": 2809.813997359896
        },
        {
          "acoustic_entropy": 6.0449299812316895,
          "acoustic_entropy_side": 6.045266628265381,
          "hz": 3120.6389567871424
        },
        {
          "acoustic_entropy": 6.040234565734863,
          "acoustic_entropy_side": 6.046810150146484,
          "hz": 3458.990205492291
        },
        {
          "acoustic_entropy": 5.955055236816406,
          "acoustic_entropy_side": 6.044965744018555,
          "hz": 3827.305438964164
        },
        {
          "acoustic_entropy": 6.071915626525879,
          "acoustic_entropy_side": 6.046872615814209,
          "hz": 4228.238232109126
        },
        {
          "acoustic_entropy": 6.044436931610107,
          "acoustic_entropy_side": 6.048614501953125,
          "hz": 4664.6771572759235
        },
        {
          "acoustic_entropy": 6.0603718757629395,
          "acoustic_entropy_side": 6.056162357330322,
          "hz": 5139.766595350093
        },
        {
          "acoustic_entropy": 6.035647392272949,
          "acoustic_entropy_side": 6.036842346191406,
          "hz": 5656.929389854203
        },
        {
          "acoustic_entropy": 6.0344438552856445,
          "acoustic_entropy_side": 6.036428451538086,
          "hz": 6219.891507268283
        },
        {
          "acoustic_entropy": 6.055045127868652,
          "acoustic_entropy_side": 6.045839309692383,
          "hz": 6832.70888123896
        },
        {
          "acoustic_entropy": 6.038734436035156,
          "acoustic_entropy_side": 6.034907817840576,
          "hz": 7499.796634079867
        },
        {
          "acoustic_entropy": 6.01432991027832,
          "acoustic_entropy_side": 6.038875579833984,
          "hz": 8225.96088609342
        },
        {
          "acoustic_entropy": 6.03586483001709,
          "acoustic_entropy_side": 6.04227876663208,
          "hz": 9016.43338188839
        },
        {
          "acoustic_entropy": 6.000936508178711,
          "acoustic_entropy_side": 6.044063568115234,
          "hz": 9876.909183162974
        },
        {
          "acoustic_entropy": 6.033956050872803,
          "acoustic_entropy_side": 6.048241138458252,
          "hz": 10813.587699516042
        },
        {
          "acoustic_entropy": 6.039100646972656,
          "acoustic_entropy_side": 6.046203136444092,
          "hz": 11833.21735289826
        },
        {
          "acoustic_entropy": 6.0431389808654785,
          "acoustic_entropy_side": 6.047536373138428,
          "hz": 12943.144197493959
        },
        {
          "acoustic_entropy": 6.045515537261963,
          "acoustic_entropy_side": 6.048901081085205,
          "hz": 14151.364845322005
        },
        {
          "acoustic_entropy": 6.044822692871094,
          "acoustic_entropy_side": 6.046438217163086,
          "hz": 15466.58407886509
        },
        {
          "acoustic_entropy": 6.043512344360352,
          "acoustic_entropy_side": 6.043997764587402,
          "hz": 16898.27756580493
        },
        {
          "acoustic_entropy": 6.040429592132568,
          "acoustic_entropy_side": 6.044683456420898,
          "hz": 18456.760127700032
        },
        {
          "acoustic_entropy": 6.023819446563721,
          "acoustic_entropy_side": 6.044460296630859,
          "hz": 20153.260054456492
        },
        {
          "acoustic_entropy": 6.018613338470459,
          "acoustic_entropy_side": 6.045530796051025,
          "hz": 22000.00000000001
        }
      ],
      "diff_acoustic_entropy": 6.622166156768799,
      "sn": 6
    },
    {
      "acoustic_entropy": 7.80810022354126,
      "acoustic_entropy_mono": 7.494665145874023,
      "band_eliminated_acoustic_entropies": [
        {
          "acoustic_entropy": 7.8436360359191895,
          "acoustic_entropy_side": 7.808014392852783,
          "hz": 129.47220167065723
        },
        {
          "acoustic_entropy": 7.885076999664307,
          "acoustic_entropy_side": 7.808475017547607,
          "hz": 202.92927478742237
        },
        {
          "acoustic_entropy": 7.8353471755981445,
          "acoustic_entropy_side": 7.808640003204346,
          "hz": 282.89161906338205
        },
        {
          "acoustic_entropy": 7.793835639953613,
          "acoustic_entropy_side": 7.809757232666016,
          "hz": 369.9353335868758
        },
        {
          "acoustic_entropy": 7.723690986633301,
          "acoustic_entropy_side": 7.7924933433532715,
          "hz": 464.6875360973435
        },
        {
          "acoustic_entropy": 7.851006031036377,
          "acoustic_entropy_side": 7.81514835357666,
          "hz": 567.8308811364784
        },
        {
          "acoustic_entropy": 7.845013618469238,
          "acoustic_entropy_side": 7.813567161560059,
          "hz": 680.1084783214808
        },
        {
          "acoustic_entropy": 7.802160739898682,
          "acoustic_entropy_side": 7.805547714233398,
          "hz": 802.3292461747484
        },
        {
          "acoustic_entropy": 7.801551342010498,
          "acoustic_entropy_side": 7.805549144744873,
          "hz": 935.3737400823702
        },
        {
          "acoustic_entropy": 7.867815971374512,
          "acoustic_entropy_side": 7.808498859405518,
          "hz": 1080.2004963696966
        },
        {
          "acoustic_entropy": 7.826514720916748,
          "acoustic_entropy_side": 7.782040119171143,
          "hz": 1237.8529382007157
        },
        {
          "acoustic_entropy": 7.744601249694824,
          "acoustic_entropy_side": 7.761760711669922,
          "hz": 1409.4668930556702
        },
        {
          "acoustic_entropy": 7.821384906768799,
          "acoustic_entropy_side": 7.81139612197876,
          "hz": 1596.2787759475705
        },
        {
          "acoustic_entropy": 7.752389907836914,
          "acoustic_entropy_side": 7.764975547790527,
          "hz": 1799.6344973346393
        },
        {
          "acoustic_entropy": 7.716698169708252,
          "acoustic_entropy_side": 7.7496747970581055,
          "hz": 2020.9991599069049
        },
        {
          "acoustic_entropy": 7.795870304107666,
          "acoustic_entropy_side": 7.796368598937988,
          "hz": 2261.9676141086993
        },
        {
          "acoustic_entropy": 7.831420421600342,
          "acoustic_entropy_side": 7.811410427093506,
          "hz": 2524.2759484456974
        },
        {
          "acoustic_entropy": 7.819935321807861,
          "acoustic_entropy_side": 7.809866428375244,
          "hz": 2809.813997359896
        },
        {
          "acoustic_entropy": 7.813533306121826,
          "acoustic_entropy_side": 7.809306621551514,
          "hz": 3120.6389567871424
        },
        {
          "acoustic_entropy": 7.810567855834961,
          "acoustic_entropy_side": 7.8153557777404785,
          "hz": 3458.990205492291
        },
        {
          "acoustic_entropy": 7.748004913330078,
          "acoustic_entropy_side": 7.806657314300537,
          "hz": 3827.305438964164
        },
        {
          "acoustic_entropy": 7.823470592498779,
          "acoustic_entropy_side": 7.810128688812256,
          "hz": 4228.238232109126
        },
        {
          "acoustic_entropy": 7.78968620300293,
          "acoustic_entropy_side": 7.810104846954346,
          "hz": 4664.6771572759235
        },
        {
          "acoustic_entropy": 7.8342061042785645,
          "acoustic_entropy_side": 7.818413257598877,
          "hz": 5139.766595350093
        },
        {
          "acoustic_entropy": 7.801056385040283,
          "acoustic_entropy_side": 7.80052375793457,
          "hz": 5656.929389854203
        },
        {
          "acoustic_entropy": 7.811193943023682,
          "acoustic_entropy_side": 7.80005407333374,
          "hz": 6219.891507268283
        },
        {
          "acoustic_entropy": 7.839424133300781,
          "acoustic_entropy_side": 7.810147762298584,
          "hz": 6832.70888123896
        },
        {
          "acoustic_entropy": 7.804080486297607,
          "acoustic_entropy_side": 7.79088830947876,
          "hz": 7499.796634079867
        },
        {
          "acoustic_entropy": 7.773291110992432,
          "acoustic_entropy_side": 7.797840118408203,
          "hz": 8225.96088609342
        },
        {
          "acoustic_entropy": 7.7978715896606445,
          "acoustic_entropy_side": 7.804520130157471,
          "hz": 9016.43338188839
        },
        {
          "acoustic_entropy": 7.772249221801758,
          "acoustic_entropy_side": 7.802422046661377,
          "hz": 9876.909183162974
        },
        {
          "acoustic_entropy": 7.812051296234131,
          "acoustic_entropy_side": 7.81160831451416,
          "hz": 10813.587699516042
        },
        {
          "acoustic_entropy": 7.805388450622559,
          "acoustic_entropy_side": 7.809368133544922,
          "hz": 11833.21735289826
        },
        {
          "acoustic_entropy": 7.8075995445251465,
          "acoustic_entropy_side": 7.81272029876709,
          "hz": 12943.144197493959
        },
        {
          "acoustic_entropy": 7.812533378601074,
          "acoustic_entropy_side": 7.816511631011963,
          "hz": 14151.364845322005
        },
        {
          "acoustic_entropy": 7.820192813873291,
          "acoustic_entropy_side": 7.815738201141357,
          "hz": 15466.58407886509
        },
        {
          "acoustic_entropy": 7.811445236206055,
          "acoustic_entropy_side": 7.810380935668945,
          "hz": 16898.27756580493
        },
        {
          "acoustic_entropy": 7.80819845199585,
          "acoustic_entropy_side": 7.812759876251221,
          "hz": 18456.760127700032
        },
        {
          "acoustic_entropy": 7.775467872619629,
          "acoustic_entropy_side": 7.803491592407227,
          "hz": 20153.260054456492
        },
        {
          "acoustic_entropy": 7.746042728424072,
          "acoustic_entropy_side": 7.806924343109131,
          "hz": 22000.00000000001
        }
      ],
      "diff_acoustic_entropy": 8.490180969238281,
      "sn": 12
    },
    {
      "acoustic_entropy": 10.552295684814453,
      "acoustic_entropy_mono": 9.821831703186035,
      "band_eliminated_acoustic_entropies": [
        {
          "acoustic_entropy": 10.516805648803711,
          "acoustic_entropy_side": 10.511701583862305,
          "hz": 129.47220167065723
        },
        {
          "acoustic_entropy": 10.098431587219238,
          "acoustic_entropy_side": 10.037088394165039,
          "hz": 202.92927478742237
        },
        {
          "acoustic_entropy": 10.750081062316895,
          "acoustic_entropy_side": 10.669355392456055,
          "hz": 282.89161906338205
        },
        {
          "acoustic_entropy": 10.579852104187012,
          "acoustic_entropy_side": 10.58021068572998,
          "hz": 369.9353335868758
        },
        {
          "acoustic_entropy": 10.790276527404785,
          "acoustic_entropy_side": 10.711677551269531,
          "hz": 464.6875360973435
        },
        {
          "acoustic_entropy": 10.653692245483398,
          "acoustic_entropy_side": 10.591119766235352,
          "hz": 567.8308811364784
        },
        {
          "acoustic_entropy": 10.601228713989258,
          "acoustic_entropy_side": 10.598608016967773,
          "hz": 680.1084783214808
        },
        {
          "acoustic_entropy": 10.564269065856934,
          "acoustic_entropy_side": 10.52884292602539,
          "hz": 802.3292461747484
        },
        {
          "acoustic_entropy": 10.590340614318848,
          "acoustic_entropy_side": 10.522332191467285,
          "hz": 935.3737400823702
        },
        {
          "acoustic_entropy": 10.565203666687012,
          "acoustic_entropy_side": 10.571762084960938,
          "hz": 1080.2004963696966
        },
        {
          "acoustic_entropy": 10.497387886047363,
          "acoustic_entropy_side": 10.499813079833984,
          "hz": 1237.8529382007157
        },
        {
          "acoustic_entropy": 10.597702980041504,
          "acoustic_entropy_side": 10.595821380615234,
          "hz": 1409.4668930556702
        },
        {
          "acoustic_entropy": 10.5675687789917,
          "acoustic_entropy_side": 10.557028770446777,
          "hz": 1596.2787759475705
        },
        {
          "acoustic_entropy": 10.564289093017578,
          "acoustic_entropy_side": 10.560412406921387,
          "hz": 1799.6344973346393
        },
        {
          "acoustic_entropy": 10.639513969421387,
          "acoustic_entropy_side": 10.606053352355957,
          "hz": 2020.9991599069049
        },
        {
          "acoustic_entropy": 10.521055221557617,
          "acoustic_entropy_side": 10.53992748260498,
          "hz": 2261.9676141086993
        },
        {
          "acoustic_entropy": 10.679615020751953,
          "acoustic_entropy_side": 10.516434669494629,
          "hz": 2524.2759484456974
        },
        {
          "acoustic_entropy": 10.699152946472168,
          "acoustic_entropy_side": 10.52387523651123,
          "hz": 2809.813997359896
        },
        {
