{
  "acoustic_entropy": 181.5989990234375,
  "bands": [
    {
      "high_freq": 148.1999969482422,
      "loudness": -60.305572509765625,
      "loudness_range": 30.861679077148438,
      "mid_mean": -56.76006317138672,
      "mid_to_side_loudness": -7.414259910583496,
      "mid_to_side_loudness_range": 6.547045707702637,
      "side_mean": -62.22922134399414
    },
    {
      "high_freq": 392.3793640136719,
      "loudness": -46.63930130004883,
      "loudness_range": 28.697914123535156,
      "low_freq": 148.1999969482422,
      "mid_mean": -45.33385467529297,
      "mid_to_side_loudness": -3.386662006378174,
      "mid_to_side_loudness_range": 9.68435001373291,
      "side_mean": -50.05172348022461
    },
    {
      "high_freq": 794.6976318359375,
      "loudness": -48.25564193725586,
      "loudness_range": 30.19437026977539,
      "low_freq": 392.3793640136719,
      "mid_mean": -46.495182037353516,
      "mid_to_side_loudness": -3.867753505706787,
      "mid_to_side_loudness_range": 7.655683517456055,
      "side_mean": -51.36930465698242
    },
    {
      "high_freq": 1457.5709228515625,
      "loudness": -52.17115783691406,
      "loudness_range": 31.95013427734375,
      "low_freq": 794.6976318359375,
      "mid_mean": -51.05568313598633,
      "mid_to_side_loudness": -3.2930755615234375,
      "mid_to_side_loudness_range": 7.436515808105469,
      "side_mean": -53.91712951660156
    },
    {
      "high_freq": 2549.74365234375,
      "loudness": -53.28956985473633,
      "loudness_range": 32.506500244140625,
      "low_freq": 1457.5709228515625,
      "mid_mean": -52.38850784301758,
      "mid_to_side_loudness": -3.823700189590454,
      "mid_to_side_loudness_range": 5.165656089782715,
      "side_mean": -55.680015563964844
    },
    {
      "high_freq": 4349.24462890625,
      "loudness": -58.579246520996094,
      "loudness_range": 33.64278793334961,
      "low_freq": 2549.74365234375,
      "mid_mean": -57.077354431152344,
      "mid_to_side_loudness": -3.8231515884399414,
      "mid_to_side_loudness_range": 5.732913970947266,
      "side_mean": -59.95412063598633
    },
    {
      "high_freq": 7314.1640625,
      "loudness": -63.868526458740234,
      "loudness_range": 29.151973724365234,
      "low_freq": 4349.24462890625,
      "mid_mean": -63.614227294921875,
      "mid_to_side_loudness": -3.7848196029663086,
      "mid_to_side_loudness_range": 4.772340297698975,
      "side_mean": -65.37237548828125
    },
    {
      "high_freq": 12199.2666015625,
      "loudness": -69.71973419189453,
      "loudness_range": 26.140827178955078,
      "low_freq": 7314.1640625,
      "mid_mean": -66.81068420410156,
      "mid_to_side_loudness": -3.0903542041778564,
      "mid_to_side_loudness_range": 4.433923244476318,
      "side_mean": -67.80325317382812
    },
    {
      "loudness": -74.23987579345703,
      "loudness_range": 22.357017517089844,
      "low_freq": 12199.2666015625,
      "mid_mean": -68.59286499023438,
      "mid_to_side_loudness": -3.077937364578247,
      "mid_to_side_loudness_range": 4.229824066162109,
      "side_mean": -69.08599090576172
    }
  ],
  "bands_short": [
    {
      "high_freq": 148.1999969482422,
      "loudness": -62.64350509643555,
      "loudness_range": 29.965621948242188,
      "mid_mean": -58.854393005371094,
      "mid_to_side_loudness": -8.007387161254883,
      "mid_to_side_loudness_range": 11.838385581970215,
      "side_mean": -64.27616882324219
    },
    {
      "high_freq": 392.3793640136719,
      "loudness": -46.85160446166992,
      "loudness_range": 28.028453826904297,
      "low_freq": 148.1999969482422,
      "mid_mean": -45.97949981689453,
      "mid_to_side_loudness": -3.5096797943115234,
      "mid_to_side_loudness_range": 12.351348876953125,
      "side_mean": -50.64060592651367
    },
    {
      "high_freq": 794.6976318359375,
      "loudness": -48.14457321166992,
      "loudness_range": 29.925518035888672,
      "low_freq": 392.3793640136719,
      "mid_mean": -46.450660705566406,
      "mid_to_side_loudness": -4.03102970123291,
      "mid_to_side_loudness_range": 9.971086502075195,
      "side_mean": -51.44878005981445
    },
    {
      "high_freq": 1457.5709228515625,
      "loudness": -52.369632720947266,
      "loudness_range": 31.667327880859375,
      "low_freq": 794.6976318359375,
      "mid_mean": -51.452518463134766,
      "mid_to_side_loudness": -3.1809535026550293,
      "mid_to_side_loudness_range": 10.008597373962402,
      "side_mean": -54.19186019897461
    },
    {
      "high_freq": 2549.74365234375,
      "loudness": -53.91273880004883,
      "loudness_range": 32.49113082885742,
      "low_freq": 1457.5709228515625,
      "mid_mean": -53.055152893066406,
      "mid_to_side_loudness": -3.717567205429077,
      "mid_to_side_loudness_range": 7.658597469329834,
      "side_mean": -56.220970153808594
    },
    {
      "high_freq": 4349.24462890625,
      "loudness": -58.67565155029297,
      "loudness_range": 33.996681213378906,
      "low_freq": 2549.74365234375,
      "mid_mean": -57.20403289794922,
      "mid_to_side_loudness": -3.792905330657959,
      "mid_to_side_loudness_range": 7.3700032234191895,
      "side_mean": -59.99877166748047
    },
    {
      "high_freq": 7314.1640625,
      "loudness": -64.25204467773438,
      "loudness_range": 29.446529388427734,
      "low_freq": 4349.24462890625,
      "mid_mean": -63.894683837890625,
      "mid_to_side_loudness": -3.6851043701171875,
      "mid_to_side_loudness_range": 5.818914413452148,
      "side_mean": -65.55224609375
    },
    {
      "high_freq": 12199.2666015625,
      "loudness": -70.21265411376953,
      "loudness_range": 26.511375427246094,
      "low_freq": 7314.1640625,
      "mid_mean": -67.04336547851562,
      "mid_to_side_loudness": -3.055061101913452,
      "mid_to_side_loudness_range": 5.096039772033691,
      "side_mean": -67.97657775878906
    },
    {
      "loudness": -74.34769439697266,
      "loudness_range": 22.304935455322266,
      "low_freq": 12199.2666015625,
      "mid_mean": -68.72785949707031,
      "mid_to_side_loudness": -3.071855068206787,
      "mid_to_side_loudness_range": 5.145418167114258,
      "side_mean": -69.17078399658203
    }
  ],
  "bandwidth": 704.097412109375,
  "channels": 2,
  "covariance": [
    [
      92.97249603271484,
      79.08525848388672,
      34.3568000793457,
      43.93558883666992,
      15.1409912109375,
      22.798341751098633,
      7.236645698547363,
      6.08335018157959,
      -0.46239182353019714,
      -2.8415985107421875,
      -4.279717922210693,
      -8.507533073425293,
      -10.845458984375,
      -9.788778305053711,
      -4.628891468048096,
      -4.095665454864502,
      -1.4790316820144653,
      -1.5854068994522095
    ],
    [
      79.08525848388672,
      71.7073974609375,
      29.05559730529785,
      37.62051010131836,
      12.175944328308105,
      18.576847076416016,
      4.343656539916992,
      3.2744483947753906,
      -2.863672971725464,
      -4.806448936462402,
      -6.030141353607178,
      -9.50506591796875,
      -11.376091957092285,
      -10.072613716125488,
      -5.249801158905029,
      -4.468533039093018,
      -1.8240677118301392,
      -1.7295615673065186
    ],
    [
      34.3568000793457,
      29.05559730529785,
      103.03688049316406,
      100.36419677734375,
      82.17339324951172,
      81.0584716796875,
      73.99779510498047,
      70.22444915771484,
      66.64824676513672,
      60.769569396972656,
      62.15322494506836,
      52.888004302978516,
      39.53520202636719,
      29.784032821655273,
      21.2943058013916,
      14.574047088623047,
      10.252143859863281,
      6.392116069793701
    ],
    [
      43.93558883666992,
      37.62051010131836,
      100.36419677734375,
      130.02093505859375,
      91.24091339111328,
      103.57152557373047,
      94.87145233154297,
      88.46955108642578,
      84.76026916503906,
      76.53738403320312,
      75.32159423828125,
      63.78722381591797,
      46.60428237915039,
      34.563289642333984,
      24.185714721679688,
      16.58605194091797,
      11.350465774536133,
      7.21295166015625
    ],
    [
      15.1409912109375,
      12.175944328308105,
      82.17339324951172,
      91.24091339111328,
      104.75557708740234,
      97.09514617919922,
      91.85174560546875,
      87.6487808227539,
      88.82515716552734,
      81.37332153320312,
      81.79231262207031,
      71.15518188476562,
      57.28563690185547,
      43.657615661621094,
      33.41033935546875,
      23.51165199279785,
      16.288631439208984,
      10.476387023925781
    ],
    [
      22.798341751098633,
      18.576847076416016,
      81.0584716796875,
      103.57152557373047,
      97.09514617919922,
      111.38388061523438,
      104.45118713378906,
      97.53695678710938,
      97.5304183959961,
      88.56494903564453,
      88.09932708740234,
      76.29978942871094,
      60.215423583984375,
      46.00723648071289,
      34.891719818115234,
      24.745346069335938,
      17.04457664489746,
      11.093783378601074
    ],
    [
      7.236645698547363,
      4.343656539916992,
      73.99779510498047,
      94.87145233154297,
      91.85174560546875,
      104.45118713378906,
      124.42192077636719,
      115.70570373535156,
      118.15363311767578,
      107.19145965576172,
      111.06990051269531,
      96.74468231201172,
      77.62506866455078,
      60.21418762207031,
      44.86592483520508,
      32.4989013671875,
      21.872516632080078,
      14.617304801940918
    ],
    [
      6.08335018157959,
      3.2744483947753906,
      70.22444915771484,
      88.46955108642578,
      87.6487808227539,
      97.53695678710938,
      115.70570373535156,
      112.8459243774414,
      112.08797454833984,
      102.30753326416016,
      106.4118423461914,
      92.9439468383789,
      74.86114501953125,
      58.48845672607422,
      43.012001037597656,
      31.393836975097656,
      21.132640838623047,
      14.27023983001709
    ],
    [
      -0.46239182353019714,
      -2.863672971725464,
      66.64824676513672,
      84.76026916503906,
      88.82515716552734,
      97.5304183959961,
      118.15363311767578,
      112.08797454833984,
      128.45677185058594,
      116.14961242675781,
      116.71709442138672,
      102.40565490722656,
      82.80313873291016,
      64.6711196899414,
      47.37212371826172,
      34.244441986083984,
      22.4720401763916,
      15.000065803527832
    ],
    [
      -2.8415985107421875,
      -4.806448936462402,
      60.769569396972656,
      76.53738403320312,
      81.37332153320312,
      88.56494903564453,
      107.19145965576172,
      102.30753326416016,
      116.14961242675781,
      107.86238098144531,
      107.71943664550781,
      95.27806854248047,
      77.3840560913086,
      60.85265350341797,
      44.414710998535156,
      32.36775207519531,
      21.25565528869629,
      14.317407608032227
    ],
    [
      -4.279717922210693,
      -6.030141353607178,
      62.15322494506836,
      75.32159423828125,
      81.79231262207031,
      88.09932708740234,
      111.06990051269531,
      106.4118423461914,
      116.71709442138672,
      107.71943664550781,
      118.16349029541016,
      104.35912322998047,
      84.6661148071289,
      67.31026458740234,
      48.83221435546875,
      36.365074157714844,
      24.16120147705078,
      16.69046401977539
    ],
    [
      -8.507533073425293,
      -9.50506591796875,
      52.888004302978516,
      63.78722381591797,
      71.15518188476562,
      76.29978942871094,
      96.74468231201172,
      92.9439468383789,
      102.40565490722656,
      95.27806854248047,
      104.35912322998047,
      95.13954162597656,
      76.93463897705078,
      61.67506408691406,
      43.82817077636719,
      32.931060791015625,
      21.751758575439453,
      15.236326217651367
    ],
    [
      -10.845458984375,
      -11.376091957092285,
      39.53520202636719,
      46.60428237915039,
      57.28563690185547,
      60.215423583984375,
      77.62506866455078,
      74.86114501953125,
      82.80313873291016,
      77.3840560913086,
      84.6661148071289,
      76.93463897705078,
      68.12794494628906,
      54.65716552734375,
      40.69711685180664,
      30.720706939697266,
      20.855838775634766,
      14.55363941192627
    ],
    [
      -9.788778305053711,
      -10.072613716125488,
      29.784032821655273,
      34.563289642333984,
      43.657615661621094,
      46.00723648071289,
      60.21418762207031,
      58.48845672607422,
      64.6711196899414,
      60.85265350341797,
      67.31026458740234,
      61.67506408691406,
      54.65716552734375,
      44.9268798828125,
      33.18490219116211,
      25.414276123046875,
      17.3359317779541,
      12.267946243286133
    ],
    [
      -4.628891468048096,
      -5.249801158905029,
      21.2943058013916,
      24.185714721679688,
      33.41033935546875,
      34.891719818115234,
      44.86592483520508,
      43.012001037597656,
      47.37212371826172,
      44.414710998535156,
      48.83221435546875,
      43.82817077636719,
      40.69711685180664,
      33.18490219116211,
      28.026439666748047,
      21.206756591796875,
      14.956230163574219,
      10.366743087768555
    ],
    [
      -4.095665454864502,
      -4.468533039093018,
      14.574047088623047,
      16.58605194091797,
      23.51165199279785,
      24.745346069335938,
      32.4989013671875,
      31.393836975097656,
      34.244441986083984,
      32.36775207519531,
      36.365074157714844,
      32.931060791015625,
      30.720706939697266,
      25.414276123046875,
      21.206756591796875,
      16.552139282226562,
      11.739908218383789,
      8.343737602233887
    ],
    [
      -1.4790316820144653,
      -1.8240677118301392,
      10.252143859863281,
      11.350465774536133,
      16.288631439208984,
      17.04457664489746,
      21.872516632080078,
      21.132640838623047,
      22.4720401763916,
      21.25565528869629,
      24.16120147705078,
      21.751758575439453,
      20.855838775634766,
      17.3359317779541,
      14.956230163574219,
      11.739908218383789,
      8.969178199768066,
      6.410317420959473
    ],
    [
      -1.5854068994522095,
      -1.7295615673065186,
      6.392116069793701,
      7.21295166015625,
      10.476387023925781,
      11.093783378601074,
      14.617304801940918,
      14.27023983001709,
      15.000065803527832,
      14.317407608032227,
      16.69046401977539,
      15.236326217651367,
      14.55363941192627,
      12.267946243286133,
      10.366743087768555,
      8.343737602233887,
      6.410317420959473,
      4.782532691955566
    ]
  ],
  "covariance_short": [
    [
      74.73587799072266,
      54.44755172729492,
      36.18943786621094,
      38.937225341796875,
      14.809328079223633,
      20.52482032775879,
      8.746221542358398,
      8.868087768554688,
      2.5578885078430176,
      0.5135719776153564,
      -1.5059025287628174,
      -4.834105491638184,
      -6.87067985534668,
      -6.665094375610352,
      -2.8372445106506348,
      -2.6295080184936523,
      -0.8567375540733337,
      -1.0459736585617065
    ],
    [
      54.44755172729492,
      46.28415298461914,
      29.694421768188477,
      32.353912353515625,
      12.176521301269531,
      16.70768165588379,
      6.87164306640625,
      6.851332187652588,
      1.4612629413604736,
      -0.1601869910955429,
      -1.7667205333709717,
      -4.497819900512695,
      -6.378771781921387,
      -6.039913177490234,
      -2.860842704772949,
      -2.5606894493103027,
      -0.9364395141601562,
      -1.010006070137024
    ],
    [
      36.18943786621094,
      29.694421768188477,
      104.17131042480469,
      97.11991882324219,
      77.37171936035156,
      78.6159896850586,
      68.48699951171875,
      65.33284759521484,
      60.26083755493164,
      54.628379821777344,
      53.5438117980957,
      44.999732971191406,
      31.899702072143555,
      23.645309448242188,
      16.230533599853516,
      10.844719886779785,
      7.556356430053711,
      4.598230361938477
    ],
    [
      38.937225341796875,
      32.353912353515625,
      97.11991882324219,
      126.77742767333984,
      86.14551544189453,
      100.64031219482422,
      87.63848114013672,
      81.95250701904297,
      77.01714324951172,
      69.41470336914062,
      66.4266357421875,
      55.93230056762695,
      39.11602020263672,
      28.702791213989258,
      19.3934326171875,
      13.049628257751465,
      8.838397979736328,
      5.557424068450928
    ],
    [
      14.809328079223633,
      12.176521301269531,
      77.37171936035156,
      86.14551544189453,
      105.7612075805664,
      98.1422119140625,
      89.2960205078125,
      84.9920425415039,
      88.78826141357422,
      81.79003143310547,
      79.51370239257812,
      70.0697250366211,
      54.20196533203125,
      41.49079895019531,
      30.435365676879883,
      21.243383407592773,
      14.396843910217285,
      9.25760269165039
    ],
    [
      20.52482032775879,
      16.70768165588379,
      78.6159896850586,
      100.64031219482422,
      98.1422119140625,
      115.95472717285156,
      103.34083557128906,
      96.23652648925781,
      98.48153686523438,
      90.03085327148438,
      87.5790786743164,
      76.6893539428711,
      57.96083450317383,
      44.38119888305664,
      32.17665481567383,
      22.590396881103516,
      15.121435165405273,
      9.854031562805176
    ],
    [
      8.746221542358398,
      6.87164306640625,
      68.48699951171875,
      87.63848114013672,
      89.2960205078125,
      103.34083557128906,
      121.85176849365234,
      110.6922378540039,
      114.12413787841797,
      103.45137786865234,
      106.54441833496094,
      93.79861450195312,
      72.25788116455078,
      56.200862884521484,
      40.689395904541016,
      29.24416160583496,
      19.34147071838379,
      12.932331085205078
    ],
    [
      8.868087768554688,
      6.851332187652588,
      65.33284759521484,
      81.95250701904297,
      84.9920425415039,
      96.23652648925781,
      110.6922378540039,
      109.97662353515625,
      107.46128845214844,
      97.8980941772461,
      100.8566665649414,
      88.85574340820312,
      68.64249420166016,
      53.72109603881836,
      38.43284606933594,
      27.8652286529541,
      18.443153381347656,
      12.482552528381348
    ],
    [
      2.5578885078430176,
      1.4612629413604736,
      60.26083755493164,
      77.01714324951172,
      88.78826141357422,
      98.48153686523438,
      114.12413787841797,
      107.46128845214844,
      126.15823364257812,
      112.42371368408203,
      112.97538757324219,
      100.4001693725586,
      78.6722640991211,
      61.44715881347656,
      43.88810348510742,
      31.60174560546875,
      20.4810733795166,
      13.686905860900879
    ],
    [
      0.5135719776153564,
      -0.1601869910955429,
      54.628379821777344,
      69.41470336914062,
      81.79003143310547,
      90.03085327148438,
      103.45137786865234,
      97.8980941772461,
      112.42371368408203,
      106.07745361328125,
      104.36695098876953,
      93.61754608154297,
      73.52574920654297,
      57.94695281982422,
      41.02741241455078,
      29.75980567932129,
      19.3199462890625,
      13.054027557373047
    ],
    [
      -1.5059025287628174,
      -1.7667205333709717,
      53.5438117980957,
      66.4266357421875,
      79.51370239257812,
      87.5790786743164,
      106.54441833496094,
      100.8566665649414,
      112.97538757324219,
      104.36695098876953,
      117.47468566894531,
      104.19251251220703,
      81.08515930175781,
      64.8923110961914,
      45.58350372314453,
      33.82345962524414,
      22.042621612548828,
      15.360868453979492
    ],
    [
      -4.834105491638184,
      -4.497819900512695,
      44.999732971191406,
      55.93230056762695,
      70.0697250366211,
      76.6893539428711,
      93.79861450195312,
      88.85574340820312,
      100.4001693725586,
      93.61754608154297,
      104.19251251220703,
      97.36581420898438,
      74.9045639038086,
      60.408790588378906,
      41.77119827270508,
      31.237428665161133,
      20.194005966186523,
      14.232217788696289
    ],
    [
      -6.87067985534668,
      -6.378771781921387,
      31.899702072143555,
      39.11602020263672,
      54.20196533203125,
      57.96083450317383,
      72.25788116455078,
      68.64249420166016,
      78.6722640991211,
      73.52574920654297,
      81.08515930175781,
      74.9045639038086,
      64.96832275390625,
      52.01716232299805,
      37.6196174621582,
      28.346765518188477,
      18.9903564453125,
      13.371049880981445
    ],
    [
      -6.665094375610352,
      -6.039913177490234,
      23.645309448242188,
      28.702791213989258,
      41.49079895019531,
      44.38119888305664,
      56.200862884521484,
      53.72109603881836,
      61.44715881347656,
      57.94695281982422,
      64.8923110961914,
      60.408790588378906,
      52.01716232299805,
      43.34695053100586,
      30.818815231323242,
      23.582765579223633,
      15.849749565124512,
      11.33089828491211
    ],
    [
      -2.8372445106506348,
      -2.860842704772949,
      16.230533599853516,
      19.3934326171875,
      30.435365676879883,
      32.17665481567383,
      40.689395904541016,
      38.43284606933594,
      43.88810348510742,
      41.02741241455078,
      45.58350372314453,
      41.77119827270508,
      37.6196174621582,
      30.818815231323242,
      26.137042999267578,
      19.627477645874023,
      13.72502326965332,
      9.606781959533691
    ],
    [
      -2.6295080184936523,
      -2.5606894493103027,
      10.844719886779785,
      13.049628257751465,
      21.243383407592773,
      22.590396881103516,
      29.24416160583496,
      27.8652286529541,
      31.60174560546875,
      29.75980567932129,
      33.82345962524414,
      31.237428665161133,
      28.346765518188477,
      23.582765579223633,
      19.627477645874023,
      15.465978622436523,
      10.793875694274902,
      7.7653889656066895
    ],
    [
      -0.8567375540733337,
      -0.9364395141601562,
      7.556356430053711,
      8.838397979736328,
      14.396843910217285,
      15.121435165405273,
      19.34147071838379,
      18.443153381347656,
      20.4810733795166,
      19.3199462890625,
      22.042621612548828,
      20.194005966186523,
      18.9903564453125,
      15.849749565124512,
      13.72502326965332,
      10.793875694274902,
      8.415045738220215,
      6.0345916748046875
    ],
    [
      -1.0459736585617065,
      -1.010006070137024,
      4.598230361938477,
      5.557424068450928,
      9.25760269165039,
      9.854031562805176,
      12.932331085205078,
      12.482552528381348,
      13.686905860900879,
      13.054027557373047,
      15.360868453979492,
      14.232217788696289,
      13.371049880981445,
      11.33089828491211,
      9.606781959533691,
      7.7653889656066895,
      6.0345916748046875,
      4.599165439605713
    ]
  ],
  "damage": -25.44729995727539,
  "diff_bandwidth": 771.1641235351562,
  "dissonance": 5.998630153184012,
  "drr": -6.954739093780518,
  "dynamics": 7.784402370452881,
  "format": 1245190,
  "frames": 14136256,
  "loudness": -35.135093688964844,
  "loudness_range": 28.58975601196289,
  "loudness_range_short": 28.706138610839844,
  "lowpass_true_peak_15khz": -3.213994264602661,
  "mastering3_acoustic_entropies": [
    {
      "acoustic_entropy": 5.901971340179443,
      "acoustic_entropy_mono": 5.954791069030762,
      "band_eliminated_acoustic_entropies": [
        {
          "acoustic_entropy": 5.873712539672852,
          "acoustic_entropy_side": 5.90072774887085,
          "hz": 129.47220167065723
        },
        {
          "acoustic_entropy": 5.415613651275635,
          "acoustic_entropy_side": 5.857797145843506,
          "hz": 202.92927478742237
        },
        {
          "acoustic_entropy": 6.230879306793213,
          "acoustic_entropy_side": 6.035770893096924,
          "hz": 282.89161906338205
        },
        {
          "acoustic_entropy": 5.713717937469482,
          "acoustic_entropy_side": 5.578255653381348,
          "hz": 369.9353335868758
        },
        {
          "acoustic_entropy": 5.488755226135254,
          "acoustic_entropy_side": 6.188210964202881,
          "hz": 464.6875360973435
        },
        {
          "acoustic_entropy": 5.892712116241455,
          "acoustic_entropy_side": 5.832896709442139,
          "hz": 567.8308811364784
        },
        {
          "acoustic_entropy": 5.9032464027404785,
          "acoustic_entropy_side": 6.187470436096191,
          "hz": 680.1084783214808
        },
        {
          "acoustic_entropy": 5.263906002044678,
          "acoustic_entropy_side": 5.671716690063477,
          "hz": 802.3292461747484
        },
        {
          "acoustic_entropy": 6.476128101348877,
          "acoustic_entropy_side": 5.984201431274414,
          "hz": 935.3737400823702
        },
        {
          "acoustic_entropy": 5.615760326385498,
          "acoustic_entropy_side": 5.333883762359619,
          "hz": 1080.2004963696966
        },
        {
          "acoustic_entropy": 5.85056209564209,
          "acoustic_entropy_side": 5.697380065917969,
          "hz": 1237.8529382007157
        },
        {
          "acoustic_entropy": 5.517443656921387,
          "acoustic_entropy_side": 5.772480487823486,
          "hz": 1409.4668930556702
        },
        {
          "acoustic_entropy": 5.601902961730957,
          "acoustic_entropy_side": 5.80531120300293,
          "hz": 1596.2787759475705
        },
        {
          "acoustic_entropy": 5.821305751800537,
          "acoustic_entropy_side": 5.91618537902832,
          "hz": 1799.6344973346393
        },
        {
          "acoustic_entropy": 5.929163932800293,
          "acoustic_entropy_side": 5.844648361206055,
          "hz": 2020.9991599069049
        },
        {
          "acoustic_entropy": 5.79465913772583,
          "acoustic_entropy_side": 5.975762844085693,
          "hz": 2261.9676141086993
        },
        {
          "acoustic_entropy": 5.569029808044434,
          "acoustic_entropy_side": 5.786095142364502,
          "hz": 2524.2759484456974
        },
        {
          "acoustic_entropy": 5.604718208312988,
          "acoustic_entropy_side": 5.792479991912842,
          "hz": 2809.813997359896
        },
        {
          "acoustic_entropy": 5.85261344909668,
          "acoustic_entropy_side": 5.90791654586792,
          "hz": 3120.6389567871424
        },
        {
          "acoustic_entropy": 5.769063949584961,
          "acoustic_entropy_side": 5.876929759979248,
          "hz": 3458.990205492291
        },
        {
          "acoustic_entropy": 5.783603191375732,
          "acoustic_entropy_side": 5.8638153076171875,
          "hz": 3827.305438964164
        },
        {
          "acoustic_entropy": 5.528927803039551,
          "acoustic_entropy_side": 5.819909572601318,
          "hz": 4228.238232109126
        },
        {
          "acoustic_entropy": 5.923782825469971,
          "acoustic_entropy_side": 5.930019855499268,
          "hz": 4664.6771572759235
        },
        {
          "acoustic_entropy": 5.889095306396484,
          "acoustic_entropy_side": 5.901031017303467,
          "hz": 5139.766595350093
        },
        {
          "acoustic_entropy": 5.897586822509766,
          "acoustic_entropy_side": 5.901766777038574,
          "hz": 5656.929389854203
        },
        {
          "acoustic_entropy": 5.971188068389893,
          "acoustic_entropy_side": 5.930032253265381,
          "hz": 6219.891507268283
        },
        {
          "acoustic_entropy": 5.942870140075684,
          "acoustic_entropy_side": 5.91264009475708,
          "hz": 6832.70888123896
        },
        {
          "acoustic_entropy": 5.9106645584106445,
          "acoustic_entropy_side": 5.904629230499268,
          "hz": 7499.796634079867
        },
        {
          "acoustic_entropy": 5.9017744064331055,
          "acoustic_entropy_side": 5.903284549713135,
          "hz": 8225.96088609342
        },
        {
          "acoustic_entropy": 5.908370494842529,
          "acoustic_entropy_side": 5.903346061706543,
          "hz": 9016.43338188839
        },
        {
          "acoustic_entropy": 5.910358905792236,
          "acoustic_entropy_side": 5.903410911560059,
          "hz": 9876.909183162974
        },
        {
          "acoustic_entropy": 5.907106876373291,
          "acoustic_entropy_side": 5.9038472175598145,
          "hz": 10813.587699516042
        },
        {
          "acoustic_entropy": 5.906017303466797,
          "acoustic_entropy_side": 5.90317440032959,
          "hz": 11833.21735289826
        },
        {
          "acoustic_entropy": 5.906811714172363,
          "acoustic_entropy_side": 5.903376579284668,
          "hz": 12943.144197493959
        },
        {
          "acoustic_entropy": 5.904086589813232,
          "acoustic_entropy_side": 5.902457237243652,
          "hz": 14151.364845322005
        },
        {
          "acoustic_entropy": 5.904074668884277,
          "acoustic_entropy_side": 5.9026007652282715,
          "hz": 15466.58407886509
        },
        {
          "acoustic_entropy": 5.903580665588379,
          "acoustic_entropy_side": 5.902290344238281,
          "hz": 16898.27756580493
        },
        {
          "acoustic_entropy": 5.903539657592773,
          "acoustic_entropy_side": 5.902276515960693,
          "hz": 18456.760127700032
        },
        {
          "acoustic_entropy": 5.9025044441223145,
          "acoustic_entropy_side": 5.9020891189575195,
          "hz": 20153.260054456492
        },
        {
          "acoustic_entropy": 5.902076721191406,
          "acoustic_entropy_side": 5.901993274688721,
          "hz": 22000.00000000001
        }
      ],
      "diff_acoustic_entropy": 1.966097354888916,
      "sn": 6
    },
    {
      "acoustic_entropy": 9.302871704101562,
      "acoustic_entropy_mono": 9.269533157348633,
      "band_eliminated_acoustic_entropies": [
        {
          "acoustic_entropy": 9.14439582824707,
          "acoustic_entropy_side": 9.301420211791992,
          "hz": 129.47220167065723
        },
        {
          "acoustic_entropy": 8.838418006896973,
          "acoustic_entropy_side": 9.255863189697266,
          "hz": 202.92927478742237
        },
        {
          "acoustic_entropy": 9.490554809570312,
          "acoustic_entropy_side": 9.72386360168457,
          "hz": 282.89161906338205
        },
        {
          "acoustic_entropy": 8.952280044555664,
          "acoustic_entropy_side": 8.984234809875488,
          "hz": 369.9353335868758
        },
        {
          "acoustic_entropy": 9.534585952758789,
          "acoustic_entropy_side": 9.785998344421387,
          "hz": 464.6875360973435
        },
        {
          "acoustic_entropy": 8.70462417602539,
          "acoustic_entropy_side": 8.917407989501953,
          "hz": 567.8308811364784
        },
        {
          "acoustic_entropy": 9.355518341064453,
          "acoustic_entropy_side": 9.298088073730469,
          "hz": 680.1084783214808
        },
        {
          "acoustic_entropy": 8.938281059265137,
          "acoustic_entropy_side": 9.007079124450684,
          "hz": 802.3292461747484
        },
        {
          "acoustic_entropy": 9.476673126220703,
          "acoustic_entropy_side": 9.220684051513672,
          "hz": 935.3737400823702
        },
        {
          "acoustic_entropy": 9.159039497375488,
          "acoustic_entropy_side": 9.429924964904785,
          "hz": 1080.2004963696966
        },
        {
          "acoustic_entropy": 9.32465934753418,
          "acoustic_entropy_side": 9.66569709777832,
          "hz": 1237.8529382007157
        },
        {
          "acoustic_entropy": 9.398270606994629,
          "acoustic_entropy_side": 9.301972389221191,
          "hz": 1409.4668930556702
        },
        {
          "acoustic_entropy": 9.007549285888672,
          "acoustic_entropy_side": 9.379064559936523,
          "hz": 1596.2787759475705
        },
        {
          "acoustic_entropy": 9.758437156677246,
          "acoustic_entropy_side": 9.512656211853027,
          "hz": 1799.6344973346393
        },
        {
          "acoustic_entropy": 9.426873207092285,
          "acoustic_entropy_side": 9.479011535644531,
          "hz": 2020.9991599069049
        },
        {
          "acoustic_entropy": 9.352327346801758,
          "acoustic_entropy_side": 9.667264938354492,
          "hz": 2261.9676141086993
        },
        {
          "acoustic_entropy": 9.137250900268555,
          "acoustic_entropy_side": 9.196259498596191,
          "hz": 2524.2759484456974
        },
        {
          "acoustic_entropy": 9.2507963180542,
          "acoustic_entropy_side": 9.41018295288086,
          "hz": 2809.813997359896
        },
        {
          "acoustic_entropy": 9.310006141662598,
          "acoustic_entropy_side": 9.206416130065918,
          "hz": 3120.6389567871424
        },
        {
          "acoustic_entropy": 9.190546989440918,
          "acoustic_entropy_side": 9.298362731933594,
          "hz": 3458.990205492291
        },
        {
          "acoustic_entropy": 8.997032165527344,
          "acoustic_entropy_side": 9.116086959838867,
          "hz": 3827.305438964164
        },
        {
          "acoustic_entropy": 9.247428894042969,
          "acoustic_entropy_side": 9.356435775756836,
          "hz": 4228.238232109126
        },
        {
          "acoustic_entropy": 9.094278335571289,
          "acoustic_entropy_side": 9.242483139038086,
          "hz": 4664.6771572759235
        },
        {
          "acoustic_entropy": 9.216407775878906,
          "acoustic_entropy_side": 9.273432731628418,
          "hz": 5139.766595350093
        },
        {
          "acoustic_entropy": 9.253763198852539,
          "acoustic_entropy_side": 9.284147262573242,
          "hz": 5656.929389854203
        },
        {
          "acoustic_entropy": 9.1434965133667,
          "acoustic_entropy_side": 9.2535982131958,
          "hz": 6219.891507268283
        },
        {
          "acoustic_entropy": 9.182650566101074,
          "acoustic_entropy_side": 9.229202270507812,
          "hz": 6832.70888123896
        },
        {
          "acoustic_entropy": 9.179259300231934,
          "acoustic_entropy_side": 9.270998001098633,
          "hz": 7499.796634079867
        },
        {
          "acoustic_entropy": 9.177496910095215,
          "acoustic_entropy_side": 9.282565116882324,
          "hz": 8225.96088609342
        },
        {
          "acoustic_entropy": 9.239446640014648,
          "acoustic_entropy_side": 9.2955904006958,
          "hz": 9016.43338188839
        },
        {
          "acoustic_entropy": 9.271512031555176,
          "acoustic_entropy_side": 9.29748821258545,
          "hz": 9876.909183162974
        },
        {
          "acoustic_entropy": 9.263452529907227,
          "acoustic_entropy_side": 9.295767784118652,
          "hz": 10813.587699516042
        },
        {
          "acoustic_entropy": 9.281437873840332,
          "acoustic_entropy_side": 9.298907279968262,
          "hz": 11833.21735289826
        },
        {
          "acoustic_entropy": 9.291000366210938,
          "acoustic_entropy_side": 9.302180290222168,
          "hz": 12943.144197493959
        },
        {
          "acoustic_entropy": 9.293904304504395,
          "acoustic_entropy_side": 9.301513671875,
          "hz": 14151.364845322005
        },
        {
          "acoustic_entropy": 9.297263145446777,
          "acoustic_entropy_side": 9.302607536315918,
          "hz": 15466.58407886509
        },
        {
          "acoustic_entropy": 9.298813819885254,
          "acoustic_entropy_side": 9.302544593811035,
          "hz": 16898.27756580493
        },
        {
          "acoustic_entropy": 9.29909896850586,
          "acoustic_entropy_side": 9.302718162536621,
          "hz": 18456.760127700032
        },
        {
          "acoustic_entropy": 9.30261516571045,
          "acoustic_entropy_side": 9.30321216583252,
          "hz": 20153.260054456492
        },
        {
          "acoustic_entropy": 9.302722930908203,
          "acoustic_entropy_side": 9.302919387817383,
          "hz": 22000.00000000001
        }
      ],
      "diff_acoustic_entropy": 3.1106839179992676,
      "sn": 12
    },
    {
      "acoustic_entropy": 18.719404220581055,
      "acoustic_entropy_mono": 16.317556381225586,
      "band_eliminated_acoustic_entropies": [
        {
          "acoustic_entropy": 18.561735153198242,
          "acoustic_entropy_side": 18.66757583618164,
          "hz": 129.47220167065723
        },
        {
          "acoustic_entropy": 18.177234649658203,
          "acoustic_entropy_side": 18.03421974182129,
          "hz": 202.92927478742237
        },
        {
          "acoustic_entropy": 17.758464813232422,
          "acoustic_entropy_side": 18.636381149291992,
          "hz": 282.89161906338205
        },
        {
          "acoustic_entropy": 17.15217399597168,
          "acoustic_entropy_side": 17.698383331298828,
          "hz": 369.9353335868758
        },
        {
          "acoustic_entropy": 17.18929672241211,
          "acoustic_entropy_side": 18.5429630279541,
          "hz": 464.6875360973435
        },
        {
          "acoustic_entropy": 17.49102210998535,
          "acoustic_entropy_side": 17.64241600036621,
          "hz": 567.8308811364784
        },
        {
          "acoustic_entropy": 17.515182495117188,
          "acoustic_entropy_side": 18.07643699645996,
          "hz": 680.1084783214808
        },
        {
          "acoustic_entropy": 16.882781982421875,
          "acoustic_entropy_side": 17.96072769165039,
          "hz": 802.3292461747484
        },
        {
          "acoustic_entropy": 17.695064544677734,
          "acoustic_entropy_side": 17.88483428955078,
          "hz": 935.3737400823702
        },
        {
          "acoustic_entropy": 17.109350204467773,
          "acoustic_entropy_side": 18.009885787963867,
          "hz": 1080.2004963696966
        },
        {
          "acoustic_entropy": 18.540464401245117,
          "acoustic_entropy_side": 19.17206382751465,
          "hz": 1237.8529382007157
        },
        {
          "acoustic_entropy": 18.011274337768555,
          "acoustic_entropy_side": 18.604393005371094,
          "hz": 1409.4668930556702
        },
        {
          "acoustic_entropy": 17.97780990600586,
          "acoustic_entropy_side": 18.70570945739746,
          "hz": 1596.2787759475705
        },
        {
          "acoustic_entropy": 18.783777236938477,
          "acoustic_entropy_side": 18.651714324951172,
          "hz": 1799.6344973346393
        },
        {
          "acoustic_entropy": 18.50345802307129,
          "acoustic_entropy_side": 18.777616500854492,
          "hz": 2020.9991599069049
        },
        {
          "acoustic_entropy": 18.89560317993164,
          "acoustic_entropy_side": 18.711957931518555,
          "hz": 2261.9676141086993
        },
        {
          "acoustic_entropy": 17.668701171875,
          "acoustic_entropy_side": 18.301254272460938,
          "hz": 2524.2759484456974
        },
        {
          "acoustic_entropy": 16.934783935546875,
          "acoustic_entropy_side": 18.44245719909668,
          "hz": 2809.813997359896
        },
        {
          "acoustic_entropy": 18.743206024169922,
          "acoustic_entropy_side": 18.741416931152344,
          "hz": 3120.6389567871424
        },
        {
          "acoustic_entropy": 18.283782958984375,
