{
  "acoustic_entropy": 78.78314971923828,
  "bands": [
    {
      "high_freq": 148.1999969482422,
      "loudness": -68.47846984863281,
      "loudness_range": 12.022758483886719,
      "mid_mean": -65.36639404296875,
      "mid_to_side_loudness": -0.7189343571662903,
      "mid_to_side_loudness_range": 3.093324661254883,
      "side_mean": -65.5969467163086
    },
    {
      "high_freq": 392.3793640136719,
      "loudness": -55.965606689453125,
      "loudness_range": 8.492290496826172,
      "low_freq": 148.1999969482422,
      "mid_mean": -54.89516067504883,
      "mid_to_side_loudness": -1.418199062347412,
      "mid_to_side_loudness_range": 3.1953341960906982,
      "side_mean": -56.14093017578125
    },
    {
      "high_freq": 794.6976318359375,
      "loudness": -55.596397399902344,
      "loudness_range": 17.370243072509766,
      "low_freq": 392.3793640136719,
      "mid_mean": -55.909461975097656,
      "mid_to_side_loudness": -1.0795732736587524,
      "mid_to_side_loudness_range": 4.831228256225586,
      "side_mean": -56.88550567626953
    },
    {
      "high_freq": 1457.5709228515625,
      "loudness": -54.53435516357422,
      "loudness_range": 16.059917449951172,
      "low_freq": 794.6976318359375,
      "mid_mean": -53.76839828491211,
      "mid_to_side_loudness": -2.025902509689331,
      "mid_to_side_loudness_range": 4.277645111083984,
      "side_mean": -55.547340393066406
    },
    {
      "high_freq": 2549.74365234375,
      "loudness": -45.369590759277344,
      "loudness_range": 17.271175384521484,
      "low_freq": 1457.5709228515625,
      "mid_mean": -44.03456497192383,
      "mid_to_side_loudness": -1.7325048446655273,
      "mid_to_side_loudness_range": 4.743290901184082,
      "side_mean": -46.208213806152344
    },
    {
      "high_freq": 4349.24462890625,
      "loudness": -35.71095657348633,
      "loudness_range": 19.45684814453125,
      "low_freq": 2549.74365234375,
      "mid_mean": -34.43617248535156,
      "mid_to_side_loudness": -1.794878602027893,
      "mid_to_side_loudness_range": 3.9356446266174316,
      "side_mean": -36.145843505859375
    },
    {
      "high_freq": 7314.1640625,
      "loudness": -36.930267333984375,
      "loudness_range": 18.201602935791016,
      "low_freq": 4349.24462890625,
      "mid_mean": -35.47474670410156,
      "mid_to_side_loudness": -1.5827935934066772,
      "mid_to_side_loudness_range": 3.258500576019287,
      "side_mean": -37.81034851074219
    },
    {
      "high_freq": 12199.2666015625,
      "loudness": -37.09633255004883,
      "loudness_range": 13.606456756591797,
      "low_freq": 7314.1640625,
      "mid_mean": -35.406795501708984,
      "mid_to_side_loudness": -2.798658847808838,
      "mid_to_side_loudness_range": 2.334205389022827,
      "side_mean": -38.22550964355469
    },
    {
      "loudness": -44.275779724121094,
      "loudness_range": 28.26598358154297,
      "low_freq": 12199.2666015625,
      "mid_mean": -43.52091598510742,
      "mid_to_side_loudness": -1.9966046810150146,
      "mid_to_side_loudness_range": 3.5135903358459473,
      "side_mean": -45.43125534057617
    }
  ],
  "bands_short": [
    {
      "high_freq": 148.1999969482422,
      "loudness": -70.1261215209961,
      "loudness_range": 14.701370239257812,
      "mid_mean": -66.17073822021484,
      "mid_to_side_loudness": -0.6511169672012329,
      "mid_to_side_loudness_range": 6.406833648681641,
      "side_mean": -66.30534362792969
    },
    {
      "high_freq": 392.3793640136719,
      "loudness": -56.864444732666016,
      "loudness_range": 11.594985961914062,
      "low_freq": 148.1999969482422,
      "mid_mean": -55.74647903442383,
      "mid_to_side_loudness": -1.3855513334274292,
      "mid_to_side_loudness_range": 4.343486785888672,
      "side_mean": -57.055267333984375
    },
    {
      "high_freq": 794.6976318359375,
      "loudness": -56.58217239379883,
      "loudness_range": 17.977336883544922,
      "low_freq": 392.3793640136719,
      "mid_mean": -56.83323287963867,
      "mid_to_side_loudness": -0.8937491774559021,
      "mid_to_side_loudness_range": 6.337773323059082,
      "side_mean": -57.72630310058594
    },
    {
      "high_freq": 1457.5709228515625,
      "loudness": -55.92240905761719,
      "loudness_range": 17.190494537353516,
      "low_freq": 794.6976318359375,
      "mid_mean": -54.77684020996094,
      "mid_to_side_loudness": -2.720054864883423,
      "mid_to_side_loudness_range": 4.931034088134766,
      "side_mean": -57.279598236083984
    },
    {
      "high_freq": 2549.74365234375,
      "loudness": -46.76771545410156,
      "loudness_range": 17.57176971435547,
      "low_freq": 1457.5709228515625,
      "mid_mean": -45.81332778930664,
      "mid_to_side_loudness": -0.858100950717926,
      "mid_to_side_loudness_range": 5.466772556304932,
      "side_mean": -47.32837677001953
    },
    {
      "high_freq": 4349.24462890625,
      "loudness": -36.03293991088867,
      "loudness_range": 19.42519760131836,
      "low_freq": 2549.74365234375,
      "mid_mean": -34.81711196899414,
      "mid_to_side_loudness": -1.3392987251281738,
      "mid_to_side_loudness_range": 3.851733922958374,
      "side_mean": -36.38001251220703
    },
    {
      "high_freq": 7314.1640625,
      "loudness": -37.888431549072266,
      "loudness_range": 19.79918670654297,
      "low_freq": 4349.24462890625,
      "mid_mean": -36.37999725341797,
      "mid_to_side_loudness": -2.3498764038085938,
      "mid_to_side_loudness_range": 3.2221832275390625,
      "side_mean": -38.97624969482422
    },
    {
      "high_freq": 12199.2666015625,
      "loudness": -38.584415435791016,
      "loudness_range": 17.181304931640625,
      "low_freq": 7314.1640625,
      "mid_mean": -36.79021453857422,
      "mid_to_side_loudness": -2.8330416679382324,
      "mid_to_side_loudness_range": 3.5878658294677734,
      "side_mean": -39.752662658691406
    },
    {
      "loudness": -51.24728012084961,
      "loudness_range": 35.5456657409668,
      "low_freq": 12199.2666015625,
      "mid_mean": -51.5263671875,
      "mid_to_side_loudness": -2.458178758621216,
      "mid_to_side_loudness_range": 4.049941062927246,
      "side_mean": -53.767486572265625
    }
  ],
  "bandwidth": 2314.2509765625,
  "channels": 2,
  "covariance": [
    [
      5.482867240905762,
      5.638729572296143,
      6.862233638763428,
      7.890451431274414,
      7.084951400756836,
      7.421723365783691,
      7.167908191680908,
      6.959089279174805,
      4.818639755249023,
      6.154013156890869,
      3.4655582904815674,
      3.773984909057617,
      2.129333257675171,
      2.5492992401123047,
      2.7212650775909424,
      3.1936328411102295,
      1.2029389142990112,
      2.145547866821289
    ],
    [
      5.638729572296143,
      6.0397443771362305,
      6.8060736656188965,
      7.867786884307861,
      6.7865190505981445,
      7.150020599365234,
      6.901901721954346,
      6.7496514320373535,
      4.803003311157227,
      6.064990043640137,
      3.264209747314453,
      3.6011741161346436,
      1.8695522546768188,
      2.2007381916046143,
      2.395077705383301,
      2.820035457611084,
      -0.1712070107460022,
      0.7102822661399841
    ],
    [
      6.862233638763428,
      6.8060736656188965,
      15.705062866210938,
      16.141010284423828,
      20.16826629638672,
      18.744487762451172,
      20.45075035095215,
      18.350067138671875,
      10.99361801147461,
      13.32853889465332,
      8.444520950317383,
      7.293777942657471,
      6.460525989532471,
      5.853492736816406,
      5.7678375244140625,
      5.57137393951416,
      9.550487518310547,
      9.591702461242676
    ],
    [
      7.890451431274414,
      7.867786884307861,
      16.141010284423828,
      17.934938430786133,
      17.513490676879883,
      17.65993309020996,
      18.160953521728516,
      17.342998504638672,
      9.776609420776367,
      13.939254760742188,
      6.278758525848389,
      6.669062614440918,
      3.7906949520111084,
      4.64768123626709,
      4.215385913848877,
      5.368626594543457,
      6.148493766784668,
      7.96182918548584
    ],
    [
      7.084951400756836,
      6.7865190505981445,
      20.16826629638672,
      17.513490676879883,
      55.42156982421875,
      44.291507720947266,
      51.806861877441406,
      42.0342903137207,
      40.78911590576172,
      36.26077651977539,
      41.39748764038086,
      30.789310455322266,
      36.39948272705078,
      27.465307235717773,
      23.391767501831055,
      16.87431526184082,
      38.94379806518555,
      30.670331954956055
    ],
    [
      7.421723365783691,
      7.150020599365234,
      18.744487762451172,
      17.65993309020996,
      44.291507720947266,
      37.54754638671875,
      41.918453216552734,
      35.588661193847656,
      32.679080963134766,
      31.181867599487305,
      32.22477722167969,
      25.343265533447266,
      27.972381591796875,
      22.31709098815918,
      18.70525360107422,
      14.794859886169434,
      30.485837936401367,
      25.593198776245117
    ],
    [
      7.167908191680908,
      6.901901721954346,
      20.45075035095215,
      18.160953521728516,
      51.806861877441406,
      41.918453216552734,
      49.726261138916016,
      40.72305679321289,
      37.215450286865234,
      33.999568939208984,
      36.88657760620117,
      27.505542755126953,
      31.831787109375,
      23.957258224487305,
      20.3090877532959,
      14.627982139587402,
      33.73515701293945,
      26.406723022460938
    ],
    [
      6.959089279174805,
      6.7496514320373535,
      18.350067138671875,
      17.342998504638672,
      42.0342903137207,
      35.588661193847656,
      40.72305679321289,
      35.06480026245117,
      30.908100128173828,
      30.09490203857422,
      29.65651512145996,
      23.34058380126953,
      24.87667465209961,
      19.693222045898438,
      15.915948867797852,
      12.273119926452637,
      25.593915939331055,
      20.982206344604492
    ],
    [
      4.818639755249023,
      4.803003311157227,
      10.99361801147461,
      9.776609420776367,
      40.78911590576172,
      32.679080963134766,
      37.215450286865234,
      30.908100128173828,
      39.813140869140625,
      32.395240783691406,
      36.71792221069336,
      28.449729919433594,
      30.127321243286133,
      23.413860321044922,
      18.64500617980957,
      13.727957725524902,
      28.18975257873535,
      22.004253387451172
    ],
    [
      6.154013156890869,
      6.064990043640137,
      13.32853889465332,
      13.939254760742188,
      36.26077651977539,
      31.181867599487305,
      33.999568939208984,
      30.09490203857422,
      32.395240783691406,
      35.420040130615234,
      29.08651351928711,
      24.062028884887695,
      22.840356826782227,
      18.916563034057617,
      14.076889038085938,
      11.466216087341309,
      20.329206466674805,
      17.1292667388916
    ],
    [
      3.4655582904815674,
      3.264209747314453,
      8.444520950317383,
      6.278758525848389,
      41.39748764038086,
      32.22477722167969,
      36.88657760620117,
      29.65651512145996,
      36.71792221069336,
      29.08651351928711,
      43.46727752685547,
      33.76637649536133,
      35.764732360839844,
      27.901432037353516,
      22.045719146728516,
      16.4671688079834,
      34.692867279052734,
      27.445703506469727
    ],
    [
      3.773984909057617,
      3.6011741161346436,
      7.293777942657471,
      6.669062614440918,
      30.789310455322266,
      25.343265533447266,
      27.505542755126953,
      23.34058380126953,
      28.449729919433594,
      24.062028884887695,
      33.76637649536133,
      29.033395767211914,
      27.489490509033203,
      22.780534744262695,
      17.236467361450195,
      14.1953125,
      26.048158645629883,
      22.083650588989258
    ],
    [
      2.129333257675171,
      1.8695522546768188,
      6.460525989532471,
      3.7906949520111084,
      36.39948272705078,
      27.972381591796875,
      31.831787109375,
      24.87667465209961,
      30.127321243286133,
      22.840356826782227,
      35.764732360839844,
      27.489490509033203,
      39.60251235961914,
      31.748374938964844,
      25.87978172302246,
      20.696147918701172,
      43.2955322265625,
      36.735862731933594
    ],
    [
      2.5492992401123047,
      2.2007381916046143,
      5.853492736816406,
      4.64768123626709,
      27.465307235717773,
      22.31709098815918,
      23.957258224487305,
      19.693222045898438,
      23.413860321044922,
      18.916563034057617,
      27.901432037353516,
      22.780534744262695,
      31.748374938964844,
      28.388294219970703,
      22.39145278930664,
      19.588611602783203,
      37.80881881713867,
      34.323524475097656
    ],
    [
      2.7212650775909424,
      2.395077705383301,
      5.7678375244140625,
      4.215385913848877,
      23.391767501831055,
      18.70525360107422,
      20.3090877532959,
      15.915948867797852,
      18.64500617980957,
      14.076889038085938,
      22.045719146728516,
      17.236467361450195,
      25.87978172302246,
      22.39145278930664,
      25.055931091308594,
      22.10474395751953,
      40.39680862426758,
      37.184364318847656
    ],
    [
      3.1936328411102295,
      2.820035457611084,
      5.57137393951416,
      5.368626594543457,
      16.87431526184082,
      14.794859886169434,
      14.627982139587402,
      12.273119926452637,
      13.727957725524902,
      11.466216087341309,
      16.4671688079834,
      14.1953125,
      20.696147918701172,
      19.588611602783203,
      22.10474395751953,
      21.304805755615234,
      36.26109313964844,
      35.644561767578125
    ],
    [
      1.2029389142990112,
      -0.1712070107460022,
      9.550487518310547,
      6.148493766784668,
      38.94379806518555,
      30.485837936401367,
      33.73515701293945,
      25.593915939331055,
      28.18975257873535,
      20.329206466674805,
      34.692867279052734,
      26.048158645629883,
      43.2955322265625,
      37.80881881713867,
      40.39680862426758,
      36.26109313964844,
      90.81350708007812,
      86.16197204589844
    ],
    [
      2.145547866821289,
      0.7102822661399841,
      9.591702461242676,
      7.96182918548584,
      30.670331954956055,
      25.593198776245117,
      26.406723022460938,
      20.982206344604492,
      22.004253387451172,
      17.1292667388916,
      27.445703506469727,
      22.083650588989258,
      36.735862731933594,
      34.323524475097656,
      37.184364318847656,
      35.644561767578125,
      86.16197204589844,
      85.02665710449219
    ]
  ],
  "covariance_short": [
    [
      7.935607433319092,
      7.897075653076172,
      6.376411437988281,
      7.137900352478027,
      6.065535068511963,
      6.253186225891113,
      5.992664337158203,
      5.514060020446777,
      4.558244228363037,
      5.282350540161133,
      3.59755802154541,
      3.8510243892669678,
      3.1436574459075928,
      3.586798906326294,
      4.873532295227051,
      5.307787895202637,
      10.074642181396484,
      9.952582359313965
    ],
    [
      7.897075653076172,
      8.846672058105469,
      5.919835567474365,
      6.655268669128418,
      5.877196788787842,
      6.145031929016113,
      5.781582832336426,
      5.29083251953125,
      4.547209739685059,
      5.314208507537842,
      3.5197739601135254,
      3.6754939556121826,
      2.949666976928711,
      3.255654811859131,
      4.62105131149292,
      4.890247344970703,
      9.12987232208252,
      8.950599670410156
    ],
    [
      6.376411437988281,
      5.919835567474365,
      20.257673263549805,
      20.49864387512207,
      19.00316047668457,
      17.615936279296875,
      19.17059898376465,
      16.83442497253418,
      11.876547813415527,
      12.830061912536621,
      8.110078811645508,
      7.004881381988525,
      7.988584041595459,
      7.908230304718018,
      9.236591339111328,
      9.230267524719238,
      32.83128356933594,
      30.5413818359375
    ],
    [
      7.137900352478027,
      6.655268669128418,
      20.49864387512207,
      23.05084228515625,
      17.23078727722168,
      17.354684829711914,
      17.49427032470703,
      16.214038848876953,
      11.154327392578125,
      13.790716171264648,
      6.960484504699707,
      7.29484224319458,
      6.7492194175720215,
      7.892259120941162,
      8.613912582397461,
      9.741349220275879,
      31.30646514892578,
      30.714624404907227
    ],
    [
      6.065535068511963,
      5.877196788787842,
      19.00316047668457,
      17.23078727722168,
      52.082977294921875,
      41.484012603759766,
      48.23058319091797,
      39.76986312866211,
      42.810340881347656,
      35.79181671142578,
      39.98331069946289,
      30.211118698120117,
      38.06587219238281,
      31.7115535736084,
      28.47799301147461,
      23.418352127075195,
      75.01559448242188,
      64.34881591796875
    ],
    [
      6.253186225891113,
      6.145031929016113,
      17.615936279296875,
      17.354684829711914,
      41.484012603759766,
      37.97064971923828,
      39.09510040283203,
      34.41310119628906,
      34.726619720458984,
      31.415822982788086,
      31.994958877563477,
      25.718935012817383,
      30.267934799194336,
      26.58369255065918,
      23.439781188964844,
      20.550809860229492,
      63.047733306884766,
      56.90896987915039
    ],
    [
      5.992664337158203,
      5.781582832336426,
      19.17059898376465,
      17.49427032470703,
      48.23058319091797,
      39.09510040283203,
      48.682159423828125,
      39.503604888916016,
      40.0913200378418,
      34.13254928588867,
      36.60073471069336,
      27.454675674438477,
      34.86154556274414,
      28.98525047302246,
      25.9357852935791,
      21.369077682495117,
      72.44182586669922,
      62.22799301147461
    ],
    [
      5.514060020446777,
      5.29083251953125,
      16.83442497253418,
      16.214038848876953,
      39.76986312866211,
      34.41310119628906,
      39.503604888916016,
      35.30329895019531,
      34.073402404785156,
      30.56163787841797,
      31.269351959228516,
      24.700016021728516,
      30.16665267944336,
      26.2716064453125,
      22.90777015686035,
      19.84049415588379,
      62.60455322265625,
      56.089813232421875
    ],
    [
      4.558244228363037,
      4.547209739685059,
      11.876547813415527,
      11.154327392578125,
      42.810340881347656,
      34.726619720458984,
      40.0913200378418,
      34.073402404785156,
      45.721561431884766,
      36.78731918334961,
      38.427215576171875,
      29.423330307006836,
      34.1991081237793,
      28.81158447265625,
      24.834922790527344,
      20.2657527923584,
      62.589168548583984,
      54.105995178222656
    ],
    [
      5.282350540161133,
      5.314208507537842,
      12.830061912536621,
      13.790716171264648,
      35.79181671142578,
      31.415822982788086,
      34.13254928588867,
      30.56163787841797,
      36.78731918334961,
      37.428977966308594,
      30.294536590576172,
      25.059833526611328,
      26.154314041137695,
      23.652252197265625,
      18.48349380493164,
      16.367509841918945,
      52.9165153503418,
      48.16747283935547
    ],
    [
      3.59755802154541,
      3.5197739601135254,
      8.110078811645508,
      6.960484504699707,
      39.98331069946289,
      31.994958877563477,
      36.60073471069336,
      31.269351959228516,
      38.427215576171875,
      30.294536590576172,
      44.5319938659668,
      34.49936294555664,
      38.741737365722656,
      33.18521499633789,
      27.543975830078125,
      22.935163497924805,
      60.82365798950195,
      52.90358352661133
    ],
    [
      3.8510243892669678,
      3.6754939556121826,
      7.004881381988525,
      7.29484224319458,
      30.211118698120117,
      25.718935012817383,
      27.454675674438477,
      24.700016021728516,
      29.423330307006836,
      25.059833526611328,
      34.49936294555664,
      30.92305564880371,
      30.715648651123047,
      28.06704330444336,
      22.19178581237793,
      20.076818466186523,
      48.56589889526367,
      44.79035186767578
    ],
    [
      3.1436574459075928,
      2.949666976928711,
      7.988584041595459,
      6.7492194175720215,
      38.06587219238281,
      30.267934799194336,
      34.86154556274414,
      30.16665267944336,
      34.1991081237793,
      26.154314041137695,
      38.741737365722656,
      30.715648651123047,
      47.052398681640625,
      41.13562774658203,
      35.61442947387695,
      31.755006790161133,
      70.44647216796875,
      62.96562576293945
    ],
    [
      3.586798906326294,
      3.255654811859131,
      7.908230304718018,
      7.892259120941162,
      31.7115535736084,
      26.58369255065918,
      28.98525047302246,
      26.2716064453125,
      28.81158447265625,
      23.652252197265625,
      33.18521499633789,
      28.06704330444336,
      41.13562774658203,
      38.949256896972656,
      31.79176902770996,
      30.124967575073242,
      63.773189544677734,
      59.679988861083984
    ],
    [
      4.873532295227051,
      4.62105131149292,
      9.236591339111328,
      8.613912582397461,
      28.47799301147461,
      23.439781188964844,
      25.9357852935791,
      22.90777015686035,
      24.834922790527344,
      18.48349380493164,
      27.543975830078125,
      22.19178581237793,
      35.61442947387695,
      31.79176902770996,
      39.444637298583984,
      36.09183883666992,
      67.0024642944336,
      62.1988410949707
    ],
    [
      5.307787895202637,
      4.890247344970703,
      9.230267524719238,
      9.741349220275879,
      23.418352127075195,
      20.550809860229492,
      21.369077682495117,
      19.84049415588379,
      20.2657527923584,
      16.367509841918945,
      22.935163497924805,
      20.076818466186523,
      31.755006790161133,
      30.124967575073242,
      36.09183883666992,
      36.295101165771484,
      62.06355667114258,
      60.17239761352539
    ],
    [
      10.074642181396484,
      9.12987232208252,
      32.83128356933594,
      31.30646514892578,
      75.01559448242188,
      63.047733306884766,
      72.44182586669922,
      62.60455322265625,
      62.589168548583984,
      52.9165153503418,
      60.82365798950195,
      48.56589889526367,
      70.44647216796875,
      63.773189544677734,
      67.0024642944336,
      62.06355667114258,
      158.7750244140625,
      146.4647979736328
    ],
    [
      9.952582359313965,
      8.950599670410156,
      30.5413818359375,
      30.714624404907227,
      64.34881591796875,
      56.90896987915039,
      62.22799301147461,
      56.089813232421875,
      54.105995178222656,
      48.16747283935547,
      52.90358352661133,
      44.79035186767578,
      62.96562576293945,
      59.679988861083984,
      62.1988410949707,
      60.17239761352539,
      146.4647979736328,
      140.0227813720703
    ]
  ],
  "damage": -18.634429931640625,
  "diff_bandwidth": 2332.68798828125,
  "dissonance": 15.702244958940614,
  "drr": 7.157382965087891,
  "dynamics": 5.101268291473389,
  "format": 1245190,
  "frames": 1504192,
  "loudness": -27.317251205444336,
  "loudness_range": 16.70764923095703,
  "loudness_range_short": 19.192697525024414,
  "lowpass_true_peak_15khz": -3.4039530754089355,
  "mastering3_acoustic_entropies": [
    {
      "acoustic_entropy": 4.7550368309021,
      "acoustic_entropy_mono": 4.400729656219482,
      "band_eliminated_acoustic_entropies": [
        {
          "acoustic_entropy": 4.7550368309021,
          "acoustic_entropy_side": 4.7550368309021,
          "hz": 129.47220167065723
        },
        {
          "acoustic_entropy": 4.7550368309021,
          "acoustic_entropy_side": 4.7550368309021,
          "hz": 202.92927478742237
        },
        {
          "acoustic_entropy": 4.755034923553467,
          "acoustic_entropy_side": 4.755036354064941,
          "hz": 282.89161906338205
        },
        {
          "acoustic_entropy": 4.75493860244751,
          "acoustic_entropy_side": 4.754997253417969,
          "hz": 369.9353335868758
        },
        {
          "acoustic_entropy": 4.754483222961426,
          "acoustic_entropy_side": 4.755040645599365,
          "hz": 464.6875360973435
        },
        {
          "acoustic_entropy": 4.752163410186768,
          "acoustic_entropy_side": 4.7551093101501465,
          "hz": 567.8308811364784
        },
        {
          "acoustic_entropy": 4.74112606048584,
          "acoustic_entropy_side": 4.754092693328857,
          "hz": 680.1084783214808
        },
        {
          "acoustic_entropy": 4.740527629852295,
          "acoustic_entropy_side": 4.754661560058594,
          "hz": 802.3292461747484
        },
        {
          "acoustic_entropy": 4.744186878204346,
          "acoustic_entropy_side": 4.754693984985352,
          "hz": 935.3737400823702
        },
        {
          "acoustic_entropy": 4.743982791900635,
          "acoustic_entropy_side": 4.754850387573242,
          "hz": 1080.2004963696966
        },
        {
          "acoustic_entropy": 4.74395751953125,
          "acoustic_entropy_side": 4.754665851593018,
          "hz": 1237.8529382007157
        },
        {
          "acoustic_entropy": 4.747291088104248,
          "acoustic_entropy_side": 4.7548627853393555,
          "hz": 1409.4668930556702
        },
        {
          "acoustic_entropy": 4.7493672370910645,
          "acoustic_entropy_side": 4.755157470703125,
          "hz": 1596.2787759475705
        },
        {
          "acoustic_entropy": 4.752865791320801,
          "acoustic_entropy_side": 4.757872104644775,
          "hz": 1799.6344973346393
        },
        {
          "acoustic_entropy": 4.753983020782471,
          "acoustic_entropy_side": 4.757899284362793,
          "hz": 2020.9991599069049
        },
        {
          "acoustic_entropy": 4.749021530151367,
          "acoustic_entropy_side": 4.756860256195068,
          "hz": 2261.9676141086993
        },
        {
          "acoustic_entropy": 4.750842571258545,
          "acoustic_entropy_side": 4.754486083984375,
          "hz": 2524.2759484456974
        },
        {
          "acoustic_entropy": 4.723254680633545,
          "acoustic_entropy_side": 4.73921012878418,
          "hz": 2809.813997359896
        },
        {
          "acoustic_entropy": 4.699370861053467,
          "acoustic_entropy_side": 4.714813232421875,
          "hz": 3120.6389567871424
        },
        {
          "acoustic_entropy": 4.714964389801025,
          "acoustic_entropy_side": 4.746963024139404,
          "hz": 3458.990205492291
        },
        {
          "acoustic_entropy": 4.703361511230469,
          "acoustic_entropy_side": 4.752957344055176,
          "hz": 3827.305438964164
        },
        {
          "acoustic_entropy": 4.748511791229248,
          "acoustic_entropy_side": 4.749165058135986,
          "hz": 4228.238232109126
        },
        {
          "acoustic_entropy": 4.714430332183838,
          "acoustic_entropy_side": 4.742634296417236,
          "hz": 4664.6771572759235
        },
        {
          "acoustic_entropy": 4.681218147277832,
          "acoustic_entropy_side": 4.734258651733398,
          "hz": 5139.766595350093
        },
        {
          "acoustic_entropy": 4.6958136558532715,
          "acoustic_entropy_side": 4.7329277992248535,
          "hz": 5656.929389854203
        },
        {
          "acoustic_entropy": 4.730616569519043,
          "acoustic_entropy_side": 4.747612476348877,
          "hz": 6219.891507268283
        },
        {
          "acoustic_entropy": 4.726162910461426,
          "acoustic_entropy_side": 4.7444586753845215,
          "hz": 6832.70888123896
        },
        {
          "acoustic_entropy": 4.749046802520752,
          "acoustic_entropy_side": 4.740604400634766,
          "hz": 7499.796634079867
        },
        {
          "acoustic_entropy": 4.735991954803467,
          "acoustic_entropy_side": 4.740434169769287,
          "hz": 8225.96088609342
        },
        {
          "acoustic_entropy": 4.671263217926025,
          "acoustic_entropy_side": 4.734188079833984,
          "hz": 9016.43338188839
        },
        {
          "acoustic_entropy": 4.743378639221191,
          "acoustic_entropy_side": 4.750271797180176,
          "hz": 9876.909183162974
        },
        {
          "acoustic_entropy": 4.7687883377075195,
          "acoustic_entropy_side": 4.760262966156006,
          "hz": 10813.587699516042
        },
        {
          "acoustic_entropy": 4.743250370025635,
          "acoustic_entropy_side": 4.758615493774414,
          "hz": 11833.21735289826
        },
        {
          "acoustic_entropy": 4.800843715667725,
          "acoustic_entropy_side": 4.779595851898193,
          "hz": 12943.144197493959
        },
        {
          "acoustic_entropy": 4.8171844482421875,
          "acoustic_entropy_side": 4.780460834503174,
          "hz": 14151.364845322005
        },
        {
          "acoustic_entropy": 4.809574604034424,
          "acoustic_entropy_side": 4.775905132293701,
          "hz": 15466.58407886509
        },
        {
          "acoustic_entropy": 4.760213851928711,
          "acoustic_entropy_side": 4.741415500640869,
          "hz": 16898.27756580493
        },
        {
          "acoustic_entropy": 4.683475017547607,
          "acoustic_entropy_side": 4.6694769859313965,
          "hz": 18456.760127700032
        },
        {
          "acoustic_entropy": 4.738254070281982,
          "acoustic_entropy_side": 4.812264919281006,
          "hz": 20153.260054456492
        },
        {
          "acoustic_entropy": 4.781033039093018,
          "acoustic_entropy_side": 4.775123119354248,
          "hz": 22000.00000000001
        }
      ],
      "diff_acoustic_entropy": 4.708653926849365,
      "sn": 6
    },
    {
      "acoustic_entropy": 6.5408935546875,
      "acoustic_entropy_mono": 6.184815883636475,
      "band_eliminated_acoustic_entropies": [
        {
          "acoustic_entropy": 6.540893077850342,
          "acoustic_entropy_side": 6.540893077850342,
          "hz": 129.47220167065723
        },
        {
          "acoustic_entropy": 6.540894031524658,
          "acoustic_entropy_side": 6.540894031524658,
          "hz": 202.92927478742237
        },
        {
          "acoustic_entropy": 6.540999889373779,
          "acoustic_entropy_side": 6.540903091430664,
          "hz": 282.89161906338205
        },
        {
          "acoustic_entropy": 6.541549205780029,
          "acoustic_entropy_side": 6.540975093841553,
          "hz": 369.9353335868758
        },
        {
          "acoustic_entropy": 6.544448375701904,
          "acoustic_entropy_side": 6.541475772857666,
          "hz": 464.6875360973435
        },
        {
          "acoustic_entropy": 6.544543743133545,
          "acoustic_entropy_side": 6.541563034057617,
          "hz": 567.8308811364784
        },
        {
          "acoustic_entropy": 6.5754547119140625,
          "acoustic_entropy_side": 6.549618244171143,
          "hz": 680.1084783214808
        },
        {
          "acoustic_entropy": 6.565853118896484,
          "acoustic_entropy_side": 6.547202110290527,
          "hz": 802.3292461747484
        },
        {
          "acoustic_entropy": 6.557764530181885,
          "acoustic_entropy_side": 6.544314861297607,
          "hz": 935.3737400823702
        },
        {
          "acoustic_entropy": 6.558218479156494,
          "acoustic_entropy_side": 6.542966365814209,
          "hz": 1080.2004963696966
        },
        {
          "acoustic_entropy": 6.559205532073975,
          "acoustic_entropy_side": 6.544262886047363,
          "hz": 1237.8529382007157
        },
        {
          "acoustic_entropy": 6.538967609405518,
          "acoustic_entropy_side": 6.539203643798828,
          "hz": 1409.4668930556702
        },
        {
          "acoustic_entropy": 6.5516037940979,
          "acoustic_entropy_side": 6.54659366607666,
          "hz": 1596.2787759475705
        },
        {
          "acoustic_entropy": 6.5641984939575195,
          "acoustic_entropy_side": 6.554834365844727,
          "hz": 1799.6344973346393
        },
        {
          "acoustic_entropy": 6.54654598236084,
          "acoustic_entropy_side": 6.546286106109619,
          "hz": 2020.9991599069049
        },
        {
          "acoustic_entropy": 6.567882061004639,
          "acoustic_entropy_side": 6.5603132247924805,
          "hz": 2261.9676141086993
        },
        {
          "acoustic_entropy": 6.528228759765625,
          "acoustic_entropy_side": 6.535052299499512,
          "hz": 2524.2759484456974
        },
        {
          "acoustic_entropy": 6.544050216674805,
          "acoustic_entropy_side": 6.547379493713379,
          "hz": 2809.813997359896
        },
        {
          "acoustic_entropy": 6.48306941986084,
          "acoustic_entropy_side": 6.4847259521484375,
          "hz": 3120.6389567871424
        },
        {
          "acoustic_entropy": 6.51042366027832,
          "acoustic_entropy_side": 6.533935070037842,
          "hz": 3458.990205492291
        },
        {
          "acoustic_entropy": 6.482751369476318,
          "acoustic_entropy_side": 6.543240547180176,
          "hz": 3827.305438964164
        },
        {
          "acoustic_entropy": 6.520453929901123,
          "acoustic_entropy_side": 6.535497188568115,
          "hz": 4228.238232109126
        },
        {
          "acoustic_entropy": 6.510195255279541,
          "acoustic_entropy_side": 6.535645008087158,
          "hz": 4664.6771572759235
        },
        {
          "acoustic_entropy": 6.542381286621094,
          "acoustic_entropy_side": 6.537353038787842,
          "hz": 5139.766595350093
        },
        {
          "acoustic_entropy": 6.516002178192139,
          "acoustic_entropy_side": 6.52246618270874,
          "hz": 5656.929389854203
        },
        {
          "acoustic_entropy": 6.556572437286377,
          "acoustic_entropy_side": 6.536337375640869,
          "hz": 6219.891507268283
        },
        {
          "acoustic_entropy": 6.51740837097168,
          "acoustic_entropy_side": 6.522674083709717,
          "hz": 6832.70888123896
        },
        {
          "acoustic_entropy": 6.517647743225098,
          "acoustic_entropy_side": 6.523709297180176,
          "hz": 7499.796634079867
        },
        {
          "acoustic_entropy": 6.500799179077148,
          "acoustic_entropy_side": 6.511465072631836,
          "hz": 8225.96088609342
        },
        {
          "acoustic_entropy": 6.504155158996582,
          "acoustic_entropy_side": 6.524994373321533,
          "hz": 9016.43338188839
        },
        {
          "acoustic_entropy": 6.556392192840576,
          "acoustic_entropy_side": 6.537808895111084,
          "hz": 9876.909183162974
        },
        {
          "acoustic_entropy": 6.528208255767822,
          "acoustic_entropy_side": 6.549543380737305,
          "hz": 10813.587699516042
        },
        {
          "acoustic_entropy": 6.533310890197754,
          "acoustic_entropy_side": 6.554137229919434,
          "hz": 11833.21735289826
        },
        {
          "acoustic_entropy": 6.522021770477295,
          "acoustic_entropy_side": 6.537233829498291,
          "hz": 12943.144197493959
        },
        {
          "acoustic_entropy": 6.626938343048096,
          "acoustic_entropy_side": 6.581839561462402,
          "hz": 14151.364845322005
        },
        {
          "acoustic_entropy": 6.589254379272461,
          "acoustic_entropy_side": 6.558078289031982,
          "hz": 15466.58407886509
        },
        {
          "acoustic_entropy": 6.5103936195373535,
          "acoustic_entropy_side": 6.501034736633301,
          "hz": 16898.27756580493
        },
        {
          "acoustic_entropy": 6.445285797119141,
          "acoustic_entropy_side": 6.442432403564453,
          "hz": 18456.760127700032
        },
        {
          "acoustic_entropy": 6.62190580368042,
          "acoustic_entropy_side": 6.582817554473877,
          "hz": 20153.260054456492
        },
        {
          "acoustic_entropy": 6.472640514373779,
          "acoustic_entropy_side": 6.545843601226807,
          "hz": 22000.00000000001
        }
      ],
      "diff_acoustic_entropy": 6.53631067276001,
      "sn": 12
    },
    {
      "acoustic_entropy": 8.79476261138916,
      "acoustic_entropy_mono": 8.229891777038574,
      "band_eliminated_acoustic_entropies": [
        {
          "acoustic_entropy": 8.794668197631836,
          "acoustic_entropy_side": 8.794732093811035,
          "hz": 129.47220167065723
        },
        {
          "acoustic_entropy": 8.794665336608887,
          "acoustic_entropy_side": 8.794743537902832,
          "hz": 202.92927478742237
        },
        {
          "acoustic_entropy": 8.791646957397461,
          "acoustic_entropy_side": 8.792771339416504,
          "hz": 282.89161906338205
        },
        {
          "acoustic_entropy": 8.714719772338867,
          "acoustic_entropy_side": 8.727944374084473,
          "hz": 369.9353335868758
        },
        {
          "acoustic_entropy": 8.831361770629883,
          "acoustic_entropy_side": 8.80223274230957,
          "hz": 464.6875360973435
        },
        {
          "acoustic_entropy": 8.68242359161377,
          "acoustic_entropy_side": 8.734726905822754,
          "hz": 567.8308811364784
        },
        {
          "acoustic_entropy": 8.634115219116211,
          "acoustic_entropy_side": 8.70984172821045,
          "hz": 680.1084783214808
        },
        {
          "acoustic_entropy": 8.739373207092285,
          "acoustic_entropy_side": 8.750391006469727,
          "hz": 802.3292461747484
        },
        {
          "acoustic_entropy": 8.743852615356445,
          "acoustic_entropy_side": 8.792401313781738,
          "hz": 935.3737400823702
        },
        {
          "acoustic_entropy": 8.668633460998535,
          "acoustic_entropy_side": 8.751155853271484,
          "hz": 1080.2004963696966
        },
        {
          "acoustic_entropy": 8.77249526977539,
          "acoustic_entropy_side": 8.801704406738281,
          "hz": 1237.8529382007157
        },
        {
          "acoustic_entropy": 8.57762622833252,
          "acoustic_entropy_side": 8.502667427062988,
          "hz": 1409.4668930556702
        },
        {
          "acoustic_entropy": 8.732949256896973,
          "acoustic_entropy_side": 8.746750831604004,
          "hz": 1596.2787759475705
        },
        {
          "acoustic_entropy": 8.791891098022461,
          "acoustic_entropy_side": 8.80603313446045,
          "hz": 1799.6344973346393
        },
        {
          "acoustic_entropy": 8.784966468811035,
          "acoustic_entropy_side": 8.502023696899414,
          "hz": 2020.9991599069049
        },
        {
          "acoustic_entropy": 8.759450912475586,
          "acoustic_entropy_side": 8.75147819519043,
          "hz": 2261.9676141086993
        },
        {
          "acoustic_entropy": 8.558643341064453,
          "acoustic_entropy_side": 8.548495292663574,
          "hz": 2524.2759484456974
        },
        {
          "acoustic_entropy": 8.834720611572266,
          "acoustic_entropy_side": 8.787553787231445,
          "hz": 2809.813997359896
        },
        {
          "acoustic_entropy": 8.50654411315918,
          "acoustic_entropy_side": 8.563176155090332,
          "hz": 3120.6389567871424
        },
        {
          "acoustic_entropy": 8.89444351196289,
          "acoustic_entropy_side": 8.796127319335938,
