{
  "acoustic_entropy": 151.31451416015625,
  "bands": [
    {
      "high_freq": 148.1999969482422,
      "loudness": -36.946189880371094,
      "loudness_range": 19.712533950805664,
      "mid_mean": -34.54270935058594,
      "mid_to_side_loudness": -6.365604400634766,
      "mid_to_side_loudness_range": 13.75732135772705,
      "side_mean": -40.903045654296875
    },
    {
      "high_freq": 392.3793640136719,
      "loudness": -21.46034812927246,
      "loudness_range": 14.315377235412598,
      "low_freq": 148.1999969482422,
      "mid_mean": -18.868072509765625,
      "mid_to_side_loudness": -5.982959270477295,
      "mid_to_side_loudness_range": 8.260698318481445,
      "side_mean": -24.825546264648438
    },
    {
      "high_freq": 794.6976318359375,
      "loudness": -21.943593978881836,
      "loudness_range": 14.996301651000977,
      "low_freq": 392.3793640136719,
      "mid_mean": -19.75737953186035,
      "mid_to_side_loudness": -5.033028602600098,
      "mid_to_side_loudness_range": 11.582136154174805,
      "side_mean": -24.79149055480957
    },
    {
      "high_freq": 1457.5709228515625,
      "loudness": -27.406822204589844,
      "loudness_range": 14.892583847045898,
      "low_freq": 794.6976318359375,
      "mid_mean": -24.91836166381836,
      "mid_to_side_loudness": -5.706214904785156,
      "mid_to_side_loudness_range": 8.125679969787598,
      "side_mean": -30.61362648010254
    },
    {
      "high_freq": 2549.74365234375,
      "loudness": -30.66065788269043,
      "loudness_range": 16.166603088378906,
      "low_freq": 1457.5709228515625,
      "mid_mean": -28.322017669677734,
      "mid_to_side_loudness": -4.9601593017578125,
      "mid_to_side_loudness_range": 8.44348430633545,
      "side_mean": -33.39720153808594
    },
    {
      "high_freq": 4349.24462890625,
      "loudness": -41.0120849609375,
      "loudness_range": 20.15343475341797,
      "low_freq": 2549.74365234375,
      "mid_mean": -38.64291000366211,
      "mid_to_side_loudness": -4.715268135070801,
      "mid_to_side_loudness_range": 5.946943283081055,
      "side_mean": -43.48702621459961
    },
    {
      "high_freq": 7314.1640625,
      "loudness": -57.443355560302734,
      "loudness_range": 29.266250610351562,
      "low_freq": 4349.24462890625,
      "mid_mean": -54.66679763793945,
      "mid_to_side_loudness": -4.226508617401123,
      "mid_to_side_loudness_range": 5.524562358856201,
      "side_mean": -58.18453598022461
    },
    {
      "high_freq": 12199.2666015625,
      "loudness": -65.28495025634766,
      "loudness_range": 14.236499786376953,
      "low_freq": 7314.1640625,
      "mid_mean": -61.78812026977539,
      "mid_to_side_loudness": -5.151366233825684,
      "mid_to_side_loudness_range": 3.0275938510894775,
      "side_mean": -65.34651947021484
    },
    {
      "loudness": -64.1050033569336,
      "loudness_range": 2.199859619140625,
      "low_freq": 12199.2666015625,
      "mid_mean": -60.905418395996094,
      "mid_to_side_loudness": -5.487090587615967,
      "mid_to_side_loudness_range": 0.8639044761657715,
      "side_mean": -65.19920349121094
    }
  ],
  "bands_short": [
    {
      "high_freq": 148.1999969482422,
      "loudness": -41.91328048706055,
      "loudness_range": 22.068378448486328,
      "mid_mean": -39.13334274291992,
      "mid_to_side_loudness": -9.501550674438477,
      "mid_to_side_loudness_range": 18.990888595581055,
      "side_mean": -48.68344497680664
    },
    {
      "high_freq": 392.3793640136719,
      "loudness": -22.406497955322266,
      "loudness_range": 15.676558494567871,
      "low_freq": 148.1999969482422,
      "mid_mean": -19.907217025756836,
      "mid_to_side_loudness": -5.8410515785217285,
      "mid_to_side_loudness_range": 9.558948516845703,
      "side_mean": -25.710506439208984
    },
    {
      "high_freq": 794.6976318359375,
      "loudness": -22.654233932495117,
      "loudness_range": 17.1724853515625,
      "low_freq": 392.3793640136719,
      "mid_mean": -20.65704345703125,
      "mid_to_side_loudness": -4.533864974975586,
      "mid_to_side_loudness_range": 12.565779685974121,
      "side_mean": -25.183414459228516
    },
    {
      "high_freq": 1457.5709228515625,
      "loudness": -27.78578758239746,
      "loudness_range": 16.67758560180664,
      "low_freq": 794.6976318359375,
      "mid_mean": -25.303129196166992,
      "mid_to_side_loudness": -5.937282085418701,
      "mid_to_side_loudness_range": 9.554970741271973,
      "side_mean": -31.22795867919922
    },
    {
      "high_freq": 2549.74365234375,
      "loudness": -32.160518646240234,
      "loudness_range": 19.19896697998047,
      "low_freq": 1457.5709228515625,
      "mid_mean": -29.908376693725586,
      "mid_to_side_loudness": -4.856922149658203,
      "mid_to_side_loudness_range": 9.88318920135498,
      "side_mean": -34.88656997680664
    },
    {
      "high_freq": 4349.24462890625,
      "loudness": -42.204952239990234,
      "loudness_range": 23.25834083557129,
      "low_freq": 2549.74365234375,
      "mid_mean": -39.95809555053711,
      "mid_to_side_loudness": -4.766133785247803,
      "mid_to_side_loudness_range": 8.95942211151123,
      "side_mean": -44.83296203613281
    },
    {
      "high_freq": 7314.1640625,
      "loudness": -59.4680290222168,
      "loudness_range": 29.378314971923828,
      "low_freq": 4349.24462890625,
      "mid_mean": -56.65997314453125,
      "mid_to_side_loudness": -4.038150787353516,
      "mid_to_side_loudness_range": 8.072183609008789,
      "side_mean": -59.797607421875
    },
    {
      "high_freq": 12199.2666015625,
      "loudness": -66.30158233642578,
      "loudness_range": 11.910285949707031,
      "low_freq": 7314.1640625,
      "mid_mean": -62.665042877197266,
      "mid_to_side_loudness": -5.166525363922119,
      "mid_to_side_loudness_range": 3.2570180892944336,
      "side_mean": -66.04537963867188
    },
    {
      "loudness": -64.24034881591797,
      "loudness_range": 2.267261505126953,
      "low_freq": 12199.2666015625,
      "mid_mean": -61.02977752685547,
      "mid_to_side_loudness": -5.45803689956665,
      "mid_to_side_loudness_range": 1.5040364265441895,
      "side_mean": -65.27269744873047
    }
  ],
  "bandwidth": 597.0460815429688,
  "channels": 2,
  "covariance": [
    [
      45.1845817565918,
      38.975425720214844,
      9.272177696228027,
      9.260512351989746,
      6.509131908416748,
      5.0313873291015625,
      2.1154494285583496,
      4.5873703956604,
      7.2765326499938965,
      7.834321975708008,
      7.212360858917236,
      5.637078762054443,
      2.8080549240112305,
      2.5295441150665283,
      0.7481174468994141,
      0.9314731359481812,
      0.35952964425086975,
      0.3366399109363556
    ],
    [
      38.975425720214844,
      58.16781234741211,
      12.283074378967285,
      12.5729341506958,
      11.276395797729492,
      10.32519817352295,
      5.958995819091797,
      7.8899030685424805,
      12.612870216369629,
      9.772099494934082,
      12.303862571716309,
      11.129068374633789,
      7.829407215118408,
      7.448098182678223,
      1.075467824935913,
      1.0202958583831787,
      0.47573792934417725,
      0.4060523509979248
    ],
    [
      9.272177696228027,
      12.283074378967285,
      29.180152893066406,
      22.709203720092773,
      12.790619850158691,
      11.824966430664062,
      13.03063678741455,
      11.701410293579102,
      16.172700881958008,
      17.817890167236328,
      17.2567138671875,
      17.656055450439453,
      19.83153533935547,
      17.800552368164062,
      3.1140291690826416,
      3.016270399093628,
      0.6483492851257324,
      0.35274332761764526
    ],
    [
      9.260512351989746,
      12.5729341506958,
      22.709203720092773,
      24.870025634765625,
      9.499443054199219,
      8.914755821228027,
      9.019295692443848,
      8.984750747680664,
      11.24972152709961,
      13.99343490600586,
      13.026176452636719,
      13.21744155883789,
      13.6051025390625,
      12.244303703308105,
      1.301023006439209,
      1.5886591672897339,
      0.3435647785663605,
      0.22834716737270355
    ],
    [
      6.509131908416748,
      11.276395797729492,
      12.790619850158691,
      9.499443054199219,
      30.306058883666992,
      22.21895980834961,
      18.14177703857422,
      16.46360206604004,
      22.190837860107422,
      21.38775062561035,
      26.701894760131836,
      27.42974853515625,
      33.04265213012695,
      30.61372184753418,
      11.717574119567871,
      9.363694190979004,
      2.2522976398468018,
      1.275702714920044
    ],
    [
      5.0313873291015625,
      10.32519817352295,
      11.824966430664062,
      8.914755821228027,
      22.21895980834961,
      30.934410095214844,
      17.081623077392578,
      15.287662506103516,
      20.007652282714844,
      16.894187927246094,
      24.233482360839844,
      24.21983528137207,
      28.234766006469727,
      25.86928939819336,
      9.099024772644043,
      7.430689334869385,
      1.8424601554870605,
      1.1497753858566284
    ],
    [
      2.1154494285583496,
      5.958995819091797,
      13.03063678741455,
      9.019295692443848,
      18.14177703857422,
      17.081623077392578,
      31.164033889770508,
      23.602876663208008,
      24.104352951049805,
      22.209505081176758,
      24.37777328491211,
      25.158185958862305,
      34.44327163696289,
      31.610801696777344,
      13.93162727355957,
      11.338964462280273,
      3.351893424987793,
      2.004647731781006
    ],
    [
      4.5873703956604,
      7.8899030685424805,
      11.701410293579102,
      8.984750747680664,
      16.46360206604004,
      15.287662506103516,
      23.602876663208008,
      25.196016311645508,
      20.078533172607422,
      18.829227447509766,
      22.780658721923828,
      22.380659103393555,
      30.606428146362305,
      28.948123931884766,
      12.892911911010742,
      10.375667572021484,
      3.068148374557495,
      1.871653437614441
    ],
    [
      7.2765326499938965,
      12.612870216369629,
      16.172700881958008,
      11.24972152709961,
      22.190837860107422,
      20.007652282714844,
      24.104352951049805,
      20.078533172607422,
      35.13304901123047,
      30.59935188293457,
      33.688323974609375,
      34.897117614746094,
      40.06831741333008,
      36.56586456298828,
      14.794590950012207,
      12.050658226013184,
      3.728489875793457,
      2.4045205116271973
    ],
    [
      7.834321975708008,
      9.772099494934082,
      17.817890167236328,
      13.99343490600586,
      21.38775062561035,
      16.894187927246094,
      22.209505081176758,
      18.829227447509766,
      30.59935188293457,
      34.724815368652344,
      31.540515899658203,
      33.32037353515625,
      37.58003616333008,
      34.36076354980469,
      13.209077835083008,
      10.897862434387207,
      3.3100056648254395,
      2.184905767440796
    ],
    [
      7.212360858917236,
      12.303862571716309,
      17.2567138671875,
      13.026176452636719,
      26.701894760131836,
      24.233482360839844,
      24.37777328491211,
      22.780658721923828,
      33.688323974609375,
      31.540515899658203,
      49.999351501464844,
      47.6308708190918,
      52.38264083862305,
      49.161678314208984,
      19.569005966186523,
      16.207578659057617,
      4.286719799041748,
      2.768265962600708
    ],
    [
      5.637078762054443,
      11.129068374633789,
      17.656055450439453,
      13.21744155883789,
      27.42974853515625,
      24.21983528137207,
      25.158185958862305,
      22.380659103393555,
      34.897117614746094,
      33.32037353515625,
      47.6308708190918,
      51.75535583496094,
      51.822959899902344,
      48.4636344909668,
      19.091140747070312,
      15.843914031982422,
      4.267581939697266,
      2.7206311225891113
    ],
    [
      2.8080549240112305,
      7.829407215118408,
      19.83153533935547,
      13.6051025390625,
      33.04265213012695,
      28.234766006469727,
      34.44327163696289,
      30.606428146362305,
      40.06831741333008,
      37.58003616333008,
      52.38264083862305,
      51.822959899902344,
      77.62266540527344,
      70.39006042480469,
      31.104110717773438,
      25.348939895629883,
      7.168532848358154,
      4.341794967651367
    ],
    [
      2.5295441150665283,
      7.448098182678223,
      17.800552368164062,
      12.244303703308105,
      30.61372184753418,
      25.86928939819336,
      31.610801696777344,
      28.948123931884766,
      36.56586456298828,
      34.36076354980469,
      49.161678314208984,
      48.4636344909668,
      70.39006042480469,
      66.98751831054688,
      28.492849349975586,
      23.17374038696289,
      6.572594165802002,
      3.969252347946167
    ],
    [
      0.7481174468994141,
      1.075467824935913,
      3.1140291690826416,
      1.301023006439209,
      11.717574119567871,
      9.099024772644043,
      13.93162727355957,
      12.892911911010742,
      14.794590950012207,
      13.209077835083008,
      19.569005966186523,
      19.091140747070312,
      31.104110717773438,
      28.492849349975586,
      20.420040130615234,
      16.86429214477539,
      4.947340488433838,
      3.18923020362854
    ],
    [
      0.9314731359481812,
      1.0202958583831787,
      3.016270399093628,
      1.5886591672897339,
      9.363694190979004,
      7.430689334869385,
      11.338964462280273,
      10.375667572021484,
      12.050658226013184,
      10.897862434387207,
      16.207578659057617,
      15.843914031982422,
      25.348939895629883,
      23.17374038696289,
      16.86429214477539,
      14.617600440979004,
      4.106724739074707,
      2.7103002071380615
    ],
    [
      0.35952964425086975,
      0.47573792934417725,
      0.6483492851257324,
      0.3435647785663605,
      2.2522976398468018,
      1.8424601554870605,
      3.351893424987793,
      3.068148374557495,
      3.728489875793457,
      3.3100056648254395,
      4.286719799041748,
      4.267581939697266,
      7.168532848358154,
      6.572594165802002,
      4.947340488433838,
      4.106724739074707,
      2.08221435546875,
      1.3614834547042847
    ],
    [
      0.3366399109363556,
      0.4060523509979248,
      0.35274332761764526,
      0.22834716737270355,
      1.275702714920044,
      1.1497753858566284,
      2.004647731781006,
      1.871653437614441,
      2.4045205116271973,
      2.184905767440796,
      2.768265962600708,
      2.7206311225891113,
      4.341794967651367,
      3.969252347946167,
      3.18923020362854,
      2.7103002071380615,
      1.3614834547042847,
      0.9818751811981201
    ]
  ],
  "covariance_short": [
    [
      60.859161376953125,
      32.19732666015625,
      11.703041076660156,
      11.554211616516113,
      8.504321098327637,
      5.714199066162109,
      6.393353462219238,
      7.655142307281494,
      10.696586608886719,
      13.102381706237793,
      10.479681015014648,
      9.028501510620117,
      7.048195838928223,
      6.849183082580566,
      3.193251132965088,
      3.00715970993042,
      1.0061110258102417,
      0.7589108347892761
    ],
    [
      32.19732666015625,
      47.971778869628906,
      14.84090805053711,
      16.869792938232422,
      12.190545082092285,
      9.058246612548828,
      11.088090896606445,
      11.02402114868164,
      14.188364028930664,
      14.906702995300293,
      14.192007064819336,
      13.64345645904541,
      10.398172378540039,
      9.9644136428833,
      3.4720611572265625,
      3.3399930000305176,
      1.2651090621948242,
      0.9418436884880066
    ],
    [
      11.703041076660156,
      14.84090805053711,
      35.264095306396484,
      26.573949813842773,
      18.131303787231445,
      17.472095489501953,
      18.188528060913086,
      17.341272354125977,
      22.30238914489746,
      22.739614486694336,
      24.655370712280273,
      24.122299194335938,
      22.850215911865234,
      21.930891036987305,
      4.532519340515137,
      4.093166828155518,
      1.3559340238571167,
      0.8144943714141846
    ],
    [
      11.554211616516113,
      16.869792938232422,
      26.573949813842773,
      30.052207946777344,
      14.29706859588623,
      14.595757484436035,
      13.302699089050293,
      14.034873962402344,
      16.44727325439453,
      17.701587677001953,
      18.68357276916504,
      18.313678741455078,
      15.499844551086426,
      15.215278625488281,
      2.3984837532043457,
      2.405142307281494,
      0.8511158227920532,
      0.6140908598899841
    ],
    [
      8.504321098327637,
      12.190545082092285,
      18.131303787231445,
      14.29706859588623,
      37.6440544128418,
      27.798425674438477,
      24.412744522094727,
      21.49998664855957,
      28.274763107299805,
      29.141651153564453,
      34.278804779052734,
      34.59577941894531,
      36.584449768066406,
      35.32310104370117,
      11.2507905960083,
      9.281930923461914,
      2.7381551265716553,
      1.6462982892990112
    ],
    [
      5.714199066162109,
      9.058246612548828,
      17.472095489501953,
      14.595757484436035,
      27.798425674438477,
      37.738616943359375,
      22.772377014160156,
      20.750320434570312,
      25.784202575683594,
      25.13946533203125,
      32.42403793334961,
      32.036949157714844,
      31.599300384521484,
      30.487548828125,
      8.870423316955566,
      7.4669671058654785,
      2.199171781539917,
      1.4745620489120483
    ],
    [
      6.393353462219238,
      11.088090896606445,
      18.188528060913086,
      13.302699089050293,
      24.412744522094727,
      22.772377014160156,
      38.95570373535156,
      29.55034065246582,
      31.47873306274414,
      29.506189346313477,
      33.78300476074219,
      34.129249572753906,
      38.42129898071289,
      36.48481369018555,
      13.403430938720703,
      11.13918685913086,
      3.4741389751434326,
      2.206164598464966
    ],
    [
      7.655142307281494,
      11.02402114868164,
      17.341272354125977,
      14.034873962402344,
      21.49998664855957,
      20.750320434570312,
      29.55034065246582,
      32.95974349975586,
      26.845731735229492,
      25.30330467224121,
      31.089693069458008,
      30.166839599609375,
      33.73159408569336,
      32.860469818115234,
      11.675810813903809,
      9.702503204345703,
      3.0028679370880127,
      1.9584547281265259
    ],
    [
      10.696586608886719,
      14.188364028930664,
      22.30238914489746,
      16.44727325439453,
      28.274763107299805,
      25.784202575683594,
      31.47873306274414,
      26.845731735229492,
      45.72768020629883,
      39.21835708618164,
      43.26643371582031,
      43.184749603271484,
      44.829811096191406,
      42.203975677490234,
      14.635453224182129,
      12.099180221557617,
      3.9195291996002197,
      2.5473902225494385
    ],
    [
      13.102381706237793,
      14.906702995300293,
      22.739614486694336,
      17.701587677001953,
      29.141651153564453,
      25.13946533203125,
      29.506189346313477,
      25.30330467224121,
      39.21835708618164,
      45.64231872558594,
      40.73142623901367,
      42.12028121948242,
      42.24805450439453,
      40.50788497924805,
      13.27826976776123,
      11.185745239257812,
      3.492128610610962,
      2.365339517593384
    ],
    [
      10.479681015014648,
      14.192007064819336,
      24.655370712280273,
      18.68357276916504,
      34.278804779052734,
      32.42403793334961,
      33.78300476074219,
      31.089693069458008,
      43.26643371582031,
      40.73142623901367,
      63.8895149230957,
      57.43012619018555,
      57.761314392089844,
      54.820030212402344,
      18.964998245239258,
      15.702073097229004,
      4.630187034606934,
      3.004300355911255
    ],
    [
      9.028501510620117,
      13.64345645904541,
      24.122299194335938,
      18.313678741455078,
      34.59577941894531,
      32.036949157714844,
      34.129249572753906,
      30.166839599609375,
      43.184749603271484,
      42.12028121948242,
      57.43012619018555,
      62.22623825073242,
      55.62511444091797,
      53.96628952026367,
      17.80859375,
      15.102344512939453,
      4.35701847076416,
      2.8552699089050293
    ],
    [
      7.048195838928223,
      10.398172378540039,
      22.850215911865234,
      15.499844551086426,
      36.584449768066406,
      31.599300384521484,
      38.42129898071289,
      33.73159408569336,
      44.829811096191406,
      42.24805450439453,
      57.761314392089844,
      55.62511444091797,
      75.25237274169922,
      68.46168518066406,
      26.296316146850586,
      21.636411666870117,
      6.563576698303223,
      4.1302266120910645
    ],
    [
      6.849183082580566,
      9.9644136428833,
      21.930891036987305,
      15.215278625488281,
      35.32310104370117,
      30.487548828125,
      36.48481369018555,
      32.860469818115234,
      42.203975677490234,
      40.50788497924805,
      54.820030212402344,
      53.96628952026367,
      68.46168518066406,
      68.60005187988281,
      24.222734451293945,
      20.366369247436523,
      6.043191909790039,
      3.8517370223999023
    ],
    [
      3.193251132965088,
      3.4720611572265625,
      4.532519340515137,
      2.3984837532043457,
      11.2507905960083,
      8.870423316955566,
      13.403430938720703,
      11.675810813903809,
      14.635453224182129,
      13.27826976776123,
      18.964998245239258,
      17.80859375,
      26.296316146850586,
      24.222734451293945,
      15.338668823242188,
      12.59404182434082,
      3.807075262069702,
      2.5414764881134033
    ],
    [
      3.00715970993042,
      3.3399930000305176,
      4.093166828155518,
      2.405142307281494,
      9.281930923461914,
      7.4669671058654785,
      11.13918685913086,
      9.702503204345703,
      12.099180221557617,
      11.185745239257812,
      15.702073097229004,
      15.102344512939453,
      21.636411666870117,
      20.366369247436523,
      12.59404182434082,
      11.440276145935059,
      3.1324734687805176,
      2.2097299098968506
    ],
    [
      1.0061110258102417,
      1.2651090621948242,
      1.3559340238571167,
      0.8511158227920532,
      2.7381551265716553,
      2.199171781539917,
      3.4741389751434326,
      3.0028679370880127,
      3.9195291996002197,
      3.492128610610962,
      4.630187034606934,
      4.35701847076416,
      6.563576698303223,
      6.043191909790039,
      3.807075262069702,
      3.1324734687805176,
      1.6346994638442993,
      1.0403003692626953
    ],
    [
      0.7589108347892761,
      0.9418436884880066,
      0.8144943714141846,
      0.6140908598899841,
      1.6462982892990112,
      1.4745620489120483,
      2.206164598464966,
      1.9584547281265259,
      2.5473902225494385,
      2.365339517593384,
      3.004300355911255,
      2.8552699089050293,
      4.1302266120910645,
      3.8517370223999023,
      2.5414764881134033,
      2.2097299098968506,
      1.0403003692626953,
      0.8363618850708008
    ]
  ],
  "damage": -4.897454738616943,
  "diff_bandwidth": 630.0728759765625,
  "dissonance": 4.339223823643072,
  "drr": 2.0747592449188232,
  "dynamics": 4.179922580718994,
  "format": 1245190,
  "frames": 12560320,
  "loudness": -13.265874862670898,
  "loudness_range": 11.135942459106445,
  "loudness_range_short": 14.355602264404297,
  "lowpass_true_peak_15khz": 0.271196186542511,
  "mastering3_acoustic_entropies": [
    {
      "acoustic_entropy": 6.9341325759887695,
      "acoustic_entropy_mono": 6.420498847961426,
      "band_eliminated_acoustic_entropies": [
        {
          "acoustic_entropy": 6.932734489440918,
          "acoustic_entropy_side": 6.934257507324219,
          "hz": 129.47220167065723
        },
        {
          "acoustic_entropy": 6.797260761260986,
          "acoustic_entropy_side": 6.926394939422607,
          "hz": 202.92927478742237
        },
        {
          "acoustic_entropy": 7.03011417388916,
          "acoustic_entropy_side": 7.145528316497803,
          "hz": 282.89161906338205
        },
        {
          "acoustic_entropy": 7.677812576293945,
          "acoustic_entropy_side": 7.272541522979736,
          "hz": 369.9353335868758
        },
        {
          "acoustic_entropy": 6.6043524742126465,
          "acoustic_entropy_side": 6.8426289558410645,
          "hz": 464.6875360973435
        },
        {
          "acoustic_entropy": 6.421682357788086,
          "acoustic_entropy_side": 6.359616756439209,
          "hz": 567.8308811364784
        },
        {
          "acoustic_entropy": 6.677555561065674,
          "acoustic_entropy_side": 7.098534107208252,
          "hz": 680.1084783214808
        },
        {
          "acoustic_entropy": 6.420267581939697,
          "acoustic_entropy_side": 7.155400276184082,
          "hz": 802.3292461747484
        },
        {
          "acoustic_entropy": 6.851834297180176,
          "acoustic_entropy_side": 6.687479019165039,
          "hz": 935.3737400823702
        },
        {
          "acoustic_entropy": 6.743747234344482,
          "acoustic_entropy_side": 7.036971569061279,
          "hz": 1080.2004963696966
        },
        {
          "acoustic_entropy": 6.836631774902344,
          "acoustic_entropy_side": 6.910261154174805,
          "hz": 1237.8529382007157
        },
        {
          "acoustic_entropy": 7.0273356437683105,
          "acoustic_entropy_side": 6.9352335929870605,
          "hz": 1409.4668930556702
        },
        {
          "acoustic_entropy": 7.135519027709961,
          "acoustic_entropy_side": 6.5942277908325195,
          "hz": 1596.2787759475705
        },
        {
          "acoustic_entropy": 6.483275890350342,
          "acoustic_entropy_side": 7.029819965362549,
          "hz": 1799.6344973346393
        },
        {
          "acoustic_entropy": 7.017096996307373,
          "acoustic_entropy_side": 6.952701091766357,
          "hz": 2020.9991599069049
        },
        {
          "acoustic_entropy": 6.724891662597656,
          "acoustic_entropy_side": 6.881671905517578,
          "hz": 2261.9676141086993
        },
        {
          "acoustic_entropy": 6.8770270347595215,
          "acoustic_entropy_side": 6.917762756347656,
          "hz": 2524.2759484456974
        },
        {
          "acoustic_entropy": 7.001954555511475,
          "acoustic_entropy_side": 6.931128025054932,
          "hz": 2809.813997359896
        },
        {
          "acoustic_entropy": 6.951498508453369,
          "acoustic_entropy_side": 6.927371501922607,
          "hz": 3120.6389567871424
        },
        {
          "acoustic_entropy": 6.961738109588623,
          "acoustic_entropy_side": 6.9323272705078125,
          "hz": 3458.990205492291
        },
        {
          "acoustic_entropy": 7.000693321228027,
          "acoustic_entropy_side": 6.941901206970215,
          "hz": 3827.305438964164
        },
        {
          "acoustic_entropy": 7.002533912658691,
          "acoustic_entropy_side": 6.9493794441223145,
          "hz": 4228.238232109126
        },
        {
          "acoustic_entropy": 6.938248157501221,
          "acoustic_entropy_side": 6.9335808753967285,
          "hz": 4664.6771572759235
        },
        {
          "acoustic_entropy": 6.935223579406738,
          "acoustic_entropy_side": 6.93429708480835,
          "hz": 5139.766595350093
        },
        {
          "acoustic_entropy": 6.93504524230957,
          "acoustic_entropy_side": 6.934383392333984,
          "hz": 5656.929389854203
        },
        {
          "acoustic_entropy": 6.933728218078613,
          "acoustic_entropy_side": 6.934238910675049,
          "hz": 6219.891507268283
        },
        {
          "acoustic_entropy": 6.935112953186035,
          "acoustic_entropy_side": 6.934189319610596,
          "hz": 6832.70888123896
        },
        {
          "acoustic_entropy": 6.934695720672607,
          "acoustic_entropy_side": 6.934181213378906,
          "hz": 7499.796634079867
        },
        {
          "acoustic_entropy": 6.936118125915527,
          "acoustic_entropy_side": 6.934322357177734,
          "hz": 8225.96088609342
        },
        {
          "acoustic_entropy": 6.934610366821289,
          "acoustic_entropy_side": 6.934170722961426,
          "hz": 9016.43338188839
        },
        {
          "acoustic_entropy": 6.934255599975586,
          "acoustic_entropy_side": 6.934139728546143,
          "hz": 9876.909183162974
        },
        {
          "acoustic_entropy": 6.934297561645508,
          "acoustic_entropy_side": 6.934138298034668,
          "hz": 10813.587699516042
        },
        {
          "acoustic_entropy": 6.9341535568237305,
          "acoustic_entropy_side": 6.934133052825928,
          "hz": 11833.21735289826
        },
        {
          "acoustic_entropy": 6.934132099151611,
          "acoustic_entropy_side": 6.9341349601745605,
          "hz": 12943.144197493959
        },
        {
          "acoustic_entropy": 6.934139728546143,
          "acoustic_entropy_side": 6.934134006500244,
          "hz": 14151.364845322005
        },
        {
          "acoustic_entropy": 6.934140205383301,
          "acoustic_entropy_side": 6.934133052825928,
          "hz": 15466.58407886509
        },
        {
          "acoustic_entropy": 6.934135913848877,
          "acoustic_entropy_side": 6.934133052825928,
          "hz": 16898.27756580493
        },
        {
          "acoustic_entropy": 6.934133052825928,
          "acoustic_entropy_side": 6.9341325759887695,
          "hz": 18456.760127700032
        },
        {
          "acoustic_entropy": 6.934133052825928,
          "acoustic_entropy_side": 6.9341325759887695,
          "hz": 20153.260054456492
        },
        {
          "acoustic_entropy": 6.9341325759887695,
          "acoustic_entropy_side": 6.9341325759887695,
          "hz": 22000.00000000001
        }
      ],
      "diff_acoustic_entropy": 5.543234825134277,
      "sn": 6
    },
    {
      "acoustic_entropy": 10.033259391784668,
      "acoustic_entropy_mono": 9.204670906066895,
      "band_eliminated_acoustic_entropies": [
        {
          "acoustic_entropy": 10.036595344543457,
          "acoustic_entropy_side": 10.03312873840332,
          "hz": 129.47220167065723
        },
        {
          "acoustic_entropy": 10.08507251739502,
          "acoustic_entropy_side": 10.173215866088867,
          "hz": 202.92927478742237
        },
        {
          "acoustic_entropy": 10.407938957214355,
          "acoustic_entropy_side": 10.539794921875,
          "hz": 282.89161906338205
        },
        {
          "acoustic_entropy": 11.778681755065918,
          "acoustic_entropy_side": 10.587258338928223,
          "hz": 369.9353335868758
        },
        {
          "acoustic_entropy": 10.858223915100098,
          "acoustic_entropy_side": 10.019377708435059,
          "hz": 464.6875360973435
        },
        {
          "acoustic_entropy": 10.737543106079102,
          "acoustic_entropy_side": 10.763446807861328,
          "hz": 567.8308811364784
        },
        {
          "acoustic_entropy": 11.617313385009766,
          "acoustic_entropy_side": 10.728691101074219,
          "hz": 680.1084783214808
        },
        {
          "acoustic_entropy": 11.601487159729004,
          "acoustic_entropy_side": 10.525975227355957,
          "hz": 802.3292461747484
        },
        {
          "acoustic_entropy": 10.721719741821289,
          "acoustic_entropy_side": 10.329845428466797,
          "hz": 935.3737400823702
        },
        {
          "acoustic_entropy": 9.711507797241211,
          "acoustic_entropy_side": 10.496512413024902,
          "hz": 1080.2004963696966
        },
        {
          "acoustic_entropy": 9.745055198669434,
          "acoustic_entropy_side": 9.999420166015625,
          "hz": 1237.8529382007157
        },
        {
          "acoustic_entropy": 10.209188461303711,
          "acoustic_entropy_side": 9.92400074005127,
          "hz": 1409.4668930556702
        },
        {
          "acoustic_entropy": 10.188688278198242,
          "acoustic_entropy_side": 10.441866874694824,
          "hz": 1596.2787759475705
        },
        {
          "acoustic_entropy": 10.188277244567871,
          "acoustic_entropy_side": 10.051834106445312,
          "hz": 1799.6344973346393
        },
        {
          "acoustic_entropy": 10.601384162902832,
          "acoustic_entropy_side": 10.271300315856934,
          "hz": 2020.9991599069049
        },
        {
          "acoustic_entropy": 10.084731101989746,
          "acoustic_entropy_side": 10.254952430725098,
          "hz": 2261.9676141086993
        },
        {
          "acoustic_entropy": 9.625523567199707,
          "acoustic_entropy_side": 10.362811088562012,
          "hz": 2524.2759484456974
        },
        {
          "acoustic_entropy": 9.15035629272461,
          "acoustic_entropy_side": 9.833301544189453,
          "hz": 2809.813997359896
        },
        {
          "acoustic_entropy": 9.204638481140137,
          "acoustic_entropy_side": 9.895796775817871,
          "hz": 3120.6389567871424
        },
        {
          "acoustic_entropy": 9.28640365600586,
          "acoustic_entropy_side": 9.856256484985352,
          "hz": 3458.990205492291
        },
        {
          "acoustic_entropy": 9.536550521850586,
          "acoustic_entropy_side": 9.930618286132812,
          "hz": 3827.305438964164
        },
        {
          "acoustic_entropy": 9.656404495239258,
          "acoustic_entropy_side": 9.92868423461914,
          "hz": 4228.238232109126
        },
        {
          "acoustic_entropy": 9.941105842590332,
          "acoustic_entropy_side": 10.01911449432373,
          "hz": 4664.6771572759235
        },
        {
          "acoustic_entropy": 9.969317436218262,
          "acoustic_entropy_side": 10.022836685180664,
          "hz": 5139.766595350093
        },
        {
          "acoustic_entropy": 10.00070571899414,
          "acoustic_entropy_side": 10.029318809509277,
          "hz": 5656.929389854203
        },
        {
          "acoustic_entropy": 10.015172958374023,
          "acoustic_entropy_side": 10.029735565185547,
          "hz": 6219.891507268283
        },
        {
          "acoustic_entropy": 10.024123191833496,
          "acoustic_entropy_side": 10.032236099243164,
          "hz": 6832.70888123896
        },
        {
          "acoustic_entropy": 10.02582836151123,
          "acoustic_entropy_side": 10.031923294067383,
          "hz": 7499.796634079867
        },
        {
          "acoustic_entropy": 10.022027969360352,
          "acoustic_entropy_side": 10.031335830688477,
          "hz": 8225.96088609342
        },
        {
          "acoustic_entropy": 10.029464721679688,
          "acoustic_entropy_side": 10.032736778259277,
          "hz": 9016.43338188839
        },
        {
          "acoustic_entropy": 10.031591415405273,
          "acoustic_entropy_side": 10.03312873840332,
          "hz": 9876.909183162974
        },
        {
          "acoustic_entropy": 10.031021118164062,
          "acoustic_entropy_side": 10.033143997192383,
          "hz": 10813.587699516042
        },
        {
          "acoustic_entropy": 10.032463073730469,
          "acoustic_entropy_side": 10.033230781555176,
          "hz": 11833.21735289826
        },
        {
          "acoustic_entropy": 10.032785415649414,
          "acoustic_entropy_side": 10.03322982788086,
          "hz": 12943.144197493959
        },
        {
          "acoustic_entropy": 10.03298568725586,
          "acoustic_entropy_side": 10.033236503601074,
          "hz": 14151.364845322005
        },
        {
          "acoustic_entropy": 10.033151626586914,
          "acoustic_entropy_side": 10.033255577087402,
          "hz": 15466.58407886509
        },
        {
          "acoustic_entropy": 10.033208847045898,
          "acoustic_entropy_side": 10.033258438110352,
          "hz": 16898.27756580493
        },
        {
          "acoustic_entropy": 10.033247947692871,
          "acoustic_entropy_side": 10.033258438110352,
          "hz": 18456.760127700032
        },
        {
          "acoustic_entropy": 10.033255577087402,
          "acoustic_entropy_side": 10.033258438110352,
          "hz": 20153.260054456492
        },
        {
          "acoustic_entropy": 10.033258438110352,
          "acoustic_entropy_side": 10.033259391784668,
          "hz": 22000.00000000001
        }
      ],
      "diff_acoustic_entropy": 8.204998016357422,
      "sn": 12
    },
    {
      "acoustic_entropy": 17.04412841796875,
      "acoustic_entropy_mono": 14.757137298583984,
      "band_eliminated_acoustic_entropies": [
        {
          "acoustic_entropy": 17.00699234008789,
          "acoustic_entropy_side": 17.02493667602539,
          "hz": 129.47220167065723
        },
        {
          "acoustic_entropy": 17.86907386779785,
          "acoustic_entropy_side": 17.498159408569336,
          "hz": 202.92927478742237
        },
        {
          "acoustic_entropy": 18.19931411743164,
          "acoustic_entropy_side": 17.758617401123047,
          "hz": 282.89161906338205
        },
        {
          "acoustic_entropy": 17.710248947143555,
          "acoustic_entropy_side": 18.056610107421875,
          "hz": 369.9353335868758
        },
        {
          "acoustic_entropy": 17.225027084350586,
          "acoustic_entropy_side": 17.851282119750977,
          "hz": 464.6875360973435
        },
        {
          "acoustic_entropy": 16.601991653442383,
          "acoustic_entropy_side": 17.160438537597656,
          "hz": 567.8308811364784
        },
        {
          "acoustic_entropy": 16.876239776611328,
          "acoustic_entropy_side": 18.005599975585938,
          "hz": 680.1084783214808
        },
        {
          "acoustic_entropy": 17.352243423461914,
          "acoustic_entropy_side": 18.449220657348633,
          "hz": 802.3292461747484
        },
        {
          "acoustic_entropy": 16.23764991760254,
          "acoustic_entropy_side": 17.21635627746582,
          "hz": 935.3737400823702
        },
        {
          "acoustic_entropy": 16.94879722595215,
          "acoustic_entropy_side": 16.95567512512207,
          "hz": 1080.2004963696966
        },
        {
          "acoustic_entropy": 16.72850227355957,
          "acoustic_entropy_side": 17.348251342773438,
          "hz": 1237.8529382007157
        },
        {
          "acoustic_entropy": 16.71895408630371,
          "acoustic_entropy_side": 17.622331619262695,
          "hz": 1409.4668930556702
        },
        {
          "acoustic_entropy": 17.292129516601562,
          "acoustic_entropy_side": 16.148876190185547,
          "hz": 1596.2787759475705
        },
        {
          "acoustic_entropy": 16.386337280273438,
          "acoustic_entropy_side": 16.7761173248291,
          "hz": 1799.6344973346393
        },
        {
          "acoustic_entropy": 17.516157150268555,
          "acoustic_entropy_side": 17.6649112701416,
          "hz": 2020.9991599069049
        },
        {
          "acoustic_entropy": 16.44260025024414,
          "acoustic_entropy_side": 17.013267517089844,
          "hz": 2261.9676141086993
        },
        {
          "acoustic_entropy": 17.232929229736328,
          "acoustic_entropy_side": 16.954435348510742,
          "hz": 2524.2759484456974
        },
        {
          "acoustic_entropy": 16.602130889892578,
          "acoustic_entropy_side": 17.022478103637695,
          "hz": 2809.813997359896
        },
        {
          "acoustic_entropy": 16.932052612304688,
