{
  "acoustic_entropy": 207.34017944335938,
  "bands": [
    {
      "high_freq": 148.1999969482422,
      "loudness": -18.612613677978516,
      "loudness_range": 5.110608100891113,
      "mid_mean": -14.988470077514648,
      "mid_to_side_loudness": -19.006725311279297,
      "mid_to_side_loudness_range": 17.81038475036621,
      "side_mean": -35.79747772216797
    },
    {
      "high_freq": 392.3793640136719,
      "loudness": -18.563068389892578,
      "loudness_range": 6.1437788009643555,
      "low_freq": 148.1999969482422,
      "mid_mean": -15.381099700927734,
      "mid_to_side_loudness": -9.437273025512695,
      "mid_to_side_loudness_range": 8.091339111328125,
      "side_mean": -24.931791305541992
    },
    {
      "high_freq": 794.6976318359375,
      "loudness": -20.22188377380371,
      "loudness_range": 7.995702743530273,
      "low_freq": 392.3793640136719,
      "mid_mean": -17.16510009765625,
      "mid_to_side_loudness": -8.38944149017334,
      "mid_to_side_loudness_range": 6.808209419250488,
      "side_mean": -25.649057388305664
    },
    {
      "high_freq": 1457.5709228515625,
      "loudness": -23.056447982788086,
      "loudness_range": 10.688055038452148,
      "low_freq": 794.6976318359375,
      "mid_mean": -20.027103424072266,
      "mid_to_side_loudness": -8.510279655456543,
      "mid_to_side_loudness_range": 8.35122299194336,
      "side_mean": -28.59734344482422
    },
    {
      "high_freq": 2549.74365234375,
      "loudness": -21.97563934326172,
      "loudness_range": 9.611490249633789,
      "low_freq": 1457.5709228515625,
      "mid_mean": -18.899965286254883,
      "mid_to_side_loudness": -8.543160438537598,
      "mid_to_side_loudness_range": 7.3942694664001465,
      "side_mean": -27.507890701293945
    },
    {
      "high_freq": 4349.24462890625,
      "loudness": -19.72077751159668,
      "loudness_range": 10.155128479003906,
      "low_freq": 2549.74365234375,
      "mid_mean": -16.573984146118164,
      "mid_to_side_loudness": -9.199344635009766,
      "mid_to_side_loudness_range": 6.694946765899658,
      "side_mean": -25.863733291625977
    },
    {
      "high_freq": 7314.1640625,
      "loudness": -24.497783660888672,
      "loudness_range": 9.698335647583008,
      "low_freq": 4349.24462890625,
      "mid_mean": -21.048662185668945,
      "mid_to_side_loudness": -13.335084915161133,
      "mid_to_side_loudness_range": 10.561817169189453,
      "side_mean": -34.55354690551758
    },
    {
      "high_freq": 12199.2666015625,
      "loudness": -29.009180068969727,
      "loudness_range": 13.729764938354492,
      "low_freq": 7314.1640625,
      "mid_mean": -25.675352096557617,
      "mid_to_side_loudness": -12.19737720489502,
      "mid_to_side_loudness_range": 13.966804504394531,
      "side_mean": -38.09999084472656
    },
    {
      "loudness": -37.99348068237305,
      "loudness_range": 12.72608757019043,
      "low_freq": 12199.2666015625,
      "mid_mean": -35.07481002807617,
      "mid_to_side_loudness": -9.681567192077637,
      "mid_to_side_loudness_range": 17.62239646911621,
      "side_mean": -44.59676742553711
    }
  ],
  "bands_short": [
    {
      "high_freq": 148.1999969482422,
      "loudness": -21.89015007019043,
      "loudness_range": 12.298701286315918,
      "mid_mean": -18.28964614868164,
      "mid_to_side_loudness": -20.12993812561035,
      "mid_to_side_loudness_range": 24.537681579589844,
      "side_mean": -40.51007080078125
    },
    {
      "high_freq": 392.3793640136719,
      "loudness": -17.99837875366211,
      "loudness_range": 9.22526741027832,
      "low_freq": 148.1999969482422,
      "mid_mean": -14.771285057067871,
      "mid_to_side_loudness": -10.493789672851562,
      "mid_to_side_loudness_range": 11.359701156616211,
      "side_mean": -25.40810203552246
    },
    {
      "high_freq": 794.6976318359375,
      "loudness": -20.78936195373535,
      "loudness_range": 10.65899658203125,
      "low_freq": 392.3793640136719,
      "mid_mean": -17.8507022857666,
      "mid_to_side_loudness": -8.172045707702637,
      "mid_to_side_loudness_range": 10.655818939208984,
      "side_mean": -26.14665985107422
    },
    {
      "high_freq": 1457.5709228515625,
      "loudness": -23.520076751708984,
      "loudness_range": 13.709917068481445,
      "low_freq": 794.6976318359375,
      "mid_mean": -20.6574764251709,
      "mid_to_side_loudness": -8.074152946472168,
      "mid_to_side_loudness_range": 11.36545467376709,
      "side_mean": -28.80447006225586
    },
    {
      "high_freq": 2549.74365234375,
      "loudness": -22.85422134399414,
      "loudness_range": 12.56341552734375,
      "low_freq": 1457.5709228515625,
      "mid_mean": -19.882320404052734,
      "mid_to_side_loudness": -8.343221664428711,
      "mid_to_side_loudness_range": 9.72769832611084,
      "side_mean": -28.310487747192383
    },
    {
      "high_freq": 4349.24462890625,
      "loudness": -20.364883422851562,
      "loudness_range": 12.989261627197266,
      "low_freq": 2549.74365234375,
      "mid_mean": -17.303077697753906,
      "mid_to_side_loudness": -8.84404468536377,
      "mid_to_side_loudness_range": 9.19513988494873,
      "side_mean": -26.245729446411133
    },
    {
      "high_freq": 7314.1640625,
      "loudness": -25.334186553955078,
      "loudness_range": 13.366592407226562,
      "low_freq": 4349.24462890625,
      "mid_mean": -21.95364761352539,
      "mid_to_side_loudness": -13.022741317749023,
      "mid_to_side_loudness_range": 13.26724624633789,
      "side_mean": -35.19108963012695
    },
    {
      "high_freq": 12199.2666015625,
      "loudness": -30.465763092041016,
      "loudness_range": 14.509672164916992,
      "low_freq": 7314.1640625,
      "mid_mean": -27.25240135192871,
      "mid_to_side_loudness": -11.835887908935547,
      "mid_to_side_loudness_range": 16.21233367919922,
      "side_mean": -39.34892272949219
    },
    {
      "loudness": -39.687408447265625,
      "loudness_range": 17.23017692565918,
      "low_freq": 12199.2666015625,
      "mid_mean": -36.83564376831055,
      "mid_to_side_loudness": -9.712942123413086,
      "mid_to_side_loudness_range": 19.0920467376709,
      "side_mean": -46.837100982666016
    }
  ],
  "bandwidth": 709.5430908203125,
  "channels": 2,
  "covariance": [
    [
      12.134634017944336,
      6.348598480224609,
      4.142771244049072,
      4.450713157653809,
      2.8620409965515137,
      2.4647064208984375,
      3.3659040927886963,
      3.1367173194885254,
      3.4170219898223877,
      2.5908310413360596,
      2.388542890548706,
      2.784763813018799,
      2.0304319858551025,
      1.8760002851486206,
      0.6849506497383118,
      1.815577507019043,
      1.8848282098770142,
      3.248587131500244
    ],
    [
      6.348598480224609,
      35.940547943115234,
      6.531373500823975,
      9.398442268371582,
      6.475144863128662,
      6.327868461608887,
      6.659951686859131,
      7.390233039855957,
      7.364427089691162,
      8.183255195617676,
      6.4436540603637695,
      8.921942710876465,
      6.726726055145264,
      6.937534332275391,
      3.75348162651062,
      5.387897968292236,
      5.251116752624512,
      9.236960411071777
    ],
    [
      4.142771244049072,
      6.531373500823975,
      9.775219917297363,
      6.51736307144165,
      4.354685306549072,
      3.3726069927215576,
      4.6067399978637695,
      5.139954090118408,
      4.8197340965271,
      4.697451114654541,
      4.7014265060424805,
      5.2036848068237305,
      5.759823799133301,
      5.169353008270264,
      4.706638813018799,
      6.001134395599365,
      5.160012722015381,
      7.206067085266113
    ],
    [
      4.450713157653809,
      9.398442268371582,
      6.51736307144165,
      12.069525718688965,
      6.7000017166137695,
      6.999418258666992,
      7.011553764343262,
      9.106697082519531,
      7.976644992828369,
      9.455410957336426,
      7.591650485992432,
      9.588074684143066,
      7.314226150512695,
      9.359848022460938,
      4.2920823097229,
      8.240726470947266,
      5.324165344238281,
      11.759098052978516
    ],
    [
      2.8620409965515137,
      6.475144863128662,
      4.354685306549072,
      6.7000017166137695,
      11.07293701171875,
      7.8431196212768555,
      8.439407348632812,
      8.321585655212402,
      8.83430004119873,
      8.600468635559082,
      8.198161125183105,
      9.358053207397461,
      7.114891052246094,
      8.899665832519531,
      3.7475545406341553,
      6.996443748474121,
      3.689441680908203,
      10.061870574951172
    ],
    [
      2.4647064208984375,
      6.327868461608887,
      3.3726069927215576,
      6.999418258666992,
      7.8431196212768555,
      10.28693962097168,
      6.501948833465576,
      8.173057556152344,
      7.684507369995117,
      9.176247596740723,
      7.34895133972168,
      9.109189987182617,
      6.034638404846191,
      9.116606712341309,
      3.2108025550842285,
      6.900238513946533,
      3.371394157409668,
      9.573917388916016
    ],
    [
      3.3659040927886963,
      6.659951686859131,
      4.6067399978637695,
      7.011553764343262,
      8.439407348632812,
      6.501948833465576,
      17.395540237426758,
      11.55555534362793,
      12.499763488769531,
      9.894046783447266,
      7.844282150268555,
      9.607592582702637,
      7.842845439910889,
      10.115389823913574,
      3.9906654357910156,
      8.069544792175293,
      5.216343879699707,
      11.206254005432129
    ],
    [
      3.1367173194885254,
      7.390233039855957,
      5.139954090118408,
      9.106697082519531,
      8.321585655212402,
      8.173057556152344,
      11.55555534362793,
      15.035112380981445,
      10.973668098449707,
      13.901480674743652,
      9.531959533691406,
      13.711190223693848,
      8.095478057861328,
      14.588293075561523,
      4.595985412597656,
      12.113353729248047,
      5.6477837562561035,
      16.16010284423828
    ],
    [
      3.4170219898223877,
      7.364427089691162,
      4.8197340965271,
      7.976644992828369,
      8.83430004119873,
      7.684507369995117,
      12.499763488769531,
      10.973668098449707,
      14.386783599853516,
      12.266480445861816,
      9.653332710266113,
      11.14641284942627,
      8.847208023071289,
      11.603121757507324,
      4.688141822814941,
      10.24555778503418,
      5.527514457702637,
      13.813187599182129
    ],
    [
      2.5908310413360596,
      8.183255195617676,
      4.697451114654541,
      9.455410957336426,
      8.600468635559082,
      9.176247596740723,
      9.894046783447266,
      13.901480674743652,
      12.266480445861816,
      17.17414665222168,
      10.886758804321289,
      15.334676742553711,
      8.791936874389648,
      16.535259246826172,
      5.158639907836914,
      14.17341136932373,
      6.030672073364258,
      18.53096580505371
    ],
    [
      2.388542890548706,
      6.4436540603637695,
      4.7014265060424805,
      7.591650485992432,
      8.198161125183105,
      7.34895133972168,
      7.844282150268555,
      9.531959533691406,
      9.653332710266113,
      10.886758804321289,
      14.592445373535156,
      13.391216278076172,
      10.971402168273926,
      14.03317928314209,
      5.971983909606934,
      12.049774169921875,
      6.288987636566162,
      15.908159255981445
    ],
    [
      2.784763813018799,
      8.921942710876465,
      5.2036848068237305,
      9.588074684143066,
      9.358053207397461,
      9.109189987182617,
      9.607592582702637,
      13.711190223693848,
      11.14641284942627,
      15.334676742553711,
      13.391216278076172,
      18.956031799316406,
      10.137690544128418,
      19.087167739868164,
      5.338104724884033,
      15.469355583190918,
      6.492937088012695,
      21.46728515625
    ],
    [
      2.0304319858551025,
      6.726726055145264,
      5.759823799133301,
      7.314226150512695,
      7.114891052246094,
      6.034638404846191,
      7.842845439910889,
      8.095478057861328,
      8.847208023071289,
      8.791936874389648,
      10.971402168273926,
      10.137690544128418,
      14.746281623840332,
      12.29826831817627,
      11.811651229858398,
      11.633779525756836,
      10.832844734191895,
      13.581934928894043
    ],
    [
      1.8760002851486206,
      6.937534332275391,
      5.169353008270264,
      9.359848022460938,
      8.899665832519531,
      9.116606712341309,
      10.115389823913574,
      14.588293075561523,
      11.603121757507324,
      16.535259246826172,
      14.03317928314209,
      19.087167739868164,
      12.29826831817627,
      23.34061622619629,
      8.563117027282715,
      20.138408660888672,
      9.503714561462402,
      26.024967193603516
    ],
    [
      0.6849506497383118,
      3.75348162651062,
      4.706638813018799,
      4.2920823097229,
      3.7475545406341553,
      3.2108025550842285,
      3.9906654357910156,
      4.595985412597656,
      4.688141822814941,
      5.158639907836914,
      5.971983909606934,
      5.338104724884033,
      11.811651229858398,
      8.563117027282715,
      22.184314727783203,
      13.35252571105957,
      19.341646194458008,
      11.417566299438477
    ],
    [
      1.815577507019043,
      5.387897968292236,
      6.001134395599365,
      8.240726470947266,
      6.996443748474121,
      6.900238513946533,
      8.069544792175293,
      12.113353729248047,
      10.24555778503418,
      14.17341136932373,
      12.049774169921875,
      15.469355583190918,
      11.633779525756836,
      20.138408660888672,
      13.35252571105957,
      27.166595458984375,
      14.313192367553711,
      31.324951171875
    ],
    [
      1.8848282098770142,
      5.251116752624512,
      5.160012722015381,
      5.324165344238281,
      3.689441680908203,
      3.371394157409668,
      5.216343879699707,
      5.6477837562561035,
      5.527514457702637,
      6.030672073364258,
      6.288987636566162,
      6.492937088012695,
      10.832844734191895,
      9.503714561462402,
      19.341646194458008,
      14.313192367553711,
      21.579893112182617,
      15.36408805847168
    ],
    [
      3.248587131500244,
      9.236960411071777,
      7.206067085266113,
      11.759098052978516,
      10.061870574951172,
      9.573917388916016,
      11.206254005432129,
      16.16010284423828,
      13.813187599182129,
      18.53096580505371,
      15.908159255981445,
      21.46728515625,
      13.581934928894043,
      26.024967193603516,
      11.417566299438477,
      31.324951171875,
      15.36408805847168,
      49.159881591796875
    ]
  ],
  "covariance_short": [
    [
      26.99880027770996,
      9.049686431884766,
      6.186395645141602,
      4.3506059646606445,
      1.7679206132888794,
      2.643998622894287,
      2.523341655731201,
      2.5147409439086914,
      2.6518614292144775,
      2.317216634750366,
      2.3547725677490234,
      2.4773716926574707,
      1.3128076791763306,
      1.7335929870605469,
      0.8381270170211792,
      2.4523229598999023,
      2.4369330406188965,
      4.690459728240967
    ],
    [
      9.049686431884766,
      52.7394905090332,
      7.511482238769531,
      10.90768051147461,
      6.480009078979492,
      6.38979434967041,
      7.352520942687988,
      7.478588581085205,
      7.277866840362549,
      8.12825870513916,
      7.339500427246094,
      8.889880180358887,
      7.886906147003174,
      7.601684093475342,
      5.341549873352051,
      4.779967784881592,
      5.747777938842773,
      7.736258029937744
    ],
    [
      6.186395645141602,
      7.511482238769531,
      17.876005172729492,
      10.206335067749023,
      8.053274154663086,
      5.804869174957275,
      7.928980350494385,
      7.128632545471191,
      9.28669548034668,
      7.841382026672363,
      8.941753387451172,
      8.357556343078613,
      8.502964973449707,
      7.97690486907959,
      6.851273059844971,
      7.6582536697387695,
      7.614009857177734,
      10.303742408752441
    ],
    [
      4.3506059646606445,
      10.90768051147461,
      10.206335067749023,
      19.05249786376953,
      8.938570022583008,
      9.47904109954834,
      10.195813179016113,
      10.927286148071289,
      11.391868591308594,
      11.907692909240723,
      10.680937767028809,
      11.886963844299316,
      10.091437339782715,
      11.346837043762207,
      6.95715856552124,
      8.867915153503418,
      7.503076553344727,
      12.480319023132324
    ],
    [
      1.7679206132888794,
      6.480009078979492,
      8.053274154663086,
      8.938570022583008,
      19.2474422454834,
      10.52298641204834,
      13.72605037689209,
      10.778864860534668,
      14.009726524353027,
      11.661478042602539,
      13.215195655822754,
      12.035689353942871,
      11.696891784667969,
      11.552345275878906,
      8.251758575439453,
      9.14112663269043,
      7.1681809425354,
      11.701658248901367
    ],
    [
      2.643998622894287,
      6.38979434967041,
      5.804869174957275,
      9.47904109954834,
      10.52298641204834,
      15.673583030700684,
      10.155881881713867,
      10.641679763793945,
      10.975386619567871,
      11.714445114135742,
      10.4857816696167,
      11.564107894897461,
      8.727262496948242,
      11.276324272155762,
      5.5912251472473145,
      8.096955299377441,
      5.173836708068848,
      10.375513076782227
    ],
    [
      2.523341655731201,
      7.352520942687988,
      7.928980350494385,
      10.195813179016113,
      13.72605037689209,
      10.155881881713867,
      28.625730514526367,
      16.04897689819336,
      20.651634216308594,
      15.02850341796875,
      15.086326599121094,
      14.03794002532959,
      15.213644027709961,
      14.979433059692383,
      10.464329719543457,
      11.576835632324219,
      10.1718168258667,
      15.136231422424316
    ],
    [
      2.5147409439086914,
      7.478588581085205,
      7.128632545471191,
      10.927286148071289,
      10.778864860534668,
      10.641679763793945,
      16.04897689819336,
      20.20222282409668,
      15.01866626739502,
      16.632225036621094,
      13.310678482055664,
      16.33131980895996,
      11.551477432250977,
      17.30760383605957,
      7.37777853012085,
      13.92937183380127,
      7.614867687225342,
      18.09758949279785
    ],
    [
      2.6518614292144775,
      7.277866840362549,
      9.28669548034668,
      11.391868591308594,
      14.009726524353027,
      10.975386619567871,
      20.651634216308594,
      15.01866626739502,
      24.966840744018555,
      17.586956024169922,
      16.79190444946289,
      15.582608222961426,
      16.565567016601562,
      16.66427993774414,
      11.342673301696777,
      14.076323509216309,
      10.924246788024902,
      17.913070678710938
    ],
    [
      2.317216634750366,
      8.12825870513916,
      7.841382026672363,
      11.907692909240723,
      11.661478042602539,
      11.714445114135742,
      15.02850341796875,
      16.632225036621094,
      17.586956024169922,
      22.133102416992188,
      15.290779113769531,
      18.59136199951172,
      13.138068199157715,
      19.710186004638672,
      8.830973625183105,
      16.062942504882812,
      8.949607849121094,
      20.6877384185791
    ],
    [
      2.3547725677490234,
      7.339500427246094,
      8.941753387451172,
      10.680937767028809,
      13.215195655822754,
      10.4857816696167,
      15.086326599121094,
      13.310678482055664,
      16.79190444946289,
      15.290779113769531,
      24.402742385864258,
      19.153621673583984,
      19.11273765563965,
      20.223752975463867,
      13.225943565368652,
      17.351362228393555,
      12.831899642944336,
      22.256990432739258
    ],
    [
      2.4773716926574707,
      8.889880180358887,
      8.357556343078613,
      11.886963844299316,
      12.035689353942871,
      11.564107894897461,
      14.03794002532959,
      16.33131980895996,
      15.582608222961426,
      18.59136199951172,
      19.153621673583984,
      25.129959106445312,
      14.232155799865723,
      23.95037841796875,
      9.307849884033203,
      19.630939483642578,
      10.287702560424805,
      26.055173873901367
    ],
    [
      1.3128076791763306,
      7.886906147003174,
      8.502964973449707,
      10.091437339782715,
      11.696891784667969,
      8.727262496948242,
      15.213644027709961,
      11.551477432250977,
      16.565567016601562,
      13.138068199157715,
      19.11273765563965,
      14.232155799865723,
      27.976226806640625,
      18.147687911987305,
      22.66939353942871,
      17.20233154296875,
      20.3671875,
      19.875581741333008
    ],
    [
      1.7335929870605469,
      7.601684093475342,
      7.97690486907959,
      11.346837043762207,
      11.552345275878906,
      11.276324272155762,
      14.979433059692383,
      17.30760383605957,
      16.66427993774414,
      19.710186004638672,
      20.223752975463867,
      23.95037841796875,
      18.147687911987305,
      31.5767879486084,
      13.698390007019043,
      26.02191734313965,
      15.069501876831055,
      33.20687484741211
    ],
    [
      0.8381270170211792,
      5.341549873352051,
      6.851273059844971,
      6.95715856552124,
      8.251758575439453,
      5.5912251472473145,
      10.464329719543457,
      7.37777853012085,
      11.342673301696777,
      8.830973625183105,
      13.225943565368652,
      9.307849884033203,
      22.66939353942871,
      13.698390007019043,
      34.93240737915039,
      20.141979217529297,
      31.35152244567871,
      19.5150146484375
    ],
    [
      2.4523229598999023,
      4.779967784881592,
      7.6582536697387695,
      8.867915153503418,
      9.14112663269043,
      8.096955299377441,
      11.576835632324219,
      13.92937183380127,
      14.076323509216309,
      16.062942504882812,
      17.351362228393555,
      19.630939483642578,
      17.20233154296875,
      26.02191734313965,
      20.141979217529297,
      38.762752532958984,
      22.687400817871094,
      44.31380081176758
    ],
    [
      2.4369330406188965,
      5.747777938842773,
      7.614009857177734,
      7.503076553344727,
      7.1681809425354,
      5.173836708068848,
      10.1718168258667,
      7.614867687225342,
      10.924246788024902,
      8.949607849121094,
      12.831899642944336,
      10.287702560424805,
      20.3671875,
      15.069501876831055,
      31.35152244567871,
      22.687400817871094,
      38.5315055847168,
      27.724578857421875
    ],
    [
      4.690459728240967,
      7.736258029937744,
      10.303742408752441,
      12.480319023132324,
      11.701658248901367,
      10.375513076782227,
      15.136231422424316,
      18.09758949279785,
      17.913070678710938,
      20.6877384185791,
      22.256990432739258,
      26.055173873901367,
      19.875581741333008,
      33.20687484741211,
      19.5150146484375,
      44.31380081176758,
      27.724578857421875,
      71.96526336669922
    ]
  ],
  "damage": -4.492387294769287,
  "diff_bandwidth": 749.7677001953125,
  "dissonance": 9.927084550266299,
  "drr": 13.285365104675293,
  "dynamics": 2.045346975326538,
  "format": 1245190,
  "frames": 10944448,
  "loudness": -8.218902587890625,
  "loudness_range": 4.602724552154541,
  "loudness_range_short": 6.541224479675293,
  "lowpass_true_peak_15khz": 0.45124930143356323,
  "mastering3_acoustic_entropies": [
    {
      "acoustic_entropy": 6.140408515930176,
      "acoustic_entropy_mono": 6.184106826782227,
      "band_eliminated_acoustic_entropies": [
        {
          "acoustic_entropy": 6.052359580993652,
          "acoustic_entropy_side": 6.140405654907227,
          "hz": 129.47220167065723
        },
        {
          "acoustic_entropy": 5.832406997680664,
          "acoustic_entropy_side": 6.1411004066467285,
          "hz": 202.92927478742237
        },
        {
          "acoustic_entropy": 6.2746405601501465,
          "acoustic_entropy_side": 6.161492347717285,
          "hz": 282.89161906338205
        },
        {
          "acoustic_entropy": 5.762030601501465,
          "acoustic_entropy_side": 6.188332557678223,
          "hz": 369.9353335868758
        },
        {
          "acoustic_entropy": 5.777768135070801,
          "acoustic_entropy_side": 6.136711597442627,
          "hz": 464.6875360973435
        },
        {
          "acoustic_entropy": 5.9968695640563965,
          "acoustic_entropy_side": 6.159386157989502,
          "hz": 567.8308811364784
        },
        {
          "acoustic_entropy": 6.191873073577881,
          "acoustic_entropy_side": 6.109427452087402,
          "hz": 680.1084783214808
        },
        {
          "acoustic_entropy": 6.045322418212891,
          "acoustic_entropy_side": 6.122239589691162,
          "hz": 802.3292461747484
        },
        {
          "acoustic_entropy": 6.173864841461182,
          "acoustic_entropy_side": 6.098175525665283,
          "hz": 935.3737400823702
        },
        {
          "acoustic_entropy": 5.810945987701416,
          "acoustic_entropy_side": 6.139026641845703,
          "hz": 1080.2004963696966
        },
        {
          "acoustic_entropy": 6.2409563064575195,
          "acoustic_entropy_side": 6.153527736663818,
          "hz": 1237.8529382007157
        },
        {
          "acoustic_entropy": 6.3252668380737305,
          "acoustic_entropy_side": 6.276047229766846,
          "hz": 1409.4668930556702
        },
        {
          "acoustic_entropy": 6.125057220458984,
          "acoustic_entropy_side": 6.132789611816406,
          "hz": 1596.2787759475705
        },
        {
          "acoustic_entropy": 6.392638206481934,
          "acoustic_entropy_side": 6.153827667236328,
          "hz": 1799.6344973346393
        },
        {
          "acoustic_entropy": 6.410252094268799,
          "acoustic_entropy_side": 6.099143028259277,
          "hz": 2020.9991599069049
        },
        {
          "acoustic_entropy": 6.085499286651611,
          "acoustic_entropy_side": 6.086458683013916,
          "hz": 2261.9676141086993
        },
        {
          "acoustic_entropy": 6.238402843475342,
          "acoustic_entropy_side": 6.1559367179870605,
          "hz": 2524.2759484456974
        },
        {
          "acoustic_entropy": 6.016293525695801,
          "acoustic_entropy_side": 6.172237396240234,
          "hz": 2809.813997359896
        },
        {
          "acoustic_entropy": 6.629579067230225,
          "acoustic_entropy_side": 6.2197980880737305,
          "hz": 3120.6389567871424
        },
        {
          "acoustic_entropy": 6.115757942199707,
          "acoustic_entropy_side": 6.1452412605285645,
          "hz": 3458.990205492291
        },
        {
          "acoustic_entropy": 5.936519622802734,
          "acoustic_entropy_side": 6.1178178787231445,
          "hz": 3827.305438964164
        },
        {
          "acoustic_entropy": 6.035442352294922,
          "acoustic_entropy_side": 6.20658016204834,
          "hz": 4228.238232109126
        },
        {
          "acoustic_entropy": 6.180082321166992,
          "acoustic_entropy_side": 6.143915176391602,
          "hz": 4664.6771572759235
        },
        {
          "acoustic_entropy": 6.115960121154785,
          "acoustic_entropy_side": 6.143101692199707,
          "hz": 5139.766595350093
        },
        {
          "acoustic_entropy": 6.085036754608154,
          "acoustic_entropy_side": 6.153601169586182,
          "hz": 5656.929389854203
        },
        {
          "acoustic_entropy": 6.058974742889404,
          "acoustic_entropy_side": 6.147466659545898,
          "hz": 6219.891507268283
        },
        {
          "acoustic_entropy": 6.072593688964844,
          "acoustic_entropy_side": 6.1537652015686035,
          "hz": 6832.70888123896
        },
        {
          "acoustic_entropy": 6.0797014236450195,
          "acoustic_entropy_side": 6.1461334228515625,
          "hz": 7499.796634079867
        },
        {
          "acoustic_entropy": 6.14391565322876,
          "acoustic_entropy_side": 6.150613307952881,
          "hz": 8225.96088609342
        },
        {
          "acoustic_entropy": 6.179092884063721,
          "acoustic_entropy_side": 6.144766807556152,
          "hz": 9016.43338188839
        },
        {
          "acoustic_entropy": 6.052014350891113,
          "acoustic_entropy_side": 6.145050048828125,
          "hz": 9876.909183162974
        },
        {
          "acoustic_entropy": 6.123976230621338,
          "acoustic_entropy_side": 6.147659778594971,
          "hz": 10813.587699516042
        },
        {
          "acoustic_entropy": 6.078406810760498,
          "acoustic_entropy_side": 6.146061420440674,
          "hz": 11833.21735289826
        },
        {
          "acoustic_entropy": 6.133201599121094,
          "acoustic_entropy_side": 6.149868488311768,
          "hz": 12943.144197493959
        },
        {
          "acoustic_entropy": 6.133890151977539,
          "acoustic_entropy_side": 6.148416042327881,
          "hz": 14151.364845322005
        },
        {
          "acoustic_entropy": 6.147378921508789,
          "acoustic_entropy_side": 6.146857261657715,
          "hz": 15466.58407886509
        },
        {
          "acoustic_entropy": 6.1453857421875,
          "acoustic_entropy_side": 6.145021915435791,
          "hz": 16898.27756580493
        },
        {
          "acoustic_entropy": 6.1468281745910645,
          "acoustic_entropy_side": 6.1440911293029785,
          "hz": 18456.760127700032
        },
        {
          "acoustic_entropy": 6.148918151855469,
          "acoustic_entropy_side": 6.144620895385742,
          "hz": 20153.260054456492
        },
        {
          "acoustic_entropy": 6.1420979499816895,
          "acoustic_entropy_side": 6.141188621520996,
          "hz": 22000.00000000001
        }
      ],
      "diff_acoustic_entropy": 5.013308048248291,
      "sn": 6
    },
    {
      "acoustic_entropy": 9.011343002319336,
      "acoustic_entropy_mono": 10.111820220947266,
      "band_eliminated_acoustic_entropies": [
        {
          "acoustic_entropy": 9.354350090026855,
          "acoustic_entropy_side": 9.011619567871094,
          "hz": 129.47220167065723
        },
        {
          "acoustic_entropy": 8.473443031311035,
          "acoustic_entropy_side": 8.995911598205566,
          "hz": 202.92927478742237
        },
        {
          "acoustic_entropy": 9.196537017822266,
          "acoustic_entropy_side": 8.939146995544434,
          "hz": 282.89161906338205
        },
        {
          "acoustic_entropy": 9.678718566894531,
          "acoustic_entropy_side": 8.97796630859375,
          "hz": 369.9353335868758
        },
        {
          "acoustic_entropy": 9.550312995910645,
          "acoustic_entropy_side": 9.099908828735352,
          "hz": 464.6875360973435
        },
        {
          "acoustic_entropy": 8.681754112243652,
          "acoustic_entropy_side": 9.19265079498291,
          "hz": 567.8308811364784
        },
        {
          "acoustic_entropy": 8.978680610656738,
          "acoustic_entropy_side": 9.056844711303711,
          "hz": 680.1084783214808
        },
        {
          "acoustic_entropy": 9.505934715270996,
          "acoustic_entropy_side": 8.823556900024414,
          "hz": 802.3292461747484
        },
        {
          "acoustic_entropy": 9.431854248046875,
          "acoustic_entropy_side": 8.99162483215332,
          "hz": 935.3737400823702
        },
        {
          "acoustic_entropy": 9.023454666137695,
          "acoustic_entropy_side": 9.024401664733887,
          "hz": 1080.2004963696966
        },
        {
          "acoustic_entropy": 9.408666610717773,
          "acoustic_entropy_side": 8.966567039489746,
          "hz": 1237.8529382007157
        },
        {
          "acoustic_entropy": 9.12407112121582,
          "acoustic_entropy_side": 9.12581729888916,
          "hz": 1409.4668930556702
        },
        {
          "acoustic_entropy": 8.87711238861084,
          "acoustic_entropy_side": 8.873237609863281,
          "hz": 1596.2787759475705
        },
        {
          "acoustic_entropy": 9.417141914367676,
          "acoustic_entropy_side": 8.957036018371582,
          "hz": 1799.6344973346393
        },
        {
          "acoustic_entropy": 9.16673469543457,
          "acoustic_entropy_side": 9.211874008178711,
          "hz": 2020.9991599069049
        },
        {
          "acoustic_entropy": 8.37038803100586,
          "acoustic_entropy_side": 8.857109069824219,
          "hz": 2261.9676141086993
        },
        {
          "acoustic_entropy": 8.801362991333008,
          "acoustic_entropy_side": 8.875865936279297,
          "hz": 2524.2759484456974
        },
        {
          "acoustic_entropy": 8.784913063049316,
          "acoustic_entropy_side": 8.92083740234375,
          "hz": 2809.813997359896
        },
        {
          "acoustic_entropy": 8.833706855773926,
          "acoustic_entropy_side": 8.846570014953613,
          "hz": 3120.6389567871424
        },
        {
          "acoustic_entropy": 8.965250968933105,
          "acoustic_entropy_side": 8.97086238861084,
          "hz": 3458.990205492291
        },
        {
          "acoustic_entropy": 9.057840347290039,
          "acoustic_entropy_side": 8.883036613464355,
          "hz": 3827.305438964164
        },
        {
          "acoustic_entropy": 8.767073631286621,
          "acoustic_entropy_side": 8.989096641540527,
          "hz": 4228.238232109126
        },
        {
          "acoustic_entropy": 8.852459907531738,
          "acoustic_entropy_side": 9.00085163116455,
          "hz": 4664.6771572759235
        },
        {
          "acoustic_entropy": 8.822376251220703,
          "acoustic_entropy_side": 9.038901329040527,
          "hz": 5139.766595350093
        },
        {
          "acoustic_entropy": 8.96661376953125,
          "acoustic_entropy_side": 9.005465507507324,
          "hz": 5656.929389854203
        },
        {
          "acoustic_entropy": 9.202422142028809,
          "acoustic_entropy_side": 8.993589401245117,
          "hz": 6219.891507268283
        },
        {
          "acoustic_entropy": 9.285699844360352,
          "acoustic_entropy_side": 9.00148868560791,
          "hz": 6832.70888123896
        },
        {
          "acoustic_entropy": 8.804604530334473,
          "acoustic_entropy_side": 9.003000259399414,
          "hz": 7499.796634079867
        },
        {
          "acoustic_entropy": 8.822097778320312,
          "acoustic_entropy_side": 8.98705005645752,
          "hz": 8225.96088609342
        },
        {
          "acoustic_entropy": 9.021249771118164,
          "acoustic_entropy_side": 9.024295806884766,
          "hz": 9016.43338188839
        },
        {
          "acoustic_entropy": 9.057829856872559,
          "acoustic_entropy_side": 9.028369903564453,
          "hz": 9876.909183162974
        },
        {
          "acoustic_entropy": 9.048099517822266,
          "acoustic_entropy_side": 9.042128562927246,
          "hz": 10813.587699516042
        },
        {
          "acoustic_entropy": 8.994153022766113,
          "acoustic_entropy_side": 9.044718742370605,
          "hz": 11833.21735289826
        },
        {
          "acoustic_entropy": 8.895578384399414,
          "acoustic_entropy_side": 9.035425186157227,
          "hz": 12943.144197493959
        },
        {
          "acoustic_entropy": 8.975976943969727,
          "acoustic_entropy_side": 9.026470184326172,
          "hz": 14151.364845322005
        },
        {
          "acoustic_entropy": 9.022021293640137,
          "acoustic_entropy_side": 9.038338661193848,
          "hz": 15466.58407886509
        },
        {
          "acoustic_entropy": 9.061592102050781,
          "acoustic_entropy_side": 9.048259735107422,
          "hz": 16898.27756580493
        },
        {
          "acoustic_entropy": 9.038695335388184,
          "acoustic_entropy_side": 9.029939651489258,
          "hz": 18456.760127700032
        },
        {
          "acoustic_entropy": 9.123457908630371,
          "acoustic_entropy_side": 9.066254615783691,
          "hz": 20153.260054456492
        },
        {
          "acoustic_entropy": 9.029220581054688,
          "acoustic_entropy_side": 9.02001953125,
          "hz": 22000.00000000001
        }
      ],
      "diff_acoustic_entropy": 8.558587074279785,
      "sn": 12
    },
    {
      "acoustic_entropy": 13.874759674072266,
      "acoustic_entropy_mono": 12.780877113342285,
      "band_eliminated_acoustic_entropies": [
        {
          "acoustic_entropy": 14.184904098510742,
          "acoustic_entropy_side": 13.966014862060547,
          "hz": 129.47220167065723
        },
        {
          "acoustic_entropy": 14.18276596069336,
          "acoustic_entropy_side": 14.330657005310059,
          "hz": 202.92927478742237
        },
        {
          "acoustic_entropy": 14.413613319396973,
          "acoustic_entropy_side": 14.016913414001465,
          "hz": 282.89161906338205
        },
        {
          "acoustic_entropy": 13.673529624938965,
          "acoustic_entropy_side": 13.703086853027344,
          "hz": 369.9353335868758
        },
        {
          "acoustic_entropy": 13.226112365722656,
          "acoustic_entropy_side": 13.881928443908691,
          "hz": 464.6875360973435
        },
        {
          "acoustic_entropy": 13.563725471496582,
          "acoustic_entropy_side": 13.451567649841309,
          "hz": 567.8308811364784
        },
        {
          "acoustic_entropy": 14.229561805725098,
          "acoustic_entropy_side": 13.795941352844238,
          "hz": 680.1084783214808
        },
        {
          "acoustic_entropy": 13.22625732421875,
          "acoustic_entropy_side": 13.458495140075684,
          "hz": 802.3292461747484
        },
        {
          "acoustic_entropy": 13.443017959594727,
          "acoustic_entropy_side": 14.277355194091797,
          "hz": 935.3737400823702
        },
        {
          "acoustic_entropy": 13.366596221923828,
          "acoustic_entropy_side": 13.604559898376465,
          "hz": 1080.2004963696966
        },
        {
          "acoustic_entropy": 14.418562889099121,
          "acoustic_entropy_side": 14.167509078979492,
          "hz": 1237.8529382007157
        },
        {
          "acoustic_entropy": 14.298619270324707,
          "acoustic_entropy_side": 14.00519847869873,
          "hz": 1409.4668930556702
        },
        {
          "acoustic_entropy": 14.345436096191406,
          "acoustic_entropy_side": 13.888577461242676,
          "hz": 1596.2787759475705
        },
        {
          "acoustic_entropy": 13.945406913757324,
          "acoustic_entropy_side": 13.79542064666748,
          "hz": 1799.6344973346393
        },
        {
          "acoustic_entropy": 13.748079299926758,
          "acoustic_entropy_side": 13.601310729980469,
          "hz": 2020.9991599069049
        },
        {
          "acoustic_entropy": 13.994574546813965,
          "acoustic_entropy_side": 13.927620887756348,
          "hz": 2261.9676141086993
        },
        {
          "acoustic_entropy": 14.014986038208008,
          "acoustic_entropy_side": 13.925093650817871,
          "hz": 2524.2759484456974
        },
        {
          "acoustic_entropy": 13.56422233581543,
          "acoustic_entropy_side": 14.107664108276367,
          "hz": 2809.813997359896
        },
        {
          "acoustic_entropy": 13.91468334197998,
          "acoustic_entropy_side": 13.67302417755127,
          "hz": 3120.6389567871424
        },
        {
          "acoustic_entropy": 13.959668159484863,
