{
  "acoustic_entropy": 168.3628692626953,
  "bands": [
    {
      "high_freq": 148.1999969482422,
      "loudness": -59.10886764526367,
      "loudness_range": 33.64485549926758,
      "mid_mean": -57.10907745361328,
      "mid_to_side_loudness": -1.0970922708511353,
      "mid_to_side_loudness_range": 10.320606231689453,
      "side_mean": -58.174896240234375
    },
    {
      "high_freq": 392.3793640136719,
      "loudness": -45.31709671020508,
      "loudness_range": 25.038219451904297,
      "low_freq": 148.1999969482422,
      "mid_mean": -43.53474807739258,
      "mid_to_side_loudness": -3.8490540981292725,
      "mid_to_side_loudness_range": 9.835407257080078,
      "side_mean": -47.45881652832031
    },
    {
      "high_freq": 794.6976318359375,
      "loudness": -46.76512145996094,
      "loudness_range": 22.989845275878906,
      "low_freq": 392.3793640136719,
      "mid_mean": -45.68458938598633,
      "mid_to_side_loudness": -1.6810511350631714,
      "mid_to_side_loudness_range": 9.158062934875488,
      "side_mean": -48.211212158203125
    },
    {
      "high_freq": 1457.5709228515625,
      "loudness": -48.068870544433594,
      "loudness_range": 21.885589599609375,
      "low_freq": 794.6976318359375,
      "mid_mean": -48.36268997192383,
      "mid_to_side_loudness": -1.2581660747528076,
      "mid_to_side_loudness_range": 8.597471237182617,
      "side_mean": -50.88401794433594
    },
    {
      "high_freq": 2549.74365234375,
      "loudness": -52.236610412597656,
      "loudness_range": 23.58336639404297,
      "low_freq": 1457.5709228515625,
      "mid_mean": -53.27479553222656,
      "mid_to_side_loudness": -1.1086188554763794,
      "mid_to_side_loudness_range": 6.363597393035889,
      "side_mean": -54.255889892578125
    },
    {
      "high_freq": 4349.24462890625,
      "loudness": -59.50141906738281,
      "loudness_range": 24.867626190185547,
      "low_freq": 2549.74365234375,
      "mid_mean": -59.175636291503906,
      "mid_to_side_loudness": -1.4191735982894897,
      "mid_to_side_loudness_range": 4.396494388580322,
      "side_mean": -60.33807373046875
    },
    {
      "high_freq": 7314.1640625,
      "loudness": -70.99290466308594,
      "loudness_range": 23.325050354003906,
      "low_freq": 4349.24462890625,
      "mid_mean": -66.53093719482422,
      "mid_to_side_loudness": -0.8922410011291504,
      "mid_to_side_loudness_range": 2.8678040504455566,
      "side_mean": -66.91309356689453
    },
    {
      "high_freq": 12199.2666015625,
      "loudness": -79.41242218017578,
      "loudness_range": 17.528305053710938,
      "low_freq": 7314.1640625,
      "mid_mean": -69.29203033447266,
      "mid_to_side_loudness": -0.3553379774093628,
      "mid_to_side_loudness_range": 1.65830397605896,
      "side_mean": -69.34424591064453
    },
    {
      "loudness": -75.71134185791016,
      "loudness_range": 2.0431747436523438,
      "low_freq": 12199.2666015625,
      "mid_mean": -68.81099700927734,
      "mid_to_side_loudness": 0.09320631623268127,
      "mid_to_side_loudness_range": 0.6764000058174133,
      "side_mean": -68.7867660522461
    }
  ],
  "bands_short": [
    {
      "high_freq": 148.1999969482422,
      "loudness": -61.226722717285156,
      "loudness_range": 30.93381118774414,
      "mid_mean": -59.181034088134766,
      "mid_to_side_loudness": -0.9767692685127258,
      "mid_to_side_loudness_range": 15.169486999511719,
      "side_mean": -60.05611801147461
    },
    {
      "high_freq": 392.3793640136719,
      "loudness": -45.82666015625,
      "loudness_range": 25.773235321044922,
      "low_freq": 148.1999969482422,
      "mid_mean": -44.05378341674805,
      "mid_to_side_loudness": -3.949737310409546,
      "mid_to_side_loudness_range": 12.168951034545898,
      "side_mean": -48.44580078125
    },
    {
      "high_freq": 794.6976318359375,
      "loudness": -46.59796905517578,
      "loudness_range": 23.871463775634766,
      "low_freq": 392.3793640136719,
      "mid_mean": -45.89094924926758,
      "mid_to_side_loudness": -1.8405085802078247,
      "mid_to_side_loudness_range": 11.062478065490723,
      "side_mean": -48.149532318115234
    },
    {
      "high_freq": 1457.5709228515625,
      "loudness": -48.19059371948242,
      "loudness_range": 22.62421417236328,
      "low_freq": 794.6976318359375,
      "mid_mean": -49.21620178222656,
      "mid_to_side_loudness": -1.2153241634368896,
      "mid_to_side_loudness_range": 11.325399398803711,
      "side_mean": -51.093196868896484
    },
    {
      "high_freq": 2549.74365234375,
      "loudness": -52.52484130859375,
      "loudness_range": 23.95578384399414,
      "low_freq": 1457.5709228515625,
      "mid_mean": -53.654212951660156,
      "mid_to_side_loudness": -1.0859174728393555,
      "mid_to_side_loudness_range": 8.889938354492188,
      "side_mean": -54.600135803222656
    },
    {
      "high_freq": 4349.24462890625,
      "loudness": -59.640689849853516,
      "loudness_range": 24.88262176513672,
      "low_freq": 2549.74365234375,
      "mid_mean": -59.35380554199219,
      "mid_to_side_loudness": -1.4256097078323364,
      "mid_to_side_loudness_range": 6.377036094665527,
      "side_mean": -60.50748825073242
    },
    {
      "high_freq": 7314.1640625,
      "loudness": -71.07866668701172,
      "loudness_range": 23.277984619140625,
      "low_freq": 4349.24462890625,
      "mid_mean": -66.6124038696289,
      "mid_to_side_loudness": -0.873514711856842,
      "mid_to_side_loudness_range": 4.768436431884766,
      "side_mean": -66.97244262695312
    },
    {
      "high_freq": 12199.2666015625,
      "loudness": -79.36944580078125,
      "loudness_range": 17.78278350830078,
      "low_freq": 7314.1640625,
      "mid_mean": -69.31015014648438,
      "mid_to_side_loudness": -0.3324516713619232,
      "mid_to_side_loudness_range": 2.7855281829833984,
      "side_mean": -69.35760498046875
    },
    {
      "loudness": -75.78719329833984,
      "loudness_range": 2.3389129638671875,
      "low_freq": 12199.2666015625,
      "mid_mean": -68.82630920410156,
      "mid_to_side_loudness": 0.09286899864673615,
      "mid_to_side_loudness_range": 1.9390801191329956,
      "side_mean": -68.8024673461914
    }
  ],
  "bandwidth": 513.76611328125,
  "channels": 2,
  "covariance": [
    [
      104.31564331054688,
      89.1971664428711,
      57.21653747558594,
      57.15867614746094,
      47.82551574707031,
      50.99749755859375,
      41.625274658203125,
      50.46757888793945,
      50.135414123535156,
      46.94805145263672,
      40.292686462402344,
      39.28227996826172,
      28.390153884887695,
      26.032394409179688,
      7.95607328414917,
      7.319462776184082,
      1.2530148029327393,
      1.3517396450042725
    ],
    [
      89.1971664428711,
      85.62055206298828,
      49.84547424316406,
      49.51961898803711,
      40.78262710571289,
      42.80609130859375,
      34.093692779541016,
      42.35662841796875,
      41.75472640991211,
      38.936161041259766,
      33.92355728149414,
      33.12291717529297,
      24.16024398803711,
      22.118192672729492,
      6.714204788208008,
      6.144333362579346,
      1.0636262893676758,
      1.1488771438598633
    ],
    [
      57.21653747558594,
      49.84547424316406,
      69.303955078125,
      61.96337890625,
      41.8212890625,
      49.210182189941406,
      37.002071380615234,
      43.755043029785156,
      43.93898391723633,
      42.71861267089844,
      34.854339599609375,
      34.50469207763672,
      21.403783798217773,
      19.29353141784668,
      5.966190814971924,
      5.475640296936035,
      0.954072117805481,
      1.0159064531326294
    ],
    [
      57.15867614746094,
      49.51961898803711,
      61.96337890625,
      69.29376220703125,
      42.883140563964844,
      52.13311767578125,
      42.25294876098633,
      48.76782989501953,
      51.339542388916016,
      49.127471923828125,
      40.264305114746094,
      39.476051330566406,
      22.855775833129883,
      20.757810592651367,
      6.291321277618408,
      5.782567977905273,
      0.9895517826080322,
      1.0567656755447388
    ],
    [
      47.82551574707031,
      40.78262710571289,
      41.8212890625,
      42.883140563964844,
      61.60944366455078,
      55.70823669433594,
      47.30531692504883,
      48.88047790527344,
      50.97785186767578,
      46.90412521362305,
      42.337650299072266,
      39.87135696411133,
      23.474275588989258,
      21.61863136291504,
      6.311147689819336,
      5.776219844818115,
      0.9520021677017212,
      1.0557411909103394
    ],
    [
      50.99749755859375,
      42.80609130859375,
      49.210182189941406,
      52.13311767578125,
      55.70823669433594,
      71.77392578125,
      56.244510650634766,
      61.91905975341797,
      60.49924850463867,
      57.4405632019043,
      48.55913162231445,
      45.825233459472656,
      25.25452423095703,
      23.035390853881836,
      6.58585262298584,
      6.051286697387695,
      1.0080959796905518,
      1.1078027486801147
    ],
    [
      41.625274658203125,
      34.093692779541016,
      37.002071380615234,
      42.25294876098633,
      47.30531692504883,
      56.244510650634766,
      83.36481475830078,
      76.4217529296875,
      68.45831298828125,
      64.40369415283203,
      56.675270080566406,
      51.81576919555664,
      25.72789192199707,
      23.174076080322266,
      6.0222697257995605,
      5.540007591247559,
      0.8351169228553772,
      0.9467971324920654
    ],
    [
      50.46757888793945,
      42.35662841796875,
      43.755043029785156,
      48.76782989501953,
      48.88047790527344,
      61.91905975341797,
      76.4217529296875,
      97.42424011230469,
      82.77621459960938,
      79.01081085205078,
      66.30240631103516,
      61.17546463012695,
      29.099403381347656,
      26.234575271606445,
      6.761781215667725,
      6.229205131530762,
      0.9788920879364014,
      1.0936592817306519
    ],
    [
      50.135414123535156,
      41.75472640991211,
      43.93898391723633,
      51.339542388916016,
      50.97785186767578,
      60.49924850463867,
      68.45831298828125,
      82.77621459960938,
      88.61366271972656,
      82.23876953125,
      67.1624755859375,
      61.46036148071289,
      29.72185707092285,
      26.845474243164062,
      7.263649940490723,
      6.6833109855651855,
      1.0379211902618408,
      1.17225980758667
    ],
    [
      46.94805145263672,
      38.936161041259766,
      42.71861267089844,
      49.127471923828125,
      46.90412521362305,
      57.4405632019043,
      64.40369415283203,
      79.01081085205078,
      82.23876953125,
      80.72052764892578,
      64.35661315917969,
      59.229183197021484,
      28.64719581604004,
      25.878345489501953,
      7.120522975921631,
      6.577317237854004,
      1.0260601043701172,
      1.143361210823059
    ],
    [
      40.292686462402344,
      33.92355728149414,
      34.854339599609375,
      40.264305114746094,
      42.337650299072266,
      48.55913162231445,
      56.675270080566406,
      66.30240631103516,
      67.1624755859375,
      64.35661315917969,
      60.35889434814453,
      54.73973846435547,
      27.897401809692383,
      25.21712875366211,
      6.899355888366699,
      6.36771297454834,
      0.9933653473854065,
      1.1154316663742065
    ],
    [
      39.28227996826172,
      33.12291717529297,
      34.50469207763672,
      39.476051330566406,
      39.87135696411133,
      45.825233459472656,
      51.81576919555664,
      61.17546463012695,
      61.46036148071289,
      59.229183197021484,
      54.73973846435547,
      51.80291748046875,
      26.456871032714844,
      24.013559341430664,
      6.7200140953063965,
      6.221131801605225,
      0.9873580932617188,
      1.097546100616455
    ],
    [
      28.390153884887695,
      24.16024398803711,
      21.403783798217773,
      22.855775833129883,
      23.474275588989258,
      25.25452423095703,
      25.72789192199707,
      29.099403381347656,
      29.72185707092285,
      28.64719581604004,
      27.897401809692383,
      26.456871032714844,
      17.502187728881836,
      15.835972785949707,
      4.789016246795654,
      4.445908546447754,
      0.7234660983085632,
      0.8032346367835999
    ],
    [
      26.032394409179688,
      22.118192672729492,
      19.29353141784668,
      20.757810592651367,
      21.61863136291504,
      23.035390853881836,
      23.174076080322266,
      26.234575271606445,
      26.845474243164062,
      25.878345489501953,
      25.21712875366211,
      24.013559341430664,
      15.835972785949707,
      14.638574600219727,
      4.434610843658447,
      4.116664886474609,
      0.6734928488731384,
      0.7472688555717468
    ],
    [
      7.95607328414917,
      6.714204788208008,
      5.966190814971924,
      6.291321277618408,
      6.311147689819336,
      6.58585262298584,
      6.0222697257995605,
      6.761781215667725,
      7.263649940490723,
      7.120522975921631,
      6.899355888366699,
      6.7200140953063965,
      4.789016246795654,
      4.434610843658447,
      1.7477864027023315,
      1.620164394378662,
      0.25338757038116455,
      0.28151583671569824
    ],
    [
      7.319462776184082,
      6.144333362579346,
      5.475640296936035,
      5.782567977905273,
      5.776219844818115,
      6.051286697387695,
      5.540007591247559,
      6.229205131530762,
      6.6833109855651855,
      6.577317237854004,
      6.36771297454834,
      6.221131801605225,
      4.445908546447754,
      4.116664886474609,
      1.620164394378662,
      1.5263086557388306,
      0.23722633719444275,
      0.2626460790634155
    ],
    [
      1.2530148029327393,
      1.0636262893676758,
      0.954072117805481,
      0.9895517826080322,
      0.9520021677017212,
      1.0080959796905518,
      0.8351169228553772,
      0.9788920879364014,
      1.0379211902618408,
      1.0260601043701172,
      0.9933653473854065,
      0.9873580932617188,
      0.7234660983085632,
      0.6734928488731384,
      0.25338757038116455,
      0.23722633719444275,
      0.04621809348464012,
      0.04948391765356064
    ],
    [
      1.3517396450042725,
      1.1488771438598633,
      1.0159064531326294,
      1.0567656755447388,
      1.0557411909103394,
      1.1078027486801147,
      0.9467971324920654,
      1.0936592817306519,
      1.17225980758667,
      1.143361210823059,
      1.1154316663742065,
      1.097546100616455,
      0.8032346367835999,
      0.7472688555717468,
      0.28151583671569824,
      0.2626460790634155,
      0.04948391765356064,
      0.05687502399086952
    ]
  ],
  "covariance_short": [
    [
      86.6280288696289,
      69.49575805664062,
      51.374332427978516,
      52.9848747253418,
      43.483768463134766,
      45.159969329833984,
      40.49664306640625,
      43.37566375732422,
      41.39433288574219,
      39.25164031982422,
      33.062984466552734,
      32.18621063232422,
      22.815027236938477,
      21.09102439880371,
      6.303781509399414,
      5.798401832580566,
      1.0462909936904907,
      1.1171069145202637
    ],
    [
      69.49575805664062,
      71.84628295898438,
      44.44992446899414,
      46.31294631958008,
      36.18750762939453,
      37.336185455322266,
      32.51829528808594,
      35.34752655029297,
      33.868125915527344,
      31.661060333251953,
      26.82991600036621,
      26.303680419921875,
      18.759571075439453,
      17.33782958984375,
      5.166131019592285,
      4.724953651428223,
      0.8558170795440674,
      0.9154714345932007
    ],
    [
      51.374332427978516,
      44.44992446899414,
      71.42693328857422,
      61.65983200073242,
      46.3430061340332,
      49.41325378417969,
      39.93547058105469,
      42.589881896972656,
      41.63308334350586,
      40.93220901489258,
      33.055599212646484,
      32.531986236572266,
      20.147998809814453,
      18.316808700561523,
      5.5457940101623535,
      5.0985894203186035,
      0.9310644268989563,
      0.9771195650100708
    ],
    [
      52.9848747253418,
      46.31294631958008,
      61.65983200073242,
      75.56914520263672,
      48.22467041015625,
      52.976627349853516,
      48.46645736694336,
      51.63844299316406,
      52.7724723815918,
      50.762203216552734,
      40.57301330566406,
      39.523109436035156,
      22.197174072265625,
      20.33989143371582,
      5.9651689529418945,
      5.486837863922119,
      0.97853684425354,
      1.0274673700332642
    ],
    [
      43.483768463134766,
      36.18750762939453,
      46.3430061340332,
      48.22467041015625,
      73.36833190917969,
      64.74464416503906,
      54.67351531982422,
      55.19375228881836,
      57.2448844909668,
      53.00419616699219,
      46.24453353881836,
      43.27336502075195,
      24.308618545532227,
      22.471302032470703,
      6.597594738006592,
      6.093670845031738,
      1.0342566967010498,
      1.1417975425720215
    ],
    [
      45.159969329833984,
      37.336185455322266,
      49.41325378417969,
      52.976627349853516,
      64.74464416503906,
      76.70728302001953,
      60.235774993896484,
      62.042728424072266,
      60.95695495605469,
      58.13747787475586,
      48.889976501464844,
      45.935699462890625,
      25.227495193481445,
      23.075490951538086,
      6.713755130767822,
      6.214614391326904,
      1.065340280532837,
      1.168163776397705
    ],
    [
      40.49664306640625,
      32.51829528808594,
      39.93547058105469,
      48.46645736694336,
      54.67351531982422,
      60.235774993896484,
      95.81916046142578,
      85.44389343261719,
      75.85978698730469,
      71.7176284790039,
      61.081974029541016,
      55.725372314453125,
      26.6704044342041,
      24.100812911987305,
      6.195017337799072,
      5.726142406463623,
      0.8899738192558289,
      1.002369999885559
    ],
    [
      43.37566375732422,
      35.34752655029297,
      42.589881896972656,
      51.63844299316406,
      55.19375228881836,
      62.042728424072266,
      85.44389343261719,
      99.81570434570312,
      81.42501831054688,
      78.0830078125,
      65.20804595947266,
      60.08902359008789,
      28.44623374938965,
      25.75983238220215,
      6.630778789520264,
      6.132316589355469,
      0.9833677411079407,
      1.097510814666748
    ],
    [
      41.39433288574219,
      33.868125915527344,
      41.63308334350586,
      52.7724723815918,
      57.2448844909668,
      60.95695495605469,
      75.85978698730469,
      81.42501831054688,
      89.26897430419922,
      81.16250610351562,
      66.13927459716797,
      60.432098388671875,
      29.055686950683594,
      26.35329246520996,
      7.134829044342041,
      6.597249984741211,
      1.0447983741760254,
      1.1783251762390137
    ],
    [
      39.25164031982422,
      31.661060333251953,
      40.93220901489258,
      50.762203216552734,
      53.00419616699219,
      58.13747787475586,
      71.7176284790039,
      78.0830078125,
      81.16250610351562,
      81.92361450195312,
      63.525699615478516,
      58.39738082885742,
      28.16898536682129,
      25.564868927001953,
      7.023608684539795,
      6.515212535858154,
      1.0426920652389526,
      1.1527864933013916
    ],
    [
      33.062984466552734,
      26.82991600036621,
      33.055599212646484,
      40.57301330566406,
      46.24453353881836,
      48.889976501464844,
      61.081974029541016,
      65.20804595947266,
      66.13927459716797,
      63.525699615478516,
      60.61489486694336,
      53.93710708618164,
      27.309188842773438,
      24.841096878051758,
      6.823844909667969,
      6.336345195770264,
      1.0124869346618652,
      1.129361867904663
    ],
    [
      32.18621063232422,
      26.303680419921875,
      32.531986236572266,
      39.523109436035156,
      43.27336502075195,
      45.935699462890625,
      55.725372314453125,
      60.08902359008789,
      60.432098388671875,
      58.39738082885742,
      53.93710708618164,
      51.93424606323242,
      25.902864456176758,
      23.639759063720703,
      6.621614933013916,
      6.164167881011963,
      1.0052387714385986,
      1.1116786003112793
    ],
    [
      22.815027236938477,
      18.759571075439453,
      20.147998809814453,
      22.197174072265625,
      24.308618545532227,
      25.227495193481445,
      26.6704044342041,
      28.44623374938965,
      29.055686950683594,
      28.16898536682129,
      27.309188842773438,
      25.902864456176758,
      17.440916061401367,
      15.630959510803223,
      4.775654315948486,
      4.461818695068359,
      0.746492326259613,
      0.8241663575172424
    ],
    [
      21.09102439880371,
      17.33782958984375,
      18.316808700561523,
      20.33989143371582,
      22.471302032470703,
      23.075490951538086,
      24.100812911987305,
      25.75983238220215,
      26.35329246520996,
      25.564868927001953,
      24.841096878051758,
      23.639759063720703,
      15.630959510803223,
      14.799013137817383,
      4.453352451324463,
      4.156805992126465,
      0.6995227336883545,
      0.7709651589393616
    ],
    [
      6.303781509399414,
      5.166131019592285,
      5.5457940101623535,
      5.9651689529418945,
      6.597594738006592,
      6.713755130767822,
      6.195017337799072,
      6.630778789520264,
      7.134829044342041,
      7.023608684539795,
      6.823844909667969,
      6.621614933013916,
      4.775654315948486,
      4.453352451324463,
      1.8298944234848022,
      1.6745171546936035,
      0.27265360951423645,
      0.30135542154312134
    ],
    [
      5.798401832580566,
      4.724953651428223,
      5.0985894203186035,
      5.486837863922119,
      6.093670845031738,
      6.214614391326904,
      5.726142406463623,
      6.132316589355469,
      6.597249984741211,
      6.515212535858154,
      6.336345195770264,
      6.164167881011963,
      4.461818695068359,
      4.156805992126465,
      1.6745171546936035,
      1.6056923866271973,
      0.2561913728713989,
      0.2824687361717224
    ],
    [
      1.0462909936904907,
      0.8558170795440674,
      0.9310644268989563,
      0.97853684425354,
      1.0342566967010498,
      1.065340280532837,
      0.8899738192558289,
      0.9833677411079407,
      1.0447983741760254,
      1.0426920652389526,
      1.0124869346618652,
      1.0052387714385986,
      0.746492326259613,
      0.6995227336883545,
      0.27265360951423645,
      0.2561913728713989,
      0.06353286653757095,
      0.05667164921760559
    ],
    [
      1.1171069145202637,
      0.9154714345932007,
      0.9771195650100708,
      1.0274673700332642,
      1.1417975425720215,
      1.168163776397705,
      1.002369999885559,
      1.097510814666748,
      1.1783251762390137,
      1.1527864933013916,
      1.129361867904663,
      1.1116786003112793,
      0.8241663575172424,
      0.7709651589393616,
      0.30135542154312134,
      0.2824687361717224,
      0.05667164921760559,
      0.07540822774171829
    ]
  ],
  "damage": -26.130273818969727,
  "diff_bandwidth": 523.8017578125,
  "dissonance": 5.285060214903736,
  "drr": 12.506150245666504,
  "dynamics": 6.02284049987793,
  "format": 1245190,
  "frames": 15259584,
  "loudness": -36.03961944580078,
  "loudness_range": 21.754240036010742,
  "loudness_range_short": 22.524866104125977,
  "lowpass_true_peak_15khz": -10.97455883026123,
  "mastering3_acoustic_entropies": [
    {
      "acoustic_entropy": 5.669234752655029,
      "acoustic_entropy_mono": 6.29996919631958,
      "band_eliminated_acoustic_entropies": [
        {
          "acoustic_entropy": 5.669732093811035,
          "acoustic_entropy_side": 5.668917655944824,
          "hz": 129.47220167065723
        },
        {
          "acoustic_entropy": 5.549374103546143,
          "acoustic_entropy_side": 5.6612725257873535,
          "hz": 202.92927478742237
        },
        {
          "acoustic_entropy": 6.020409107208252,
          "acoustic_entropy_side": 5.770126819610596,
          "hz": 282.89161906338205
        },
        {
          "acoustic_entropy": 5.801103115081787,
          "acoustic_entropy_side": 5.921752452850342,
          "hz": 369.9353335868758
        },
        {
          "acoustic_entropy": 5.833907604217529,
          "acoustic_entropy_side": 6.115653038024902,
          "hz": 464.6875360973435
        },
        {
          "acoustic_entropy": 6.489568710327148,
          "acoustic_entropy_side": 6.14691162109375,
          "hz": 567.8308811364784
        },
        {
          "acoustic_entropy": 5.663971424102783,
          "acoustic_entropy_side": 5.731698036193848,
          "hz": 680.1084783214808
        },
        {
          "acoustic_entropy": 5.965298652648926,
          "acoustic_entropy_side": 5.983246326446533,
          "hz": 802.3292461747484
        },
        {
          "acoustic_entropy": 5.88835334777832,
          "acoustic_entropy_side": 5.942652702331543,
          "hz": 935.3737400823702
        },
        {
          "acoustic_entropy": 6.303954124450684,
          "acoustic_entropy_side": 5.864407062530518,
          "hz": 1080.2004963696966
        },
        {
          "acoustic_entropy": 6.753632545471191,
          "acoustic_entropy_side": 6.143952369689941,
          "hz": 1237.8529382007157
        },
        {
          "acoustic_entropy": 5.903071403503418,
          "acoustic_entropy_side": 5.751441478729248,
          "hz": 1409.4668930556702
        },
        {
          "acoustic_entropy": 6.3596062660217285,
          "acoustic_entropy_side": 5.563880920410156,
          "hz": 1596.2787759475705
        },
        {
          "acoustic_entropy": 6.102543354034424,
          "acoustic_entropy_side": 5.9171576499938965,
          "hz": 1799.6344973346393
        },
        {
          "acoustic_entropy": 5.897848606109619,
          "acoustic_entropy_side": 5.7280449867248535,
          "hz": 2020.9991599069049
        },
        {
          "acoustic_entropy": 5.688652038574219,
          "acoustic_entropy_side": 5.753371715545654,
          "hz": 2261.9676141086993
        },
        {
          "acoustic_entropy": 5.692798137664795,
          "acoustic_entropy_side": 5.666884422302246,
          "hz": 2524.2759484456974
        },
        {
          "acoustic_entropy": 5.785991191864014,
          "acoustic_entropy_side": 5.704261779785156,
          "hz": 2809.813997359896
        },
        {
          "acoustic_entropy": 5.699088096618652,
          "acoustic_entropy_side": 5.671880722045898,
          "hz": 3120.6389567871424
        },
        {
          "acoustic_entropy": 5.741952896118164,
          "acoustic_entropy_side": 5.693888187408447,
          "hz": 3458.990205492291
        },
        {
          "acoustic_entropy": 5.705322742462158,
          "acoustic_entropy_side": 5.685095310211182,
          "hz": 3827.305438964164
        },
        {
          "acoustic_entropy": 5.678178310394287,
          "acoustic_entropy_side": 5.670597553253174,
          "hz": 4228.238232109126
        },
        {
          "acoustic_entropy": 5.670498847961426,
          "acoustic_entropy_side": 5.6676836013793945,
          "hz": 4664.6771572759235
        },
        {
          "acoustic_entropy": 5.670784950256348,
          "acoustic_entropy_side": 5.669496059417725,
          "hz": 5139.766595350093
        },
        {
          "acoustic_entropy": 5.66903829574585,
          "acoustic_entropy_side": 5.669244766235352,
          "hz": 5656.929389854203
        },
        {
          "acoustic_entropy": 5.669636249542236,
          "acoustic_entropy_side": 5.669278621673584,
          "hz": 6219.891507268283
        },
        {
          "acoustic_entropy": 5.669139862060547,
          "acoustic_entropy_side": 5.669187545776367,
          "hz": 6832.70888123896
        },
        {
          "acoustic_entropy": 5.669249057769775,
          "acoustic_entropy_side": 5.669248104095459,
          "hz": 7499.796634079867
        },
        {
          "acoustic_entropy": 5.669329643249512,
          "acoustic_entropy_side": 5.669272422790527,
          "hz": 8225.96088609342
        },
        {
          "acoustic_entropy": 5.669267654418945,
          "acoustic_entropy_side": 5.669247627258301,
          "hz": 9016.43338188839
        },
        {
          "acoustic_entropy": 5.669256210327148,
          "acoustic_entropy_side": 5.669244766235352,
          "hz": 9876.909183162974
        },
        {
          "acoustic_entropy": 5.669239044189453,
          "acoustic_entropy_side": 5.6692376136779785,
          "hz": 10813.587699516042
        },
        {
          "acoustic_entropy": 5.6692352294921875,
          "acoustic_entropy_side": 5.669236660003662,
          "hz": 11833.21735289826
        },
        {
          "acoustic_entropy": 5.66923713684082,
          "acoustic_entropy_side": 5.6692352294921875,
          "hz": 12943.144197493959
        },
        {
          "acoustic_entropy": 5.6692352294921875,
          "acoustic_entropy_side": 5.669234752655029,
          "hz": 14151.364845322005
        },
        {
          "acoustic_entropy": 5.6692352294921875,
          "acoustic_entropy_side": 5.669235706329346,
          "hz": 15466.58407886509
        },
        {
          "acoustic_entropy": 5.6692352294921875,
          "acoustic_entropy_side": 5.6692352294921875,
          "hz": 16898.27756580493
        },
        {
          "acoustic_entropy": 5.6692352294921875,
          "acoustic_entropy_side": 5.6692352294921875,
          "hz": 18456.760127700032
        },
        {
          "acoustic_entropy": 5.669234752655029,
          "acoustic_entropy_side": 5.669234752655029,
          "hz": 20153.260054456492
        },
        {
          "acoustic_entropy": 5.669234752655029,
          "acoustic_entropy_side": 5.669234752655029,
          "hz": 22000.00000000001
        }
      ],
      "diff_acoustic_entropy": 0.8074349761009216,
      "sn": 6
    },
    {
      "acoustic_entropy": 9.82987117767334,
      "acoustic_entropy_mono": 10.443647384643555,
      "band_eliminated_acoustic_entropies": [
        {
          "acoustic_entropy": 9.795565605163574,
          "acoustic_entropy_side": 9.830469131469727,
          "hz": 129.47220167065723
        },
        {
          "acoustic_entropy": 9.674444198608398,
          "acoustic_entropy_side": 9.573633193969727,
          "hz": 202.92927478742237
        },
        {
          "acoustic_entropy": 9.777239799499512,
          "acoustic_entropy_side": 9.848471641540527,
          "hz": 282.89161906338205
        },
        {
          "acoustic_entropy": 10.769702911376953,
          "acoustic_entropy_side": 10.378400802612305,
          "hz": 369.9353335868758
        },
        {
          "acoustic_entropy": 10.362157821655273,
          "acoustic_entropy_side": 9.765758514404297,
          "hz": 464.6875360973435
        },
        {
          "acoustic_entropy": 10.89959716796875,
          "acoustic_entropy_side": 11.14112663269043,
          "hz": 567.8308811364784
        },
        {
          "acoustic_entropy": 9.858438491821289,
          "acoustic_entropy_side": 9.935504913330078,
          "hz": 680.1084783214808
        },
        {
          "acoustic_entropy": 10.285051345825195,
          "acoustic_entropy_side": 10.405693054199219,
          "hz": 802.3292461747484
        },
        {
          "acoustic_entropy": 10.224864959716797,
          "acoustic_entropy_side": 10.238815307617188,
          "hz": 935.3737400823702
        },
        {
          "acoustic_entropy": 10.537934303283691,
          "acoustic_entropy_side": 10.463045120239258,
          "hz": 1080.2004963696966
        },
        {
          "acoustic_entropy": 10.704431533813477,
          "acoustic_entropy_side": 9.842337608337402,
          "hz": 1237.8529382007157
        },
        {
          "acoustic_entropy": 10.5608549118042,
          "acoustic_entropy_side": 10.451870918273926,
          "hz": 1409.4668930556702
        },
        {
          "acoustic_entropy": 10.672911643981934,
          "acoustic_entropy_side": 10.77570629119873,
          "hz": 1596.2787759475705
        },
        {
          "acoustic_entropy": 9.901386260986328,
          "acoustic_entropy_side": 9.992144584655762,
          "hz": 1799.6344973346393
        },
        {
          "acoustic_entropy": 9.231595039367676,
          "acoustic_entropy_side": 9.574554443359375,
          "hz": 2020.9991599069049
        },
        {
          "acoustic_entropy": 10.17994499206543,
          "acoustic_entropy_side": 10.006994247436523,
          "hz": 2261.9676141086993
        },
        {
          "acoustic_entropy": 10.187056541442871,
          "acoustic_entropy_side": 10.098580360412598,
          "hz": 2524.2759484456974
        },
        {
          "acoustic_entropy": 9.965697288513184,
          "acoustic_entropy_side": 9.89500617980957,
          "hz": 2809.813997359896
        },
        {
          "acoustic_entropy": 9.893413543701172,
          "acoustic_entropy_side": 9.826407432556152,
          "hz": 3120.6389567871424
        },
        {
          "acoustic_entropy": 9.973796844482422,
          "acoustic_entropy_side": 9.909337043762207,
          "hz": 3458.990205492291
        },
        {
          "acoustic_entropy": 9.794595718383789,
          "acoustic_entropy_side": 9.783501625061035,
          "hz": 3827.305438964164
        },
        {
          "acoustic_entropy": 9.782556533813477,
          "acoustic_entropy_side": 9.823675155639648,
          "hz": 4228.238232109126
        },
        {
          "acoustic_entropy": 9.762932777404785,
          "acoustic_entropy_side": 9.806363105773926,
          "hz": 4664.6771572759235
        },
        {
          "acoustic_entropy": 9.799477577209473,
          "acoustic_entropy_side": 9.81810188293457,
          "hz": 5139.766595350093
        },
        {
          "acoustic_entropy": 9.82524585723877,
          "acoustic_entropy_side": 9.827356338500977,
          "hz": 5656.929389854203
        },
        {
          "acoustic_entropy": 9.824830055236816,
          "acoustic_entropy_side": 9.82777214050293,
          "hz": 6219.891507268283
        },
        {
          "acoustic_entropy": 9.825104713439941,
          "acoustic_entropy_side": 9.828394889831543,
          "hz": 6832.70888123896
        },
        {
          "acoustic_entropy": 9.82851505279541,
          "acoustic_entropy_side": 9.829599380493164,
          "hz": 7499.796634079867
        },
        {
          "acoustic_entropy": 9.829221725463867,
          "acoustic_entropy_side": 9.829702377319336,
          "hz": 8225.96088609342
        },
        {
          "acoustic_entropy": 9.829452514648438,
          "acoustic_entropy_side": 9.829642295837402,
          "hz": 9016.43338188839
        },
        {
          "acoustic_entropy": 9.829634666442871,
          "acoustic_entropy_side": 9.829750061035156,
          "hz": 9876.909183162974
        },
        {
          "acoustic_entropy": 9.829778671264648,
          "acoustic_entropy_side": 9.829826354980469,
          "hz": 10813.587699516042
        },
        {
          "acoustic_entropy": 9.82988452911377,
          "acoustic_entropy_side": 9.829874992370605,
          "hz": 11833.21735289826
        },
        {
          "acoustic_entropy": 9.829855918884277,
          "acoustic_entropy_side": 9.829867362976074,
          "hz": 12943.144197493959
        },
        {
          "acoustic_entropy": 9.829859733581543,
          "acoustic_entropy_side": 9.829867362976074,
          "hz": 14151.364845322005
        },
        {
          "acoustic_entropy": 9.82986831665039,
          "acoustic_entropy_side": 9.829869270324707,
          "hz": 15466.58407886509
        },
        {
          "acoustic_entropy": 9.829869270324707,
          "acoustic_entropy_side": 9.829873085021973,
          "hz": 16898.27756580493
        },
        {
          "acoustic_entropy": 9.82987117767334,
          "acoustic_entropy_side": 9.829873085021973,
          "hz": 18456.760127700032
        },
        {
          "acoustic_entropy": 9.829872131347656,
          "acoustic_entropy_side": 9.829870223999023,
          "hz": 20153.260054456492
        },
        {
          "acoustic_entropy": 9.829870223999023,
          "acoustic_entropy_side": 9.82987117767334,
          "hz": 22000.00000000001
        }
      ],
      "diff_acoustic_entropy": 2.0193440914154053,
      "sn": 12
    },
    {
      "acoustic_entropy": 17.066011428833008,
      "acoustic_entropy_mono": 16.772544860839844,
      "band_eliminated_acoustic_entropies": [
        {
          "acoustic_entropy": 17.305967330932617,
          "acoustic_entropy_side": 17.152545928955078,
          "hz": 129.47220167065723
        },
        {
          "acoustic_entropy": 16.632286071777344,
          "acoustic_entropy_side": 16.41786003112793,
          "hz": 202.92927478742237
        },
        {
          "acoustic_entropy": 17.08085060119629,
          "acoustic_entropy_side": 17.098997116088867,
          "hz": 282.89161906338205
        },
        {
          "acoustic_entropy": 15.792245864868164,
          "acoustic_entropy_side": 17.925073623657227,
          "hz": 369.9353335868758
        },
        {
          "acoustic_entropy": 16.097387313842773,
          "acoustic_entropy_side": 16.512134552001953,
          "hz": 464.6875360973435
        },
        {
          "acoustic_entropy": 17.544273376464844,
          "acoustic_entropy_side": 16.93836784362793,
          "hz": 567.8308811364784
        },
        {
          "acoustic_entropy": 16.078123092651367,
          "acoustic_entropy_side": 16.540477752685547,
          "hz": 680.1084783214808
        },
        {
          "acoustic_entropy": 16.169076919555664,
          "acoustic_entropy_side": 17.54950523376465,
          "hz": 802.3292461747484
        },
        {
          "acoustic_entropy": 16.984237670898438,
          "acoustic_entropy_side": 17.616132736206055,
          "hz": 935.3737400823702
        },
        {
          "acoustic_entropy": 15.643084526062012,
          "acoustic_entropy_side": 16.87407875061035,
          "hz": 1080.2004963696966
        },
        {
          "acoustic_entropy": 16.718097686767578,
          "acoustic_entropy_side": 16.389917373657227,
          "hz": 1237.8529382007157
        },
        {
          "acoustic_entropy": 16.972091674804688,
          "acoustic_entropy_side": 17.657968521118164,
          "hz": 1409.4668930556702
        },
        {
          "acoustic_entropy": 16.292160034179688,
          "acoustic_entropy_side": 17.153291702270508,
          "hz": 1596.2787759475705
        },
        {
          "acoustic_entropy": 16.999481201171875,
          "acoustic_entropy_side": 17.1740665435791,
          "hz": 1799.6344973346393
        },
        {
          "acoustic_entropy": 16.805702209472656,
          "acoustic_entropy_side": 16.971656799316406,
          "hz": 2020.9991599069049
        },
        {
          "acoustic_entropy": 17.576223373413086,
          "acoustic_entropy_side": 17.517576217651367,
          "hz": 2261.9676141086993
        },
        {
          "acoustic_entropy": 16.44919776916504,
          "acoustic_entropy_side": 16.782764434814453,
          "hz": 2524.2759484456974
        },
        {
          "acoustic_entropy": 16.759754180908203,
          "acoustic_entropy_side": 16.766586303710938,
          "hz": 2809.813997359896
        },
        {
          "acoustic_entropy": 17.034950256347656,
          "acoustic_entropy_side": 17.259815216064453,
          "hz": 3120.6389567871424
        },
        {
