{
  "acoustic_entropy": 67.94509887695312,
  "bands": [
    {
      "high_freq": 148.1999969482422,
      "loudness": -47.77322006225586,
      "loudness_range": 16.212844848632812,
      "mid_mean": -54.10005187988281,
      "mid_to_side_loudness": -6.554007053375244,
      "mid_to_side_loudness_range": 9.807024955749512,
      "side_mean": -59.247127532958984
    },
    {
      "high_freq": 392.3793640136719,
      "loudness": -38.20951461791992,
      "loudness_range": 23.13173484802246,
      "low_freq": 148.1999969482422,
      "mid_mean": -37.28853988647461,
      "mid_to_side_loudness": -5.30977201461792,
      "mid_to_side_loudness_range": 6.062131404876709,
      "side_mean": -43.22810363769531
    },
    {
      "high_freq": 794.6976318359375,
      "loudness": -43.26410675048828,
      "loudness_range": 16.38958740234375,
      "low_freq": 392.3793640136719,
      "mid_mean": -41.96731185913086,
      "mid_to_side_loudness": -4.2788405418396,
      "mid_to_side_loudness_range": 5.011621475219727,
      "side_mean": -50.21339416503906
    },
    {
      "high_freq": 1457.5709228515625,
      "loudness": -43.69961166381836,
      "loudness_range": 15.81606674194336,
      "low_freq": 794.6976318359375,
      "mid_mean": -41.3778190612793,
      "mid_to_side_loudness": -4.963634490966797,
      "mid_to_side_loudness_range": 7.0106201171875,
      "side_mean": -50.86742401123047
    },
    {
      "high_freq": 2549.74365234375,
      "loudness": -42.25493621826172,
      "loudness_range": 19.420825958251953,
      "low_freq": 1457.5709228515625,
      "mid_mean": -39.877113342285156,
      "mid_to_side_loudness": -5.13877534866333,
      "mid_to_side_loudness_range": 7.874942779541016,
      "side_mean": -47.804893493652344
    },
    {
      "high_freq": 4349.24462890625,
      "loudness": -42.240455627441406,
      "loudness_range": 33.67469024658203,
      "low_freq": 2549.74365234375,
      "mid_mean": -40.09575271606445,
      "mid_to_side_loudness": -5.282692909240723,
      "mid_to_side_loudness_range": 6.950229644775391,
      "side_mean": -48.330299377441406
    },
    {
      "high_freq": 7314.1640625,
      "loudness": -47.05833053588867,
      "loudness_range": 34.681846618652344,
      "low_freq": 4349.24462890625,
      "mid_mean": -45.66000747680664,
      "mid_to_side_loudness": -5.66301155090332,
      "mid_to_side_loudness_range": 7.228338718414307,
      "side_mean": -55.06501388549805
    },
    {
      "high_freq": 12199.2666015625,
      "loudness": -46.86286544799805,
      "loudness_range": 35.77458953857422,
      "low_freq": 7314.1640625,
      "mid_mean": -46.570159912109375,
      "mid_to_side_loudness": -5.758959770202637,
      "mid_to_side_loudness_range": 8.553037643432617,
      "side_mean": -57.393280029296875
    },
    {
      "loudness": -60.02486038208008,
      "loudness_range": 38.14262008666992,
      "low_freq": 12199.2666015625,
      "mid_mean": -59.3349723815918,
      "mid_to_side_loudness": -5.703988552093506,
      "mid_to_side_loudness_range": 8.55945873260498,
      "side_mean": -63.79249572753906
    }
  ],
  "bands_short": [
    {
      "high_freq": 148.1999969482422,
      "loudness": -60.00454330444336,
      "loudness_range": 33.79949951171875,
      "mid_mean": -61.329402923583984,
      "mid_to_side_loudness": -5.908369541168213,
      "mid_to_side_loudness_range": 13.879809379577637,
      "side_mean": -64.93623352050781
    },
    {
      "high_freq": 392.3793640136719,
      "loudness": -42.275455474853516,
      "loudness_range": 29.506349563598633,
      "low_freq": 148.1999969482422,
      "mid_mean": -41.08637237548828,
      "mid_to_side_loudness": -5.000419616699219,
      "mid_to_side_loudness_range": 11.4097318649292,
      "side_mean": -52.37434387207031
    },
    {
      "high_freq": 794.6976318359375,
      "loudness": -47.94363021850586,
      "loudness_range": 26.064083099365234,
      "low_freq": 392.3793640136719,
      "mid_mean": -51.122867584228516,
      "mid_to_side_loudness": -2.24455189704895,
      "mid_to_side_loudness_range": 8.284149169921875,
      "side_mean": -53.06360626220703
    },
    {
      "high_freq": 1457.5709228515625,
      "loudness": -47.42750549316406,
      "loudness_range": 24.02892303466797,
      "low_freq": 794.6976318359375,
      "mid_mean": -50.475032806396484,
      "mid_to_side_loudness": -2.5357539653778076,
      "mid_to_side_loudness_range": 8.584278106689453,
      "side_mean": -53.00185775756836
    },
    {
      "high_freq": 2549.74365234375,
      "loudness": -47.694122314453125,
      "loudness_range": 27.179903030395508,
      "low_freq": 1457.5709228515625,
      "mid_mean": -50.309715270996094,
      "mid_to_side_loudness": -1.991425633430481,
      "mid_to_side_loudness_range": 9.606348991394043,
      "side_mean": -52.75857162475586
    },
    {
      "high_freq": 4349.24462890625,
      "loudness": -48.437408447265625,
      "loudness_range": 40.177520751953125,
      "low_freq": 2549.74365234375,
      "mid_mean": -50.41215515136719,
      "mid_to_side_loudness": -2.193417549133301,
      "mid_to_side_loudness_range": 8.566465377807617,
      "side_mean": -53.1215934753418
    },
    {
      "high_freq": 7314.1640625,
      "loudness": -53.852664947509766,
      "loudness_range": 47.13852310180664,
      "low_freq": 4349.24462890625,
      "mid_mean": -56.0826301574707,
      "mid_to_side_loudness": -2.09830641746521,
      "mid_to_side_loudness_range": 8.224554061889648,
      "side_mean": -58.69813919067383
    },
    {
      "high_freq": 12199.2666015625,
      "loudness": -54.13508987426758,
      "loudness_range": 44.35430145263672,
      "low_freq": 7314.1640625,
      "mid_mean": -59.00870895385742,
      "mid_to_side_loudness": -1.4458825588226318,
      "mid_to_side_loudness_range": 10.124140739440918,
      "side_mean": -61.73951721191406
    },
    {
      "loudness": -46.838035583496094,
      "loudness_range": 34.153221130371094,
      "low_freq": 12199.2666015625,
      "mid_mean": -63.03154754638672,
      "mid_to_side_loudness": -1.8918242454528809,
      "mid_to_side_loudness_range": 11.568378448486328,
      "side_mean": -64.94100189208984
    }
  ],
  "bandwidth": 1761.9962158203125,
  "channels": 2,
  "covariance": [
    [
      165.90501403808594,
      118.47441864013672,
      110.76615905761719,
      106.4646987915039,
      75.42437744140625,
      118.69062805175781,
      65.42996215820312,
      105.23173522949219,
      30.002958297729492,
      53.4019889831543,
      -23.115583419799805,
      5.87624454498291,
      -49.96134948730469,
      0.21309098601341248,
      -46.308555603027344,
      7.928598403930664,
      -50.210689544677734,
      -55.10440444946289
    ],
    [
      118.47441864013672,
      85.55693054199219,
      80.55455017089844,
      77.31413269042969,
      55.2938346862793,
      83.34454345703125,
      48.53486251831055,
      73.6650619506836,
      24.27967071533203,
      38.78567886352539,
      -13.031805992126465,
      5.583370208740234,
      -31.690950393676758,
      1.2788326740264893,
      -28.47670555114746,
      7.240145206451416,
      -35.02672576904297,
      -38.964237213134766
    ],
    [
      110.76615905761719,
      80.55455017089844,
      107.39236450195312,
      94.90760803222656,
      45.38448715209961,
      44.54405975341797,
      38.72191619873047,
      33.297576904296875,
      7.227627277374268,
      8.127274513244629,
      -46.64656066894531,
      -39.53138732910156,
      -69.94790649414062,
      -58.51353454589844,
      -70.3553237915039,
      -46.615150451660156,
      -91.61678314208984,
      -87.5133056640625
    ],
    [
      106.4646987915039,
      77.31413269042969,
      94.90760803222656,
      98.05583190917969,
      44.0314826965332,
      41.101261138916016,
      39.92512130737305,
      29.958335876464844,
      11.712526321411133,
      3.9218270778656006,
      -39.9721794128418,
      -44.198394775390625,
      -59.05392837524414,
      -61.347076416015625,
      -55.939002990722656,
      -47.907711029052734,
      -85.06446838378906,
      -87.66038513183594
    ],
    [
      75.42437744140625,
      55.2938346862793,
      45.38448715209961,
      44.0314826965332,
      67.5889892578125,
      63.16248321533203,
      58.94009017944336,
      55.771846771240234,
      39.72039031982422,
      47.930782318115234,
      14.61633586883545,
      31.06254768371582,
      -1.1431773900985718,
      21.585847854614258,
      -5.863964080810547,
      24.699419021606445,
      -9.125602722167969,
      -4.490619659423828
    ],
    [
      118.69062805175781,
      83.34454345703125,
      44.54405975341797,
      41.101261138916016,
      63.16248321533203,
      122.97348022460938,
      53.34379196166992,
      114.60973358154297,
      36.891578674316406,
      72.58384704589844,
      20.494155883789062,
      58.55852508544922,
      6.003871440887451,
      62.95816421508789,
      4.297402381896973,
      59.88152313232422,
      20.11054229736328,
      14.030973434448242
    ],
    [
      65.42996215820312,
      48.53486251831055,
      38.72191619873047,
      39.92512130737305,
      58.94009017944336,
      53.34379196166992,
      53.38144302368164,
      46.72287368774414,
      39.88068771362305,
      40.1260986328125,
      19.628376007080078,
      26.087438583374023,
      9.074934959411621,
      19.296777725219727,
      6.844242572784424,
      23.216890335083008,
      -2.315778970718384,
      -3.332848072052002
    ],
    [
      105.23173522949219,
      73.6650619506836,
      33.297576904296875,
      29.958335876464844,
      55.771846771240234,
      114.60973358154297,
      46.72287368774414,
      107.57110595703125,
      33.43669128417969,
      68.94751739501953,
      22.532949447631836,
      59.77032470703125,
      10.365306854248047,
      65.24333953857422,
      8.369375228881836,
      61.05857467651367,
      25.738548278808594,
      20.31569480895996
    ],
    [
      30.002958297729492,
      24.27967071533203,
      7.227627277374268,
      11.712526321411133,
      39.72039031982422,
      36.891578674316406,
      39.88068771362305,
      33.43669128417969,
      52.0275993347168,
      38.014495849609375,
      53.538963317871094,
      43.767269134521484,
      57.56111145019531,
      46.499996185302734,
      55.96074295043945,
      47.69602584838867,
      44.15277099609375,
      31.24111557006836
    ],
    [
      53.4019889831543,
      38.78567886352539,
      8.127274513244629,
      3.9218270778656006,
      47.930782318115234,
      72.58384704589844,
      40.1260986328125,
      68.94751739501953,
      38.014495849609375,
      73.46769714355469,
      43.02524185180664,
      73.60189056396484,
      37.96824645996094,
      67.3673095703125,
      31.455089569091797,
      62.997291564941406,
      37.72785949707031,
      41.10626220703125
    ],
    [
      -23.115583419799805,
      -13.031805992126465,
      -46.64656066894531,
      -39.9721794128418,
      14.61633586883545,
      20.494155883789062,
      19.628376007080078,
      22.532949447631836,
      53.538963317871094,
      43.02524185180664,
      104.1256103515625,
      78.46356201171875,
      124.58089447021484,
      94.27648162841797,
      118.8825454711914,
      88.5204849243164,
      112.07052612304688,
      88.70589447021484
    ],
    [
      5.87624454498291,
      5.583370208740234,
      -39.53138732910156,
      -44.198394775390625,
      31.06254768371582,
      58.55852508544922,
      26.087438583374023,
      59.77032470703125,
      43.767269134521484,
      73.60189056396484,
      78.46356201171875,
      115.45796966552734,
      87.46144104003906,
      118.8038101196289,
      72.97482299804688,
      104.94998168945312,
      100.3280029296875,
      97.68253326416016
    ],
    [
      -49.96134948730469,
      -31.690950393676758,
      -69.94790649414062,
      -59.05392837524414,
      -1.1431773900985718,
      6.003871440887451,
      9.074934959411621,
      10.365306854248047,
      57.56111145019531,
      37.96824645996094,
      124.58089447021484,
      87.46144104003906,
      160.01190185546875,
      109.96959686279297,
      154.94064331054688,
      101.89907836914062,
      144.1810760498047,
      109.90667724609375
    ],
    [
      0.21309098601341248,
      1.2788326740264893,
      -58.51353454589844,
      -61.347076416015625,
      21.585847854614258,
      62.95816421508789,
      19.296777725219727,
      65.24333953857422,
      46.499996185302734,
      67.3673095703125,
      94.27648162841797,
      118.8038101196289,
      109.96959686279297,
      137.81573486328125,
      94.68456268310547,
      120.798095703125,
      125.027099609375,
      113.67932891845703
    ],
    [
      -46.308555603027344,
      -28.47670555114746,
      -70.3553237915039,
      -55.939002990722656,
      -5.863964080810547,
      4.297402381896973,
      6.844242572784424,
      8.369375228881836,
      55.96074295043945,
      31.455089569091797,
      118.8825454711914,
      72.97482299804688,
      154.94064331054688,
      94.68456268310547,
      164.42361450195312,
      90.75126647949219,
      134.287353515625,
      96.8022689819336
    ],
    [
      7.928598403930664,
      7.240145206451416,
      -46.615150451660156,
      -47.907711029052734,
      24.699419021606445,
      59.88152313232422,
      23.216890335083008,
      61.05857467651367,
      47.69602584838867,
      62.997291564941406,
      88.5204849243164,
      104.94998168945312,
      101.89907836914062,
      120.798095703125,
      90.75126647949219,
      107.9774398803711,
      109.39977264404297,
      97.37189483642578
    ],
    [
      -50.210689544677734,
      -35.02672576904297,
      -91.61678314208984,
      -85.06446838378906,
      -9.125602722167969,
      20.11054229736328,
      -2.315778970718384,
      25.738548278808594,
      44.15277099609375,
      37.72785949707031,
      112.07052612304688,
      100.3280029296875,
      144.1810760498047,
      125.027099609375,
      134.287353515625,
      109.39977264404297,
      147.9263916015625,
      121.51766204833984
    ],
    [
      -55.10440444946289,
      -38.964237213134766,
      -87.5133056640625,
      -87.66038513183594,
      -4.490619659423828,
      14.030973434448242,
      -3.332848072052002,
      20.31569480895996,
      31.24111557006836,
      41.10626220703125,
      88.70589447021484,
      97.68253326416016,
      109.90667724609375,
      113.67932891845703,
      96.8022689819336,
      97.37189483642578,
      121.51766204833984,
      114.09176635742188
    ]
  ],
  "covariance_short": [
    [
      106.94271087646484,
      75.40174102783203,
      106.03255462646484,
      122.00563049316406,
      97.45596313476562,
      88.22489929199219,
      91.28811645507812,
      78.44705200195312,
      78.43566131591797,
      67.03053283691406,
      49.49404525756836,
      39.46295928955078,
      26.949827194213867,
      19.911745071411133,
      21.424833297729492,
      16.284849166870117,
      -17.207162857055664,
      -21.775785446166992
    ],
    [
      75.40174102783203,
      55.18223190307617,
      72.53716278076172,
      79.20957946777344,
      66.12419891357422,
      58.89609146118164,
      61.41062545776367,
      51.734230041503906,
      55.867549896240234,
      46.055362701416016,
      38.24869155883789,
      29.570453643798828,
      25.45452117919922,
      18.786460876464844,
      21.946928024291992,
      16.38874053955078,
      -6.296440601348877,
      -10.95456314086914
    ],
    [
      106.03255462646484,
      72.53716278076172,
      142.3524932861328,
      132.129150390625,
      60.203033447265625,
      63.14952087402344,
      49.09880447387695,
      48.39131546020508,
      20.51985740661621,
      25.09193229675293,
      -23.650720596313477,
      -16.831533432006836,
      -49.94807052612305,
      -37.6400260925293,
      -56.243839263916016,
      -38.601043701171875,
      -85.11050415039062,
      -73.75013732910156
    ],
    [
      122.00563049316406,
      79.20957946777344,
      132.129150390625,
      191.93194580078125,
      134.6779327392578,
      131.2431640625,
      128.31088256835938,
      119.64099884033203,
      99.06562805175781,
      97.0399398803711,
      51.927207946777344,
      51.91495132446289,
      8.881799697875977,
      14.137758255004883,
      -4.884353160858154,
      4.613780498504639,
      -41.372215270996094,
      -36.035369873046875
    ],
    [
      97.45596313476562,
      66.12419891357422,
      60.203033447265625,
      134.6779327392578,
      148.564697265625,
      128.68301391601562,
      145.279052734375,
      121.93836212158203,
      142.11141967773438,
      120.01539611816406,
      131.58045959472656,
      109.51962280273438,
      106.50215148925781,
      86.02781677246094,
      95.09939575195312,
      74.29911041259766,
      53.565101623535156,
      35.53750991821289
    ],
    [
      88.22489929199219,
      58.89609146118164,
      63.14952087402344,
      131.2431640625,
      128.68301391601562,
      118.53717803955078,
      125.37415313720703,
      111.22825622558594,
      116.98561096191406,
      106.46768188476562,
      100.19892120361328,
      91.03268432617188,
      73.12958526611328,
      66.74813079833984,
      61.5833625793457,
      55.876365661621094,
      29.79176139831543,
      22.538265228271484
    ],
    [
      91.28811645507812,
      61.41062545776367,
      49.09880447387695,
      128.31088256835938,
      145.279052734375,
      125.37415313720703,
      145.53456115722656,
      120.09993743896484,
      143.5955352783203,
      118.57325744628906,
      135.7449951171875,
      110.1900634765625,
      112.24403381347656,
      87.2557373046875,
      102.8189697265625,
      76.49197387695312,
      59.65480041503906,
      38.84163284301758
    ],
    [
      78.44705200195312,
      51.734230041503906,
      48.39131546020508,
      119.64099884033203,
      121.93836212158203,
      111.22825622558594,
      120.09993743896484,
      107.41928100585938,
      113.02733612060547,
      102.7507095336914,
      99.5408935546875,
      90.91100311279297,
      73.96551513671875,
      67.74430847167969,
      63.207088470458984,
      57.3724479675293,
      34.48323059082031,
      27.15143585205078
    ],
    [
      78.43566131591797,
      55.867549896240234,
      20.51985740661621,
      99.06562805175781,
      142.11141967773438,
      116.98561096191406,
      143.5955352783203,
      113.02733612060547,
      162.89132690429688,
      126.1844253540039,
      175.23403930664062,
      138.46453857421875,
      163.487060546875,
      125.36800384521484,
      152.15280151367188,
      110.3973617553711,
      105.04582214355469,
      75.02117919921875
    ],
    [
      67.03053283691406,
      46.055362701416016,
      25.09193229675293,
      97.0399398803711,
      120.01539611816406,
      106.46768188476562,
      118.57325744628906,
      102.7507095336914,
      126.1844253540039,
      113.02970123291016,
      129.57273864746094,
      117.79928588867188,
      112.07331085205078,
      101.86943817138672,
      98.49193572998047,
      87.30888366699219,
      70.7076187133789,
      59.213138580322266
    ],
    [
      49.49404525756836,
      38.24869155883789,
      -23.650720596313477,
      51.927207946777344,
      131.58045959472656,
      100.19892120361328,
      135.7449951171875,
      99.5408935546875,
      175.23403930664062,
      129.57273864746094,
      218.89903259277344,
      171.28395080566406,
      221.3494873046875,
      170.73849487304688,
      208.95848083496094,
      152.3614959716797,
      163.48631286621094,
      122.70309448242188
    ],
    [
      39.46295928955078,
      29.570453643798828,
      -16.831533432006836,
      51.91495132446289,
      109.51962280273438,
      91.03268432617188,
      110.1900634765625,
      90.91100311279297,
      138.46453857421875,
      117.79928588867188,
      171.28395080566406,
      153.91159057617188,
      167.43695068359375,
      150.0492706298828,
      151.93931579589844,
      131.39813232421875,
      127.42778015136719,
      108.52716064453125
    ],
    [
      26.949827194213867,
      25.45452117919922,
      -49.94807052612305,
      8.881799697875977,
      106.50215148925781,
      73.12958526611328,
      112.24403381347656,
      73.96551513671875,
      163.487060546875,
      112.07331085205078,
      221.3494873046875,
      167.43695068359375,
      239.6731719970703,
      179.716064453125,
      231.26585388183594,
      162.95753479003906,
      186.56639099121094,
      139.82496643066406
    ],
    [
      19.911745071411133,
      18.786460876464844,
      -37.6400260925293,
      14.137758255004883,
      86.02781677246094,
      66.74813079833984,
      87.2557373046875,
      67.74430847167969,
      125.36800384521484,
      101.86943817138672,
      170.73849487304688,
      150.0492706298828,
      179.716064453125,
      158.51873779296875,
      167.0685577392578,
      141.32485961914062,
      145.84698486328125,
      123.86859130859375
    ],
    [
      21.424833297729492,
      21.946928024291992,
      -56.243839263916016,
      -4.884353160858154,
      95.09939575195312,
      61.5833625793457,
      102.8189697265625,
      63.207088470458984,
      152.15280151367188,
      98.49193572998047,
      208.95848083496094,
      151.93931579589844,
      231.26585388183594,
      167.0685577392578,
      230.5715789794922,
      155.6734619140625,
      182.3144989013672,
      133.187255859375
    ],
    [
      16.284849166870117,
      16.38874053955078,
      -38.601043701171875,
      4.613780498504639,
      74.29911041259766,
      55.876365661621094,
      76.49197387695312,
      57.3724479675293,
      110.3973617553711,
      87.30888366699219,
      152.3614959716797,
      131.39813232421875,
      162.95753479003906,
      141.32485961914062,
      155.6734619140625,
      129.97642517089844,
      134.90579223632812,
      112.6945571899414
    ],
    [
      -17.207162857055664,
      -6.296440601348877,
      -85.11050415039062,
      -41.372215270996094,
      53.565101623535156,
      29.79176139831543,
      59.65480041503906,
      34.48323059082031,
      105.04582214355469,
      70.7076187133789,
      163.48631286621094,
      127.42778015136719,
      186.56639099121094,
      145.84698486328125,
      182.3144989013672,
      134.90579223632812,
      165.8900604248047,
      130.0675811767578
    ],
    [
      -21.775785446166992,
      -10.95456314086914,
      -73.75013732910156,
      -36.035369873046875,
      35.53750991821289,
      22.538265228271484,
      38.84163284301758,
      27.15143585205078,
      75.02117919921875,
      59.213138580322266,
      122.70309448242188,
      108.52716064453125,
      139.82496643066406,
      123.86859130859375,
      133.187255859375,
      112.6945571899414,
      130.0675811767578,
      112.73313903808594
    ]
  ],
  "damage": -19.239471435546875,
  "diff_bandwidth": 2099.593994140625,
  "dissonance": 14.997403769186961,
  "drr": 6.027618408203125,
  "dynamics": 6.460272312164307,
  "format": 1245190,
  "frames": 1503168,
  "loudness": -26.37982177734375,
  "loudness_range": 19.055255889892578,
  "loudness_range_short": 32.38930130004883,
  "lowpass_true_peak_15khz": -2.3997132778167725,
  "mastering3_acoustic_entropies": [
    {
      "acoustic_entropy": 5.904902935028076,
      "acoustic_entropy_mono": 5.890183925628662,
      "band_eliminated_acoustic_entropies": [
        {
          "acoustic_entropy": 5.897319793701172,
          "acoustic_entropy_side": 5.904577732086182,
          "hz": 129.47220167065723
        },
        {
          "acoustic_entropy": 5.635720729827881,
          "acoustic_entropy_side": 5.877429962158203,
          "hz": 202.92927478742237
        },
        {
          "acoustic_entropy": 5.509876728057861,
          "acoustic_entropy_side": 5.789727210998535,
          "hz": 282.89161906338205
        },
        {
          "acoustic_entropy": 5.88922643661499,
          "acoustic_entropy_side": 5.9036760330200195,
          "hz": 369.9353335868758
        },
        {
          "acoustic_entropy": 5.874998092651367,
          "acoustic_entropy_side": 5.904192924499512,
          "hz": 464.6875360973435
        },
        {
          "acoustic_entropy": 5.800381183624268,
          "acoustic_entropy_side": 5.897378444671631,
          "hz": 567.8308811364784
        },
        {
          "acoustic_entropy": 5.6793951988220215,
          "acoustic_entropy_side": 5.798584461212158,
          "hz": 680.1084783214808
        },
        {
          "acoustic_entropy": 5.674034118652344,
          "acoustic_entropy_side": 5.875034809112549,
          "hz": 802.3292461747484
        },
        {
          "acoustic_entropy": 5.599558353424072,
          "acoustic_entropy_side": 5.890649795532227,
          "hz": 935.3737400823702
        },
        {
          "acoustic_entropy": 5.644923686981201,
          "acoustic_entropy_side": 5.860013008117676,
          "hz": 1080.2004963696966
        },
        {
          "acoustic_entropy": 5.648571491241455,
          "acoustic_entropy_side": 5.876624584197998,
          "hz": 1237.8529382007157
        },
        {
          "acoustic_entropy": 5.842401027679443,
          "acoustic_entropy_side": 5.899536609649658,
          "hz": 1409.4668930556702
        },
        {
          "acoustic_entropy": 5.828266620635986,
          "acoustic_entropy_side": 5.898266315460205,
          "hz": 1596.2787759475705
        },
        {
          "acoustic_entropy": 5.866793632507324,
          "acoustic_entropy_side": 5.905609607696533,
          "hz": 1799.6344973346393
        },
        {
          "acoustic_entropy": 5.572664737701416,
          "acoustic_entropy_side": 5.862750053405762,
          "hz": 2020.9991599069049
        },
        {
          "acoustic_entropy": 5.724959850311279,
          "acoustic_entropy_side": 5.905210018157959,
          "hz": 2261.9676141086993
        },
        {
          "acoustic_entropy": 5.861163139343262,
          "acoustic_entropy_side": 5.918460845947266,
          "hz": 2524.2759484456974
        },
        {
          "acoustic_entropy": 5.891292095184326,
          "acoustic_entropy_side": 5.928317546844482,
          "hz": 2809.813997359896
        },
        {
          "acoustic_entropy": 5.9528703689575195,
          "acoustic_entropy_side": 5.9615631103515625,
          "hz": 3120.6389567871424
        },
        {
          "acoustic_entropy": 5.883898735046387,
          "acoustic_entropy_side": 5.938786506652832,
          "hz": 3458.990205492291
        },
        {
          "acoustic_entropy": 5.8628082275390625,
          "acoustic_entropy_side": 5.96128511428833,
          "hz": 3827.305438964164
        },
        {
          "acoustic_entropy": 5.894143581390381,
          "acoustic_entropy_side": 5.94179630279541,
          "hz": 4228.238232109126
        },
        {
          "acoustic_entropy": 5.906002521514893,
          "acoustic_entropy_side": 5.928686618804932,
          "hz": 4664.6771572759235
        },
        {
          "acoustic_entropy": 5.845430374145508,
          "acoustic_entropy_side": 5.94025993347168,
          "hz": 5139.766595350093
        },
        {
          "acoustic_entropy": 5.962710857391357,
          "acoustic_entropy_side": 5.933994770050049,
          "hz": 5656.929389854203
        },
        {
          "acoustic_entropy": 5.953540802001953,
          "acoustic_entropy_side": 5.927433967590332,
          "hz": 6219.891507268283
        },
        {
          "acoustic_entropy": 5.989938259124756,
          "acoustic_entropy_side": 5.917201042175293,
          "hz": 6832.70888123896
        },
        {
          "acoustic_entropy": 6.061323642730713,
          "acoustic_entropy_side": 5.911652565002441,
          "hz": 7499.796634079867
        },
        {
          "acoustic_entropy": 6.114978790283203,
          "acoustic_entropy_side": 5.91143798828125,
          "hz": 8225.96088609342
        },
        {
          "acoustic_entropy": 5.8685150146484375,
          "acoustic_entropy_side": 5.914981365203857,
          "hz": 9016.43338188839
        },
        {
          "acoustic_entropy": 6.015310764312744,
          "acoustic_entropy_side": 5.923410892486572,
          "hz": 9876.909183162974
        },
        {
          "acoustic_entropy": 6.051076889038086,
          "acoustic_entropy_side": 5.92239236831665,
          "hz": 10813.587699516042
        },
        {
          "acoustic_entropy": 6.088210582733154,
          "acoustic_entropy_side": 5.920167922973633,
          "hz": 11833.21735289826
        },
        {
          "acoustic_entropy": 5.9320807456970215,
          "acoustic_entropy_side": 5.917885780334473,
          "hz": 12943.144197493959
        },
        {
          "acoustic_entropy": 5.9170989990234375,
          "acoustic_entropy_side": 5.914646625518799,
          "hz": 14151.364845322005
        },
        {
          "acoustic_entropy": 5.923332691192627,
          "acoustic_entropy_side": 5.911893844604492,
          "hz": 15466.58407886509
        },
        {
          "acoustic_entropy": 5.9188456535339355,
          "acoustic_entropy_side": 5.908121585845947,
          "hz": 16898.27756580493
        },
        {
          "acoustic_entropy": 5.92555570602417,
          "acoustic_entropy_side": 5.909614086151123,
          "hz": 18456.760127700032
        },
        {
          "acoustic_entropy": 5.940933704376221,
          "acoustic_entropy_side": 5.917725563049316,
          "hz": 20153.260054456492
        },
        {
          "acoustic_entropy": 5.949374198913574,
          "acoustic_entropy_side": 5.914079189300537,
          "hz": 22000.00000000001
        }
      ],
      "diff_acoustic_entropy": 6.113919734954834,
      "sn": 6
    },
    {
      "acoustic_entropy": 8.368232727050781,
      "acoustic_entropy_mono": 7.679140567779541,
      "band_eliminated_acoustic_entropies": [
        {
          "acoustic_entropy": 8.369720458984375,
          "acoustic_entropy_side": 8.368269920349121,
          "hz": 129.47220167065723
        },
        {
          "acoustic_entropy": 8.328296661376953,
          "acoustic_entropy_side": 8.375479698181152,
          "hz": 202.92927478742237
        },
        {
          "acoustic_entropy": 8.01144790649414,
          "acoustic_entropy_side": 8.310343742370605,
          "hz": 282.89161906338205
        },
        {
          "acoustic_entropy": 8.378299713134766,
          "acoustic_entropy_side": 8.369852066040039,
          "hz": 369.9353335868758
        },
        {
          "acoustic_entropy": 8.36044979095459,
          "acoustic_entropy_side": 8.367878913879395,
          "hz": 464.6875360973435
        },
        {
          "acoustic_entropy": 8.340103149414062,
          "acoustic_entropy_side": 8.360700607299805,
          "hz": 567.8308811364784
        },
        {
          "acoustic_entropy": 8.34333610534668,
          "acoustic_entropy_side": 8.341636657714844,
          "hz": 680.1084783214808
        },
        {
          "acoustic_entropy": 8.436331748962402,
          "acoustic_entropy_side": 8.401426315307617,
          "hz": 802.3292461747484
        },
        {
          "acoustic_entropy": 8.317811012268066,
          "acoustic_entropy_side": 8.356809616088867,
          "hz": 935.3737400823702
        },
        {
          "acoustic_entropy": 8.311002731323242,
          "acoustic_entropy_side": 8.345239639282227,
          "hz": 1080.2004963696966
        },
        {
          "acoustic_entropy": 8.4225435256958,
          "acoustic_entropy_side": 8.376036643981934,
          "hz": 1237.8529382007157
        },
        {
          "acoustic_entropy": 8.403326988220215,
          "acoustic_entropy_side": 8.384537696838379,
          "hz": 1409.4668930556702
        },
        {
          "acoustic_entropy": 8.329669952392578,
          "acoustic_entropy_side": 8.353580474853516,
          "hz": 1596.2787759475705
        },
        {
          "acoustic_entropy": 8.354557991027832,
          "acoustic_entropy_side": 8.356498718261719,
          "hz": 1799.6344973346393
        },
        {
          "acoustic_entropy": 8.254409790039062,
          "acoustic_entropy_side": 8.350892066955566,
          "hz": 2020.9991599069049
        },
        {
          "acoustic_entropy": 8.424172401428223,
          "acoustic_entropy_side": 8.387722969055176,
          "hz": 2261.9676141086993
        },
        {
          "acoustic_entropy": 8.437296867370605,
          "acoustic_entropy_side": 8.394405364990234,
          "hz": 2524.2759484456974
        },
        {
          "acoustic_entropy": 8.345003128051758,
          "acoustic_entropy_side": 8.359774589538574,
          "hz": 2809.813997359896
        },
        {
          "acoustic_entropy": 8.366418838500977,
          "acoustic_entropy_side": 8.352060317993164,
          "hz": 3120.6389567871424
        },
        {
          "acoustic_entropy": 8.359034538269043,
          "acoustic_entropy_side": 8.360346794128418,
          "hz": 3458.990205492291
        },
        {
          "acoustic_entropy": 8.215335845947266,
          "acoustic_entropy_side": 8.309452056884766,
          "hz": 3827.305438964164
        },
        {
          "acoustic_entropy": 8.238665580749512,
          "acoustic_entropy_side": 8.335419654846191,
          "hz": 4228.238232109126
        },
        {
          "acoustic_entropy": 8.284391403198242,
          "acoustic_entropy_side": 8.347071647644043,
          "hz": 4664.6771572759235
        },
        {
          "acoustic_entropy": 8.196842193603516,
          "acoustic_entropy_side": 8.329240798950195,
          "hz": 5139.766595350093
        },
        {
          "acoustic_entropy": 8.339616775512695,
          "acoustic_entropy_side": 8.353928565979004,
          "hz": 5656.929389854203
        },
        {
          "acoustic_entropy": 8.330381393432617,
          "acoustic_entropy_side": 8.357001304626465,
          "hz": 6219.891507268283
        },
        {
          "acoustic_entropy": 8.386810302734375,
          "acoustic_entropy_side": 8.360032081604004,
          "hz": 6832.70888123896
        },
        {
          "acoustic_entropy": 8.461319923400879,
          "acoustic_entropy_side": 8.36867618560791,
          "hz": 7499.796634079867
        },
        {
          "acoustic_entropy": 8.477428436279297,
          "acoustic_entropy_side": 8.362070083618164,
          "hz": 8225.96088609342
        },
        {
          "acoustic_entropy": 8.057048797607422,
          "acoustic_entropy_side": 8.36050796508789,
          "hz": 9016.43338188839
        },
        {
          "acoustic_entropy": 8.422630310058594,
          "acoustic_entropy_side": 8.336369514465332,
          "hz": 9876.909183162974
        },
        {
          "acoustic_entropy": 8.375259399414062,
          "acoustic_entropy_side": 8.35758113861084,
          "hz": 10813.587699516042
        },
        {
          "acoustic_entropy": 8.359026908874512,
          "acoustic_entropy_side": 8.358601570129395,
          "hz": 11833.21735289826
        },
        {
          "acoustic_entropy": 8.32695484161377,
          "acoustic_entropy_side": 8.35641098022461,
          "hz": 12943.144197493959
        },
        {
          "acoustic_entropy": 8.346972465515137,
          "acoustic_entropy_side": 8.351069450378418,
          "hz": 14151.364845322005
        },
        {
          "acoustic_entropy": 8.382216453552246,
          "acoustic_entropy_side": 8.358692169189453,
          "hz": 15466.58407886509
        },
        {
          "acoustic_entropy": 8.372428894042969,
          "acoustic_entropy_side": 8.360910415649414,
          "hz": 16898.27756580493
        },
        {
          "acoustic_entropy": 8.377148628234863,
          "acoustic_entropy_side": 8.358986854553223,
          "hz": 18456.760127700032
        },
        {
          "acoustic_entropy": 8.399590492248535,
          "acoustic_entropy_side": 8.354601860046387,
          "hz": 20153.260054456492
        },
        {
          "acoustic_entropy": 8.36699390411377,
          "acoustic_entropy_side": 8.345983505249023,
          "hz": 22000.00000000001
        }
      ],
      "diff_acoustic_entropy": 7.649266719818115,
      "sn": 12
    },
    {
      "acoustic_entropy": 11.463211059570312,
      "acoustic_entropy_mono": 10.300943374633789,
      "band_eliminated_acoustic_entropies": [
        {
          "acoustic_entropy": 11.440869331359863,
          "acoustic_entropy_side": 11.45997428894043,
          "hz": 129.47220167065723
        },
        {
          "acoustic_entropy": 11.467507362365723,
          "acoustic_entropy_side": 11.505388259887695,
          "hz": 202.92927478742237
        },
        {
          "acoustic_entropy": 10.852112770080566,
          "acoustic_entropy_side": 11.577378273010254,
          "hz": 282.89161906338205
        },
        {
          "acoustic_entropy": 11.43050479888916,
          "acoustic_entropy_side": 11.45541763305664,
          "hz": 369.9353335868758
        },
        {
          "acoustic_entropy": 11.448798179626465,
          "acoustic_entropy_side": 11.446553230285645,
          "hz": 464.6875360973435
        },
        {
          "acoustic_entropy": 11.45302677154541,
          "acoustic_entropy_side": 11.481834411621094,
          "hz": 567.8308811364784
        },
        {
          "acoustic_entropy": 11.736546516418457,
          "acoustic_entropy_side": 11.553411483764648,
          "hz": 680.1084783214808
        },
        {
          "acoustic_entropy": 11.456233978271484,
          "acoustic_entropy_side": 11.40434455871582,
          "hz": 802.3292461747484
        },
        {
          "acoustic_entropy": 11.568559646606445,
          "acoustic_entropy_side": 11.494209289550781,
          "hz": 935.3737400823702
        },
        {
          "acoustic_entropy": 11.500370025634766,
          "acoustic_entropy_side": 11.464719772338867,
          "hz": 1080.2004963696966
        },
        {
          "acoustic_entropy": 11.500706672668457,
          "acoustic_entropy_side": 11.42461109161377,
          "hz": 1237.8529382007157
        },
        {
          "acoustic_entropy": 11.572195053100586,
          "acoustic_entropy_side": 11.49898910522461,
          "hz": 1409.4668930556702
        },
        {
          "acoustic_entropy": 11.550333976745605,
          "acoustic_entropy_side": 11.486664772033691,
          "hz": 1596.2787759475705
        },
        {
          "acoustic_entropy": 11.462891578674316,
          "acoustic_entropy_side": 11.445240020751953,
          "hz": 1799.6344973346393
        },
        {
          "acoustic_entropy": 11.259012222290039,
          "acoustic_entropy_side": 11.52546215057373,
          "hz": 2020.9991599069049
        },
        {
          "acoustic_entropy": 11.637093544006348,
          "acoustic_entropy_side": 11.456656455993652,
          "hz": 2261.9676141086993
        },
        {
          "acoustic_entropy": 11.51441764831543,
          "acoustic_entropy_side": 11.466697692871094,
          "hz": 2524.2759484456974
        },
        {
          "acoustic_entropy": 11.48289966583252,
          "acoustic_entropy_side": 11.474662780761719,
          "hz": 2809.813997359896
        },
        {
          "acoustic_entropy": 11.44884204864502,
          "acoustic_entropy_side": 11.443289756774902,
          "hz": 3120.6389567871424
        },
        {
