{
  "acoustic_entropy": 217.1981201171875,
  "bands": [
    {
      "high_freq": 148.1999969482422,
      "loudness": -53.797340393066406,
      "loudness_range": 22.716014862060547,
      "mid_mean": -52.1741828918457,
      "mid_to_side_loudness": -2.2022552490234375,
      "mid_to_side_loudness_range": 6.658926010131836,
      "side_mean": -54.27247619628906
    },
    {
      "high_freq": 392.3793640136719,
      "loudness": -41.30348205566406,
      "loudness_range": 24.29090118408203,
      "low_freq": 148.1999969482422,
      "mid_mean": -39.21927261352539,
      "mid_to_side_loudness": -4.278380393981934,
      "mid_to_side_loudness_range": 9.640545845031738,
      "side_mean": -43.7254753112793
    },
    {
      "high_freq": 794.6976318359375,
      "loudness": -39.11978530883789,
      "loudness_range": 23.753328323364258,
      "low_freq": 392.3793640136719,
      "mid_mean": -37.11888122558594,
      "mid_to_side_loudness": -4.348706245422363,
      "mid_to_side_loudness_range": 8.65041732788086,
      "side_mean": -41.8244743347168
    },
    {
      "high_freq": 1457.5709228515625,
      "loudness": -39.57350540161133,
      "loudness_range": 25.470874786376953,
      "low_freq": 794.6976318359375,
      "mid_mean": -37.818443298339844,
      "mid_to_side_loudness": -3.386765241622925,
      "mid_to_side_loudness_range": 8.594419479370117,
      "side_mean": -41.39023971557617
    },
    {
      "high_freq": 2549.74365234375,
      "loudness": -43.6997184753418,
      "loudness_range": 29.80959129333496,
      "low_freq": 1457.5709228515625,
      "mid_mean": -42.24628829956055,
      "mid_to_side_loudness": -2.979443073272705,
      "mid_to_side_loudness_range": 7.628061294555664,
      "side_mean": -45.416446685791016
    },
    {
      "high_freq": 4349.24462890625,
      "loudness": -49.31338119506836,
      "loudness_range": 29.31988525390625,
      "low_freq": 2549.74365234375,
      "mid_mean": -48.41746139526367,
      "mid_to_side_loudness": -2.9037270545959473,
      "mid_to_side_loudness_range": 6.415637969970703,
      "side_mean": -51.84492874145508
    },
    {
      "high_freq": 7314.1640625,
      "loudness": -58.00478744506836,
      "loudness_range": 29.511951446533203,
      "low_freq": 4349.24462890625,
      "mid_mean": -56.65689468383789,
      "mid_to_side_loudness": -3.8489606380462646,
      "mid_to_side_loudness_range": 4.601834297180176,
      "side_mean": -59.57246780395508
    },
    {
      "high_freq": 12199.2666015625,
      "loudness": -64.90911102294922,
      "loudness_range": 26.83031463623047,
      "low_freq": 7314.1640625,
      "mid_mean": -61.82707977294922,
      "mid_to_side_loudness": -4.036493301391602,
      "mid_to_side_loudness_range": 4.02202844619751,
      "side_mean": -64.12445068359375
    },
    {
      "loudness": -75.42108154296875,
      "loudness_range": 19.911727905273438,
      "low_freq": 12199.2666015625,
      "mid_mean": -68.03907012939453,
      "mid_to_side_loudness": -3.297966718673706,
      "mid_to_side_loudness_range": 2.8916573524475098,
      "side_mean": -68.7127685546875
    }
  ],
  "bands_short": [
    {
      "high_freq": 148.1999969482422,
      "loudness": -55.06647491455078,
      "loudness_range": 22.189838409423828,
      "mid_mean": -53.73552322387695,
      "mid_to_side_loudness": -2.0509192943573,
      "mid_to_side_loudness_range": 12.687965393066406,
      "side_mean": -55.62150192260742
    },
    {
      "high_freq": 392.3793640136719,
      "loudness": -41.906227111816406,
      "loudness_range": 24.3895263671875,
      "low_freq": 148.1999969482422,
      "mid_mean": -39.885311126708984,
      "mid_to_side_loudness": -4.459868431091309,
      "mid_to_side_loudness_range": 12.048051834106445,
      "side_mean": -44.65201187133789
    },
    {
      "high_freq": 794.6976318359375,
      "loudness": -39.325042724609375,
      "loudness_range": 24.816551208496094,
      "low_freq": 392.3793640136719,
      "mid_mean": -37.436038970947266,
      "mid_to_side_loudness": -4.175658226013184,
      "mid_to_side_loudness_range": 11.212843894958496,
      "side_mean": -42.03163528442383
    },
    {
      "high_freq": 1457.5709228515625,
      "loudness": -39.706451416015625,
      "loudness_range": 25.89990997314453,
      "low_freq": 794.6976318359375,
      "mid_mean": -38.09978485107422,
      "mid_to_side_loudness": -3.366858959197998,
      "mid_to_side_loudness_range": 11.077497482299805,
      "side_mean": -41.694156646728516
    },
    {
      "high_freq": 2549.74365234375,
      "loudness": -43.99220275878906,
      "loudness_range": 30.083290100097656,
      "low_freq": 1457.5709228515625,
      "mid_mean": -42.676780700683594,
      "mid_to_side_loudness": -2.9550256729125977,
      "mid_to_side_loudness_range": 9.739453315734863,
      "side_mean": -45.865074157714844
    },
    {
      "high_freq": 4349.24462890625,
      "loudness": -49.383140563964844,
      "loudness_range": 29.86507797241211,
      "low_freq": 2549.74365234375,
      "mid_mean": -48.780025482177734,
      "mid_to_side_loudness": -2.84820294380188,
      "mid_to_side_loudness_range": 8.023768424987793,
      "side_mean": -52.050148010253906
    },
    {
      "high_freq": 7314.1640625,
      "loudness": -58.271297454833984,
      "loudness_range": 29.902801513671875,
      "low_freq": 4349.24462890625,
      "mid_mean": -57.018829345703125,
      "mid_to_side_loudness": -3.791088342666626,
      "mid_to_side_loudness_range": 5.974360466003418,
      "side_mean": -59.84014129638672
    },
    {
      "high_freq": 12199.2666015625,
      "loudness": -65.31436920166016,
      "loudness_range": 26.814807891845703,
      "low_freq": 7314.1640625,
      "mid_mean": -62.18925857543945,
      "mid_to_side_loudness": -4.0506062507629395,
      "mid_to_side_loudness_range": 4.873514175415039,
      "side_mean": -64.43284606933594
    },
    {
      "loudness": -75.65007781982422,
      "loudness_range": 19.856258392333984,
      "low_freq": 12199.2666015625,
      "mid_mean": -68.16657257080078,
      "mid_to_side_loudness": -3.2869489192962646,
      "mid_to_side_loudness_range": 3.9210801124572754,
      "side_mean": -68.7898941040039
    }
  ],
  "bandwidth": 838.6961059570312,
  "channels": 2,
  "covariance": [
    [
      59.481224060058594,
      53.697879791259766,
      27.407766342163086,
      29.046953201293945,
      22.409046173095703,
      21.007225036621094,
      20.248273849487305,
      21.04708480834961,
      24.582393646240234,
      23.26275634765625,
      23.708629608154297,
      25.730260848999023,
      27.990997314453125,
      24.85894775390625,
      21.7419490814209,
      18.41765785217285,
      6.777250289916992,
      5.143734931945801
    ],
    [
      53.697879791259766,
      53.551979064941406,
      24.211557388305664,
      25.802581787109375,
      19.807653427124023,
      18.149614334106445,
      18.171358108520508,
      18.881834030151367,
      22.40067481994629,
      21.0996036529541,
      20.759836196899414,
      22.72873306274414,
      24.23943519592285,
      21.48517608642578,
      18.59346580505371,
      15.820317268371582,
      5.704751968383789,
      4.336219310760498
    ],
    [
      27.407766342163086,
      24.211557388305664,
      67.64311981201172,
      59.82158660888672,
      44.08251953125,
      44.97602462768555,
      35.626869201660156,
      35.777259826660156,
      42.377262115478516,
      41.55307388305664,
      41.9259033203125,
      44.341922760009766,
      44.027015686035156,
      39.09055709838867,
      33.95636749267578,
      28.399728775024414,
      11.20556354522705,
      8.087813377380371
    ],
    [
      29.046953201293945,
      25.802581787109375,
      59.82158660888672,
      65.88105010986328,
      45.27616500854492,
      46.81732940673828,
      37.10230255126953,
      37.47236251831055,
      45.15895462036133,
      45.022003173828125,
      45.42057418823242,
      47.487213134765625,
      46.58723449707031,
      41.20254898071289,
      35.376468658447266,
      29.432294845581055,
      11.560969352722168,
      8.354580879211426
    ],
    [
      22.409046173095703,
      19.807653427124023,
      44.08251953125,
      45.27616500854492,
      70.25167846679688,
      63.740867614746094,
      45.98208236694336,
      45.23695755004883,
      57.22502517700195,
      56.38011932373047,
      55.53557586669922,
      53.375282287597656,
      52.42308807373047,
      46.58760452270508,
      39.650978088378906,
      33.06895446777344,
      13.499146461486816,
      9.617831230163574
    ],
    [
      21.007225036621094,
      18.149614334106445,
      44.97602462768555,
      46.81732940673828,
      63.740867614746094,
      71.13864135742188,
      44.913028717041016,
      45.337249755859375,
      57.47663497924805,
      57.70277786254883,
      55.9716796875,
      54.86115646362305,
      53.02984619140625,
      47.58884048461914,
      40.282859802246094,
      33.74779510498047,
      13.462409019470215,
      9.676509857177734
    ],
    [
      20.248273849487305,
      18.171358108520508,
      35.626869201660156,
      37.10230255126953,
      45.98208236694336,
      44.913028717041016,
      80.24360656738281,
      69.7613525390625,
      71.59481811523438,
      69.40039825439453,
      75.84343719482422,
      73.84001922607422,
      67.32867431640625,
      58.18567657470703,
      49.7735481262207,
      40.22150421142578,
      16.595823287963867,
      11.598531723022461
    ],
    [
      21.04708480834961,
      18.881834030151367,
      35.777259826660156,
      37.47236251831055,
      45.23695755004883,
      45.337249755859375,
      69.7613525390625,
      73.72789001464844,
      69.7586669921875,
      67.93508911132812,
      73.64419555664062,
      72.84005737304688,
      65.66134643554688,
      57.3042106628418,
      48.77219009399414,
      39.77906799316406,
      16.269657135009766,
      11.4747314453125
    ],
    [
      24.582393646240234,
      22.40067481994629,
      42.377262115478516,
      45.15895462036133,
      57.22502517700195,
      57.47663497924805,
      71.59481811523438,
      69.7586669921875,
      102.80204772949219,
      94.78792572021484,
      92.44983673095703,
      89.26753997802734,
      81.2385025024414,
      71.3551025390625,
      58.25517272949219,
      47.66105651855469,
      19.31597328186035,
      13.53180980682373
    ],
    [
      23.26275634765625,
      21.0996036529541,
      41.55307388305664,
      45.022003173828125,
      56.38011932373047,
      57.70277786254883,
      69.40039825439453,
      67.93508911132812,
      94.78792572021484,
      97.38551330566406,
      89.39342498779297,
      87.45035552978516,
      79.01748657226562,
      69.81050109863281,
      56.99718475341797,
      47.05025100708008,
      18.896364212036133,
      13.349357604980469
    ],
    [
      23.708629608154297,
      20.759836196899414,
      41.9259033203125,
      45.42057418823242,
      55.53557586669922,
      55.9716796875,
      75.84343719482422,
      73.64419555664062,
      92.44983673095703,
      89.39342498779297,
      110.75878143310547,
      104.6313247680664,
      92.37025451660156,
      81.05143737792969,
      66.13761138916016,
      53.99217224121094,
      22.250865936279297,
      15.771942138671875
    ],
    [
      25.730260848999023,
      22.72873306274414,
      44.341922760009766,
      47.487213134765625,
      53.375282287597656,
      54.86115646362305,
      73.84001922607422,
      72.84005737304688,
      89.26753997802734,
      87.45035552978516,
      104.6313247680664,
      113.04449462890625,
      95.64456176757812,
      83.80691528320312,
      68.14854431152344,
      55.603538513183594,
      22.55431365966797,
      16.056312561035156
    ],
    [
      27.990997314453125,
      24.23943519592285,
      44.027015686035156,
      46.58723449707031,
      52.42308807373047,
      53.02984619140625,
      67.32867431640625,
      65.66134643554688,
      81.2385025024414,
      79.01748657226562,
      92.37025451660156,
      95.64456176757812,
      93.84458923339844,
      82.15068054199219,
      68.30464935302734,
      56.354103088378906,
      23.350791931152344,
      16.82470703125
    ],
    [
      24.85894775390625,
      21.48517608642578,
      39.09055709838867,
      41.20254898071289,
      46.58760452270508,
      47.58884048461914,
      58.18567657470703,
      57.3042106628418,
      71.3551025390625,
      69.81050109863281,
      81.05143737792969,
      83.80691528320312,
      82.15068054199219,
      74.36650085449219,
      61.5223388671875,
      51.571311950683594,
      21.47849464416504,
      15.696516036987305
    ],
    [
      21.7419490814209,
      18.59346580505371,
      33.95636749267578,
      35.376468658447266,
      39.650978088378906,
      40.282859802246094,
      49.7735481262207,
      48.77219009399414,
      58.25517272949219,
      56.99718475341797,
      66.13761138916016,
      68.14854431152344,
      68.30464935302734,
      61.5223388671875,
      58.256038665771484,
      49.53413391113281,
      21.116243362426758,
      15.668719291687012
    ],
    [
      18.41765785217285,
      15.820317268371582,
      28.399728775024414,
      29.432294845581055,
      33.06895446777344,
      33.74779510498047,
      40.22150421142578,
      39.77906799316406,
      47.66105651855469,
      47.05025100708008,
      53.99217224121094,
      55.603538513183594,
      56.354103088378906,
      51.571311950683594,
      49.53413391113281,
      43.66203689575195,
      18.695045471191406,
      14.132774353027344
    ],
    [
      6.777250289916992,
      5.704751968383789,
      11.20556354522705,
      11.560969352722168,
      13.499146461486816,
      13.462409019470215,
      16.595823287963867,
      16.269657135009766,
      19.31597328186035,
      18.896364212036133,
      22.250865936279297,
      22.55431365966797,
      23.350791931152344,
      21.47849464416504,
      21.116243362426758,
      18.695045471191406,
      10.380414009094238,
      7.990785598754883
    ],
    [
      5.143734931945801,
      4.336219310760498,
      8.087813377380371,
      8.354580879211426,
      9.617831230163574,
      9.676509857177734,
      11.598531723022461,
      11.4747314453125,
      13.53180980682373,
      13.349357604980469,
      15.771942138671875,
      16.056312561035156,
      16.82470703125,
      15.696516036987305,
      15.668719291687012,
      14.132774353027344,
      7.990785598754883,
      6.452332973480225
    ]
  ],
  "covariance_short": [
    [
      52.81744384765625,
      44.88814163208008,
      27.074914932250977,
      28.132219314575195,
      21.197263717651367,
      19.355222702026367,
      20.346561431884766,
      20.8753719329834,
      24.156898498535156,
      23.0465087890625,
      22.75940704345703,
      24.29191017150879,
      26.087514877319336,
      22.974346160888672,
      19.430335998535156,
      16.20890998840332,
      5.951894760131836,
      4.428236961364746
    ],
    [
      44.88814163208008,
      53.79050827026367,
      24.9935302734375,
      26.129592895507812,
      18.58454132080078,
      16.4449520111084,
      18.115625381469727,
      18.59290313720703,
      21.939655303955078,
      20.546709060668945,
      20.202289581298828,
      21.5075740814209,
      23.028339385986328,
      20.190494537353516,
      16.96483039855957,
      14.068206787109375,
      5.0123796463012695,
      3.7488045692443848
    ],
    [
      27.074914932250977,
      24.9935302734375,
      69.52867889404297,
      57.841941833496094,
      43.669525146484375,
      44.01081466674805,
      36.3390007019043,
      36.13444137573242,
      42.081058502197266,
      40.93880844116211,
      42.548919677734375,
      43.9730224609375,
      42.79994201660156,
      37.795806884765625,
      31.751625061035156,
      26.155384063720703,
      10.081461906433105,
      7.251899719238281
    ],
    [
      28.132219314575195,
      26.129592895507812,
      57.841941833496094,
      68.3542251586914,
      44.8515739440918,
      45.9996223449707,
      37.15345001220703,
      37.48722457885742,
      44.73686981201172,
      44.01227951049805,
      46.21228790283203,
      47.246856689453125,
      45.83320617675781,
      40.3073616027832,
      33.47998046875,
      27.479778289794922,
      10.573149681091309,
      7.624884128570557
    ],
    [
      21.197263717651367,
      18.58454132080078,
      43.669525146484375,
      44.8515739440918,
      75.33627319335938,
      65.0223388671875,
      47.2078971862793,
      46.74481964111328,
      58.58757400512695,
      57.66720962524414,
      57.914581298828125,
      55.23896026611328,
      53.46375274658203,
      47.38839340209961,
      38.924598693847656,
      32.22282409667969,
      13.039582252502441,
      9.360916137695312
    ],
    [
      19.355222702026367,
      16.4449520111084,
      44.01081466674805,
      45.9996223449707,
      65.0223388671875,
      76.19154357910156,
      46.01105499267578,
      46.75457763671875,
      57.84981918334961,
      57.9856071472168,
      57.59195327758789,
      56.483943939208984,
      53.54499435424805,
      47.83938980102539,
      39.30150604248047,
      32.58251190185547,
      12.970295906066895,
      9.36439037322998
    ],
    [
      20.346561431884766,
      18.115625381469727,
      36.3390007019043,
      37.15345001220703,
      47.2078971862793,
      46.01105499267578,
      84.07723236083984,
      70.4627914428711,
      73.16177368164062,
      70.74762725830078,
      78.22293853759766,
      75.10151672363281,
      67.5728988647461,
      58.10155487060547,
      48.63795852661133,
      38.6738166809082,
      15.738846778869629,
      11.034137725830078
    ],
    [
      20.8753719329834,
      18.59290313720703,
      36.13444137573242,
      37.48722457885742,
      46.74481964111328,
      46.75457763671875,
      70.4627914428711,
      77.88374328613281,
      70.64310455322266,
      68.94457244873047,
      76.2174072265625,
      74.3974380493164,
      66.39814758300781,
      57.56638717651367,
      48.08506774902344,
      38.58892059326172,
      15.641125679016113,
      11.059093475341797
    ],
    [
      24.156898498535156,
      21.939655303955078,
      42.081058502197266,
      44.73686981201172,
      58.58757400512695,
      57.84981918334961,
      73.16177368164062,
      70.64310455322266,
      106.77513122558594,
      95.88522338867188,
      94.61817169189453,
      90.74913787841797,
      81.96641540527344,
      71.70326232910156,
      57.31804656982422,
      46.286739349365234,
      18.744802474975586,
      13.145776748657227
    ],
    [
      23.0465087890625,
      20.546709060668945,
      40.93880844116211,
      44.01227951049805,
      57.66720962524414,
      57.9856071472168,
      70.74762725830078,
      68.94457244873047,
      95.88522338867188,
      100.87749481201172,
      91.88028717041016,
      89.1871337890625,
      79.81018829345703,
      70.24592590332031,
      56.137210845947266,
      45.81251525878906,
      18.342161178588867,
      12.99692153930664
    ],
    [
      22.75940704345703,
      20.202289581298828,
      42.548919677734375,
      46.21228790283203,
      57.914581298828125,
      57.59195327758789,
      78.22293853759766,
      76.2174072265625,
      94.61817169189453,
      91.88028717041016,
      116.63215637207031,
      108.31401824951172,
      94.45384216308594,
      82.4439468383789,
      65.9867172241211,
      53.084529876708984,
      21.62982749938965,
      15.366883277893066
    ],
    [
      24.29191017150879,
      21.5075740814209,
      43.9730224609375,
      47.246856689453125,
      55.23896026611328,
      56.483943939208984,
      75.10151672363281,
      74.3974380493164,
      90.74913787841797,
      89.1871337890625,
      108.31401824951172,
      116.03237915039062,
      96.09741973876953,
      83.97728729248047,
      67.0719985961914,
      54.084815979003906,
      21.724336624145508,
      15.521360397338867
    ],
    [
      26.087514877319336,
      23.028339385986328,
      42.79994201660156,
      45.83320617675781,
      53.46375274658203,
      53.54499435424805,
      67.5728988647461,
      66.39814758300781,
      81.96641540527344,
      79.81018829345703,
      94.45384216308594,
      96.09741973876953,
      94.67418670654297,
      82.05360412597656,
      66.92884826660156,
      54.66035461425781,
      22.436071395874023,
      16.253173828125
    ],
    [
      22.974346160888672,
      20.190494537353516,
      37.795806884765625,
      40.3073616027832,
      47.38839340209961,
      47.83938980102539,
      58.10155487060547,
      57.56638717651367,
      71.70326232910156,
      70.24592590332031,
      82.4439468383789,
      83.97728729248047,
      82.05360412597656,
      74.81883239746094,
      60.154178619384766,
      49.958492279052734,
      20.65303611755371,
      15.182354927062988
    ],
    [
      19.430335998535156,
      16.96483039855957,
      31.751625061035156,
      33.47998046875,
      38.924598693847656,
      39.30150604248047,
      48.63795852661133,
      48.08506774902344,
      57.31804656982422,
      56.137210845947266,
      65.9867172241211,
      67.0719985961914,
      66.92884826660156,
      60.154178619384766,
      56.35250473022461,
      47.013763427734375,
      20.049015045166016,
      14.966591835021973
    ],
    [
      16.20890998840332,
      14.068206787109375,
      26.155384063720703,
      27.479778289794922,
      32.22282409667969,
      32.58251190185547,
      38.6738166809082,
      38.58892059326172,
      46.286739349365234,
      45.81251525878906,
      53.084529876708984,
      54.084815979003906,
      54.66035461425781,
      49.958492279052734,
      47.013763427734375,
      41.231685638427734,
      17.632545471191406,
      13.43226432800293
    ],
    [
      5.951894760131836,
      5.0123796463012695,
      10.081461906433105,
      10.573149681091309,
      13.039582252502441,
      12.970295906066895,
      15.738846778869629,
      15.641125679016113,
      18.744802474975586,
      18.342161178588867,
      21.62982749938965,
      21.724336624145508,
      22.436071395874023,
      20.65303611755371,
      20.049015045166016,
      17.632545471191406,
      10.007832527160645,
      7.678340435028076
    ],
    [
      4.428236961364746,
      3.7488045692443848,
      7.251899719238281,
      7.624884128570557,
      9.360916137695312,
      9.36439037322998,
      11.034137725830078,
      11.059093475341797,
      13.145776748657227,
      12.99692153930664,
      15.366883277893066,
      15.521360397338867,
      16.253173828125,
      15.182354927062988,
      14.966591835021973,
      13.43226432800293,
      7.678340435028076,
      6.3115763664245605
    ]
  ],
  "damage": -20.07456398010254,
  "diff_bandwidth": 900.6746826171875,
  "dissonance": 6.250135214702586,
  "drr": -18.252567291259766,
  "dynamics": 6.276576042175293,
  "format": 1245190,
  "frames": 36310976,
  "loudness": -28.497474670410156,
  "loudness_range": 22.507455825805664,
  "loudness_range_short": 23.212705612182617,
  "lowpass_true_peak_15khz": -1.9185864925384521,
  "mastering3_acoustic_entropies": [
    {
      "acoustic_entropy": 6.751448631286621,
      "acoustic_entropy_mono": 6.5498857498168945,
      "band_eliminated_acoustic_entropies": [
        {
          "acoustic_entropy": 6.749652862548828,
          "acoustic_entropy_side": 6.751688480377197,
          "hz": 129.47220167065723
        },
        {
          "acoustic_entropy": 6.85739803314209,
          "acoustic_entropy_side": 6.764799118041992,
          "hz": 202.92927478742237
        },
        {
          "acoustic_entropy": 7.024122714996338,
          "acoustic_entropy_side": 6.797668933868408,
          "hz": 282.89161906338205
        },
        {
          "acoustic_entropy": 7.081125259399414,
          "acoustic_entropy_side": 6.87141752243042,
          "hz": 369.9353335868758
        },
        {
          "acoustic_entropy": 7.496784210205078,
          "acoustic_entropy_side": 6.976012229919434,
          "hz": 464.6875360973435
        },
        {
          "acoustic_entropy": 6.488471031188965,
          "acoustic_entropy_side": 6.65968656539917,
          "hz": 567.8308811364784
        },
        {
          "acoustic_entropy": 7.485752582550049,
          "acoustic_entropy_side": 6.522866249084473,
          "hz": 680.1084783214808
        },
        {
          "acoustic_entropy": 6.828695774078369,
          "acoustic_entropy_side": 7.044719219207764,
          "hz": 802.3292461747484
        },
        {
          "acoustic_entropy": 6.896766662597656,
          "acoustic_entropy_side": 6.789978981018066,
          "hz": 935.3737400823702
        },
        {
          "acoustic_entropy": 6.490660190582275,
          "acoustic_entropy_side": 6.896601676940918,
          "hz": 1080.2004963696966
        },
        {
          "acoustic_entropy": 6.352867603302002,
          "acoustic_entropy_side": 6.578498840332031,
          "hz": 1237.8529382007157
        },
        {
          "acoustic_entropy": 6.94881010055542,
          "acoustic_entropy_side": 6.686949729919434,
          "hz": 1409.4668930556702
        },
        {
          "acoustic_entropy": 6.450371265411377,
          "acoustic_entropy_side": 6.6479291915893555,
          "hz": 1596.2787759475705
        },
        {
          "acoustic_entropy": 6.871885299682617,
          "acoustic_entropy_side": 6.772688865661621,
          "hz": 1799.6344973346393
        },
        {
          "acoustic_entropy": 6.532577991485596,
          "acoustic_entropy_side": 6.688519477844238,
          "hz": 2020.9991599069049
        },
        {
          "acoustic_entropy": 6.780277252197266,
          "acoustic_entropy_side": 6.632119655609131,
          "hz": 2261.9676141086993
        },
        {
          "acoustic_entropy": 7.028037071228027,
          "acoustic_entropy_side": 6.903623104095459,
          "hz": 2524.2759484456974
        },
        {
          "acoustic_entropy": 6.721962928771973,
          "acoustic_entropy_side": 6.737022399902344,
          "hz": 2809.813997359896
        },
        {
          "acoustic_entropy": 6.687148094177246,
          "acoustic_entropy_side": 6.755064010620117,
          "hz": 3120.6389567871424
        },
        {
          "acoustic_entropy": 6.626003265380859,
          "acoustic_entropy_side": 6.709331035614014,
          "hz": 3458.990205492291
        },
        {
          "acoustic_entropy": 6.638142108917236,
          "acoustic_entropy_side": 6.720137596130371,
          "hz": 3827.305438964164
        },
        {
          "acoustic_entropy": 6.756280899047852,
          "acoustic_entropy_side": 6.735477924346924,
          "hz": 4228.238232109126
        },
        {
          "acoustic_entropy": 6.694808006286621,
          "acoustic_entropy_side": 6.758280277252197,
          "hz": 4664.6771572759235
        },
        {
          "acoustic_entropy": 6.707687854766846,
          "acoustic_entropy_side": 6.737673282623291,
          "hz": 5139.766595350093
        },
        {
          "acoustic_entropy": 6.773010730743408,
          "acoustic_entropy_side": 6.757997989654541,
          "hz": 5656.929389854203
        },
        {
          "acoustic_entropy": 6.775144577026367,
          "acoustic_entropy_side": 6.750049591064453,
          "hz": 6219.891507268283
        },
        {
          "acoustic_entropy": 6.758919715881348,
          "acoustic_entropy_side": 6.748458385467529,
          "hz": 6832.70888123896
        },
        {
          "acoustic_entropy": 6.801568031311035,
          "acoustic_entropy_side": 6.761133193969727,
          "hz": 7499.796634079867
        },
        {
          "acoustic_entropy": 6.794764041900635,
          "acoustic_entropy_side": 6.7579145431518555,
          "hz": 8225.96088609342
        },
        {
          "acoustic_entropy": 6.796048641204834,
          "acoustic_entropy_side": 6.755819320678711,
          "hz": 9016.43338188839
        },
        {
          "acoustic_entropy": 6.785603046417236,
          "acoustic_entropy_side": 6.752621650695801,
          "hz": 9876.909183162974
        },
        {
          "acoustic_entropy": 6.7745747566223145,
          "acoustic_entropy_side": 6.7550578117370605,
          "hz": 10813.587699516042
        },
        {
          "acoustic_entropy": 6.76065731048584,
          "acoustic_entropy_side": 6.741031646728516,
          "hz": 11833.21735289826
        },
        {
          "acoustic_entropy": 6.754877090454102,
          "acoustic_entropy_side": 6.746122360229492,
          "hz": 12943.144197493959
        },
        {
          "acoustic_entropy": 6.745273590087891,
          "acoustic_entropy_side": 6.749623775482178,
          "hz": 14151.364845322005
        },
        {
          "acoustic_entropy": 6.750073432922363,
          "acoustic_entropy_side": 6.751007080078125,
          "hz": 15466.58407886509
        },
        {
          "acoustic_entropy": 6.75054931640625,
          "acoustic_entropy_side": 6.751328945159912,
          "hz": 16898.27756580493
        },
        {
          "acoustic_entropy": 6.751333236694336,
          "acoustic_entropy_side": 6.75142240524292,
          "hz": 18456.760127700032
        },
        {
          "acoustic_entropy": 6.751414775848389,
          "acoustic_entropy_side": 6.751439094543457,
          "hz": 20153.260054456492
        },
        {
          "acoustic_entropy": 6.751433372497559,
          "acoustic_entropy_side": 6.751442909240723,
          "hz": 22000.00000000001
        }
      ],
      "diff_acoustic_entropy": 1.0681521892547607,
      "sn": 6
    },
    {
      "acoustic_entropy": 11.101557731628418,
      "acoustic_entropy_mono": 10.714210510253906,
      "band_eliminated_acoustic_entropies": [
        {
          "acoustic_entropy": 11.116008758544922,
          "acoustic_entropy_side": 11.110567092895508,
          "hz": 129.47220167065723
        },
        {
          "acoustic_entropy": 11.232356071472168,
          "acoustic_entropy_side": 11.200267791748047,
          "hz": 202.92927478742237
        },
        {
          "acoustic_entropy": 11.248619079589844,
          "acoustic_entropy_side": 11.133917808532715,
          "hz": 282.89161906338205
        },
        {
          "acoustic_entropy": 11.237257957458496,
          "acoustic_entropy_side": 11.260537147521973,
          "hz": 369.9353335868758
        },
        {
          "acoustic_entropy": 11.456999778747559,
          "acoustic_entropy_side": 11.348429679870605,
          "hz": 464.6875360973435
        },
        {
          "acoustic_entropy": 11.044554710388184,
          "acoustic_entropy_side": 11.127826690673828,
          "hz": 567.8308811364784
        },
        {
          "acoustic_entropy": 12.526607513427734,
          "acoustic_entropy_side": 11.396504402160645,
          "hz": 680.1084783214808
        },
        {
          "acoustic_entropy": 10.814216613769531,
          "acoustic_entropy_side": 11.8311185836792,
          "hz": 802.3292461747484
        },
        {
          "acoustic_entropy": 11.44267749786377,
          "acoustic_entropy_side": 11.26318645477295,
          "hz": 935.3737400823702
        },
        {
          "acoustic_entropy": 10.942987442016602,
          "acoustic_entropy_side": 11.19121265411377,
          "hz": 1080.2004963696966
        },
        {
          "acoustic_entropy": 11.069504737854004,
          "acoustic_entropy_side": 11.633805274963379,
          "hz": 1237.8529382007157
        },
        {
          "acoustic_entropy": 11.097452163696289,
          "acoustic_entropy_side": 11.210021018981934,
          "hz": 1409.4668930556702
        },
        {
          "acoustic_entropy": 11.41552734375,
          "acoustic_entropy_side": 11.523127555847168,
          "hz": 1596.2787759475705
        },
        {
          "acoustic_entropy": 11.564469337463379,
          "acoustic_entropy_side": 11.72429370880127,
          "hz": 1799.6344973346393
        },
        {
          "acoustic_entropy": 11.06982135772705,
          "acoustic_entropy_side": 11.059591293334961,
          "hz": 2020.9991599069049
        },
        {
          "acoustic_entropy": 11.115918159484863,
          "acoustic_entropy_side": 11.402454376220703,
          "hz": 2261.9676141086993
        },
        {
          "acoustic_entropy": 11.301239013671875,
          "acoustic_entropy_side": 11.152884483337402,
          "hz": 2524.2759484456974
        },
        {
          "acoustic_entropy": 11.266606330871582,
          "acoustic_entropy_side": 11.255989074707031,
          "hz": 2809.813997359896
        },
        {
          "acoustic_entropy": 11.521099090576172,
          "acoustic_entropy_side": 11.08696460723877,
          "hz": 3120.6389567871424
        },
        {
          "acoustic_entropy": 10.953059196472168,
          "acoustic_entropy_side": 11.117040634155273,
          "hz": 3458.990205492291
        },
        {
          "acoustic_entropy": 11.028136253356934,
          "acoustic_entropy_side": 11.082237243652344,
          "hz": 3827.305438964164
        },
        {
          "acoustic_entropy": 11.032598495483398,
          "acoustic_entropy_side": 11.088573455810547,
          "hz": 4228.238232109126
        },
        {
          "acoustic_entropy": 11.025293350219727,
          "acoustic_entropy_side": 11.086337089538574,
          "hz": 4664.6771572759235
        },
        {
          "acoustic_entropy": 11.07577896118164,
          "acoustic_entropy_side": 11.104046821594238,
          "hz": 5139.766595350093
        },
        {
          "acoustic_entropy": 11.065064430236816,
          "acoustic_entropy_side": 11.063408851623535,
          "hz": 5656.929389854203
        },
        {
          "acoustic_entropy": 11.030049324035645,
          "acoustic_entropy_side": 11.046823501586914,
          "hz": 6219.891507268283
        },
        {
          "acoustic_entropy": 11.070651054382324,
          "acoustic_entropy_side": 11.073137283325195,
          "hz": 6832.70888123896
        },
        {
          "acoustic_entropy": 11.011513710021973,
          "acoustic_entropy_side": 11.047200202941895,
          "hz": 7499.796634079867
        },
        {
          "acoustic_entropy": 11.008508682250977,
          "acoustic_entropy_side": 11.046150207519531,
          "hz": 8225.96088609342
        },
        {
          "acoustic_entropy": 11.011148452758789,
          "acoustic_entropy_side": 11.055220603942871,
          "hz": 9016.43338188839
        },
        {
          "acoustic_entropy": 11.051275253295898,
          "acoustic_entropy_side": 11.0662260055542,
          "hz": 9876.909183162974
        },
        {
          "acoustic_entropy": 11.027908325195312,
          "acoustic_entropy_side": 11.054014205932617,
          "hz": 10813.587699516042
        },
        {
          "acoustic_entropy": 11.069740295410156,
          "acoustic_entropy_side": 11.06872844696045,
          "hz": 11833.21735289826
        },
        {
          "acoustic_entropy": 11.064332962036133,
          "acoustic_entropy_side": 11.07319164276123,
          "hz": 12943.144197493959
        },
        {
          "acoustic_entropy": 11.071088790893555,
          "acoustic_entropy_side": 11.089507102966309,
          "hz": 14151.364845322005
        },
        {
          "acoustic_entropy": 11.089844703674316,
          "acoustic_entropy_side": 11.097338676452637,
          "hz": 15466.58407886509
        },
        {
          "acoustic_entropy": 11.094923973083496,
          "acoustic_entropy_side": 11.099595069885254,
          "hz": 16898.27756580493
        },
        {
          "acoustic_entropy": 11.098978042602539,
          "acoustic_entropy_side": 11.10080337524414,
          "hz": 18456.760127700032
        },
        {
          "acoustic_entropy": 11.100838661193848,
          "acoustic_entropy_side": 11.101303100585938,
          "hz": 20153.260054456492
        },
        {
          "acoustic_entropy": 11.101161003112793,
          "acoustic_entropy_side": 11.101385116577148,
          "hz": 22000.00000000001
        }
      ],
      "diff_acoustic_entropy": 2.348776340484619,
      "sn": 12
    },
    {
      "acoustic_entropy": 19.555299758911133,
      "acoustic_entropy_mono": 19.209274291992188,
      "band_eliminated_acoustic_entropies": [
        {
          "acoustic_entropy": 19.02518081665039,
          "acoustic_entropy_side": 19.378713607788086,
          "hz": 129.47220167065723
        },
        {
          "acoustic_entropy": 18.734617233276367,
          "acoustic_entropy_side": 18.63808822631836,
          "hz": 202.92927478742237
        },
        {
          "acoustic_entropy": 19.30047035217285,
          "acoustic_entropy_side": 19.548105239868164,
          "hz": 282.89161906338205
        },
        {
          "acoustic_entropy": 19.30154800415039,
          "acoustic_entropy_side": 20.42145538330078,
          "hz": 369.9353335868758
        },
        {
          "acoustic_entropy": 19.29322052001953,
          "acoustic_entropy_side": 19.263315200805664,
          "hz": 464.6875360973435
        },
        {
          "acoustic_entropy": 19.460346221923828,
          "acoustic_entropy_side": 19.486299514770508,
          "hz": 567.8308811364784
        },
        {
          "acoustic_entropy": 19.91938591003418,
          "acoustic_entropy_side": 20.39980697631836,
          "hz": 680.1084783214808
        },
        {
          "acoustic_entropy": 20.397706985473633,
          "acoustic_entropy_side": 19.726533889770508,
          "hz": 802.3292461747484
        },
        {
          "acoustic_entropy": 19.700748443603516,
          "acoustic_entropy_side": 19.54404067993164,
          "hz": 935.3737400823702
        },
        {
          "acoustic_entropy": 19.821088790893555,
          "acoustic_entropy_side": 19.156654357910156,
          "hz": 1080.2004963696966
        },
        {
          "acoustic_entropy": 19.43202781677246,
          "acoustic_entropy_side": 20.325790405273438,
          "hz": 1237.8529382007157
        },
        {
          "acoustic_entropy": 19.954851150512695,
          "acoustic_entropy_side": 19.836347579956055,
          "hz": 1409.4668930556702
        },
        {
          "acoustic_entropy": 19.393342971801758,
          "acoustic_entropy_side": 19.303447723388672,
          "hz": 1596.2787759475705
        },
        {
          "acoustic_entropy": 20.14795684814453,
          "acoustic_entropy_side": 19.804397583007812,
          "hz": 1799.6344973346393
        },
        {
          "acoustic_entropy": 19.293752670288086,
          "acoustic_entropy_side": 19.72254753112793,
          "hz": 2020.9991599069049
        },
        {
          "acoustic_entropy": 19.371057510375977,
          "acoustic_entropy_side": 19.834896087646484,
          "hz": 2261.9676141086993
        },
        {
          "acoustic_entropy": 20.255197525024414,
          "acoustic_entropy_side": 19.78877830505371,
          "hz": 2524.2759484456974
        },
        {
          "acoustic_entropy": 19.490650177001953,
          "acoustic_entropy_side": 19.386783599853516,
          "hz": 2809.813997359896
        },
        {
          "acoustic_entropy": 19.617359161376953,
          "acoustic_entropy_side": 20.11625099182129,
          "hz": 3120.6389567871424
        },
        {
          "acoustic_entropy": 19.207603454589844,
