{
  "acoustic_entropy": 199.0193634033203,
  "bands": [
    {
      "high_freq": 148.1999969482422,
      "loudness": -51.28419876098633,
      "loudness_range": 26.236309051513672,
      "mid_mean": -50.56011962890625,
      "mid_to_side_loudness": -0.28458285331726074,
      "mid_to_side_loudness_range": 9.689376831054688,
      "side_mean": -50.7734375
    },
    {
      "high_freq": 392.3793640136719,
      "loudness": -45.00568771362305,
      "loudness_range": 26.97699546813965,
      "low_freq": 148.1999969482422,
      "mid_mean": -43.85682678222656,
      "mid_to_side_loudness": -1.5889393091201782,
      "mid_to_side_loudness_range": 8.902288436889648,
      "side_mean": -45.50205612182617
    },
    {
      "high_freq": 794.6976318359375,
      "loudness": -44.24935531616211,
      "loudness_range": 28.180803298950195,
      "low_freq": 392.3793640136719,
      "mid_mean": -43.06338119506836,
      "mid_to_side_loudness": -1.5834368467330933,
      "mid_to_side_loudness_range": 8.01492691040039,
      "side_mean": -44.74311447143555
    },
    {
      "high_freq": 1457.5709228515625,
      "loudness": -45.02925491333008,
      "loudness_range": 28.226770401000977,
      "low_freq": 794.6976318359375,
      "mid_mean": -43.94449234008789,
      "mid_to_side_loudness": -1.7839903831481934,
      "mid_to_side_loudness_range": 8.605405807495117,
      "side_mean": -45.70024108886719
    },
    {
      "high_freq": 2549.74365234375,
      "loudness": -48.01062774658203,
      "loudness_range": 33.0125732421875,
      "low_freq": 1457.5709228515625,
      "mid_mean": -46.943504333496094,
      "mid_to_side_loudness": -2.806039333343506,
      "mid_to_side_loudness_range": 9.04470157623291,
      "side_mean": -50.183719635009766
    },
    {
      "high_freq": 4349.24462890625,
      "loudness": -57.01885223388672,
      "loudness_range": 33.15122985839844,
      "low_freq": 2549.74365234375,
      "mid_mean": -56.15393829345703,
      "mid_to_side_loudness": -2.4061267375946045,
      "mid_to_side_loudness_range": 5.309446811676025,
      "side_mean": -57.97774124145508
    },
    {
      "high_freq": 7314.1640625,
      "loudness": -65.10127258300781,
      "loudness_range": 32.0048942565918,
      "low_freq": 4349.24462890625,
      "mid_mean": -62.84134292602539,
      "mid_to_side_loudness": -2.092942237854004,
      "mid_to_side_loudness_range": 4.084188461303711,
      "side_mean": -63.92444610595703
    },
    {
      "high_freq": 12199.2666015625,
      "loudness": -69.92840576171875,
      "loudness_range": 28.491512298583984,
      "low_freq": 7314.1640625,
      "mid_mean": -66.50283813476562,
      "mid_to_side_loudness": -2.2216744422912598,
      "mid_to_side_loudness_range": 3.565723419189453,
      "side_mean": -67.16156768798828
    },
    {
      "loudness": -73.28500366210938,
      "loudness_range": 24.340782165527344,
      "low_freq": 12199.2666015625,
      "mid_mean": -68.54853820800781,
      "mid_to_side_loudness": -2.35587739944458,
      "mid_to_side_loudness_range": 4.235522747039795,
      "side_mean": -68.913330078125
    }
  ],
  "bands_short": [
    {
      "high_freq": 148.1999969482422,
      "loudness": -52.70684814453125,
      "loudness_range": 26.78857421875,
      "mid_mean": -52.252777099609375,
      "mid_to_side_loudness": -0.31852856278419495,
      "mid_to_side_loudness_range": 15.436115264892578,
      "side_mean": -52.46180725097656
    },
    {
      "high_freq": 392.3793640136719,
      "loudness": -45.62663650512695,
      "loudness_range": 27.640872955322266,
      "low_freq": 148.1999969482422,
      "mid_mean": -44.779541015625,
      "mid_to_side_loudness": -1.5347812175750732,
      "mid_to_side_loudness_range": 11.450458526611328,
      "side_mean": -46.39159393310547
    },
    {
      "high_freq": 794.6976318359375,
      "loudness": -44.093929290771484,
      "loudness_range": 28.165124893188477,
      "low_freq": 392.3793640136719,
      "mid_mean": -43.09629821777344,
      "mid_to_side_loudness": -1.5405462980270386,
      "mid_to_side_loudness_range": 10.406181335449219,
      "side_mean": -44.68928527832031
    },
    {
      "high_freq": 1457.5709228515625,
      "loudness": -45.22772216796875,
      "loudness_range": 28.894929885864258,
      "low_freq": 794.6976318359375,
      "mid_mean": -44.27067565917969,
      "mid_to_side_loudness": -1.72061026096344,
      "mid_to_side_loudness_range": 11.48128890991211,
      "side_mean": -46.00348663330078
    },
    {
      "high_freq": 2549.74365234375,
      "loudness": -48.48929977416992,
      "loudness_range": 33.38227462768555,
      "low_freq": 1457.5709228515625,
      "mid_mean": -47.809452056884766,
      "mid_to_side_loudness": -2.5945723056793213,
      "mid_to_side_loudness_range": 11.34564208984375,
      "side_mean": -50.76658248901367
    },
    {
      "high_freq": 4349.24462890625,
      "loudness": -56.953243255615234,
      "loudness_range": 33.59917068481445,
      "low_freq": 2549.74365234375,
      "mid_mean": -56.236026763916016,
      "mid_to_side_loudness": -2.380697011947632,
      "mid_to_side_loudness_range": 8.028264045715332,
      "side_mean": -58.03965377807617
    },
    {
      "high_freq": 7314.1640625,
      "loudness": -65.27140045166016,
      "loudness_range": 31.545467376708984,
      "low_freq": 4349.24462890625,
      "mid_mean": -63.08090591430664,
      "mid_to_side_loudness": -2.030421495437622,
      "mid_to_side_loudness_range": 5.817807674407959,
      "side_mean": -64.1019287109375
    },
    {
      "high_freq": 12199.2666015625,
      "loudness": -70.09053802490234,
      "loudness_range": 27.599231719970703,
      "low_freq": 7314.1640625,
      "mid_mean": -66.66121673583984,
      "mid_to_side_loudness": -2.1432607173919678,
      "mid_to_side_loudness_range": 4.462952613830566,
      "side_mean": -67.27369689941406
    },
    {
      "loudness": -74.05247497558594,
      "loudness_range": 23.972423553466797,
      "low_freq": 12199.2666015625,
      "mid_mean": -68.66563415527344,
      "mid_to_side_loudness": -2.2837982177734375,
      "mid_to_side_loudness_range": 4.571783542633057,
      "side_mean": -68.98629760742188
    }
  ],
  "bandwidth": 738.7439575195312,
  "channels": 2,
  "covariance": [
    [
      80.69828796386719,
      82.60740661621094,
      41.207237243652344,
      40.09489059448242,
      25.986778259277344,
      24.724529266357422,
      16.553007125854492,
      18.80626678466797,
      31.403757095336914,
      30.73918914794922,
      26.7456111907959,
      26.409082412719727,
      17.490211486816406,
      15.965559959411621,
      11.347275733947754,
      10.33437442779541,
      5.244048595428467,
      4.689693450927734
    ],
    [
      82.60740661621094,
      95.2978744506836,
      44.024898529052734,
      43.548133850097656,
      26.560373306274414,
      25.6263427734375,
      16.227802276611328,
      18.83313751220703,
      32.29914093017578,
      31.938371658325195,
      27.92948341369629,
      27.585784912109375,
      17.746313095092773,
      15.935946464538574,
      11.369041442871094,
      10.412691116333008,
      5.143992900848389,
      4.712691783905029
    ],
    [
      41.207237243652344,
      44.024898529052734,
      81.59040832519531,
      74.9790267944336,
      58.327171325683594,
      56.81106948852539,
      44.85201644897461,
      45.81047058105469,
      48.51585006713867,
      52.67255401611328,
      56.8360481262207,
      56.5324592590332,
      41.567039489746094,
      39.273529052734375,
      27.83869171142578,
      25.3200740814209,
      14.066482543945312,
      11.412252426147461
    ],
    [
      40.09489059448242,
      43.548133850097656,
      74.9790267944336,
      80.6793212890625,
      56.83110046386719,
      56.08379364013672,
      43.598167419433594,
      45.15835189819336,
      49.23099136352539,
      53.0308952331543,
      56.07477951049805,
      55.54843521118164,
      40.81776428222656,
      38.52862548828125,
      27.253658294677734,
      24.79588508605957,
      13.622537612915039,
      11.114770889282227
    ],
    [
      25.986778259277344,
      26.560373306274414,
      58.327171325683594,
      56.83110046386719,
      85.57674407958984,
      79.06431579589844,
      56.139564514160156,
      56.65168762207031,
      64.07828521728516,
      65.50205993652344,
      65.07046508789062,
      64.38453674316406,
      50.56254577636719,
      48.258480072021484,
      33.75859832763672,
      31.272361755371094,
      17.6333065032959,
      14.450056076049805
    ],
    [
      24.724529266357422,
      25.6263427734375,
      56.81106948852539,
      56.08379364013672,
      79.06431579589844,
      82.61121368408203,
      53.90507507324219,
      55.453948974609375,
      63.85150909423828,
      66.49132537841797,
      65.6081771850586,
      64.95525360107422,
      51.432044982910156,
      49.050315856933594,
      34.067501068115234,
      31.496566772460938,
      17.822603225708008,
      14.586913108825684
    ],
    [
      16.553007125854492,
      16.227802276611328,
      44.85201644897461,
      43.598167419433594,
      56.139564514160156,
      53.90507507324219,
      102.4551773071289,
      95.43746185302734,
      75.6244125366211,
      75.52275848388672,
      80.30213165283203,
      75.35652923583984,
      55.61969757080078,
      49.6690788269043,
      35.31977462768555,
      30.79884910583496,
      17.397724151611328,
      13.75322437286377
    ],
    [
      18.80626678466797,
      18.83313751220703,
      45.81047058105469,
      45.15835189819336,
      56.65168762207031,
      55.453948974609375,
      95.43746185302734,
      98.7734375,
      76.20092010498047,
      75.96832275390625,
      80.4890365600586,
      75.53233337402344,
      55.61592102050781,
      49.82697677612305,
      35.457393646240234,
      31.009803771972656,
      17.488134384155273,
      13.849292755126953
    ],
    [
      31.403757095336914,
      32.29914093017578,
      48.51585006713867,
      49.23099136352539,
      64.07828521728516,
      63.85150909423828,
      75.6244125366211,
      76.20092010498047,
      129.4611358642578,
      121.58931732177734,
      96.346923828125,
      91.06109619140625,
      75.13402557373047,
      66.54421997070312,
      45.097599029541016,
      38.89295196533203,
      22.872886657714844,
      17.396345138549805
    ],
    [
      30.73918914794922,
      31.938371658325195,
      52.67255401611328,
      53.0308952331543,
      65.50205993652344,
      66.49132537841797,
      75.52275848388672,
      75.96832275390625,
      121.58931732177734,
      130.13673400878906,
      101.05323028564453,
      95.37468719482422,
      76.96572875976562,
      68.89840698242188,
      45.70558166503906,
      39.65296173095703,
      23.033672332763672,
      17.757322311401367
    ],
    [
      26.7456111907959,
      27.92948341369629,
      56.8360481262207,
      56.07477951049805,
      65.07046508789062,
      65.6081771850586,
      80.30213165283203,
      80.4890365600586,
      96.346923828125,
      101.05323028564453,
      108.32688903808594,
      102.91532135009766,
      78.75970458984375,
      72.65451049804688,
      50.33390808105469,
      44.40556335449219,
      25.785062789916992,
      20.143203735351562
    ],
    [
      26.409082412719727,
      27.585784912109375,
      56.5324592590332,
      55.54843521118164,
      64.38453674316406,
      64.95525360107422,
      75.35652923583984,
      75.53233337402344,
      91.06109619140625,
      95.37468719482422,
      102.91532135009766,
      101.17207336425781,
      76.95733642578125,
      71.68970489501953,
      49.55881118774414,
      44.15084457397461,
      25.361358642578125,
      20.042930603027344
    ],
    [
      17.490211486816406,
      17.746313095092773,
      41.567039489746094,
      40.81776428222656,
      50.56254577636719,
      51.432044982910156,
      55.61969757080078,
      55.61592102050781,
      75.13402557373047,
      76.96572875976562,
      78.75970458984375,
      76.95733642578125,
      67.99272918701172,
      62.670799255371094,
      45.01833724975586,
      40.00074768066406,
      24.583826065063477,
      19.100488662719727
    ],
    [
      15.965559959411621,
      15.935946464538574,
      39.273529052734375,
      38.52862548828125,
      48.258480072021484,
      49.050315856933594,
      49.6690788269043,
      49.82697677612305,
      66.54421997070312,
      68.89840698242188,
      72.65451049804688,
      71.68970489501953,
      62.670799255371094,
      59.335819244384766,
      42.343017578125,
      38.02194595336914,
      23.173789978027344,
      18.26260757446289
    ],
    [
      11.347275733947754,
      11.369041442871094,
      27.83869171142578,
      27.253658294677734,
      33.75859832763672,
      34.067501068115234,
      35.31977462768555,
      35.457393646240234,
      45.097599029541016,
      45.70558166503906,
      50.33390808105469,
      49.55881118774414,
      45.01833724975586,
      42.343017578125,
      33.69321823120117,
      30.095829010009766,
      19.728099822998047,
      15.199613571166992
    ],
    [
      10.33437442779541,
      10.412691116333008,
      25.3200740814209,
      24.79588508605957,
      31.272361755371094,
      31.496566772460938,
      30.79884910583496,
      31.009803771972656,
      38.89295196533203,
      39.65296173095703,
      44.40556335449219,
      44.15084457397461,
      40.00074768066406,
      38.02194595336914,
      30.095829010009766,
      27.39961814880371,
      17.639453887939453,
      13.99791431427002
    ],
    [
      5.244048595428467,
      5.143992900848389,
      14.066482543945312,
      13.622537612915039,
      17.6333065032959,
      17.822603225708008,
      17.397724151611328,
      17.488134384155273,
      22.872886657714844,
      23.033672332763672,
      25.785062789916992,
      25.361358642578125,
      24.583826065063477,
      23.173789978027344,
      19.728099822998047,
      17.639453887939453,
      13.188606262207031,
      9.92612075805664
    ],
    [
      4.689693450927734,
      4.712691783905029,
      11.412252426147461,
      11.114770889282227,
      14.450056076049805,
      14.586913108825684,
      13.75322437286377,
      13.849292755126953,
      17.396345138549805,
      17.757322311401367,
      20.143203735351562,
      20.042930603027344,
      19.100488662719727,
      18.26260757446289,
      15.199613571166992,
      13.99791431427002,
      9.92612075805664,
      8.142580032348633
    ]
  ],
  "covariance_short": [
    [
      78.1072769165039,
      75.17041778564453,
      40.65412902832031,
      40.07749938964844,
      21.176509857177734,
      19.754627227783203,
      13.208840370178223,
      15.330410957336426,
      28.96489715576172,
      27.213903427124023,
      22.708127975463867,
      22.397197723388672,
      14.360109329223633,
      13.147671699523926,
      9.117161750793457,
      8.305484771728516,
      3.854315996170044,
      3.5828089714050293
    ],
    [
      75.17041778564453,
      97.17493438720703,
      46.71280288696289,
      46.84444046020508,
      24.1560001373291,
      22.882112503051758,
      15.333894729614258,
      17.343181610107422,
      32.8515625,
      31.100797653198242,
      26.25438690185547,
      25.935434341430664,
      16.612184524536133,
      14.922203063964844,
      10.494915962219238,
      9.619710922241211,
      4.434735298156738,
      4.173083305358887
    ],
    [
      40.65412902832031,
      46.71280288696289,
      92.1463394165039,
      81.41632080078125,
      58.763580322265625,
      57.13725662231445,
      41.82603454589844,
      43.28678894042969,
      46.341983795166016,
      49.26292419433594,
      55.09049987792969,
      55.03409957885742,
      39.39970397949219,
      37.4290885925293,
      26.066171646118164,
      23.84817123413086,
      12.480448722839355,
      10.46631908416748
    ],
    [
      40.07749938964844,
      46.84444046020508,
      81.41632080078125,
      90.19818115234375,
      56.02587127685547,
      56.11188888549805,
      39.98268508911133,
      41.8980598449707,
      46.729248046875,
      49.52556610107422,
      53.87661361694336,
      53.75724792480469,
      38.41737365722656,
      36.36848831176758,
      25.355335235595703,
      23.167346954345703,
      12.10312271118164,
      10.112955093383789
    ],
    [
      21.176509857177734,
      24.1560001373291,
      58.763580322265625,
      56.02587127685547,
      85.90508270263672,
      76.38224029541016,
      57.178672790527344,
      57.633853912353516,
      64.11149597167969,
      65.0296401977539,
      64.7901840209961,
      63.78166961669922,
      48.77429962158203,
      46.449039459228516,
      31.454214096069336,
      29.247154235839844,
      15.556689262390137,
      13.082178115844727
    ],
    [
      19.754627227783203,
      22.882112503051758,
      57.13725662231445,
      56.11188888549805,
      76.38224029541016,
      82.69505310058594,
      54.37538146972656,
      55.77775573730469,
      62.86988830566406,
      64.79714965820312,
      64.11727142333984,
      63.4343376159668,
      49.19074249267578,
      46.84645080566406,
      31.539413452148438,
      29.299152374267578,
      15.635712623596191,
      13.127554893493652
    ],
    [
      13.208840370178223,
      15.333894729614258,
      41.82603454589844,
      39.98268508911133,
      57.178672790527344,
      54.37538146972656,
      105.05049133300781,
      94.56410217285156,
      73.7014389038086,
      73.88703155517578,
      81.58258819580078,
      76.25272369384766,
      54.65976333618164,
      49.32492446899414,
      34.155250549316406,
      30.062524795532227,
      16.20555305480957,
      13.130977630615234
    ],
    [
      15.330410957336426,
      17.343181610107422,
      43.28678894042969,
      41.8980598449707,
      57.633853912353516,
      55.77775573730469,
      94.56410217285156,
      102.01814270019531,
      74.62114715576172,
      75.21868896484375,
      82.2406234741211,
      76.97205352783203,
      55.14423370361328,
      49.7900505065918,
      34.598472595214844,
      30.54373550415039,
      16.443845748901367,
      13.327415466308594
    ],
    [
      28.96489715576172,
      32.8515625,
      46.341983795166016,
      46.729248046875,
      64.11149597167969,
      62.86988830566406,
      73.7014389038086,
      74.62114715576172,
      133.42520141601562,
      122.00677490234375,
      95.23870086669922,
      90.52360534667969,
      73.38915252685547,
      65.2957763671875,
      42.816219329833984,
      37.32350158691406,
      20.710243225097656,
      16.233821868896484
    ],
    [
      27.213903427124023,
      31.100797653198242,
      49.26292419433594,
      49.52556610107422,
      65.0296401977539,
      64.79714965820312,
      73.88703155517578,
      75.21868896484375,
      122.00677490234375,
      131.25613403320312,
      98.94644927978516,
      94.14491271972656,
      74.63027954101562,
      67.06670379638672,
      43.3983268737793,
      37.98848342895508,
      20.942378997802734,
      16.541706085205078
    ],
    [
      22.708127975463867,
      26.25438690185547,
      55.09049987792969,
      53.87661361694336,
      64.7901840209961,
      64.11727142333984,
      81.58258819580078,
      82.2406234741211,
      95.23870086669922,
      98.94644927978516,
      110.43418884277344,
      102.84790802001953,
      76.43452453613281,
      70.71843719482422,
      47.98208999633789,
      42.64776611328125,
      23.16534996032715,
      18.685203552246094
    ],
    [
      22.397197723388672,
      25.935434341430664,
      55.03409957885742,
      53.75724792480469,
      63.78166961669922,
      63.4343376159668,
      76.25272369384766,
      76.97205352783203,
      90.52360534667969,
      94.14491271972656,
      102.84790802001953,
      102.63875579833984,
      75.06360626220703,
      70.02935791015625,
      47.32200622558594,
      42.50699234008789,
      22.9327335357666,
      18.671798706054688
    ],
    [
      14.360109329223633,
      16.612184524536133,
      39.39970397949219,
      38.41737365722656,
      48.77429962158203,
      49.19074249267578,
      54.65976333618164,
      55.14423370361328,
      73.38915252685547,
      74.63027954101562,
      76.43452453613281,
      75.06360626220703,
      66.75605773925781,
      60.973731994628906,
      42.6563720703125,
      38.19879913330078,
      22.109582901000977,
      17.637592315673828
    ],
    [
      13.147671699523926,
      14.922203063964844,
      37.4290885925293,
      36.36848831176758,
      46.449039459228516,
      46.84645080566406,
      49.32492446899414,
      49.7900505065918,
      65.2957763671875,
      67.06670379638672,
      70.71843719482422,
      70.02935791015625,
      60.973731994628906,
      58.31415557861328,
      40.1745491027832,
      36.35358810424805,
      20.8492431640625,
      16.87844467163086
    ],
    [
      9.117161750793457,
      10.494915962219238,
      26.066171646118164,
      25.355335235595703,
      31.454214096069336,
      31.539413452148438,
      34.155250549316406,
      34.598472595214844,
      42.816219329833984,
      43.3983268737793,
      47.98208999633789,
      47.32200622558594,
      42.6563720703125,
      40.1745491027832,
      31.665843963623047,
      28.298816680908203,
      17.459444046020508,
      13.815786361694336
    ],
    [
      8.305484771728516,
      9.619710922241211,
      23.84817123413086,
      23.167346954345703,
      29.247154235839844,
      29.299152374267578,
      30.062524795532227,
      30.54373550415039,
      37.32350158691406,
      37.98848342895508,
      42.64776611328125,
      42.50699234008789,
      38.19879913330078,
      36.35358810424805,
      28.298816680908203,
      26.05038833618164,
      15.66656494140625,
      12.786344528198242
    ],
    [
      3.854315996170044,
      4.434735298156738,
      12.480448722839355,
      12.10312271118164,
      15.556689262390137,
      15.635712623596191,
      16.20555305480957,
      16.443845748901367,
      20.710243225097656,
      20.942378997802734,
      23.16534996032715,
      22.9327335357666,
      22.109582901000977,
      20.8492431640625,
      17.459444046020508,
      15.66656494140625,
      11.245701789855957,
      8.688158988952637
    ],
    [
      3.5828089714050293,
      4.173083305358887,
      10.46631908416748,
      10.112955093383789,
      13.082178115844727,
      13.127554893493652,
      13.130977630615234,
      13.327415466308594,
      16.233821868896484,
      16.541706085205078,
      18.685203552246094,
      18.671798706054688,
      17.637592315673828,
      16.87844467163086,
      13.815786361694336,
      12.786344528198242,
      8.688158988952637,
      7.328737735748291
    ]
  ],
  "damage": -22.92193031311035,
  "diff_bandwidth": 817.403076171875,
  "dissonance": 6.892675124468582,
  "drr": 9.442995071411133,
  "dynamics": 6.347412109375,
  "format": 1245190,
  "frames": 15711168,
  "loudness": -31.526968002319336,
  "loudness_range": 22.486711502075195,
  "loudness_range_short": 22.885435104370117,
  "lowpass_true_peak_15khz": -3.3851568698883057,
  "mastering3_acoustic_entropies": [
    {
      "acoustic_entropy": 6.397797584533691,
      "acoustic_entropy_mono": 6.223867893218994,
      "band_eliminated_acoustic_entropies": [
        {
          "acoustic_entropy": 6.413422107696533,
          "acoustic_entropy_side": 6.409879684448242,
          "hz": 129.47220167065723
        },
        {
          "acoustic_entropy": 6.544307231903076,
          "acoustic_entropy_side": 6.4446845054626465,
          "hz": 202.92927478742237
        },
        {
          "acoustic_entropy": 6.603320121765137,
          "acoustic_entropy_side": 6.473966598510742,
          "hz": 282.89161906338205
        },
        {
          "acoustic_entropy": 6.362864017486572,
          "acoustic_entropy_side": 6.37341833114624,
          "hz": 369.9353335868758
        },
        {
          "acoustic_entropy": 6.074024677276611,
          "acoustic_entropy_side": 6.231661319732666,
          "hz": 464.6875360973435
        },
        {
          "acoustic_entropy": 6.123098850250244,
          "acoustic_entropy_side": 6.317757606506348,
          "hz": 567.8308811364784
        },
        {
          "acoustic_entropy": 6.5244340896606445,
          "acoustic_entropy_side": 6.551290035247803,
          "hz": 680.1084783214808
        },
        {
          "acoustic_entropy": 6.693124771118164,
          "acoustic_entropy_side": 6.565828800201416,
          "hz": 802.3292461747484
        },
        {
          "acoustic_entropy": 6.317663192749023,
          "acoustic_entropy_side": 6.278994560241699,
          "hz": 935.3737400823702
        },
        {
          "acoustic_entropy": 6.315805435180664,
          "acoustic_entropy_side": 6.642082214355469,
          "hz": 1080.2004963696966
        },
        {
          "acoustic_entropy": 6.191648006439209,
          "acoustic_entropy_side": 6.487175464630127,
          "hz": 1237.8529382007157
        },
        {
          "acoustic_entropy": 6.403289794921875,
          "acoustic_entropy_side": 6.190157890319824,
          "hz": 1409.4668930556702
        },
        {
          "acoustic_entropy": 6.386606693267822,
          "acoustic_entropy_side": 6.271867275238037,
          "hz": 1596.2787759475705
        },
        {
          "acoustic_entropy": 6.62423038482666,
          "acoustic_entropy_side": 6.56220817565918,
          "hz": 1799.6344973346393
        },
        {
          "acoustic_entropy": 5.8885345458984375,
          "acoustic_entropy_side": 5.976157188415527,
          "hz": 2020.9991599069049
        },
        {
          "acoustic_entropy": 6.402925968170166,
          "acoustic_entropy_side": 6.456722259521484,
          "hz": 2261.9676141086993
        },
        {
          "acoustic_entropy": 6.159745693206787,
          "acoustic_entropy_side": 6.4000563621521,
          "hz": 2524.2759484456974
        },
        {
          "acoustic_entropy": 6.343921661376953,
          "acoustic_entropy_side": 6.39241886138916,
          "hz": 2809.813997359896
        },
        {
          "acoustic_entropy": 6.423183441162109,
          "acoustic_entropy_side": 6.479044437408447,
          "hz": 3120.6389567871424
        },
        {
          "acoustic_entropy": 6.40172815322876,
          "acoustic_entropy_side": 6.370528697967529,
          "hz": 3458.990205492291
        },
        {
          "acoustic_entropy": 6.455151081085205,
          "acoustic_entropy_side": 6.428534507751465,
          "hz": 3827.305438964164
        },
        {
          "acoustic_entropy": 6.48581600189209,
          "acoustic_entropy_side": 6.4445013999938965,
          "hz": 4228.238232109126
        },
        {
          "acoustic_entropy": 6.442501068115234,
          "acoustic_entropy_side": 6.426062107086182,
          "hz": 4664.6771572759235
        },
        {
          "acoustic_entropy": 6.442507743835449,
          "acoustic_entropy_side": 6.424837112426758,
          "hz": 5139.766595350093
        },
        {
          "acoustic_entropy": 6.416623115539551,
          "acoustic_entropy_side": 6.407617568969727,
          "hz": 5656.929389854203
        },
        {
          "acoustic_entropy": 6.439654350280762,
          "acoustic_entropy_side": 6.416545867919922,
          "hz": 6219.891507268283
        },
        {
          "acoustic_entropy": 6.421471118927002,
          "acoustic_entropy_side": 6.40859842300415,
          "hz": 6832.70888123896
        },
        {
          "acoustic_entropy": 6.404598236083984,
          "acoustic_entropy_side": 6.40188455581665,
          "hz": 7499.796634079867
        },
        {
          "acoustic_entropy": 6.393120765686035,
          "acoustic_entropy_side": 6.396817207336426,
          "hz": 8225.96088609342
        },
        {
          "acoustic_entropy": 6.396129608154297,
          "acoustic_entropy_side": 6.3975043296813965,
          "hz": 9016.43338188839
        },
        {
          "acoustic_entropy": 6.393370628356934,
          "acoustic_entropy_side": 6.396587371826172,
          "hz": 9876.909183162974
        },
        {
          "acoustic_entropy": 6.394085884094238,
          "acoustic_entropy_side": 6.396827697753906,
          "hz": 10813.587699516042
        },
        {
          "acoustic_entropy": 6.411347389221191,
          "acoustic_entropy_side": 6.394679069519043,
          "hz": 11833.21735289826
        },
        {
          "acoustic_entropy": 6.391409873962402,
          "acoustic_entropy_side": 6.395831108093262,
          "hz": 12943.144197493959
        },
        {
          "acoustic_entropy": 6.394410133361816,
          "acoustic_entropy_side": 6.397234916687012,
          "hz": 14151.364845322005
        },
        {
          "acoustic_entropy": 6.3954176902771,
          "acoustic_entropy_side": 6.3975677490234375,
          "hz": 15466.58407886509
        },
        {
          "acoustic_entropy": 6.393725872039795,
          "acoustic_entropy_side": 6.397635459899902,
          "hz": 16898.27756580493
        },
        {
          "acoustic_entropy": 6.3863677978515625,
          "acoustic_entropy_side": 6.3971662521362305,
          "hz": 18456.760127700032
        },
        {
          "acoustic_entropy": 6.389665603637695,
          "acoustic_entropy_side": 6.3974690437316895,
          "hz": 20153.260054456492
        },
        {
          "acoustic_entropy": 6.394680023193359,
          "acoustic_entropy_side": 6.3977460861206055,
          "hz": 22000.00000000001
        }
      ],
      "diff_acoustic_entropy": 2.2084121704101562,
      "sn": 6
    },
    {
      "acoustic_entropy": 10.585827827453613,
      "acoustic_entropy_mono": 10.243898391723633,
      "band_eliminated_acoustic_entropies": [
        {
          "acoustic_entropy": 10.85739803314209,
          "acoustic_entropy_side": 10.765753746032715,
          "hz": 129.47220167065723
        },
        {
          "acoustic_entropy": 10.841362953186035,
          "acoustic_entropy_side": 10.765798568725586,
          "hz": 202.92927478742237
        },
        {
          "acoustic_entropy": 10.783575057983398,
          "acoustic_entropy_side": 10.728442192077637,
          "hz": 282.89161906338205
        },
        {
          "acoustic_entropy": 10.513656616210938,
          "acoustic_entropy_side": 10.708535194396973,
          "hz": 369.9353335868758
        },
        {
          "acoustic_entropy": 10.097578048706055,
          "acoustic_entropy_side": 10.434349060058594,
          "hz": 464.6875360973435
        },
        {
          "acoustic_entropy": 10.704282760620117,
          "acoustic_entropy_side": 10.717192649841309,
          "hz": 567.8308811364784
        },
        {
          "acoustic_entropy": 10.540446281433105,
          "acoustic_entropy_side": 10.883549690246582,
          "hz": 680.1084783214808
        },
        {
          "acoustic_entropy": 10.869501113891602,
          "acoustic_entropy_side": 10.669013023376465,
          "hz": 802.3292461747484
        },
        {
          "acoustic_entropy": 10.158714294433594,
          "acoustic_entropy_side": 10.490654945373535,
          "hz": 935.3737400823702
        },
        {
          "acoustic_entropy": 10.45709228515625,
          "acoustic_entropy_side": 11.274330139160156,
          "hz": 1080.2004963696966
        },
        {
          "acoustic_entropy": 9.735556602478027,
          "acoustic_entropy_side": 10.636982917785645,
          "hz": 1237.8529382007157
        },
        {
          "acoustic_entropy": 11.107356071472168,
          "acoustic_entropy_side": 11.11011028289795,
          "hz": 1409.4668930556702
        },
        {
          "acoustic_entropy": 10.673236846923828,
          "acoustic_entropy_side": 10.824651718139648,
          "hz": 1596.2787759475705
        },
        {
          "acoustic_entropy": 10.924306869506836,
          "acoustic_entropy_side": 10.825788497924805,
          "hz": 1799.6344973346393
        },
        {
          "acoustic_entropy": 9.91043472290039,
          "acoustic_entropy_side": 10.402692794799805,
          "hz": 2020.9991599069049
        },
        {
          "acoustic_entropy": 10.184380531311035,
          "acoustic_entropy_side": 10.768012046813965,
          "hz": 2261.9676141086993
        },
        {
          "acoustic_entropy": 10.657367706298828,
          "acoustic_entropy_side": 10.879714012145996,
          "hz": 2524.2759484456974
        },
        {
          "acoustic_entropy": 10.60425853729248,
          "acoustic_entropy_side": 10.66922378540039,
          "hz": 2809.813997359896
        },
        {
          "acoustic_entropy": 10.624357223510742,
          "acoustic_entropy_side": 10.714847564697266,
          "hz": 3120.6389567871424
        },
        {
          "acoustic_entropy": 10.674591064453125,
          "acoustic_entropy_side": 10.666728019714355,
          "hz": 3458.990205492291
        },
        {
          "acoustic_entropy": 10.782780647277832,
          "acoustic_entropy_side": 10.6484956741333,
          "hz": 3827.305438964164
        },
        {
          "acoustic_entropy": 10.73009967803955,
          "acoustic_entropy_side": 10.684218406677246,
          "hz": 4228.238232109126
        },
        {
          "acoustic_entropy": 10.67900276184082,
          "acoustic_entropy_side": 10.659857749938965,
          "hz": 4664.6771572759235
        },
        {
          "acoustic_entropy": 10.651358604431152,
          "acoustic_entropy_side": 10.630414009094238,
          "hz": 5139.766595350093
        },
        {
          "acoustic_entropy": 10.64207935333252,
          "acoustic_entropy_side": 10.6184720993042,
          "hz": 5656.929389854203
        },
        {
          "acoustic_entropy": 10.675155639648438,
          "acoustic_entropy_side": 10.627494812011719,
          "hz": 6219.891507268283
        },
        {
          "acoustic_entropy": 10.68466854095459,
          "acoustic_entropy_side": 10.626507759094238,
          "hz": 6832.70888123896
        },
        {
          "acoustic_entropy": 10.656386375427246,
          "acoustic_entropy_side": 10.62160873413086,
          "hz": 7499.796634079867
        },
        {
          "acoustic_entropy": 10.656954765319824,
          "acoustic_entropy_side": 10.620927810668945,
          "hz": 8225.96088609342
        },
        {
          "acoustic_entropy": 10.634961128234863,
          "acoustic_entropy_side": 10.60928726196289,
          "hz": 9016.43338188839
        },
        {
          "acoustic_entropy": 10.625658988952637,
          "acoustic_entropy_side": 10.603960990905762,
          "hz": 9876.909183162974
        },
        {
          "acoustic_entropy": 10.622152328491211,
          "acoustic_entropy_side": 10.601273536682129,
          "hz": 10813.587699516042
        },
        {
          "acoustic_entropy": 10.647421836853027,
          "acoustic_entropy_side": 10.600520133972168,
          "hz": 11833.21735289826
        },
        {
          "acoustic_entropy": 10.626862525939941,
          "acoustic_entropy_side": 10.592815399169922,
          "hz": 12943.144197493959
        },
        {
          "acoustic_entropy": 10.591992378234863,
          "acoustic_entropy_side": 10.589187622070312,
          "hz": 14151.364845322005
        },
        {
          "acoustic_entropy": 10.589466094970703,
          "acoustic_entropy_side": 10.587701797485352,
          "hz": 15466.58407886509
        },
        {
          "acoustic_entropy": 10.58626937866211,
          "acoustic_entropy_side": 10.586592674255371,
          "hz": 16898.27756580493
        },
        {
          "acoustic_entropy": 10.600003242492676,
          "acoustic_entropy_side": 10.585304260253906,
          "hz": 18456.760127700032
        },
        {
          "acoustic_entropy": 10.594965934753418,
          "acoustic_entropy_side": 10.58531379699707,
          "hz": 20153.260054456492
        },
        {
          "acoustic_entropy": 10.586878776550293,
          "acoustic_entropy_side": 10.585746765136719,
          "hz": 22000.00000000001
        }
      ],
      "diff_acoustic_entropy": 3.8325459957122803,
      "sn": 12
    },
    {
      "acoustic_entropy": 19.047847747802734,
      "acoustic_entropy_mono": 18.5338077545166,
      "band_eliminated_acoustic_entropies": [
        {
          "acoustic_entropy": 18.6372013092041,
          "acoustic_entropy_side": 18.348846435546875,
          "hz": 129.47220167065723
        },
        {
          "acoustic_entropy": 19.365806579589844,
          "acoustic_entropy_side": 19.17267417907715,
          "hz": 202.92927478742237
        },
        {
          "acoustic_entropy": 18.864686965942383,
          "acoustic_entropy_side": 19.07406234741211,
          "hz": 282.89161906338205
        },
        {
          "acoustic_entropy": 19.304454803466797,
          "acoustic_entropy_side": 19.03015899658203,
          "hz": 369.9353335868758
        },
        {
          "acoustic_entropy": 18.66836929321289,
          "acoustic_entropy_side": 19.06509017944336,
          "hz": 464.6875360973435
        },
        {
          "acoustic_entropy": 20.149869918823242,
          "acoustic_entropy_side": 20.33315086364746,
          "hz": 567.8308811364784
        },
        {
          "acoustic_entropy": 19.3427734375,
          "acoustic_entropy_side": 20.118080139160156,
          "hz": 680.1084783214808
        },
        {
          "acoustic_entropy": 19.027111053466797,
          "acoustic_entropy_side": 18.99637794494629,
          "hz": 802.3292461747484
        },
        {
          "acoustic_entropy": 18.337003707885742,
          "acoustic_entropy_side": 18.5632266998291,
          "hz": 935.3737400823702
        },
        {
          "acoustic_entropy": 19.253400802612305,
          "acoustic_entropy_side": 19.285385131835938,
          "hz": 1080.2004963696966
        },
        {
          "acoustic_entropy": 19.115264892578125,
          "acoustic_entropy_side": 19.56508445739746,
          "hz": 1237.8529382007157
        },
        {
          "acoustic_entropy": 20.448240280151367,
          "acoustic_entropy_side": 19.88705062866211,
          "hz": 1409.4668930556702
        },
        {
          "acoustic_entropy": 19.59227180480957,
          "acoustic_entropy_side": 19.41195297241211,
          "hz": 1596.2787759475705
        },
        {
          "acoustic_entropy": 20.297441482543945,
          "acoustic_entropy_side": 19.37783432006836,
          "hz": 1799.6344973346393
        },
        {
          "acoustic_entropy": 19.26004409790039,
          "acoustic_entropy_side": 18.966861724853516,
          "hz": 2020.9991599069049
        },
        {
          "acoustic_entropy": 19.56136703491211,
          "acoustic_entropy_side": 19.42932891845703,
          "hz": 2261.9676141086993
        },
        {
          "acoustic_entropy": 18.730073928833008,
          "acoustic_entropy_side": 18.931413650512695,
          "hz": 2524.2759484456974
        },
        {
          "acoustic_entropy": 19.452011108398438,
          "acoustic_entropy_side": 19.01460838317871,
          "hz": 2809.813997359896
        },
        {
          "acoustic_entropy": 19.23735237121582,
          "acoustic_entropy_side": 19.475189208984375,
          "hz": 3120.6389567871424
        },
        {
          "acoustic_entropy": 18.5089054107666,
