{
  "acoustic_entropy": 128.64512634277344,
  "bands": [
    {
      "high_freq": 148.1999969482422,
      "loudness": -65.21452331542969,
      "loudness_range": 23.902503967285156,
      "mid_mean": -60.830142974853516,
      "mid_to_side_loudness": -10.876208305358887,
      "mid_to_side_loudness_range": 10.780906677246094,
      "side_mean": -66.51068115234375
    },
    {
      "high_freq": 392.3793640136719,
      "loudness": -56.40005874633789,
      "loudness_range": 32.14341354370117,
      "low_freq": 148.1999969482422,
      "mid_mean": -53.761234283447266,
      "mid_to_side_loudness": -7.845844268798828,
      "mid_to_side_loudness_range": 11.083854675292969,
      "side_mean": -59.725276947021484
    },
    {
      "high_freq": 794.6976318359375,
      "loudness": -45.23008346557617,
      "loudness_range": 26.88796615600586,
      "low_freq": 392.3793640136719,
      "mid_mean": -43.538368225097656,
      "mid_to_side_loudness": -4.476526737213135,
      "mid_to_side_loudness_range": 12.290677070617676,
      "side_mean": -48.914241790771484
    },
    {
      "high_freq": 1457.5709228515625,
      "loudness": -41.89775848388672,
      "loudness_range": 30.422060012817383,
      "low_freq": 794.6976318359375,
      "mid_mean": -40.61810302734375,
      "mid_to_side_loudness": -2.219855546951294,
      "mid_to_side_loudness_range": 6.643580436706543,
      "side_mean": -42.75760269165039
    },
    {
      "high_freq": 2549.74365234375,
      "loudness": -42.89017105102539,
      "loudness_range": 32.63121795654297,
      "low_freq": 1457.5709228515625,
      "mid_mean": -42.17536926269531,
      "mid_to_side_loudness": -1.8118376731872559,
      "mid_to_side_loudness_range": 4.554497241973877,
      "side_mean": -43.429630279541016
    },
    {
      "high_freq": 4349.24462890625,
      "loudness": -47.56919860839844,
      "loudness_range": 27.22936248779297,
      "low_freq": 2549.74365234375,
      "mid_mean": -46.57075500488281,
      "mid_to_side_loudness": -4.132392406463623,
      "mid_to_side_loudness_range": 6.777618408203125,
      "side_mean": -51.546592712402344
    },
    {
      "high_freq": 7314.1640625,
      "loudness": -56.453975677490234,
      "loudness_range": 25.95334243774414,
      "low_freq": 4349.24462890625,
      "mid_mean": -56.26937484741211,
      "mid_to_side_loudness": -3.230424165725708,
      "mid_to_side_loudness_range": 4.751429080963135,
      "side_mean": -58.559471130371094
    },
    {
      "high_freq": 12199.2666015625,
      "loudness": -64.43750762939453,
      "loudness_range": 20.987468719482422,
      "low_freq": 7314.1640625,
      "mid_mean": -61.888431549072266,
      "mid_to_side_loudness": -3.280362844467163,
      "mid_to_side_loudness_range": 4.201068878173828,
      "side_mean": -64.0518798828125
    },
    {
      "loudness": -70.67292022705078,
      "loudness_range": 17.651813507080078,
      "low_freq": 12199.2666015625,
      "mid_mean": -65.28858947753906,
      "mid_to_side_loudness": -6.845798969268799,
      "mid_to_side_loudness_range": 14.593360900878906,
      "side_mean": -67.07626342773438
    }
  ],
  "bands_short": [
    {
      "high_freq": 148.1999969482422,
      "loudness": -67.74263763427734,
      "loudness_range": 23.112232208251953,
      "mid_mean": -62.69760513305664,
      "mid_to_side_loudness": -11.140288352966309,
      "mid_to_side_loudness_range": 13.486149787902832,
      "side_mean": -67.68989562988281
    },
    {
      "high_freq": 392.3793640136719,
      "loudness": -58.89165496826172,
      "loudness_range": 35.102561950683594,
      "low_freq": 148.1999969482422,
      "mid_mean": -55.74821472167969,
      "mid_to_side_loudness": -7.12925910949707,
      "mid_to_side_loudness_range": 11.481483459472656,
      "side_mean": -60.79093933105469
    },
    {
      "high_freq": 794.6976318359375,
      "loudness": -47.41523361206055,
      "loudness_range": 31.834697723388672,
      "low_freq": 392.3793640136719,
      "mid_mean": -46.7547607421875,
      "mid_to_side_loudness": -3.7568717002868652,
      "mid_to_side_loudness_range": 14.62940788269043,
      "side_mean": -51.12367630004883
    },
    {
      "high_freq": 1457.5709228515625,
      "loudness": -44.75064468383789,
      "loudness_range": 33.86052703857422,
      "low_freq": 794.6976318359375,
      "mid_mean": -44.824066162109375,
      "mid_to_side_loudness": -1.77821683883667,
      "mid_to_side_loudness_range": 9.377487182617188,
      "side_mean": -46.819156646728516
    },
    {
      "high_freq": 2549.74365234375,
      "loudness": -45.07725143432617,
      "loudness_range": 35.35807800292969,
      "low_freq": 1457.5709228515625,
      "mid_mean": -46.13337326049805,
      "mid_to_side_loudness": -1.7604179382324219,
      "mid_to_side_loudness_range": 6.7290120124816895,
      "side_mean": -48.592411041259766
    },
    {
      "high_freq": 4349.24462890625,
      "loudness": -50.137264251708984,
      "loudness_range": 33.76692199707031,
      "low_freq": 2549.74365234375,
      "mid_mean": -51.121734619140625,
      "mid_to_side_loudness": -2.8748137950897217,
      "mid_to_side_loudness_range": 8.277375221252441,
      "side_mean": -53.60819625854492
    },
    {
      "high_freq": 7314.1640625,
      "loudness": -57.54318618774414,
      "loudness_range": 29.49609375,
      "low_freq": 4349.24462890625,
      "mid_mean": -58.678382873535156,
      "mid_to_side_loudness": -2.5962748527526855,
      "mid_to_side_loudness_range": 6.206596374511719,
      "side_mean": -60.41450500488281
    },
    {
      "high_freq": 12199.2666015625,
      "loudness": -64.61750793457031,
      "loudness_range": 24.338783264160156,
      "low_freq": 7314.1640625,
      "mid_mean": -63.82001876831055,
      "mid_to_side_loudness": -2.7077066898345947,
      "mid_to_side_loudness_range": 5.136639595031738,
      "side_mean": -65.33061981201172
    },
    {
      "loudness": -72.7149658203125,
      "loudness_range": 19.19796371459961,
      "low_freq": 12199.2666015625,
      "mid_mean": -66.18480682373047,
      "mid_to_side_loudness": -9.639952659606934,
      "mid_to_side_loudness_range": 16.779651641845703,
      "side_mean": -67.83802795410156
    }
  ],
  "bandwidth": 1102.9246826171875,
  "channels": 2,
  "covariance": [
    [
      50.483367919921875,
      32.67360305786133,
      59.861209869384766,
      68.22135925292969,
      41.09537124633789,
      60.72760772705078,
      53.06769943237305,
      54.661346435546875,
      54.96406173706055,
      54.80942916870117,
      43.984405517578125,
      55.996978759765625,
      33.95355224609375,
      37.17100524902344,
      9.867918014526367,
      13.055991172790527,
      -1.6570630073547363,
      0.24977760016918182
    ],
    [
      32.67360305786133,
      23.77004051208496,
      37.59390640258789,
      43.63922119140625,
      27.081029891967773,
      37.40694808959961,
      35.6473388671875,
      35.4200439453125,
      37.37674331665039,
      36.76756286621094,
      28.91573143005371,
      36.327354431152344,
      23.95052146911621,
      25.152406692504883,
      8.213521003723145,
      9.988177299499512,
      0.07169037312269211,
      0.8137083649635315
    ],
    [
      59.861209869384766,
      37.59390640258789,
      116.29891967773438,
      104.15013885498047,
      51.72127914428711,
      84.8578109741211,
      41.04770278930664,
      50.61180877685547,
      43.43946838378906,
      38.399803161621094,
      53.63734817504883,
      74.68812561035156,
      46.538177490234375,
      50.19291305541992,
      17.396652221679688,
      19.38849639892578,
      -0.38777071237564087,
      1.5178650617599487
    ],
    [
      68.22135925292969,
      43.63922119140625,
      104.15013885498047,
      108.169921875,
      58.071083068847656,
      90.46366119384766,
      62.034786224365234,
      67.76020812988281,
      65.12173461914062,
      61.3813362121582,
      59.178009033203125,
      77.5810317993164,
      45.04225158691406,
      50.393646240234375,
      12.016081809997559,
      16.826200485229492,
      -4.267364978790283,
      -1.2320597171783447
    ],
    [
      41.09537124633789,
      27.081029891967773,
      51.72127914428711,
      58.071083068847656,
      86.78003692626953,
      84.07621002197266,
      67.24954986572266,
      65.82760620117188,
      77.40570831298828,
      81.90052032470703,
      71.44877624511719,
      77.66925811767578,
      62.101985931396484,
      61.221187591552734,
      28.77704620361328,
      28.04244613647461,
      9.690560340881348,
      9.52385139465332
    ],
    [
      60.72760772705078,
      37.40694808959961,
      84.8578109741211,
      90.46366119384766,
      84.07621002197266,
      121.41162109375,
      75.05815124511719,
      79.86746215820312,
      89.43220520019531,
      84.66512298583984,
      80.84109497070312,
      100.05740356445312,
      65.19402313232422,
      67.62751007080078,
      22.078533172607422,
      24.582517623901367,
      2.8695223331451416,
      4.954931735992432
    ],
    [
      53.06769943237305,
      35.6473388671875,
      41.04770278930664,
      62.034786224365234,
      67.24954986572266,
      75.05815124511719,
      113.4539566040039,
      103.26953125,
      110.43470001220703,
      112.17608642578125,
      83.35497283935547,
      87.98129272460938,
      70.94029235839844,
      68.08540344238281,
      29.001237869262695,
      28.28671646118164,
      9.325955390930176,
      9.736562728881836
    ],
    [
      54.661346435546875,
      35.4200439453125,
      50.61180877685547,
      67.76020812988281,
      65.82760620117188,
      79.86746215820312,
      103.26953125,
      106.91981506347656,
      102.13666534423828,
      103.68158721923828,
      83.43753051757812,
      92.11898040771484,
      69.69044494628906,
      68.11258697509766,
      25.42491340637207,
      25.431982040405273,
      6.335681438446045,
      7.495490550994873
    ],
    [
      54.96406173706055,
      37.37674331665039,
      43.43946838378906,
      65.12173461914062,
      77.40570831298828,
      89.43220520019531,
      110.43470001220703,
      102.13666534423828,
      150.70278930664062,
      146.48960876464844,
      114.33424377441406,
      114.33001708984375,
      91.71479034423828,
      89.17317962646484,
      39.520286560058594,
      36.119476318359375,
      13.200530052185059,
      12.881112098693848
    ],
    [
      54.80942916870117,
      36.76756286621094,
      38.399803161621094,
      61.3813362121582,
      81.90052032470703,
      84.66512298583984,
      112.17608642578125,
      103.68158721923828,
      146.48960876464844,
      154.5001220703125,
      113.57362365722656,
      112.84485626220703,
      93.87590789794922,
      91.37738800048828,
      40.547332763671875,
      36.76517105102539,
      14.26552963256836,
      13.888322830200195
    ],
    [
      43.984405517578125,
      28.91573143005371,
      53.63734817504883,
      59.178009033203125,
      71.44877624511719,
      80.84109497070312,
      83.35497283935547,
      83.43753051757812,
      114.33424377441406,
      113.57362365722656,
      113.29630279541016,
      111.51274871826172,
      90.13263702392578,
      86.85389709472656,
      41.41117858886719,
      35.777164459228516,
      13.66537857055664,
      13.336792945861816
    ],
    [
      55.996978759765625,
      36.327354431152344,
      74.68812561035156,
      77.5810317993164,
      77.66925811767578,
      100.05740356445312,
      87.98129272460938,
      92.11898040771484,
      114.33001708984375,
      112.84485626220703,
      111.51274871826172,
      128.41404724121094,
      96.39338684082031,
      91.94903564453125,
      43.65401840209961,
      38.35692596435547,
      13.374368667602539,
      12.858617782592773
    ],
    [
      33.95355224609375,
      23.95052146911621,
      46.538177490234375,
      45.04225158691406,
      62.101985931396484,
      65.19402313232422,
      70.94029235839844,
      69.69044494628906,
      91.71479034423828,
      93.87590789794922,
      90.13263702392578,
      96.39338684082031,
      92.52780151367188,
      85.20442962646484,
      48.69192886352539,
      39.857635498046875,
      20.10312843322754,
      17.993871688842773
    ],
    [
      37.17100524902344,
      25.152406692504883,
      50.19291305541992,
      50.393646240234375,
      61.221187591552734,
      67.62751007080078,
      68.08540344238281,
      68.11258697509766,
      89.17317962646484,
      91.37738800048828,
      86.85389709472656,
      91.94903564453125,
      85.20442962646484,
      81.05583190917969,
      42.30487060546875,
      35.48735046386719,
      15.938302993774414,
      14.793697357177734
    ],
    [
      9.867918014526367,
      8.213521003723145,
      17.396652221679688,
      12.016081809997559,
      28.77704620361328,
      22.078533172607422,
      29.001237869262695,
      25.42491340637207,
      39.520286560058594,
      40.547332763671875,
      41.41117858886719,
      43.65401840209961,
      48.69192886352539,
      42.30487060546875,
      36.7540168762207,
      28.78951644897461,
      17.775707244873047,
      15.266270637512207
    ],
    [
      13.055991172790527,
      9.988177299499512,
      19.38849639892578,
      16.826200485229492,
      28.04244613647461,
      24.582517623901367,
      28.28671646118164,
      25.431982040405273,
      36.119476318359375,
      36.76517105102539,
      35.777164459228516,
      38.35692596435547,
      39.857635498046875,
      35.48735046386719,
      28.78951644897461,
      23.705270767211914,
      13.54287052154541,
      11.896124839782715
    ],
    [
      -1.6570630073547363,
      0.07169037312269211,
      -0.38777071237564087,
      -4.267364978790283,
      9.690560340881348,
      2.8695223331451416,
      9.325955390930176,
      6.335681438446045,
      13.200530052185059,
      14.26552963256836,
      13.66537857055664,
      13.374368667602539,
      20.10312843322754,
      15.938302993774414,
      17.775707244873047,
      13.54287052154541,
      12.006056785583496,
      10.138456344604492
    ],
    [
      0.24977760016918182,
      0.8137083649635315,
      1.5178650617599487,
      -1.2320597171783447,
      9.52385139465332,
      4.954931735992432,
      9.736562728881836,
      7.495490550994873,
      12.881112098693848,
      13.888322830200195,
      13.336792945861816,
      12.858617782592773,
      17.993871688842773,
      14.793697357177734,
      15.266270637512207,
      11.896124839782715,
      10.138456344604492,
      8.940300941467285
    ]
  ],
  "covariance_short": [
    [
      36.72221755981445,
      18.456226348876953,
      52.72538757324219,
      52.47721481323242,
      37.222312927246094,
      48.77012634277344,
      45.11113739013672,
      47.43531036376953,
      47.62522506713867,
      50.27130889892578,
      40.587608337402344,
      42.983238220214844,
      30.096803665161133,
      31.648996353149414,
      11.49560832977295,
      12.634809494018555,
      1.0498790740966797,
      2.0323266983032227
    ],
    [
      18.456226348876953,
      13.43818473815918,
      26.134553909301758,
      27.271549224853516,
      17.027311325073242,
      22.36606216430664,
      20.408723831176758,
      21.36789321899414,
      21.03667640686035,
      22.986509323120117,
      18.220932006835938,
      19.574840545654297,
      14.415364265441895,
      14.958990097045898,
      6.054181098937988,
      6.599055767059326,
      1.089837908744812,
      1.3243978023529053
    ],
    [
      52.72538757324219,
      26.134553909301758,
      120.92635345458984,
      102.84300994873047,
      75.59854888916016,
      99.70690155029297,
      77.67483520507812,
      84.08261108398438,
      75.00790405273438,
      83.33226776123047,
      79.5487289428711,
      82.6482925415039,
      52.2613639831543,
      53.806182861328125,
      19.653636932373047,
      21.032123565673828,
      0.059256523847579956,
      2.1436550617218018
    ],
    [
      52.47721481323242,
      27.271549224853516,
      102.84300994873047,
      99.80596923828125,
      68.23255157470703,
      92.32071685791016,
      76.2883071899414,
      81.95726776123047,
      77.05661010742188,
      82.54212188720703,
      72.22406005859375,
      75.95103454589844,
      48.74866485595703,
      51.30830383300781,
      15.845547676086426,
      18.50440788269043,
      -1.286104679107666,
      1.027533769607544
    ],
    [
      37.222312927246094,
      17.027311325073242,
      75.59854888916016,
      68.23255157470703,
      129.97511291503906,
      117.97576141357422,
      112.74231719970703,
      107.65582275390625,
      119.18359375,
      130.86634826660156,
      120.8801498413086,
      114.78313446044922,
      88.11024475097656,
      83.08961486816406,
      44.6319694519043,
      38.4959602355957,
      14.46060562133789,
      13.518285751342773
    ],
    [
      48.77012634277344,
      22.36606216430664,
      99.70690155029297,
      92.32071685791016,
      117.97576141357422,
      143.1934356689453,
      113.58657836914062,
      117.9507064819336,
      120.82075500488281,
      132.73065185546875,
      123.39018249511719,
      121.20176696777344,
      81.76315307617188,
      80.28617858886719,
      34.19807815551758,
      32.42302703857422,
      7.519381523132324,
      8.558367729187012
    ],
    [
      45.11113739013672,
      20.408723831176758,
      77.67483520507812,
      76.2883071899414,
      112.74231719970703,
      113.58657836914062,
      169.338623046875,
      159.3351287841797,
      156.5452423095703,
      164.1471405029297,
      142.4014434814453,
      134.97886657714844,
      103.83567810058594,
      97.40865325927734,
      46.55006790161133,
      39.74407196044922,
      12.264312744140625,
      12.273366928100586
    ],
    [
      47.43531036376953,
      21.36789321899414,
      84.08261108398438,
      81.95726776123047,
      107.65582275390625,
      117.9507064819336,
      159.3351287841797,
      163.54014587402344,
      152.61895751953125,
      161.50975036621094,
      140.80242919921875,
      134.7603759765625,
      98.31897735595703,
      92.9402084350586,
      42.65290451049805,
      37.26344299316406,
      10.161067962646484,
      10.503466606140137
    ],
    [
      47.62522506713867,
      21.03667640686035,
      75.00790405273438,
      77.05661010742188,
      119.18359375,
      120.82075500488281,
      156.5452423095703,
      152.61895751953125,
      197.28387451171875,
      198.1234588623047,
      161.2118377685547,
      151.9447784423828,
      118.9838638305664,
      112.65794372558594,
      54.72309494018555,
      46.33556365966797,
      16.568185806274414,
      15.794096946716309
    ],
    [
      50.27130889892578,
      22.986509323120117,
      83.33226776123047,
      82.54212188720703,
      130.86634826660156,
      132.73065185546875,
      164.1471405029297,
      161.50975036621094,
      198.1234588623047,
      213.44027709960938,
      173.60691833496094,
      162.45465087890625,
      126.80874633789062,
      119.33921813964844,
      59.3116340637207,
      49.483795166015625,
      18.871307373046875,
      17.736589431762695
    ],
    [
      40.587608337402344,
      18.220932006835938,
      79.5487289428711,
      72.22406005859375,
      120.8801498413086,
      123.39018249511719,
      142.4014434814453,
      140.80242919921875,
      161.2118377685547,
      173.60691833496094,
      172.3238067626953,
      156.67312622070312,
      124.25222778320312,
      115.02235412597656,
      62.20216369628906,
      50.54389572143555,
      19.82102394104004,
      18.87437629699707
    ],
    [
      42.983238220214844,
      19.574840545654297,
      82.6482925415039,
      75.95103454589844,
      114.78313446044922,
      121.20176696777344,
      134.97886657714844,
      134.7603759765625,
      151.9447784423828,
      162.45465087890625,
      156.67312622070312,
      149.0074462890625,
      112.17328643798828,
      105.05532836914062,
      54.198753356933594,
      45.42198181152344,
      16.494665145874023,
      15.808931350708008
    ],
    [
      30.096803665161133,
      14.415364265441895,
      52.2613639831543,
      48.74866485595703,
      88.11024475097656,
      81.76315307617188,
      103.83567810058594,
      98.31897735595703,
      118.9838638305664,
      126.80874633789062,
      124.25222778320312,
      112.17328643798828,
      108.25865173339844,
      98.23841857910156,
      56.36622619628906,
      45.2347526550293,
      20.416118621826172,
      19.167781829833984
    ],
    [
      31.648996353149414,
      14.958990097045898,
      53.806182861328125,
      51.30830383300781,
      83.08961486816406,
      80.28617858886719,
      97.40865325927734,
      92.9402084350586,
      112.65794372558594,
      119.33921813964844,
      115.02235412597656,
      105.05532836914062,
      98.23841857910156,
      92.25284576416016,
      49.1388053894043,
      40.14411544799805,
      16.29918670654297,
      15.683290481567383
    ],
    [
      11.49560832977295,
      6.054181098937988,
      19.653636932373047,
      15.845547676086426,
      44.6319694519043,
      34.19807815551758,
      46.55006790161133,
      42.65290451049805,
      54.72309494018555,
      59.3116340637207,
      62.20216369628906,
      54.198753356933594,
      56.36622619628906,
      49.1388053894043,
      44.963504791259766,
      35.25230407714844,
      20.654136657714844,
      18.28599739074707
    ],
    [
      12.634809494018555,
      6.599055767059326,
      21.032123565673828,
      18.50440788269043,
      38.4959602355957,
      32.42302703857422,
      39.74407196044922,
      37.26344299316406,
      46.33556365966797,
      49.483795166015625,
      50.54389572143555,
      45.42198181152344,
      45.2347526550293,
      40.14411544799805,
      35.25230407714844,
      29.007429122924805,
      16.000926971435547,
      14.479676246643066
    ],
    [
      1.0498790740966797,
      1.089837908744812,
      0.059256523847579956,
      -1.286104679107666,
      14.46060562133789,
      7.519381523132324,
      12.264312744140625,
      10.161067962646484,
      16.568185806274414,
      18.871307373046875,
      19.82102394104004,
      16.494665145874023,
      20.416118621826172,
      16.29918670654297,
      20.654136657714844,
      16.000926971435547,
      13.744556427001953,
      11.830490112304688
    ],
    [
      2.0323266983032227,
      1.3243978023529053,
      2.1436550617218018,
      1.027533769607544,
      13.518285751342773,
      8.558367729187012,
      12.273366928100586,
      10.503466606140137,
      15.794096946716309,
      17.736589431762695,
      18.87437629699707,
      15.808931350708008,
      19.167781829833984,
      15.683290481567383,
      18.28599739074707,
      14.479676246643066,
      11.830490112304688,
      10.761415481567383
    ]
  ],
  "damage": -20.705541610717773,
  "diff_bandwidth": 1114.379638671875,
  "dissonance": 11.843032642951695,
  "drr": 13.337944984436035,
  "dynamics": 8.851031303405762,
  "format": 1245190,
  "frames": 464832,
  "loudness": -31.542184829711914,
  "loudness_range": 23.568662643432617,
  "loudness_range_short": 31.580415725708008,
  "lowpass_true_peak_15khz": -9.114021301269531,
  "mastering3_acoustic_entropies": [
    {
      "acoustic_entropy": 5.086695671081543,
      "acoustic_entropy_mono": 5.107238292694092,
      "band_eliminated_acoustic_entropies": [
        {
          "acoustic_entropy": 5.086690425872803,
          "acoustic_entropy_side": 5.086695671081543,
          "hz": 129.47220167065723
        },
        {
          "acoustic_entropy": 5.086584091186523,
          "acoustic_entropy_side": 5.086688995361328,
          "hz": 202.92927478742237
        },
        {
          "acoustic_entropy": 5.083536148071289,
          "acoustic_entropy_side": 5.086516857147217,
          "hz": 282.89161906338205
        },
        {
          "acoustic_entropy": 5.062390327453613,
          "acoustic_entropy_side": 5.0852179527282715,
          "hz": 369.9353335868758
        },
        {
          "acoustic_entropy": 5.05483341217041,
          "acoustic_entropy_side": 5.074923515319824,
          "hz": 464.6875360973435
        },
        {
          "acoustic_entropy": 4.991892337799072,
          "acoustic_entropy_side": 5.055978298187256,
          "hz": 567.8308811364784
        },
        {
          "acoustic_entropy": 4.985451698303223,
          "acoustic_entropy_side": 5.048914909362793,
          "hz": 680.1084783214808
        },
        {
          "acoustic_entropy": 4.919323444366455,
          "acoustic_entropy_side": 5.066528797149658,
          "hz": 802.3292461747484
        },
        {
          "acoustic_entropy": 5.081264019012451,
          "acoustic_entropy_side": 4.9719109535217285,
          "hz": 935.3737400823702
        },
        {
          "acoustic_entropy": 4.892608165740967,
          "acoustic_entropy_side": 5.333672523498535,
          "hz": 1080.2004963696966
        },
        {
          "acoustic_entropy": 5.269608974456787,
          "acoustic_entropy_side": 4.971332550048828,
          "hz": 1237.8529382007157
        },
        {
          "acoustic_entropy": 5.007194995880127,
          "acoustic_entropy_side": 5.114628791809082,
          "hz": 1409.4668930556702
        },
        {
          "acoustic_entropy": 4.578113079071045,
          "acoustic_entropy_side": 5.036316394805908,
          "hz": 1596.2787759475705
        },
        {
          "acoustic_entropy": 5.122371196746826,
          "acoustic_entropy_side": 5.130279541015625,
          "hz": 1799.6344973346393
        },
        {
          "acoustic_entropy": 5.132882595062256,
          "acoustic_entropy_side": 5.1600751876831055,
          "hz": 2020.9991599069049
        },
        {
          "acoustic_entropy": 4.87066650390625,
          "acoustic_entropy_side": 5.071356296539307,
          "hz": 2261.9676141086993
        },
        {
          "acoustic_entropy": 5.076148986816406,
          "acoustic_entropy_side": 5.205671310424805,
          "hz": 2524.2759484456974
        },
        {
          "acoustic_entropy": 5.168751239776611,
          "acoustic_entropy_side": 5.104610919952393,
          "hz": 2809.813997359896
        },
        {
          "acoustic_entropy": 5.076448917388916,
          "acoustic_entropy_side": 5.072906017303467,
          "hz": 3120.6389567871424
        },
        {
          "acoustic_entropy": 5.072554111480713,
          "acoustic_entropy_side": 5.03273868560791,
          "hz": 3458.990205492291
        },
        {
          "acoustic_entropy": 5.087212085723877,
          "acoustic_entropy_side": 5.084377288818359,
          "hz": 3827.305438964164
        },
        {
          "acoustic_entropy": 5.09030294418335,
          "acoustic_entropy_side": 5.084309101104736,
          "hz": 4228.238232109126
        },
        {
          "acoustic_entropy": 5.111191272735596,
          "acoustic_entropy_side": 5.076120853424072,
          "hz": 4664.6771572759235
        },
        {
          "acoustic_entropy": 5.0761799812316895,
          "acoustic_entropy_side": 5.080297470092773,
          "hz": 5139.766595350093
        },
        {
          "acoustic_entropy": 5.075180530548096,
          "acoustic_entropy_side": 5.0815629959106445,
          "hz": 5656.929389854203
        },
        {
          "acoustic_entropy": 5.080853462219238,
          "acoustic_entropy_side": 5.085480690002441,
          "hz": 6219.891507268283
        },
        {
          "acoustic_entropy": 5.0857110023498535,
          "acoustic_entropy_side": 5.08622932434082,
          "hz": 6832.70888123896
        },
        {
          "acoustic_entropy": 5.086606979370117,
          "acoustic_entropy_side": 5.086557865142822,
          "hz": 7499.796634079867
        },
        {
          "acoustic_entropy": 5.0869927406311035,
          "acoustic_entropy_side": 5.0865583419799805,
          "hz": 8225.96088609342
        },
        {
          "acoustic_entropy": 5.087391376495361,
          "acoustic_entropy_side": 5.086644649505615,
          "hz": 9016.43338188839
        },
        {
          "acoustic_entropy": 5.087332248687744,
          "acoustic_entropy_side": 5.086691856384277,
          "hz": 9876.909183162974
        },
        {
          "acoustic_entropy": 5.0869059562683105,
          "acoustic_entropy_side": 5.08673095703125,
          "hz": 10813.587699516042
        },
        {
          "acoustic_entropy": 5.086872100830078,
          "acoustic_entropy_side": 5.086741924285889,
          "hz": 11833.21735289826
        },
        {
          "acoustic_entropy": 5.086729526519775,
          "acoustic_entropy_side": 5.086696624755859,
          "hz": 12943.144197493959
        },
        {
          "acoustic_entropy": 5.086659908294678,
          "acoustic_entropy_side": 5.086682319641113,
          "hz": 14151.364845322005
        },
        {
          "acoustic_entropy": 5.086741924285889,
          "acoustic_entropy_side": 5.086699962615967,
          "hz": 15466.58407886509
        },
        {
          "acoustic_entropy": 5.086834907531738,
          "acoustic_entropy_side": 5.086694240570068,
          "hz": 16898.27756580493
        },
        {
          "acoustic_entropy": 5.086706638336182,
          "acoustic_entropy_side": 5.086699485778809,
          "hz": 18456.760127700032
        },
        {
          "acoustic_entropy": 5.08669900894165,
          "acoustic_entropy_side": 5.086696624755859,
          "hz": 20153.260054456492
        },
        {
          "acoustic_entropy": 5.086696147918701,
          "acoustic_entropy_side": 5.086695671081543,
          "hz": 22000.00000000001
        }
      ],
      "diff_acoustic_entropy": 5.361862659454346,
      "sn": 6
    },
    {
      "acoustic_entropy": 8.858467102050781,
      "acoustic_entropy_mono": 8.455305099487305,
      "band_eliminated_acoustic_entropies": [
        {
          "acoustic_entropy": 8.858451843261719,
          "acoustic_entropy_side": 8.858465194702148,
          "hz": 129.47220167065723
        },
        {
          "acoustic_entropy": 8.880253791809082,
          "acoustic_entropy_side": 8.858592987060547,
          "hz": 202.92927478742237
        },
        {
          "acoustic_entropy": 8.973106384277344,
          "acoustic_entropy_side": 8.872650146484375,
          "hz": 282.89161906338205
        },
        {
          "acoustic_entropy": 8.972230911254883,
          "acoustic_entropy_side": 8.903359413146973,
          "hz": 369.9353335868758
        },
        {
          "acoustic_entropy": 9.037938117980957,
          "acoustic_entropy_side": 8.958413124084473,
          "hz": 464.6875360973435
        },
        {
          "acoustic_entropy": 8.537683486938477,
          "acoustic_entropy_side": 8.941612243652344,
          "hz": 567.8308811364784
        },
        {
          "acoustic_entropy": 9.115348815917969,
          "acoustic_entropy_side": 9.006566047668457,
          "hz": 680.1084783214808
        },
        {
          "acoustic_entropy": 9.146581649780273,
          "acoustic_entropy_side": 8.9047269821167,
          "hz": 802.3292461747484
        },
        {
          "acoustic_entropy": 8.579336166381836,
          "acoustic_entropy_side": 8.898624420166016,
          "hz": 935.3737400823702
        },
        {
          "acoustic_entropy": 8.393850326538086,
          "acoustic_entropy_side": 8.945976257324219,
          "hz": 1080.2004963696966
        },
        {
          "acoustic_entropy": 8.351630210876465,
          "acoustic_entropy_side": 8.281135559082031,
          "hz": 1237.8529382007157
        },
        {
          "acoustic_entropy": 8.925702095031738,
          "acoustic_entropy_side": 9.059747695922852,
          "hz": 1409.4668930556702
        },
        {
          "acoustic_entropy": 8.228829383850098,
          "acoustic_entropy_side": 8.453977584838867,
          "hz": 1596.2787759475705
        },
        {
          "acoustic_entropy": 8.693784713745117,
          "acoustic_entropy_side": 9.053659439086914,
          "hz": 1799.6344973346393
        },
        {
          "acoustic_entropy": 8.673562049865723,
          "acoustic_entropy_side": 9.00717544555664,
          "hz": 2020.9991599069049
        },
        {
          "acoustic_entropy": 8.94088077545166,
          "acoustic_entropy_side": 8.758115768432617,
          "hz": 2261.9676141086993
        },
        {
          "acoustic_entropy": 8.523506164550781,
          "acoustic_entropy_side": 8.721419334411621,
          "hz": 2524.2759484456974
        },
        {
          "acoustic_entropy": 8.422844886779785,
          "acoustic_entropy_side": 8.69367790222168,
          "hz": 2809.813997359896
        },
        {
          "acoustic_entropy": 8.687463760375977,
          "acoustic_entropy_side": 8.803446769714355,
          "hz": 3120.6389567871424
        },
        {
          "acoustic_entropy": 9.125455856323242,
          "acoustic_entropy_side": 9.033066749572754,
          "hz": 3458.990205492291
        },
        {
          "acoustic_entropy": 8.97176456451416,
          "acoustic_entropy_side": 8.893638610839844,
          "hz": 3827.305438964164
        },
        {
          "acoustic_entropy": 9.061966896057129,
          "acoustic_entropy_side": 8.93837833404541,
          "hz": 4228.238232109126
        },
        {
          "acoustic_entropy": 8.690431594848633,
          "acoustic_entropy_side": 8.939178466796875,
          "hz": 4664.6771572759235
        },
        {
          "acoustic_entropy": 8.848159790039062,
          "acoustic_entropy_side": 8.897697448730469,
          "hz": 5139.766595350093
        },
        {
          "acoustic_entropy": 8.954070091247559,
          "acoustic_entropy_side": 8.91972827911377,
          "hz": 5656.929389854203
        },
        {
          "acoustic_entropy": 8.965007781982422,
          "acoustic_entropy_side": 8.907221794128418,
          "hz": 6219.891507268283
        },
        {
          "acoustic_entropy": 8.927552223205566,
          "acoustic_entropy_side": 8.885292053222656,
          "hz": 6832.70888123896
        },
        {
          "acoustic_entropy": 8.870747566223145,
          "acoustic_entropy_side": 8.860931396484375,
          "hz": 7499.796634079867
        },
        {
          "acoustic_entropy": 8.85218334197998,
          "acoustic_entropy_side": 8.854669570922852,
          "hz": 8225.96088609342
        },
        {
          "acoustic_entropy": 8.862654685974121,
          "acoustic_entropy_side": 8.859183311462402,
          "hz": 9016.43338188839
        },
        {
          "acoustic_entropy": 8.867878913879395,
          "acoustic_entropy_side": 8.859664916992188,
          "hz": 9876.909183162974
        },
        {
          "acoustic_entropy": 8.870725631713867,
          "acoustic_entropy_side": 8.859318733215332,
          "hz": 10813.587699516042
        },
        {
          "acoustic_entropy": 8.868426322937012,
          "acoustic_entropy_side": 8.859258651733398,
          "hz": 11833.21735289826
        },
        {
          "acoustic_entropy": 8.863733291625977,
          "acoustic_entropy_side": 8.860023498535156,
          "hz": 12943.144197493959
        },
        {
          "acoustic_entropy": 8.860184669494629,
          "acoustic_entropy_side": 8.85896110534668,
          "hz": 14151.364845322005
        },
        {
          "acoustic_entropy": 8.859631538391113,
          "acoustic_entropy_side": 8.858477592468262,
          "hz": 15466.58407886509
        },
        {
          "acoustic_entropy": 8.859553337097168,
          "acoustic_entropy_side": 8.85842514038086,
          "hz": 16898.27756580493
        },
        {
          "acoustic_entropy": 8.858570098876953,
          "acoustic_entropy_side": 8.858454704284668,
          "hz": 18456.760127700032
        },
        {
          "acoustic_entropy": 8.858518600463867,
          "acoustic_entropy_side": 8.858481407165527,
          "hz": 20153.260054456492
        },
        {
          "acoustic_entropy": 8.858474731445312,
          "acoustic_entropy_side": 8.858470916748047,
          "hz": 22000.00000000001
        }
      ],
      "diff_acoustic_entropy": 9.432425498962402,
      "sn": 12
    },
    {
      "acoustic_entropy": 16.274120330810547,
      "acoustic_entropy_mono": 15.73025894165039,
      "band_eliminated_acoustic_entropies": [
        {
          "acoustic_entropy": 16.26462173461914,
          "acoustic_entropy_side": 16.273704528808594,
          "hz": 129.47220167065723
        },
        {
          "acoustic_entropy": 16.131744384765625,
          "acoustic_entropy_side": 16.244888305664062,
          "hz": 202.92927478742237
        },
        {
          "acoustic_entropy": 16.260574340820312,
          "acoustic_entropy_side": 16.204023361206055,
          "hz": 282.89161906338205
        },
        {
          "acoustic_entropy": 16.896265029907227,
          "acoustic_entropy_side": 16.303823471069336,
          "hz": 369.9353335868758
        },
        {
          "acoustic_entropy": 16.395946502685547,
          "acoustic_entropy_side": 16.28177833557129,
          "hz": 464.6875360973435
        },
        {
          "acoustic_entropy": 16.83681869506836,
          "acoustic_entropy_side": 16.683635711669922,
          "hz": 567.8308811364784
        },
        {
          "acoustic_entropy": 16.82822608947754,
          "acoustic_entropy_side": 17.249603271484375,
          "hz": 680.1084783214808
        },
        {
          "acoustic_entropy": 15.791136741638184,
          "acoustic_entropy_side": 16.064167022705078,
          "hz": 802.3292461747484
        },
        {
          "acoustic_entropy": 15.644558906555176,
          "acoustic_entropy_side": 16.066593170166016,
          "hz": 935.3737400823702
        },
        {
          "acoustic_entropy": 16.42464256286621,
          "acoustic_entropy_side": 16.635799407958984,
          "hz": 1080.2004963696966
        },
        {
          "acoustic_entropy": 17.372722625732422,
          "acoustic_entropy_side": 16.513578414916992,
          "hz": 1237.8529382007157
        },
        {
          "acoustic_entropy": 15.79204273223877,
          "acoustic_entropy_side": 17.07151985168457,
          "hz": 1409.4668930556702
        },
        {
          "acoustic_entropy": 16.665752410888672,
          "acoustic_entropy_side": 16.407350540161133,
          "hz": 1596.2787759475705
        },
        {
          "acoustic_entropy": 16.09889793395996,
          "acoustic_entropy_side": 16.330902099609375,
          "hz": 1799.6344973346393
        },
        {
          "acoustic_entropy": 16.854251861572266,
          "acoustic_entropy_side": 16.871030807495117,
          "hz": 2020.9991599069049
        },
        {
          "acoustic_entropy": 16.131921768188477,
          "acoustic_entropy_side": 16.288888931274414,
          "hz": 2261.9676141086993
        },
        {
          "acoustic_entropy": 16.542688369750977,
          "acoustic_entropy_side": 16.357120513916016,
          "hz": 2524.2759484456974
        },
        {
          "acoustic_entropy": 15.798844337463379,
          "acoustic_entropy_side": 16.003080368041992,
          "hz": 2809.813997359896
        },
        {
          "acoustic_entropy": 16.716894149780273,
          "acoustic_entropy_side": 16.94025421142578,
          "hz": 3120.6389567871424
        },
        {
          "acoustic_entropy": 16.48322868347168,
