{
  "acoustic_entropy": 176.21568298339844,
  "bands": [
    {
      "high_freq": 148.1999969482422,
      "loudness": -23.215404510498047,
      "loudness_range": 9.009401321411133,
      "mid_mean": -20.998401641845703,
      "mid_to_side_loudness": -4.9403395652771,
      "mid_to_side_loudness_range": 6.99097204208374,
      "side_mean": -25.407609939575195
    },
    {
      "high_freq": 392.3793640136719,
      "loudness": -23.692508697509766,
      "loudness_range": 11.909608840942383,
      "low_freq": 148.1999969482422,
      "mid_mean": -22.24289321899414,
      "mid_to_side_loudness": -1.9058706760406494,
      "mid_to_side_loudness_range": 5.054102420806885,
      "side_mean": -24.166521072387695
    },
    {
      "high_freq": 794.6976318359375,
      "loudness": -27.134370803833008,
      "loudness_range": 14.27337646484375,
      "low_freq": 392.3793640136719,
      "mid_mean": -26.028179168701172,
      "mid_to_side_loudness": -1.01481294631958,
      "mid_to_side_loudness_range": 4.226241111755371,
      "side_mean": -27.119300842285156
    },
    {
      "high_freq": 1457.5709228515625,
      "loudness": -28.72351837158203,
      "loudness_range": 16.844409942626953,
      "low_freq": 794.6976318359375,
      "mid_mean": -27.66391944885254,
      "mid_to_side_loudness": -1.153970718383789,
      "mid_to_side_loudness_range": 4.773810863494873,
      "side_mean": -28.643901824951172
    },
    {
      "high_freq": 2549.74365234375,
      "loudness": -29.1433048248291,
      "loudness_range": 18.564712524414062,
      "low_freq": 1457.5709228515625,
      "mid_mean": -27.90842628479004,
      "mid_to_side_loudness": -1.4205076694488525,
      "mid_to_side_loudness_range": 3.585517168045044,
      "side_mean": -29.325576782226562
    },
    {
      "high_freq": 4349.24462890625,
      "loudness": -31.83935546875,
      "loudness_range": 19.35218048095703,
      "low_freq": 2549.74365234375,
      "mid_mean": -30.4986515045166,
      "mid_to_side_loudness": -1.724940538406372,
      "mid_to_side_loudness_range": 5.0841779708862305,
      "side_mean": -32.468536376953125
    },
    {
      "high_freq": 7314.1640625,
      "loudness": -38.20945739746094,
      "loudness_range": 17.329853057861328,
      "low_freq": 4349.24462890625,
      "mid_mean": -37.11475372314453,
      "mid_to_side_loudness": -2.2330057621002197,
      "mid_to_side_loudness_range": 6.262272357940674,
      "side_mean": -39.59840774536133
    },
    {
      "high_freq": 12199.2666015625,
      "loudness": -48.93669128417969,
      "loudness_range": 21.00705337524414,
      "low_freq": 7314.1640625,
      "mid_mean": -50.25389099121094,
      "mid_to_side_loudness": -2.11085844039917,
      "mid_to_side_loudness_range": 7.706809043884277,
      "side_mean": -51.984413146972656
    },
    {
      "loudness": -63.0633544921875,
      "loudness_range": 23.374412536621094,
      "low_freq": 12199.2666015625,
      "mid_mean": -60.564117431640625,
      "mid_to_side_loudness": -1.9343481063842773,
      "mid_to_side_loudness_range": 6.928189754486084,
      "side_mean": -61.49256896972656
    }
  ],
  "bands_short": [
    {
      "high_freq": 148.1999969482422,
      "loudness": -26.400917053222656,
      "loudness_range": 11.501760482788086,
      "mid_mean": -24.355697631835938,
      "mid_to_side_loudness": -4.779650688171387,
      "mid_to_side_loudness_range": 10.636606216430664,
      "side_mean": -28.46371841430664
    },
    {
      "high_freq": 392.3793640136719,
      "loudness": -22.16781234741211,
      "loudness_range": 11.774372100830078,
      "low_freq": 148.1999969482422,
      "mid_mean": -20.461891174316406,
      "mid_to_side_loudness": -2.959202527999878,
      "mid_to_side_loudness_range": 8.30606746673584,
      "side_mean": -23.41213035583496
    },
    {
      "high_freq": 794.6976318359375,
      "loudness": -27.324569702148438,
      "loudness_range": 14.615364074707031,
      "low_freq": 392.3793640136719,
      "mid_mean": -26.30965805053711,
      "mid_to_side_loudness": -0.9738664031028748,
      "mid_to_side_loudness_range": 7.693858623504639,
      "side_mean": -27.39659309387207
    },
    {
      "high_freq": 1457.5709228515625,
      "loudness": -28.43317985534668,
      "loudness_range": 17.169818878173828,
      "low_freq": 794.6976318359375,
      "mid_mean": -27.461000442504883,
      "mid_to_side_loudness": -1.211428165435791,
      "mid_to_side_loudness_range": 7.730325698852539,
      "side_mean": -28.506864547729492
    },
    {
      "high_freq": 2549.74365234375,
      "loudness": -29.283185958862305,
      "loudness_range": 19.336469650268555,
      "low_freq": 1457.5709228515625,
      "mid_mean": -28.12232208251953,
      "mid_to_side_loudness": -1.3494200706481934,
      "mid_to_side_loudness_range": 6.044923782348633,
      "side_mean": -29.487951278686523
    },
    {
      "high_freq": 4349.24462890625,
      "loudness": -31.851491928100586,
      "loudness_range": 19.460546493530273,
      "low_freq": 2549.74365234375,
      "mid_mean": -30.64041519165039,
      "mid_to_side_loudness": -1.7095001935958862,
      "mid_to_side_loudness_range": 6.326112747192383,
      "side_mean": -32.59938049316406
    },
    {
      "high_freq": 7314.1640625,
      "loudness": -38.257789611816406,
      "loudness_range": 17.682044982910156,
      "low_freq": 4349.24462890625,
      "mid_mean": -37.23005294799805,
      "mid_to_side_loudness": -2.190101146697998,
      "mid_to_side_loudness_range": 7.108641624450684,
      "side_mean": -39.66758346557617
    },
    {
      "high_freq": 12199.2666015625,
      "loudness": -49.11839294433594,
      "loudness_range": 21.354778289794922,
      "low_freq": 7314.1640625,
      "mid_mean": -50.42207717895508,
      "mid_to_side_loudness": -2.107257843017578,
      "mid_to_side_loudness_range": 8.299690246582031,
      "side_mean": -52.15602493286133
    },
    {
      "loudness": -63.36946105957031,
      "loudness_range": 23.232223510742188,
      "low_freq": 12199.2666015625,
      "mid_mean": -60.793556213378906,
      "mid_to_side_loudness": -1.9907182455062866,
      "mid_to_side_loudness_range": 7.561127662658691,
      "side_mean": -61.74797821044922
    }
  ],
  "bandwidth": 430.12872314453125,
  "channels": 2,
  "covariance": [
    [
      17.800277709960938,
      12.392037391662598,
      12.668704986572266,
      12.707111358642578,
      13.880843162536621,
      15.2413330078125,
      15.000834465026855,
      16.148386001586914,
      17.744436264038086,
      19.057588577270508,
      10.545427322387695,
      14.289636611938477,
      10.032328605651855,
      13.92629623413086,
      25.289592742919922,
      27.75949478149414,
      13.922531127929688,
      16.351709365844727
    ],
    [
      12.392037391662598,
      15.804122924804688,
      13.61734676361084,
      13.389204978942871,
      14.973210334777832,
      16.730329513549805,
      16.19108009338379,
      17.493837356567383,
      18.23526382446289,
      19.609397888183594,
      12.170014381408691,
      16.214963912963867,
      11.697214126586914,
      16.1131591796875,
      22.918746948242188,
      26.358779907226562,
      14.255936622619629,
      17.336795806884766
    ],
    [
      12.668704986572266,
      13.61734676361084,
      20.653886795043945,
      19.03244972229004,
      20.512508392333984,
      22.29222869873047,
      21.42897605895996,
      23.73238754272461,
      24.579160690307617,
      27.011550903320312,
      18.531248092651367,
      23.6060733795166,
      17.628931045532227,
      23.64576530456543,
      30.391305923461914,
      35.94675827026367,
      18.849925994873047,
      23.22383689880371
    ],
    [
      12.707111358642578,
      13.389204978942871,
      19.03244972229004,
      20.986791610717773,
      20.58509635925293,
      22.407119750976562,
      20.615995407104492,
      23.208314895629883,
      23.85532569885254,
      26.426502227783203,
      18.617021560668945,
      23.615413665771484,
      17.93881607055664,
      23.760204315185547,
      30.206924438476562,
      35.77159118652344,
      19.219154357910156,
      23.40831184387207
    ],
    [
      13.880843162536621,
      14.973210334777832,
      20.512508392333984,
      20.58509635925293,
      26.174320220947266,
      27.14982032775879,
      25.073711395263672,
      28.315946578979492,
      29.072616577148438,
      31.939485549926758,
      22.696409225463867,
      29.46695327758789,
      21.95703887939453,
      29.232357025146484,
      36.11650848388672,
      42.36273956298828,
      22.658586502075195,
      27.30327796936035
    ],
    [
      15.2413330078125,
      16.730329513549805,
      22.29222869873047,
      22.407119750976562,
      27.14982032775879,
      30.810787200927734,
      27.17146110534668,
      31.180665969848633,
      31.370615005493164,
      35.13310241699219,
      24.30647087097168,
      32.1458625793457,
      23.61115837097168,
      32.72937774658203,
      39.15998077392578,
      47.255577087402344,
      24.904640197753906,
      30.8109130859375
    ],
    [
      15.000834465026855,
      16.19108009338379,
      21.42897605895996,
      20.615995407104492,
      25.073711395263672,
      27.17146110534668,
      33.55853271484375,
      34.13664627075195,
      35.487178802490234,
      37.927371978759766,
      29.6713924407959,
      36.069122314453125,
      26.3926944732666,
      33.78889465332031,
      43.18898391723633,
      47.7725715637207,
      23.86723518371582,
      27.3062801361084
    ],
    [
      16.148386001586914,
      17.493837356567383,
      23.73238754272461,
      23.208314895629883,
      28.315946578979492,
      31.180665969848633,
      34.13664627075195,
      38.17558288574219,
      38.40220260620117,
      42.24392318725586,
      31.441999435424805,
      40.290184020996094,
      28.870609283447266,
      39.010841369628906,
      46.38177490234375,
      54.11977005004883,
      27.017534255981445,
      32.214439392089844
    ],
    [
      17.744436264038086,
      18.23526382446289,
      24.579160690307617,
      23.85532569885254,
      29.072616577148438,
      31.370615005493164,
      35.487178802490234,
      38.40220260620117,
      46.24697494506836,
      49.11101150512695,
      35.27962112426758,
      43.487422943115234,
      31.587867736816406,
      41.109222412109375,
      52.63560104370117,
      58.73107147216797,
      29.71042251586914,
      33.48029327392578
    ],
    [
      19.057588577270508,
      19.609397888183594,
      27.011550903320312,
      26.426502227783203,
      31.939485549926758,
      35.13310241699219,
      37.927371978759766,
      42.24392318725586,
      49.11101150512695,
      54.13176345825195,
      38.272796630859375,
      48.777584075927734,
      34.80829620361328,
      47.11606979370117,
      56.12444305419922,
      65.49535369873047,
      32.66666793823242,
      38.383460998535156
    ],
    [
      10.545427322387695,
      12.170014381408691,
      18.531248092651367,
      18.617021560668945,
      22.696409225463867,
      24.30647087097168,
      29.6713924407959,
      31.441999435424805,
      35.27962112426758,
      38.272796630859375,
      46.110076904296875,
      50.65627670288086,
      39.16919708251953,
      47.82785415649414,
      47.25543212890625,
      52.566837310791016,
      28.460166931152344,
      31.985567092895508
    ],
    [
      14.289636611938477,
      16.214963912963867,
      23.6060733795166,
      23.615413665771484,
      29.46695327758789,
      32.1458625793457,
      36.069122314453125,
      40.290184020996094,
      43.487422943115234,
      48.777584075927734,
      50.65627670288086,
      62.69173812866211,
      44.351478576660156,
      57.944095611572266,
      56.609825134277344,
      66.7286376953125,
      34.69014358520508,
      40.97847366333008
    ],
    [
      10.032328605651855,
      11.697214126586914,
      17.628931045532227,
      17.93881607055664,
      21.95703887939453,
      23.61115837097168,
      26.3926944732666,
      28.870609283447266,
      31.587867736816406,
      34.80829620361328,
      39.16919708251953,
      44.351478576660156,
      43.6190185546875,
      47.775047302246094,
      44.282257080078125,
      50.76676940917969,
      29.06413459777832,
      32.94445037841797
    ],
    [
      13.92629623413086,
      16.1131591796875,
      23.64576530456543,
      23.760204315185547,
      29.232357025146484,
      32.72937774658203,
      33.78889465332031,
      39.010841369628906,
      41.109222412109375,
      47.11606979370117,
      47.82785415649414,
      57.944095611572266,
      47.775047302246094,
      65.34474182128906,
      55.95259094238281,
      68.92752838134766,
      36.963768005371094,
      45.144020080566406
    ],
    [
      25.289592742919922,
      22.918746948242188,
      30.391305923461914,
      30.206924438476562,
      36.11650848388672,
      39.15998077392578,
      43.18898391723633,
      46.38177490234375,
      52.63560104370117,
      56.12444305419922,
      47.25543212890625,
      56.609825134277344,
      44.282257080078125,
      55.95259094238281,
      86.07061004638672,
      91.27320861816406,
      48.08516311645508,
      53.125057220458984
    ],
    [
      27.75949478149414,
      26.358779907226562,
      35.94675827026367,
      35.77159118652344,
      42.36273956298828,
      47.255577087402344,
      47.7725715637207,
      54.11977005004883,
      58.73107147216797,
      65.49535369873047,
      52.566837310791016,
      66.7286376953125,
      50.76676940917969,
      68.92752838134766,
      91.27320861816406,
      104.77337646484375,
      53.85924530029297,
      63.9945068359375
    ],
    [
      13.922531127929688,
      14.255936622619629,
      18.849925994873047,
      19.219154357910156,
      22.658586502075195,
      24.904640197753906,
      23.86723518371582,
      27.017534255981445,
      29.71042251586914,
      32.66666793823242,
      28.460166931152344,
      34.69014358520508,
      29.06413459777832,
      36.963768005371094,
      48.08516311645508,
      53.85924530029297,
      31.86775016784668,
      36.41051483154297
    ],
    [
      16.351709365844727,
      17.336795806884766,
      23.22383689880371,
      23.40831184387207,
      27.30327796936035,
      30.8109130859375,
      27.3062801361084,
      32.214439392089844,
      33.48029327392578,
      38.383460998535156,
      31.985567092895508,
      40.97847366333008,
      32.94445037841797,
      45.144020080566406,
      53.125057220458984,
      63.9945068359375,
      36.41051483154297,
      45.198028564453125
    ]
  ],
  "covariance_short": [
    [
      24.89999008178711,
      14.567771911621094,
      11.681859970092773,
      12.609602928161621,
      12.50285530090332,
      13.778542518615723,
      14.281462669372559,
      15.118217468261719,
      15.035140037536621,
      16.060035705566406,
      10.92586612701416,
      14.190916061401367,
      10.495964050292969,
      13.586813926696777,
      25.707717895507812,
      27.591764450073242,
      14.399456024169922,
      16.948671340942383
    ],
    [
      14.567771911621094,
      21.217464447021484,
      10.295308113098145,
      11.438891410827637,
      11.313569068908691,
      12.298137664794922,
      12.443721771240234,
      13.065436363220215,
      12.759293556213379,
      13.261147499084473,
      8.947212219238281,
      11.499198913574219,
      9.151162147521973,
      11.596357345581055,
      18.38636589050293,
      20.220426559448242,
      11.559866905212402,
      13.936596870422363
    ],
    [
      11.681859970092773,
      10.295308113098145,
      21.271883010864258,
      17.883846282958984,
      18.426992416381836,
      20.014019012451172,
      20.02729606628418,
      22.46090316772461,
      23.239545822143555,
      25.43535804748535,
      16.21778106689453,
      21.558181762695312,
      14.618968963623047,
      20.671855926513672,
      27.92827033996582,
      32.77149963378906,
      16.498746871948242,
      20.228248596191406
    ],
    [
      12.609602928161621,
      11.438891410827637,
      17.883846282958984,
      23.317611694335938,
      20.206872940063477,
      22.19147300720215,
      21.403881072998047,
      24.163549423217773,
      24.264333724975586,
      26.510387420654297,
      18.593751907348633,
      23.869325637817383,
      17.062776565551758,
      23.358510971069336,
      30.185115814208984,
      35.84347152709961,
      18.67167091369629,
      22.946786880493164
    ],
    [
      12.50285530090332,
      11.313569068908691,
      18.426992416381836,
      20.206872940063477,
      27.023591995239258,
      25.308170318603516,
      24.646068572998047,
      28.15205192565918,
      27.76828384399414,
      30.634265899658203,
      23.14933204650879,
      29.422258377075195,
      21.4992618560791,
      28.962383270263672,
      34.95115280151367,
      41.29616928100586,
      21.963979721069336,
      26.704021453857422
    ],
    [
      13.778542518615723,
      12.298137664794922,
      20.014019012451172,
      22.19147300720215,
      25.308170318603516,
      31.279346466064453,
      26.458168029785156,
      30.472429275512695,
      29.97966194152832,
      33.539371490478516,
      24.65717887878418,
      32.0908317565918,
      23.261516571044922,
      32.155982971191406,
      37.4887809753418,
      45.274024963378906,
      23.73699378967285,
      29.524158477783203
    ],
    [
      14.281462669372559,
      12.443721771240234,
      20.02729606628418,
      21.403881072998047,
      24.646068572998047,
      26.458168029785156,
      35.386409759521484,
      34.3003044128418,
      35.28488540649414,
      37.62167739868164,
      30.630680084228516,
      36.9414176940918,
      26.674610137939453,
      34.06769943237305,
      43.54557418823242,
      48.021175384521484,
      23.95965003967285,
      27.35946273803711
    ],
    [
      15.118217468261719,
      13.065436363220215,
      22.46090316772461,
      24.163549423217773,
      28.15205192565918,
      30.472429275512695,
      34.3003044128418,
      40.841041564941406,
      38.52494430541992,
      42.338951110839844,
      32.658809661865234,
      41.566009521484375,
      29.36159324645996,
      39.831153869628906,
      46.908172607421875,
      54.817134857177734,
      27.187604904174805,
      32.50847244262695
    ],
    [
      15.035140037536621,
      12.759293556213379,
      23.239545822143555,
      24.264333724975586,
      27.76828384399414,
      29.97966194152832,
      35.28488540649414,
      38.52494430541992,
      46.93531799316406,
      47.999324798583984,
      36.221397399902344,
      43.878292083740234,
      31.958534240722656,
      41.18219757080078,
      52.16804122924805,
      58.11886978149414,
      29.284456253051758,
      32.950077056884766
    ],
    [
      16.060035705566406,
      13.261147499084473,
      25.43535804748535,
      26.510387420654297,
      30.634265899658203,
      33.539371490478516,
      37.62167739868164,
      42.338951110839844,
      47.999324798583984,
      54.38489532470703,
      38.893104553222656,
      48.98579406738281,
      34.760433197021484,
      46.982975006103516,
      55.44375228881836,
      64.634033203125,
      32.00077819824219,
      37.6174430847168
    ],
    [
      10.92586612701416,
      8.947212219238281,
      16.21778106689453,
      18.593751907348633,
      23.14933204650879,
      24.65717887878418,
      30.630680084228516,
      32.658809661865234,
      36.221397399902344,
      38.893104553222656,
      48.17227554321289,
      50.927520751953125,
      39.774349212646484,
      48.478031158447266,
      48.52970886230469,
      53.7885856628418,
      29.14963722229004,
      32.61561584472656
    ],
    [
      14.190916061401367,
      11.499198913574219,
      21.558181762695312,
      23.869325637817383,
      29.422258377075195,
      32.0908317565918,
      36.9414176940918,
      41.566009521484375,
      43.878292083740234,
      48.98579406738281,
      50.927520751953125,
      64.12026977539062,
      44.507713317871094,
      58.1431884765625,
      57.47400665283203,
      67.5060043334961,
      34.90267562866211,
      41.24787521362305
    ],
    [
      10.495964050292969,
      9.151162147521973,
      14.618968963623047,
      17.062776565551758,
      21.4992618560791,
      23.261516571044922,
      26.674610137939453,
      29.36159324645996,
      31.958534240722656,
      34.760433197021484,
      39.774349212646484,
      44.507713317871094,
      44.97397232055664,
      48.40998077392578,
      45.46259307861328,
      51.7598991394043,
      30.028038024902344,
      33.835758209228516
    ],
    [
      13.586813926696777,
      11.596357345581055,
      20.671855926513672,
      23.358510971069336,
      28.962383270263672,
      32.155982971191406,
      34.06769943237305,
      39.831153869628906,
      41.18219757080078,
      46.982975006103516,
      48.478031158447266,
      58.1431884765625,
      48.40998077392578,
      66.27559661865234,
      56.47296142578125,
      69.47471618652344,
      37.292198181152344,
      45.50261688232422
    ],
    [
      25.707717895507812,
      18.38636589050293,
      27.92827033996582,
      30.185115814208984,
      34.95115280151367,
      37.4887809753418,
      43.54557418823242,
      46.908172607421875,
      52.16804122924805,
      55.44375228881836,
      48.52970886230469,
      57.47400665283203,
      45.46259307861328,
      56.47296142578125,
      87.02560424804688,
      91.69707489013672,
      48.85311508178711,
      53.74543762207031
    ],
    [
      27.591764450073242,
      20.220426559448242,
      32.77149963378906,
      35.84347152709961,
      41.29616928100586,
      45.274024963378906,
      48.021175384521484,
      54.817134857177734,
      58.11886978149414,
      64.634033203125,
      53.7885856628418,
      67.5060043334961,
      51.7598991394043,
      69.47471618652344,
      91.69707489013672,
      105.21000671386719,
      54.355098724365234,
      64.38885498046875
    ],
    [
      14.399456024169922,
      11.559866905212402,
      16.498746871948242,
      18.67167091369629,
      21.963979721069336,
      23.73699378967285,
      23.95965003967285,
      27.187604904174805,
      29.284456253051758,
      32.00077819824219,
      29.14963722229004,
      34.90267562866211,
      30.028038024902344,
      37.292198181152344,
      48.85311508178711,
      54.355098724365234,
      33.44330978393555,
      37.71855545043945
    ],
    [
      16.948671340942383,
      13.936596870422363,
      20.228248596191406,
      22.946786880493164,
      26.704021453857422,
      29.524158477783203,
      27.35946273803711,
      32.50847244262695,
      32.950077056884766,
      37.6174430847168,
      32.61561584472656,
      41.24787521362305,
      33.835758209228516,
      45.50261688232422,
      53.74543762207031,
      64.38885498046875,
      37.71855545043945,
      46.55747604370117
    ]
  ],
  "damage": -9.856778144836426,
  "diff_bandwidth": 447.605224609375,
  "dissonance": 8.115825491679997,
  "drr": 13.699968338012695,
  "dynamics": 3.845557689666748,
  "format": 1245190,
  "frames": 3859392,
  "loudness": -14.676834106445312,
  "loudness_range": 10.339279174804688,
  "loudness_range_short": 11.083972930908203,
  "lowpass_true_peak_15khz": 0.1706225723028183,
  "mastering3_acoustic_entropies": [
    {
      "acoustic_entropy": 2.8418936729431152,
      "acoustic_entropy_mono": 2.670779228210449,
      "band_eliminated_acoustic_entropies": [
        {
          "acoustic_entropy": 2.880906820297241,
          "acoustic_entropy_side": 2.8276047706604004,
          "hz": 129.47220167065723
        },
        {
          "acoustic_entropy": 2.7665531635284424,
          "acoustic_entropy_side": 2.874150514602661,
          "hz": 202.92927478742237
        },
        {
          "acoustic_entropy": 2.9580636024475098,
          "acoustic_entropy_side": 2.9502363204956055,
          "hz": 282.89161906338205
        },
        {
          "acoustic_entropy": 2.867042064666748,
          "acoustic_entropy_side": 2.832387924194336,
          "hz": 369.9353335868758
        },
        {
          "acoustic_entropy": 2.911660671234131,
          "acoustic_entropy_side": 2.8219411373138428,
          "hz": 464.6875360973435
        },
        {
          "acoustic_entropy": 2.7996432781219482,
          "acoustic_entropy_side": 2.8574020862579346,
          "hz": 567.8308811364784
        },
        {
          "acoustic_entropy": 2.7573678493499756,
          "acoustic_entropy_side": 2.752875328063965,
          "hz": 680.1084783214808
        },
        {
          "acoustic_entropy": 2.9171226024627686,
          "acoustic_entropy_side": 2.8674070835113525,
          "hz": 802.3292461747484
        },
        {
          "acoustic_entropy": 2.8173348903656006,
          "acoustic_entropy_side": 2.779613971710205,
          "hz": 935.3737400823702
        },
        {
          "acoustic_entropy": 2.8125739097595215,
          "acoustic_entropy_side": 2.854548215866089,
          "hz": 1080.2004963696966
        },
        {
          "acoustic_entropy": 2.811284065246582,
          "acoustic_entropy_side": 2.6974689960479736,
          "hz": 1237.8529382007157
        },
        {
          "acoustic_entropy": 2.7590627670288086,
          "acoustic_entropy_side": 2.8632144927978516,
          "hz": 1409.4668930556702
        },
        {
          "acoustic_entropy": 2.8993828296661377,
          "acoustic_entropy_side": 2.8282244205474854,
          "hz": 1596.2787759475705
        },
        {
          "acoustic_entropy": 3.066221237182617,
          "acoustic_entropy_side": 2.867403030395508,
          "hz": 1799.6344973346393
        },
        {
          "acoustic_entropy": 2.860551357269287,
          "acoustic_entropy_side": 2.877103328704834,
          "hz": 2020.9991599069049
        },
        {
          "acoustic_entropy": 2.998396635055542,
          "acoustic_entropy_side": 2.8761916160583496,
          "hz": 2261.9676141086993
        },
        {
          "acoustic_entropy": 2.912235736846924,
          "acoustic_entropy_side": 2.8570754528045654,
          "hz": 2524.2759484456974
        },
        {
          "acoustic_entropy": 2.905320644378662,
          "acoustic_entropy_side": 2.8542745113372803,
          "hz": 2809.813997359896
        },
        {
          "acoustic_entropy": 2.62612247467041,
          "acoustic_entropy_side": 2.8182742595672607,
          "hz": 3120.6389567871424
        },
        {
          "acoustic_entropy": 2.8609018325805664,
          "acoustic_entropy_side": 2.83889102935791,
          "hz": 3458.990205492291
        },
        {
          "acoustic_entropy": 2.8314523696899414,
          "acoustic_entropy_side": 2.868557929992676,
          "hz": 3827.305438964164
        },
        {
          "acoustic_entropy": 2.840640068054199,
          "acoustic_entropy_side": 2.8298840522766113,
          "hz": 4228.238232109126
        },
        {
          "acoustic_entropy": 2.917491912841797,
          "acoustic_entropy_side": 2.8609251976013184,
          "hz": 4664.6771572759235
        },
        {
          "acoustic_entropy": 2.864724636077881,
          "acoustic_entropy_side": 2.8633105754852295,
          "hz": 5139.766595350093
        },
        {
          "acoustic_entropy": 2.857635259628296,
          "acoustic_entropy_side": 2.852916955947876,
          "hz": 5656.929389854203
        },
        {
          "acoustic_entropy": 2.8644158840179443,
          "acoustic_entropy_side": 2.854491949081421,
          "hz": 6219.891507268283
        },
        {
          "acoustic_entropy": 2.8633899688720703,
          "acoustic_entropy_side": 2.8587076663970947,
          "hz": 6832.70888123896
        },
        {
          "acoustic_entropy": 2.839625597000122,
          "acoustic_entropy_side": 2.851365327835083,
          "hz": 7499.796634079867
        },
        {
          "acoustic_entropy": 2.8387651443481445,
          "acoustic_entropy_side": 2.850160598754883,
          "hz": 8225.96088609342
        },
        {
          "acoustic_entropy": 2.8374481201171875,
          "acoustic_entropy_side": 2.8500800132751465,
          "hz": 9016.43338188839
        },
        {
          "acoustic_entropy": 2.8424665927886963,
          "acoustic_entropy_side": 2.8492777347564697,
          "hz": 9876.909183162974
        },
        {
          "acoustic_entropy": 2.844951629638672,
          "acoustic_entropy_side": 2.8477089405059814,
          "hz": 10813.587699516042
        },
        {
          "acoustic_entropy": 2.8440463542938232,
          "acoustic_entropy_side": 2.844332218170166,
          "hz": 11833.21735289826
        },
        {
          "acoustic_entropy": 2.8425848484039307,
          "acoustic_entropy_side": 2.842575788497925,
          "hz": 12943.144197493959
        },
        {
          "acoustic_entropy": 2.842106580734253,
          "acoustic_entropy_side": 2.842106819152832,
          "hz": 14151.364845322005
        },
        {
          "acoustic_entropy": 2.8419060707092285,
          "acoustic_entropy_side": 2.841907262802124,
          "hz": 15466.58407886509
        },
        {
          "acoustic_entropy": 2.841907262802124,
          "acoustic_entropy_side": 2.8419101238250732,
          "hz": 16898.27756580493
        },
        {
          "acoustic_entropy": 2.841887950897217,
          "acoustic_entropy_side": 2.841888189315796,
          "hz": 18456.760127700032
        },
        {
          "acoustic_entropy": 2.841890811920166,
          "acoustic_entropy_side": 2.841891050338745,
          "hz": 20153.260054456492
        },
        {
          "acoustic_entropy": 2.8418941497802734,
          "acoustic_entropy_side": 2.8418939113616943,
          "hz": 22000.00000000001
        }
      ],
      "diff_acoustic_entropy": 0.8141049742698669,
      "sn": 6
    },
    {
      "acoustic_entropy": 4.948702812194824,
      "acoustic_entropy_mono": 4.585902690887451,
      "band_eliminated_acoustic_entropies": [
        {
          "acoustic_entropy": 4.808125972747803,
          "acoustic_entropy_side": 4.830105304718018,
          "hz": 129.47220167065723
        },
        {
          "acoustic_entropy": 4.920535564422607,
          "acoustic_entropy_side": 4.985014915466309,
          "hz": 202.92927478742237
        },
        {
          "acoustic_entropy": 4.965030670166016,
          "acoustic_entropy_side": 5.0644941329956055,
          "hz": 282.89161906338205
        },
        {
          "acoustic_entropy": 4.837636470794678,
          "acoustic_entropy_side": 4.847362995147705,
          "hz": 369.9353335868758
        },
        {
          "acoustic_entropy": 5.100272178649902,
          "acoustic_entropy_side": 5.048309803009033,
          "hz": 464.6875360973435
        },
        {
          "acoustic_entropy": 4.826394557952881,
          "acoustic_entropy_side": 4.96263313293457,
          "hz": 567.8308811364784
        },
        {
          "acoustic_entropy": 4.756947040557861,
          "acoustic_entropy_side": 4.869852066040039,
          "hz": 680.1084783214808
        },
        {
          "acoustic_entropy": 4.887239456176758,
          "acoustic_entropy_side": 4.85543155670166,
          "hz": 802.3292461747484
        },
        {
          "acoustic_entropy": 4.685941219329834,
          "acoustic_entropy_side": 4.743675708770752,
          "hz": 935.3737400823702
        },
        {
          "acoustic_entropy": 4.974600791931152,
          "acoustic_entropy_side": 4.941802024841309,
          "hz": 1080.2004963696966
        },
        {
          "acoustic_entropy": 4.924973011016846,
          "acoustic_entropy_side": 4.786972999572754,
          "hz": 1237.8529382007157
        },
        {
          "acoustic_entropy": 5.022665023803711,
          "acoustic_entropy_side": 5.066699981689453,
          "hz": 1409.4668930556702
        },
        {
          "acoustic_entropy": 4.484013557434082,
          "acoustic_entropy_side": 4.632557392120361,
          "hz": 1596.2787759475705
        },
        {
          "acoustic_entropy": 5.202670574188232,
          "acoustic_entropy_side": 5.06243371963501,
          "hz": 1799.6344973346393
        },
        {
          "acoustic_entropy": 5.091114044189453,
          "acoustic_entropy_side": 5.033572196960449,
          "hz": 2020.9991599069049
        },
        {
          "acoustic_entropy": 5.175999164581299,
          "acoustic_entropy_side": 4.976963043212891,
          "hz": 2261.9676141086993
        },
        {
          "acoustic_entropy": 5.043450355529785,
          "acoustic_entropy_side": 4.927144527435303,
          "hz": 2524.2759484456974
        },
        {
          "acoustic_entropy": 4.894382476806641,
          "acoustic_entropy_side": 4.931449890136719,
          "hz": 2809.813997359896
        },
        {
          "acoustic_entropy": 4.646420955657959,
          "acoustic_entropy_side": 4.689286231994629,
          "hz": 3120.6389567871424
        },
        {
          "acoustic_entropy": 4.80880880355835,
          "acoustic_entropy_side": 4.787262439727783,
          "hz": 3458.990205492291
        },
        {
          "acoustic_entropy": 4.96418571472168,
          "acoustic_entropy_side": 4.903883934020996,
          "hz": 3827.305438964164
        },
        {
          "acoustic_entropy": 4.8096699714660645,
          "acoustic_entropy_side": 4.889543056488037,
          "hz": 4228.238232109126
        },
        {
          "acoustic_entropy": 4.928743362426758,
          "acoustic_entropy_side": 4.927035808563232,
          "hz": 4664.6771572759235
        },
        {
          "acoustic_entropy": 4.939962863922119,
          "acoustic_entropy_side": 4.952057361602783,
          "hz": 5139.766595350093
        },
        {
          "acoustic_entropy": 4.907517910003662,
          "acoustic_entropy_side": 4.93835973739624,
          "hz": 5656.929389854203
        },
        {
          "acoustic_entropy": 4.964962005615234,
          "acoustic_entropy_side": 4.959094524383545,
          "hz": 6219.891507268283
        },
        {
          "acoustic_entropy": 4.932025909423828,
          "acoustic_entropy_side": 4.954626083374023,
          "hz": 6832.70888123896
        },
        {
          "acoustic_entropy": 4.96338415145874,
          "acoustic_entropy_side": 4.972739219665527,
          "hz": 7499.796634079867
        },
        {
          "acoustic_entropy": 4.965966701507568,
          "acoustic_entropy_side": 4.974242687225342,
          "hz": 8225.96088609342
        },
        {
          "acoustic_entropy": 4.988144397735596,
          "acoustic_entropy_side": 4.986678600311279,
          "hz": 9016.43338188839
        },
        {
          "acoustic_entropy": 4.994792461395264,
          "acoustic_entropy_side": 4.993821620941162,
          "hz": 9876.909183162974
        },
        {
          "acoustic_entropy": 4.996100425720215,
          "acoustic_entropy_side": 4.993163108825684,
          "hz": 10813.587699516042
        },
        {
          "acoustic_entropy": 4.981449604034424,
          "acoustic_entropy_side": 4.9799933433532715,
          "hz": 11833.21735289826
        },
        {
          "acoustic_entropy": 4.968786239624023,
          "acoustic_entropy_side": 4.968530654907227,
          "hz": 12943.144197493959
        },
        {
          "acoustic_entropy": 4.960930347442627,
          "acoustic_entropy_side": 4.960811614990234,
          "hz": 14151.364845322005
        },
        {
          "acoustic_entropy": 4.955484867095947,
          "acoustic_entropy_side": 4.955430507659912,
          "hz": 15466.58407886509
        },
        {
          "acoustic_entropy": 4.952165126800537,
          "acoustic_entropy_side": 4.952128887176514,
          "hz": 16898.27756580493
        },
        {
          "acoustic_entropy": 4.950057506561279,
          "acoustic_entropy_side": 4.95003604888916,
          "hz": 18456.760127700032
        },
        {
          "acoustic_entropy": 4.948971271514893,
          "acoustic_entropy_side": 4.948960304260254,
          "hz": 20153.260054456492
        },
        {
          "acoustic_entropy": 4.94871711730957,
          "acoustic_entropy_side": 4.948714733123779,
          "hz": 22000.00000000001
        }
      ],
      "diff_acoustic_entropy": 2.0292720794677734,
      "sn": 12
    },
    {
      "acoustic_entropy": 8.871759414672852,
      "acoustic_entropy_mono": 7.2931227684021,
      "band_eliminated_acoustic_entropies": [
        {
          "acoustic_entropy": 8.717190742492676,
          "acoustic_entropy_side": 8.697470664978027,
          "hz": 129.47220167065723
        },
        {
          "acoustic_entropy": 8.973747253417969,
          "acoustic_entropy_side": 9.177828788757324,
          "hz": 202.92927478742237
        },
        {
          "acoustic_entropy": 8.834845542907715,
          "acoustic_entropy_side": 8.466817855834961,
          "hz": 282.89161906338205
        },
        {
          "acoustic_entropy": 8.742681503295898,
          "acoustic_entropy_side": 8.802241325378418,
          "hz": 369.9353335868758
        },
        {
          "acoustic_entropy": 8.466592788696289,
          "acoustic_entropy_side": 8.71085262298584,
          "hz": 464.6875360973435
        },
        {
          "acoustic_entropy": 8.520682334899902,
          "acoustic_entropy_side": 8.739068984985352,
          "hz": 567.8308811364784
        },
        {
          "acoustic_entropy": 8.724698066711426,
          "acoustic_entropy_side": 8.639510154724121,
          "hz": 680.1084783214808
        },
        {
          "acoustic_entropy": 8.618621826171875,
          "acoustic_entropy_side": 8.631000518798828,
          "hz": 802.3292461747484
        },
        {
          "acoustic_entropy": 8.458651542663574,
          "acoustic_entropy_side": 8.516888618469238,
          "hz": 935.3737400823702
        },
        {
          "acoustic_entropy": 9.087272644042969,
          "acoustic_entropy_side": 8.868423461914062,
          "hz": 1080.2004963696966
        },
        {
          "acoustic_entropy": 8.397613525390625,
          "acoustic_entropy_side": 8.466885566711426,
          "hz": 1237.8529382007157
        },
        {
          "acoustic_entropy": 8.872742652893066,
          "acoustic_entropy_side": 8.615160942077637,
          "hz": 1409.4668930556702
        },
        {
          "acoustic_entropy": 8.519272804260254,
          "acoustic_entropy_side": 8.5816650390625,
          "hz": 1596.2787759475705
        },
        {
          "acoustic_entropy": 8.666110038757324,
          "acoustic_entropy_side": 8.893133163452148,
          "hz": 1799.6344973346393
        },
        {
          "acoustic_entropy": 8.707850456237793,
          "acoustic_entropy_side": 9.004880905151367,
          "hz": 2020.9991599069049
        },
        {
          "acoustic_entropy": 8.702394485473633,
          "acoustic_entropy_side": 8.798372268676758,
          "hz": 2261.9676141086993
        },
        {
          "acoustic_entropy": 8.764043807983398,
          "acoustic_entropy_side": 8.877175331115723,
          "hz": 2524.2759484456974
        },
        {
          "acoustic_entropy": 8.815632820129395,
          "acoustic_entropy_side": 8.89915657043457,
          "hz": 2809.813997359896
        },
        {
          "acoustic_entropy": 7.565479755401611,
          "acoustic_entropy_side": 8.066568374633789,
