{
  "acoustic_entropy": 190.2158203125,
  "bands": [
    {
      "high_freq": 148.1999969482422,
      "loudness": -46.52092361450195,
      "loudness_range": 25.311996459960938,
      "mid_mean": -44.69655227661133,
      "mid_to_side_loudness": -4.840602397918701,
      "mid_to_side_loudness_range": 7.362915515899658,
      "side_mean": -50.56153869628906
    },
    {
      "high_freq": 392.3793640136719,
      "loudness": -40.32209777832031,
      "loudness_range": 15.403526306152344,
      "low_freq": 148.1999969482422,
      "mid_mean": -37.74134063720703,
      "mid_to_side_loudness": -6.365519046783447,
      "mid_to_side_loudness_range": 10.841303825378418,
      "side_mean": -44.24245834350586
    },
    {
      "high_freq": 794.6976318359375,
      "loudness": -35.451961517333984,
      "loudness_range": 22.924320220947266,
      "low_freq": 392.3793640136719,
      "mid_mean": -32.4427375793457,
      "mid_to_side_loudness": -8.505022048950195,
      "mid_to_side_loudness_range": 11.071189880371094,
      "side_mean": -41.207950592041016
    },
    {
      "high_freq": 1457.5709228515625,
      "loudness": -38.75914001464844,
      "loudness_range": 25.92109489440918,
      "low_freq": 794.6976318359375,
      "mid_mean": -36.059017181396484,
      "mid_to_side_loudness": -6.894292831420898,
      "mid_to_side_loudness_range": 11.22220516204834,
      "side_mean": -43.0726203918457
    },
    {
      "high_freq": 2549.74365234375,
      "loudness": -40.12130355834961,
      "loudness_range": 25.63138771057129,
      "low_freq": 1457.5709228515625,
      "mid_mean": -37.30158233642578,
      "mid_to_side_loudness": -7.805469036102295,
      "mid_to_side_loudness_range": 11.410198211669922,
      "side_mean": -45.28692626953125
    },
    {
      "high_freq": 4349.24462890625,
      "loudness": -43.0249137878418,
      "loudness_range": 26.105545043945312,
      "low_freq": 2549.74365234375,
      "mid_mean": -39.96488952636719,
      "mid_to_side_loudness": -9.586708068847656,
      "mid_to_side_loudness_range": 13.523758888244629,
      "side_mean": -50.083953857421875
    },
    {
      "high_freq": 7314.1640625,
      "loudness": -57.72039794921875,
      "loudness_range": 19.128265380859375,
      "low_freq": 4349.24462890625,
      "mid_mean": -54.58466339111328,
      "mid_to_side_loudness": -7.970227241516113,
      "mid_to_side_loudness_range": 9.408100128173828,
      "side_mean": -61.52509689331055
    },
    {
      "high_freq": 12199.2666015625,
      "loudness": -60.56657409667969,
      "loudness_range": 21.809383392333984,
      "low_freq": 7314.1640625,
      "mid_mean": -57.00394058227539,
      "mid_to_side_loudness": -9.360526084899902,
      "mid_to_side_loudness_range": 11.110507011413574,
      "side_mean": -64.20783233642578
    },
    {
      "loudness": -73.4131851196289,
      "loudness_range": 18.747650146484375,
      "low_freq": 12199.2666015625,
      "mid_mean": -66.4690933227539,
      "mid_to_side_loudness": -6.928060054779053,
      "mid_to_side_loudness_range": 16.943653106689453,
      "side_mean": -68.831298828125
    }
  ],
  "bands_short": [
    {
      "high_freq": 148.1999969482422,
      "loudness": -49.38744354248047,
      "loudness_range": 30.031871795654297,
      "mid_mean": -49.123653411865234,
      "mid_to_side_loudness": -4.5748419761657715,
      "mid_to_side_loudness_range": 11.783943176269531,
      "side_mean": -53.38463592529297
    },
    {
      "high_freq": 392.3793640136719,
      "loudness": -41.630863189697266,
      "loudness_range": 19.322467803955078,
      "low_freq": 148.1999969482422,
      "mid_mean": -39.32950973510742,
      "mid_to_side_loudness": -5.527496337890625,
      "mid_to_side_loudness_range": 12.659117698669434,
      "side_mean": -45.16742706298828
    },
    {
      "high_freq": 794.6976318359375,
      "loudness": -36.7840576171875,
      "loudness_range": 25.361648559570312,
      "low_freq": 392.3793640136719,
      "mid_mean": -34.03352737426758,
      "mid_to_side_loudness": -7.544543743133545,
      "mid_to_side_loudness_range": 14.207298278808594,
      "side_mean": -41.998836517333984
    },
    {
      "high_freq": 1457.5709228515625,
      "loudness": -39.54035186767578,
      "loudness_range": 28.318113327026367,
      "low_freq": 794.6976318359375,
      "mid_mean": -37.143428802490234,
      "mid_to_side_loudness": -6.123660087585449,
      "mid_to_side_loudness_range": 14.060270309448242,
      "side_mean": -43.57215118408203
    },
    {
      "high_freq": 2549.74365234375,
      "loudness": -41.43819808959961,
      "loudness_range": 28.069013595581055,
      "low_freq": 1457.5709228515625,
      "mid_mean": -38.84076690673828,
      "mid_to_side_loudness": -6.881795883178711,
      "mid_to_side_loudness_range": 13.666254043579102,
      "side_mean": -46.09577941894531
    },
    {
      "high_freq": 4349.24462890625,
      "loudness": -44.467411041259766,
      "loudness_range": 28.867263793945312,
      "low_freq": 2549.74365234375,
      "mid_mean": -41.68900680541992,
      "mid_to_side_loudness": -8.244529724121094,
      "mid_to_side_loudness_range": 14.682156562805176,
      "side_mean": -50.61384963989258
    },
    {
      "high_freq": 7314.1640625,
      "loudness": -59.257781982421875,
      "loudness_range": 21.924781799316406,
      "low_freq": 4349.24462890625,
      "mid_mean": -56.15115737915039,
      "mid_to_side_loudness": -7.059922695159912,
      "mid_to_side_loudness_range": 10.161956787109375,
      "side_mean": -62.12570571899414
    },
    {
      "high_freq": 12199.2666015625,
      "loudness": -63.129451751708984,
      "loudness_range": 24.625713348388672,
      "low_freq": 7314.1640625,
      "mid_mean": -59.31789016723633,
      "mid_to_side_loudness": -8.592338562011719,
      "mid_to_side_loudness_range": 11.223665237426758,
      "side_mean": -65.3263931274414
    },
    {
      "loudness": -74.88304138183594,
      "loudness_range": 20.399036407470703,
      "low_freq": 12199.2666015625,
      "mid_mean": -67.18548583984375,
      "mid_to_side_loudness": -6.354034423828125,
      "mid_to_side_loudness_range": 14.077428817749023,
      "side_mean": -69.01803588867188
    }
  ],
  "bandwidth": 861.2420043945312,
  "channels": 2,
  "covariance": [
    [
      85.80335998535156,
      77.80574035644531,
      14.83774185180664,
      18.07786750793457,
      14.000164985656738,
      14.798629760742188,
      25.02268409729004,
      20.36590003967285,
      19.500446319580078,
      15.53633975982666,
      22.202884674072266,
      15.885894775390625,
      9.429118156433105,
      6.3412675857543945,
      4.016522407531738,
      -1.2544488906860352,
      2.23337721824646,
      -0.6729183793067932
    ],
    [
      77.80574035644531,
      94.15221405029297,
      14.04083251953125,
      22.720605850219727,
      15.857305526733398,
      18.118650436401367,
      28.05229949951172,
      25.032495498657227,
      20.81536865234375,
      18.597211837768555,
      24.548017501831055,
      21.51851463317871,
      12.360333442687988,
      9.821977615356445,
      4.736119747161865,
      0.307405024766922,
      1.702819585800171,
      -0.20126913487911224
    ],
    [
      14.83774185180664,
      14.04083251953125,
      35.17837142944336,
      29.647197723388672,
      16.615482330322266,
      19.41522216796875,
      16.22764015197754,
      15.59343433380127,
      20.239931106567383,
      17.261627197265625,
      21.25776481628418,
      17.698400497436523,
      9.945826530456543,
      6.301235198974609,
      8.041738510131836,
      3.534398078918457,
      3.029311418533325,
      0.9657220840454102
    ],
    [
      18.07786750793457,
      22.720605850219727,
      29.647197723388672,
      42.74312210083008,
      24.8234920501709,
      29.450040817260742,
      24.763669967651367,
      24.814422607421875,
      24.054288864135742,
      23.96573829650879,
      26.031953811645508,
      23.816606521606445,
      11.167669296264648,
      8.268857955932617,
      8.615636825561523,
      4.445650577545166,
      2.457895517349243,
      0.9560019969940186
    ],
    [
      14.000164985656738,
      15.857305526733398,
      16.615482330322266,
      24.8234920501709,
      61.3153190612793,
      47.19718551635742,
      45.097068786621094,
      38.29503631591797,
      43.67268371582031,
      34.51924133300781,
      47.23310470581055,
      34.40357208251953,
      16.166500091552734,
      9.819253921508789,
      12.524567604064941,
      3.2298436164855957,
      3.2365498542785645,
      -0.1579451858997345
    ],
    [
      14.798629760742188,
      18.118650436401367,
      19.41522216796875,
      29.450040817260742,
      47.19718551635742,
      52.89699172973633,
      39.495548248291016,
      38.2628173828125,
      36.94403076171875,
      36.27275466918945,
      37.35538101196289,
      33.528961181640625,
      14.740392684936523,
      11.282258987426758,
      10.874086380004883,
      5.2509331703186035,
      2.697357416152954,
      0.8575600385665894
    ],
    [
      25.02268409729004,
      28.05229949951172,
      16.22764015197754,
      24.763669967651367,
      45.097068786621094,
      39.495548248291016,
      77.73318481445312,
      58.2044792175293,
      50.11104965209961,
      41.371585845947266,
      55.8621711730957,
      40.07521057128906,
      19.953330993652344,
      12.305964469909668,
      11.74931526184082,
      1.4780311584472656,
      4.948815822601318,
      -0.34776565432548523
    ],
    [
      20.36590003967285,
      25.032495498657227,
      15.59343433380127,
      24.814422607421875,
      38.29503631591797,
      38.2628173828125,
      58.2044792175293,
      56.90266036987305,
      41.53689956665039,
      38.85163116455078,
      41.61796569824219,
      34.45392990112305,
      18.24034881591797,
      12.877902030944824,
      11.610028266906738,
      3.7689902782440186,
      4.228318214416504,
      0.3027836084365845
    ],
    [
      19.500446319580078,
      20.81536865234375,
      20.239931106567383,
      24.054288864135742,
      43.67268371582031,
      36.94403076171875,
      50.11104965209961,
      41.53689956665039,
      77.00721740722656,
      56.1283073425293,
      68.77582550048828,
      50.99524688720703,
      26.636775970458984,
      17.60309410095215,
      17.833934783935547,
      5.219147205352783,
      6.837950706481934,
      1.0345019102096558
    ],
    [
      15.53633975982666,
      18.597211837768555,
      17.261627197265625,
      23.96573829650879,
      34.51924133300781,
      36.27275466918945,
      41.371585845947266,
      38.85163116455078,
      56.1283073425293,
      55.14786148071289,
      47.83428192138672,
      44.34602355957031,
      23.54388427734375,
      19.13496971130371,
      14.484460830688477,
      8.016497611999512,
      4.891119480133057,
      2.4035165309906006
    ],
    [
      22.202884674072266,
      24.548017501831055,
      21.25776481628418,
      26.031953811645508,
      47.23310470581055,
      37.35538101196289,
      55.8621711730957,
      41.61796569824219,
      68.77582550048828,
      47.83428192138672,
      87.37608337402344,
      56.565330505371094,
      28.81888771057129,
      16.943700790405273,
      19.293678283691406,
      3.587287187576294,
      7.524000644683838,
      0.09052541851997375
    ],
    [
      15.885894775390625,
      21.51851463317871,
      17.698400497436523,
      23.816606521606445,
      34.40357208251953,
      33.528961181640625,
      40.07521057128906,
      34.45392990112305,
      50.99524688720703,
      44.34602355957031,
      56.565330505371094,
      53.07292556762695,
      28.239028930664062,
      21.477930068969727,
      18.952068328857422,
      9.81298542022705,
      6.3221869468688965,
      2.6865756511688232
    ],
    [
      9.429118156433105,
      12.360333442687988,
      9.945826530456543,
      11.167669296264648,
      16.166500091552734,
      14.740392684936523,
      19.953330993652344,
      18.24034881591797,
      26.636775970458984,
      23.54388427734375,
      28.81888771057129,
      28.239028930664062,
      41.54103088378906,
      27.67365837097168,
      34.91524887084961,
      20.914501190185547,
      14.264699935913086,
      5.073177337646484
    ],
    [
      6.3412675857543945,
      9.821977615356445,
      6.301235198974609,
      8.268857955932617,
      9.819253921508789,
      11.282258987426758,
      12.305964469909668,
      12.877902030944824,
      17.60309410095215,
      19.13496971130371,
      16.943700790405273,
      21.477930068969727,
      27.67365837097168,
      24.49957275390625,
      21.077444076538086,
      16.815324783325195,
      7.977553844451904,
      4.878298282623291
    ],
    [
      4.016522407531738,
      4.736119747161865,
      8.041738510131836,
      8.615636825561523,
      12.524567604064941,
      10.874086380004883,
      11.74931526184082,
      11.610028266906738,
      17.833934783935547,
      14.484460830688477,
      19.293678283691406,
      18.952068328857422,
      34.91524887084961,
      21.077444076538086,
      44.82828903198242,
      26.58152961730957,
      18.726839065551758,
      6.364389896392822
    ],
    [
      -1.2544488906860352,
      0.307405024766922,
      3.534398078918457,
      4.445650577545166,
      3.2298436164855957,
      5.2509331703186035,
      1.4780311584472656,
      3.7689902782440186,
      5.219147205352783,
      8.016497611999512,
      3.587287187576294,
      9.81298542022705,
      20.914501190185547,
      16.815324783325195,
      26.58152961730957,
      21.76131248474121,
      10.865339279174805,
      6.257556915283203
    ],
    [
      2.23337721824646,
      1.702819585800171,
      3.029311418533325,
      2.457895517349243,
      3.2365498542785645,
      2.697357416152954,
      4.948815822601318,
      4.228318214416504,
      6.837950706481934,
      4.891119480133057,
      7.524000644683838,
      6.3221869468688965,
      14.264699935913086,
      7.977553844451904,
      18.726839065551758,
      10.865339279174805,
      11.624750137329102,
      3.1454241275787354
    ],
    [
      -0.6729183793067932,
      -0.20126913487911224,
      0.9657220840454102,
      0.9560019969940186,
      -0.1579451858997345,
      0.8575600385665894,
      -0.34776565432548523,
      0.3027836084365845,
      1.0345019102096558,
      2.4035165309906006,
      0.09052541851997375,
      2.6865756511688232,
      5.073177337646484,
      4.878298282623291,
      6.364389896392822,
      6.257556915283203,
      3.1454241275787354,
      2.6024298667907715
    ]
  ],
  "covariance_short": [
    [
      128.45762634277344,
      109.8092269897461,
      27.317352294921875,
      33.19063186645508,
      23.472972869873047,
      22.475364685058594,
      34.235572814941406,
      29.94873809814453,
      27.91802215576172,
      23.77906608581543,
      32.547569274902344,
      25.43036460876465,
      15.517717361450195,
      10.58059310913086,
      6.590398788452148,
      0.8141056895256042,
      1.6722310781478882,
      -0.4965774118900299
    ],
    [
      109.8092269897461,
      108.52809143066406,
      23.443456649780273,
      30.181188583374023,
      20.443893432617188,
      19.687538146972656,
      30.495975494384766,
      26.833154678344727,
      24.560646057128906,
      21.49543571472168,
      29.33824920654297,
      24.503875732421875,
      15.003137588500977,
      10.538620948791504,
      6.454066276550293,
      1.3814177513122559,
      1.4942060708999634,
      -0.24239271879196167
    ],
    [
      27.317352294921875,
      23.443456649780273,
      50.59342956542969,
      38.38444519042969,
      27.03864860534668,
      27.560523986816406,
      25.80608367919922,
      24.36217498779297,
      27.271488189697266,
      23.799510955810547,
      28.109167098999023,
      23.09429168701172,
      11.22333812713623,
      6.353945732116699,
      7.138772964477539,
      1.5409780740737915,
      1.6876461505889893,
      -0.37286093831062317
    ],
    [
      33.19063186645508,
      30.181188583374023,
      38.38444519042969,
      52.72148513793945,
      31.815404891967773,
      34.474266052246094,
      29.56074333190918,
      30.272661209106445,
      27.892940521240234,
      27.861263275146484,
      30.202991485595703,
      27.29276466369629,
      13.428840637207031,
      8.9075345993042,
      9.336462020874023,
      3.755218505859375,
      2.5611355304718018,
      0.27864113450050354
    ],
    [
      23.472972869873047,
      20.443893432617188,
      27.03864860534668,
      31.815404891967773,
      76.02459716796875,
      52.32246017456055,
      49.82124710083008,
      42.19498062133789,
      51.15838623046875,
      39.92608642578125,
      55.567325592041016,
      40.0946159362793,
      20.8652400970459,
      12.006463050842285,
      15.64128303527832,
      3.8358709812164307,
      2.035482168197632,
      -0.7076762318611145
    ],
    [
      22.475364685058594,
      19.687538146972656,
      27.560523986816406,
      34.474266052246094,
      52.32246017456055,
      59.142059326171875,
      42.06209945678711,
      41.44504928588867,
      40.03916549682617,
      38.76938247680664,
      40.06888198852539,
      36.52045440673828,
      17.821624755859375,
      12.37352466583252,
      13.136636734008789,
      5.653814315795898,
      2.9573681354522705,
      0.4322294592857361
    ],
    [
      34.235572814941406,
      30.495975494384766,
      25.80608367919922,
      29.56074333190918,
      49.82124710083008,
      42.06209945678711,
      90.20661926269531,
      63.88915252685547,
      59.24639129638672,
      47.05754089355469,
      66.5138168334961,
      45.98055648803711,
      27.957744598388672,
      16.799579620361328,
      17.39560317993164,
      4.704936981201172,
      4.753944396972656,
      -0.14406558871269226
    ],
    [
      29.94873809814453,
      26.833154678344727,
      24.36217498779297,
      30.272661209106445,
      42.19498062133789,
      41.44504928588867,
      63.88915252685547,
      66.07547760009766,
      47.84965133666992,
      44.522090911865234,
      47.6522331237793,
      40.06624984741211,
      24.126121520996094,
      16.27171516418457,
      15.52242374420166,
      5.737062931060791,
      4.705876350402832,
      0.4262666404247284
    ],
    [
      27.91802215576172,
      24.560646057128906,
      27.271488189697266,
      27.892940521240234,
      51.15838623046875,
      40.03916549682617,
      59.24639129638672,
      47.84965133666992,
      91.66585540771484,
      63.079307556152344,
      81.9178695678711,
      57.973236083984375,
      35.27375030517578,
      21.917028427124023,
      24.66991424560547,
      8.360148429870605,
      7.3122735023498535,
      0.9347378015518188
    ],
    [
      23.77906608581543,
      21.49543571472168,
      23.799510955810547,
      27.861263275146484,
      39.92608642578125,
      38.76938247680664,
      47.05754089355469,
      44.522090911865234,
      63.079307556152344,
      62.307090759277344,
      55.47572708129883,
      49.86735534667969,
      29.700727462768555,
      21.47124481201172,
      19.409313201904297,
      9.40913200378418,
      6.004354000091553,
      1.8706218004226685
    ],
    [
      32.547569274902344,
      29.33824920654297,
      28.109167098999023,
      30.202991485595703,
      55.567325592041016,
      40.06888198852539,
      66.5138168334961,
      47.6522331237793,
      81.9178695678711,
      55.47572708129883,
      107.78193664550781,
      66.748291015625,
      41.05556869506836,
      23.86317253112793,
      29.402910232543945,
      9.029997825622559,
      8.108271598815918,
      0.8007664680480957
    ],
    [
      25.43036460876465,
      24.503875732421875,
      23.09429168701172,
      27.29276466369629,
      40.0946159362793,
      36.52045440673828,
      45.98055648803711,
      40.06624984741211,
      57.973236083984375,
      49.86735534667969,
      66.748291015625,
      61.24533462524414,
      35.96546936035156,
      25.048656463623047,
      25.267276763916016,
      12.322897911071777,
      7.595303058624268,
      2.7143380641937256
    ],
    [
      15.517717361450195,
      15.003137588500977,
      11.22333812713623,
      13.428840637207031,
      20.8652400970459,
      17.821624755859375,
      27.957744598388672,
      24.126121520996094,
      35.27375030517578,
      29.700727462768555,
      41.05556869506836,
      35.96546936035156,
      49.54685974121094,
      31.638090133666992,
      40.41566467285156,
      22.90485382080078,
      15.699522972106934,
      5.988711833953857
    ],
    [
      10.58059310913086,
      10.538620948791504,
      6.353945732116699,
      8.9075345993042,
      12.006463050842285,
      12.37352466583252,
      16.799579620361328,
      16.27171516418457,
      21.917028427124023,
      21.47124481201172,
      23.86317253112793,
      25.048656463623047,
      31.638090133666992,
      26.415782928466797,
      24.070390701293945,
      17.345470428466797,
      9.095023155212402,
      5.043567657470703
    ],
    [
      6.590398788452148,
      6.454066276550293,
      7.138772964477539,
      9.336462020874023,
      15.64128303527832,
      13.136636734008789,
      17.39560317993164,
      15.52242374420166,
      24.66991424560547,
      19.409313201904297,
      29.402910232543945,
      25.267276763916016,
      40.41566467285156,
      24.070390701293945,
      50.91507339477539,
      28.396560668945312,
      20.095428466796875,
      7.607919692993164
    ],
    [
      0.8141056895256042,
      1.3814177513122559,
      1.5409780740737915,
      3.755218505859375,
      3.8358709812164307,
      5.653814315795898,
      4.704936981201172,
      5.737062931060791,
      8.360148429870605,
      9.40913200378418,
      9.029997825622559,
      12.322897911071777,
      22.90485382080078,
      17.345470428466797,
      28.396560668945312,
      21.548419952392578,
      11.741787910461426,
      6.657251834869385
    ],
    [
      1.6722310781478882,
      1.4942060708999634,
      1.6876461505889893,
      2.5611355304718018,
      2.035482168197632,
      2.9573681354522705,
      4.753944396972656,
      4.705876350402832,
      7.3122735023498535,
      6.004354000091553,
      8.108271598815918,
      7.595303058624268,
      15.699522972106934,
      9.095023155212402,
      20.095428466796875,
      11.741787910461426,
      12.354273796081543,
      4.147350311279297
    ],
    [
      -0.4965774118900299,
      -0.24239271879196167,
      -0.37286093831062317,
      0.27864113450050354,
      -0.7076762318611145,
      0.4322294592857361,
      -0.14406558871269226,
      0.4262666404247284,
      0.9347378015518188,
      1.8706218004226685,
      0.8007664680480957,
      2.7143380641937256,
      5.988711833953857,
      5.043567657470703,
      7.607919692993164,
      6.657251834869385,
      4.147350311279297,
      3.038499593734741
    ]
  ],
  "damage": -17.074146270751953,
  "diff_bandwidth": 873.6135864257812,
  "dissonance": 9.196771456582693,
  "drr": 9.767804145812988,
  "dynamics": 5.3548760414123535,
  "format": 1245190,
  "frames": 13502400,
  "loudness": -25.2352352142334,
  "loudness_range": 18.587413787841797,
  "loudness_range_short": 21.74125099182129,
  "lowpass_true_peak_15khz": -5.758129596710205,
  "mastering3_acoustic_entropies": [
    {
      "acoustic_entropy": 7.94207763671875,
      "acoustic_entropy_mono": 8.034296989440918,
      "band_eliminated_acoustic_entropies": [
        {
          "acoustic_entropy": 7.928300380706787,
          "acoustic_entropy_side": 7.938965797424316,
          "hz": 129.47220167065723
        },
        {
          "acoustic_entropy": 7.948223114013672,
          "acoustic_entropy_side": 7.929153919219971,
          "hz": 202.92927478742237
        },
        {
          "acoustic_entropy": 8.019424438476562,
          "acoustic_entropy_side": 7.920897960662842,
          "hz": 282.89161906338205
        },
        {
          "acoustic_entropy": 8.061018943786621,
          "acoustic_entropy_side": 7.913161277770996,
          "hz": 369.9353335868758
        },
        {
          "acoustic_entropy": 8.425521850585938,
          "acoustic_entropy_side": 7.811544418334961,
          "hz": 464.6875360973435
        },
        {
          "acoustic_entropy": 8.700956344604492,
          "acoustic_entropy_side": 7.887962818145752,
          "hz": 567.8308811364784
        },
        {
          "acoustic_entropy": 8.88150691986084,
          "acoustic_entropy_side": 7.9508256912231445,
          "hz": 680.1084783214808
        },
        {
          "acoustic_entropy": 8.518889427185059,
          "acoustic_entropy_side": 8.150457382202148,
          "hz": 802.3292461747484
        },
        {
          "acoustic_entropy": 8.468475341796875,
          "acoustic_entropy_side": 7.742976188659668,
          "hz": 935.3737400823702
        },
        {
          "acoustic_entropy": 7.9770917892456055,
          "acoustic_entropy_side": 7.824629306793213,
          "hz": 1080.2004963696966
        },
        {
          "acoustic_entropy": 8.642598152160645,
          "acoustic_entropy_side": 7.909121513366699,
          "hz": 1237.8529382007157
        },
        {
          "acoustic_entropy": 8.877870559692383,
          "acoustic_entropy_side": 8.026597023010254,
          "hz": 1409.4668930556702
        },
        {
          "acoustic_entropy": 8.033792495727539,
          "acoustic_entropy_side": 8.021445274353027,
          "hz": 1596.2787759475705
        },
        {
          "acoustic_entropy": 8.347925186157227,
          "acoustic_entropy_side": 7.779226303100586,
          "hz": 1799.6344973346393
        },
        {
          "acoustic_entropy": 8.07529354095459,
          "acoustic_entropy_side": 7.740151882171631,
          "hz": 2020.9991599069049
        },
        {
          "acoustic_entropy": 7.966710567474365,
          "acoustic_entropy_side": 7.905106544494629,
          "hz": 2261.9676141086993
        },
        {
          "acoustic_entropy": 8.001293182373047,
          "acoustic_entropy_side": 7.919293403625488,
          "hz": 2524.2759484456974
        },
        {
          "acoustic_entropy": 8.443346977233887,
          "acoustic_entropy_side": 7.93751859664917,
          "hz": 2809.813997359896
        },
        {
          "acoustic_entropy": 8.0506591796875,
          "acoustic_entropy_side": 7.940501689910889,
          "hz": 3120.6389567871424
        },
        {
          "acoustic_entropy": 8.09164047241211,
          "acoustic_entropy_side": 7.943403244018555,
          "hz": 3458.990205492291
        },
        {
          "acoustic_entropy": 7.928970813751221,
          "acoustic_entropy_side": 7.940330505371094,
          "hz": 3827.305438964164
        },
        {
          "acoustic_entropy": 8.107488632202148,
          "acoustic_entropy_side": 7.938573360443115,
          "hz": 4228.238232109126
        },
        {
          "acoustic_entropy": 7.9312872886657715,
          "acoustic_entropy_side": 7.939485549926758,
          "hz": 4664.6771572759235
        },
        {
          "acoustic_entropy": 7.933590888977051,
          "acoustic_entropy_side": 7.941421031951904,
          "hz": 5139.766595350093
        },
        {
          "acoustic_entropy": 7.94097375869751,
          "acoustic_entropy_side": 7.941803455352783,
          "hz": 5656.929389854203
        },
        {
          "acoustic_entropy": 7.940712928771973,
          "acoustic_entropy_side": 7.941857814788818,
          "hz": 6219.891507268283
        },
        {
          "acoustic_entropy": 7.938426971435547,
          "acoustic_entropy_side": 7.941882133483887,
          "hz": 6832.70888123896
        },
        {
          "acoustic_entropy": 7.937977313995361,
          "acoustic_entropy_side": 7.9419474601745605,
          "hz": 7499.796634079867
        },
        {
          "acoustic_entropy": 7.939974308013916,
          "acoustic_entropy_side": 7.942020416259766,
          "hz": 8225.96088609342
        },
        {
          "acoustic_entropy": 7.942942142486572,
          "acoustic_entropy_side": 7.942138195037842,
          "hz": 9016.43338188839
        },
        {
          "acoustic_entropy": 7.945477485656738,
          "acoustic_entropy_side": 7.942161560058594,
          "hz": 9876.909183162974
        },
        {
          "acoustic_entropy": 7.945694446563721,
          "acoustic_entropy_side": 7.9421539306640625,
          "hz": 10813.587699516042
        },
        {
          "acoustic_entropy": 7.946110248565674,
          "acoustic_entropy_side": 7.942111492156982,
          "hz": 11833.21735289826
        },
        {
          "acoustic_entropy": 7.943767547607422,
          "acoustic_entropy_side": 7.942081928253174,
          "hz": 12943.144197493959
        },
        {
          "acoustic_entropy": 7.942389011383057,
          "acoustic_entropy_side": 7.942075729370117,
          "hz": 14151.364845322005
        },
        {
          "acoustic_entropy": 7.942115306854248,
          "acoustic_entropy_side": 7.942077159881592,
          "hz": 15466.58407886509
        },
        {
          "acoustic_entropy": 7.942080974578857,
          "acoustic_entropy_side": 7.94207763671875,
          "hz": 16898.27756580493
        },
        {
          "acoustic_entropy": 7.942078113555908,
          "acoustic_entropy_side": 7.94207763671875,
          "hz": 18456.760127700032
        },
        {
          "acoustic_entropy": 7.94207763671875,
          "acoustic_entropy_side": 7.94207763671875,
          "hz": 20153.260054456492
        },
        {
          "acoustic_entropy": 7.94207763671875,
          "acoustic_entropy_side": 7.94207763671875,
          "hz": 22000.00000000001
        }
      ],
      "diff_acoustic_entropy": 4.7199788093566895,
      "sn": 6
    },
    {
      "acoustic_entropy": 11.64750862121582,
      "acoustic_entropy_mono": 12.471622467041016,
      "band_eliminated_acoustic_entropies": [
        {
          "acoustic_entropy": 11.799530982971191,
          "acoustic_entropy_side": 11.719684600830078,
          "hz": 129.47220167065723
        },
        {
          "acoustic_entropy": 11.61834716796875,
          "acoustic_entropy_side": 11.833062171936035,
          "hz": 202.92927478742237
        },
        {
          "acoustic_entropy": 12.884147644042969,
          "acoustic_entropy_side": 11.94751262664795,
          "hz": 282.89161906338205
        },
        {
          "acoustic_entropy": 12.458561897277832,
          "acoustic_entropy_side": 11.864527702331543,
          "hz": 369.9353335868758
        },
        {
          "acoustic_entropy": 12.456321716308594,
          "acoustic_entropy_side": 11.8121919631958,
          "hz": 464.6875360973435
        },
        {
          "acoustic_entropy": 12.302271842956543,
          "acoustic_entropy_side": 11.623809814453125,
          "hz": 567.8308811364784
        },
        {
          "acoustic_entropy": 12.679417610168457,
          "acoustic_entropy_side": 12.039072036743164,
          "hz": 680.1084783214808
        },
        {
          "acoustic_entropy": 12.277392387390137,
          "acoustic_entropy_side": 12.338366508483887,
          "hz": 802.3292461747484
        },
        {
          "acoustic_entropy": 13.042558670043945,
          "acoustic_entropy_side": 11.910728454589844,
          "hz": 935.3737400823702
        },
        {
          "acoustic_entropy": 12.404065132141113,
          "acoustic_entropy_side": 11.772232055664062,
          "hz": 1080.2004963696966
        },
        {
          "acoustic_entropy": 12.041190147399902,
          "acoustic_entropy_side": 12.017645835876465,
          "hz": 1237.8529382007157
        },
        {
          "acoustic_entropy": 12.256906509399414,
          "acoustic_entropy_side": 11.670711517333984,
          "hz": 1409.4668930556702
        },
        {
          "acoustic_entropy": 11.583142280578613,
          "acoustic_entropy_side": 11.721308708190918,
          "hz": 1596.2787759475705
        },
        {
          "acoustic_entropy": 12.649272918701172,
          "acoustic_entropy_side": 12.122340202331543,
          "hz": 1799.6344973346393
        },
        {
          "acoustic_entropy": 12.578384399414062,
          "acoustic_entropy_side": 11.995783805847168,
          "hz": 2020.9991599069049
        },
        {
          "acoustic_entropy": 11.641205787658691,
          "acoustic_entropy_side": 11.576805114746094,
          "hz": 2261.9676141086993
        },
        {
          "acoustic_entropy": 11.652017593383789,
          "acoustic_entropy_side": 11.63990306854248,
          "hz": 2524.2759484456974
        },
        {
          "acoustic_entropy": 11.579681396484375,
          "acoustic_entropy_side": 11.688211441040039,
          "hz": 2809.813997359896
        },
        {
          "acoustic_entropy": 12.10349178314209,
          "acoustic_entropy_side": 11.763863563537598,
          "hz": 3120.6389567871424
        },
        {
          "acoustic_entropy": 12.179903030395508,
          "acoustic_entropy_side": 11.622960090637207,
          "hz": 3458.990205492291
        },
        {
          "acoustic_entropy": 11.314607620239258,
          "acoustic_entropy_side": 11.596437454223633,
          "hz": 3827.305438964164
        },
        {
          "acoustic_entropy": 11.483172416687012,
          "acoustic_entropy_side": 11.647536277770996,
          "hz": 4228.238232109126
        },
        {
          "acoustic_entropy": 11.71071720123291,
          "acoustic_entropy_side": 11.653766632080078,
          "hz": 4664.6771572759235
        },
        {
          "acoustic_entropy": 11.723803520202637,
          "acoustic_entropy_side": 11.651139259338379,
          "hz": 5139.766595350093
        },
        {
          "acoustic_entropy": 11.723968505859375,
          "acoustic_entropy_side": 11.647331237792969,
          "hz": 5656.929389854203
        },
        {
          "acoustic_entropy": 11.72978401184082,
          "acoustic_entropy_side": 11.646650314331055,
          "hz": 6219.891507268283
        },
        {
          "acoustic_entropy": 11.744625091552734,
          "acoustic_entropy_side": 11.646136283874512,
          "hz": 6832.70888123896
        },
        {
          "acoustic_entropy": 11.759811401367188,
          "acoustic_entropy_side": 11.646239280700684,
          "hz": 7499.796634079867
        },
        {
          "acoustic_entropy": 11.759475708007812,
          "acoustic_entropy_side": 11.64610481262207,
          "hz": 8225.96088609342
        },
        {
          "acoustic_entropy": 11.782689094543457,
          "acoustic_entropy_side": 11.646440505981445,
          "hz": 9016.43338188839
        },
        {
          "acoustic_entropy": 11.729790687561035,
          "acoustic_entropy_side": 11.64664077758789,
          "hz": 9876.909183162974
        },
        {
          "acoustic_entropy": 11.70751953125,
          "acoustic_entropy_side": 11.646021842956543,
          "hz": 10813.587699516042
        },
        {
          "acoustic_entropy": 11.66696548461914,
          "acoustic_entropy_side": 11.647104263305664,
          "hz": 11833.21735289826
        },
        {
          "acoustic_entropy": 11.643193244934082,
          "acoustic_entropy_side": 11.64743709564209,
          "hz": 12943.144197493959
        },
        {
          "acoustic_entropy": 11.6455659866333,
          "acoustic_entropy_side": 11.647488594055176,
          "hz": 14151.364845322005
        },
        {
          "acoustic_entropy": 11.647173881530762,
          "acoustic_entropy_side": 11.647501945495605,
          "hz": 15466.58407886509
        },
        {
          "acoustic_entropy": 11.647445678710938,
          "acoustic_entropy_side": 11.647504806518555,
          "hz": 16898.27756580493
        },
        {
          "acoustic_entropy": 11.647497177124023,
          "acoustic_entropy_side": 11.647504806518555,
          "hz": 18456.760127700032
        },
        {
          "acoustic_entropy": 11.647506713867188,
          "acoustic_entropy_side": 11.64750862121582,
          "hz": 20153.260054456492
        },
        {
          "acoustic_entropy": 11.64750862121582,
          "acoustic_entropy_side": 11.64750862121582,
          "hz": 22000.00000000001
        }
      ],
      "diff_acoustic_entropy": 8.223450660705566,
      "sn": 12
    },
    {
      "acoustic_entropy": 20.374887466430664,
      "acoustic_entropy_mono": 17.379179000854492,
      "band_eliminated_acoustic_entropies": [
        {
          "acoustic_entropy": 19.743276596069336,
          "acoustic_entropy_side": 20.3603458404541,
          "hz": 129.47220167065723
        },
        {
          "acoustic_entropy": 20.65723419189453,
          "acoustic_entropy_side": 19.84307861328125,
          "hz": 202.92927478742237
        },
        {
          "acoustic_entropy": 19.683961868286133,
          "acoustic_entropy_side": 20.206188201904297,
          "hz": 282.89161906338205
        },
        {
          "acoustic_entropy": 21.850027084350586,
          "acoustic_entropy_side": 20.98772621154785,
          "hz": 369.9353335868758
        },
        {
          "acoustic_entropy": 22.541488647460938,
          "acoustic_entropy_side": 20.22508430480957,
          "hz": 464.6875360973435
        },
        {
          "acoustic_entropy": 21.663816452026367,
          "acoustic_entropy_side": 20.233348846435547,
          "hz": 567.8308811364784
        },
        {
          "acoustic_entropy": 20.501441955566406,
          "acoustic_entropy_side": 20.467140197753906,
          "hz": 680.1084783214808
        },
        {
          "acoustic_entropy": 20.95259666442871,
          "acoustic_entropy_side": 20.850133895874023,
          "hz": 802.3292461747484
        },
        {
          "acoustic_entropy": 21.09290885925293,
          "acoustic_entropy_side": 20.78961753845215,
          "hz": 935.3737400823702
        },
        {
          "acoustic_entropy": 19.552776336669922,
          "acoustic_entropy_side": 20.053085327148438,
          "hz": 1080.2004963696966
        },
        {
          "acoustic_entropy": 19.765047073364258,
          "acoustic_entropy_side": 19.568260192871094,
          "hz": 1237.8529382007157
        },
        {
          "acoustic_entropy": 21.27605438232422,
          "acoustic_entropy_side": 21.002973556518555,
          "hz": 1409.4668930556702
        },
        {
          "acoustic_entropy": 20.443090438842773,
          "acoustic_entropy_side": 20.175426483154297,
          "hz": 1596.2787759475705
        },
        {
          "acoustic_entropy": 21.704072952270508,
          "acoustic_entropy_side": 21.382625579833984,
          "hz": 1799.6344973346393
        },
        {
          "acoustic_entropy": 20.56781768798828,
          "acoustic_entropy_side": 20.5949764251709,
          "hz": 2020.9991599069049
        },
        {
          "acoustic_entropy": 20.30738067626953,
          "acoustic_entropy_side": 20.30384063720703,
          "hz": 2261.9676141086993
        },
        {
          "acoustic_entropy": 21.17426300048828,
          "acoustic_entropy_side": 20.772878646850586,
          "hz": 2524.2759484456974
        },
        {
          "acoustic_entropy": 20.214136123657227,
          "acoustic_entropy_side": 20.500078201293945,
          "hz": 2809.813997359896
        },
        {
          "acoustic_entropy": 20.16994857788086,
          "acoustic_entropy_side": 20.187292098999023,
