{
  "acoustic_entropy": 151.4980926513672,
  "bands": [
    {
      "high_freq": 148.1999969482422,
      "loudness": -26.54973030090332,
      "loudness_range": 17.6197566986084,
      "mid_mean": -23.492658615112305,
      "mid_to_side_loudness": -13.83436393737793,
      "mid_to_side_loudness_range": 18.932411193847656,
      "side_mean": -39.138893127441406
    },
    {
      "high_freq": 392.3793640136719,
      "loudness": -24.06338119506836,
      "loudness_range": 16.264625549316406,
      "low_freq": 148.1999969482422,
      "mid_mean": -21.04437255859375,
      "mid_to_side_loudness": -12.905142784118652,
      "mid_to_side_loudness_range": 16.546667098999023,
      "side_mean": -35.358428955078125
    },
    {
      "high_freq": 794.6976318359375,
      "loudness": -23.273847579956055,
      "loudness_range": 15.033624649047852,
      "low_freq": 392.3793640136719,
      "mid_mean": -20.270751953125,
      "mid_to_side_loudness": -8.570124626159668,
      "mid_to_side_loudness_range": 11.514145851135254,
      "side_mean": -29.56675910949707
    },
    {
      "high_freq": 1457.5709228515625,
      "loudness": -27.632783889770508,
      "loudness_range": 11.103395462036133,
      "low_freq": 794.6976318359375,
      "mid_mean": -24.996095657348633,
      "mid_to_side_loudness": -6.777900695800781,
      "mid_to_side_loudness_range": 11.876663208007812,
      "side_mean": -32.861385345458984
    },
    {
      "high_freq": 2549.74365234375,
      "loudness": -36.14812469482422,
      "loudness_range": 11.272459030151367,
      "low_freq": 1457.5709228515625,
      "mid_mean": -33.5456657409668,
      "mid_to_side_loudness": -6.18544864654541,
      "mid_to_side_loudness_range": 5.421313285827637,
      "side_mean": -40.16414260864258
    },
    {
      "high_freq": 4349.24462890625,
      "loudness": -36.74568557739258,
      "loudness_range": 10.609378814697266,
      "low_freq": 2549.74365234375,
      "mid_mean": -34.02389144897461,
      "mid_to_side_loudness": -8.119037628173828,
      "mid_to_side_loudness_range": 9.7564115524292,
      "side_mean": -42.90135955810547
    },
    {
      "high_freq": 7314.1640625,
      "loudness": -40.61848068237305,
      "loudness_range": 11.267402648925781,
      "low_freq": 4349.24462890625,
      "mid_mean": -37.59156799316406,
      "mid_to_side_loudness": -10.435186386108398,
      "mid_to_side_loudness_range": 10.807628631591797,
      "side_mean": -51.50614929199219
    },
    {
      "high_freq": 12199.2666015625,
      "loudness": -40.86613082885742,
      "loudness_range": 13.30208969116211,
      "low_freq": 7314.1640625,
      "mid_mean": -37.520023345947266,
      "mid_to_side_loudness": -10.308226585388184,
      "mid_to_side_loudness_range": 7.550159931182861,
      "side_mean": -51.40009689331055
    },
    {
      "loudness": -45.18247604370117,
      "loudness_range": 10.253669738769531,
      "low_freq": 12199.2666015625,
      "mid_mean": -42.05393981933594,
      "mid_to_side_loudness": -9.119738578796387,
      "mid_to_side_loudness_range": 5.91248083114624,
      "side_mean": -54.03403854370117
    }
  ],
  "bands_short": [
    {
      "high_freq": 148.1999969482422,
      "loudness": -30.634130477905273,
      "loudness_range": 25.858789443969727,
      "mid_mean": -27.948617935180664,
      "mid_to_side_loudness": -13.293889045715332,
      "mid_to_side_loudness_range": 22.580907821655273,
      "side_mean": -42.61076354980469
    },
    {
      "high_freq": 392.3793640136719,
      "loudness": -24.933361053466797,
      "loudness_range": 21.262638092041016,
      "low_freq": 148.1999969482422,
      "mid_mean": -22.076025009155273,
      "mid_to_side_loudness": -12.372664451599121,
      "mid_to_side_loudness_range": 18.814285278320312,
      "side_mean": -35.58466720581055
    },
    {
      "high_freq": 794.6976318359375,
      "loudness": -24.70662498474121,
      "loudness_range": 19.499977111816406,
      "low_freq": 392.3793640136719,
      "mid_mean": -22.06708335876465,
      "mid_to_side_loudness": -8.450571060180664,
      "mid_to_side_loudness_range": 14.591581344604492,
      "side_mean": -31.210582733154297
    },
    {
      "high_freq": 1457.5709228515625,
      "loudness": -27.721099853515625,
      "loudness_range": 16.168073654174805,
      "low_freq": 794.6976318359375,
      "mid_mean": -25.299354553222656,
      "mid_to_side_loudness": -6.960020542144775,
      "mid_to_side_loudness_range": 14.20150089263916,
      "side_mean": -33.270729064941406
    },
    {
      "high_freq": 2549.74365234375,
      "loudness": -38.136680603027344,
      "loudness_range": 17.667207717895508,
      "low_freq": 1457.5709228515625,
      "mid_mean": -35.86151885986328,
      "mid_to_side_loudness": -5.622080326080322,
      "mid_to_side_loudness_range": 10.052125930786133,
      "side_mean": -42.077491760253906
    },
    {
      "high_freq": 4349.24462890625,
      "loudness": -39.44852828979492,
      "loudness_range": 20.02933692932129,
      "low_freq": 2549.74365234375,
      "mid_mean": -37.10077667236328,
      "mid_to_side_loudness": -6.461864471435547,
      "mid_to_side_loudness_range": 12.127532005310059,
      "side_mean": -44.46103286743164
    },
    {
      "high_freq": 7314.1640625,
      "loudness": -43.67789840698242,
      "loudness_range": 20.204605102539062,
      "low_freq": 4349.24462890625,
      "mid_mean": -40.75760269165039,
      "mid_to_side_loudness": -9.229408264160156,
      "mid_to_side_loudness_range": 12.883618354797363,
      "side_mean": -53.231693267822266
    },
    {
      "high_freq": 12199.2666015625,
      "loudness": -43.46420669555664,
      "loudness_range": 18.540138244628906,
      "low_freq": 7314.1640625,
      "mid_mean": -40.650604248046875,
      "mid_to_side_loudness": -9.20427417755127,
      "mid_to_side_loudness_range": 10.595290184020996,
      "side_mean": -53.09110641479492
    },
    {
      "loudness": -47.019493103027344,
      "loudness_range": 17.4276123046875,
      "low_freq": 12199.2666015625,
      "mid_mean": -44.5166015625,
      "mid_to_side_loudness": -8.279864311218262,
      "mid_to_side_loudness_range": 9.445130348205566,
      "side_mean": -55.17647933959961
    }
  ],
  "bandwidth": 488.95489501953125,
  "channels": 2,
  "covariance": [
    [
      58.25357437133789,
      42.833553314208984,
      37.234981536865234,
      29.53402328491211,
      25.91099739074707,
      27.71425437927246,
      23.98526382446289,
      32.41783905029297,
      17.052473068237305,
      25.024240493774414,
      20.453140258789062,
      22.250598907470703,
      21.690073013305664,
      27.889108657836914,
      17.480697631835938,
      26.623044967651367,
      20.063196182250977,
      24.960105895996094
    ],
    [
      42.833553314208984,
      43.44540023803711,
      30.221332550048828,
      28.654937744140625,
      23.95555305480957,
      25.640535354614258,
      20.0256404876709,
      27.390172958374023,
      14.438218116760254,
      21.404827117919922,
      18.257333755493164,
      18.754655838012695,
      19.74797248840332,
      28.723726272583008,
      16.715953826904297,
      28.74306297302246,
      17.886157989501953,
      25.92523193359375
    ],
    [
      37.234981536865234,
      30.221332550048828,
      51.43178939819336,
      43.04155731201172,
      38.73579025268555,
      36.385066986083984,
      22.601499557495117,
      28.974504470825195,
      24.478755950927734,
      26.603849411010742,
      21.585912704467773,
      28.58462905883789,
      19.553314208984375,
      33.01057052612305,
      17.810129165649414,
      32.70089340209961,
      23.026817321777344,
      31.894668579101562
    ],
    [
      29.53402328491211,
      28.654937744140625,
      43.04155731201172,
      47.577999114990234,
      34.69038009643555,
      33.430419921875,
      22.253019332885742,
      26.449913024902344,
      22.700870513916016,
      23.051799774169922,
      20.324384689331055,
      28.74646759033203,
      18.52029800415039,
      33.82068634033203,
      18.348039627075195,
      35.60307312011719,
      23.01128578186035,
      33.32103729248047
    ],
    [
      25.91099739074707,
      23.95555305480957,
      38.73579025268555,
      34.69038009643555,
      39.630863189697266,
      35.05478286743164,
      16.963851928710938,
      23.50297737121582,
      20.391952514648438,
      20.810375213623047,
      19.299156188964844,
      23.850605010986328,
      18.476261138916016,
      30.402685165405273,
      18.43522834777832,
      30.72184181213379,
      20.664318084716797,
      28.680164337158203
    ],
    [
      27.71425437927246,
      25.640535354614258,
      36.385066986083984,
      33.430419921875,
      35.05478286743164,
      35.54494094848633,
      19.884382247924805,
      24.40143585205078,
      20.09737777709961,
      21.881776809692383,
      19.741348266601562,
      23.972225189208984,
      20.0677433013916,
      30.95122528076172,
      20.496891021728516,
      32.609153747558594,
      21.478517532348633,
      28.875202178955078
    ],
    [
      23.98526382446289,
      20.0256404876709,
      22.601499557495117,
      22.253019332885742,
      16.963851928710938,
      19.884382247924805,
      40.13243103027344,
      27.56255531311035,
      26.472562789916992,
      26.475366592407227,
      28.303905487060547,
      27.87324333190918,
      25.586362838745117,
      20.199949264526367,
      23.098125457763672,
      22.537099838256836,
      23.95940399169922,
      20.45106315612793
    ],
    [
      32.41783905029297,
      27.390172958374023,
      28.974504470825195,
      26.449913024902344,
      23.50297737121582,
      24.40143585205078,
      27.56255531311035,
      37.05316162109375,
      21.781051635742188,
      28.347049713134766,
      24.922142028808594,
      28.312164306640625,
      23.396080017089844,
      24.796459197998047,
      18.640493392944336,
      24.091917037963867,
      21.40601921081543,
      23.661075592041016
    ],
    [
      17.052473068237305,
      14.438218116760254,
      24.478755950927734,
      22.700870513916016,
      20.391952514648438,
      20.09737777709961,
      26.472562789916992,
      21.781051635742188,
      25.934755325317383,
      24.38511085510254,
      25.33979606628418,
      26.016887664794922,
      22.396080017089844,
      19.05600357055664,
      20.792905807495117,
      20.999046325683594,
      22.083335876464844,
      19.327259063720703
    ],
    [
      25.024240493774414,
      21.404827117919922,
      26.603849411010742,
      23.051799774169922,
      20.810375213623047,
      21.881776809692383,
      26.475366592407227,
      28.347049713134766,
      24.38511085510254,
      31.352584838867188,
      23.999162673950195,
      29.906784057617188,
      21.67451286315918,
      21.900434494018555,
      19.801578521728516,
      23.369184494018555,
      20.806907653808594,
      20.946414947509766
    ],
    [
      20.453140258789062,
      18.257333755493164,
      21.585912704467773,
      20.324384689331055,
      19.299156188964844,
      19.741348266601562,
      28.303905487060547,
      24.922142028808594,
      25.33979606628418,
      23.999162673950195,
      31.220674514770508,
      26.452470779418945,
      28.824453353881836,
      19.967565536499023,
      25.47116470336914,
      22.56441879272461,
      25.224178314208984,
      20.28666877746582
    ],
    [
      22.250598907470703,
      18.754655838012695,
      28.58462905883789,
      28.74646759033203,
      23.850605010986328,
      23.972225189208984,
      27.87324333190918,
      28.312164306640625,
      26.016887664794922,
      29.906784057617188,
      26.452470779418945,
      34.41089630126953,
      23.45042610168457,
      24.205078125,
      22.873579025268555,
      26.88955307006836,
      24.0993595123291,
      23.93616485595703
    ],
    [
      21.690073013305664,
      19.74797248840332,
      19.553314208984375,
      18.52029800415039,
      18.476261138916016,
      20.0677433013916,
      25.586362838745117,
      23.396080017089844,
      22.396080017089844,
      21.67451286315918,
      28.824453353881836,
      23.45042610168457,
      30.68010139465332,
      22.181467056274414,
      28.915142059326172,
      25.135204315185547,
      26.286720275878906,
      21.245677947998047
    ],
    [
      27.889108657836914,
      28.723726272583008,
      33.01057052612305,
      33.82068634033203,
      30.402685165405273,
      30.95122528076172,
      20.199949264526367,
      24.796459197998047,
      19.05600357055664,
      21.900434494018555,
      19.967565536499023,
      24.205078125,
      22.181467056274414,
      70.19441223144531,
      22.990076065063477,
      71.40686798095703,
      22.623069763183594,
      61.33379364013672
    ],
    [
      17.480697631835938,
      16.715953826904297,
      17.810129165649414,
      18.348039627075195,
      18.43522834777832,
      20.496891021728516,
      23.098125457763672,
      18.640493392944336,
      20.792905807495117,
      19.801578521728516,
      25.47116470336914,
      22.873579025268555,
      28.915142059326172,
      22.990076065063477,
      34.6411247253418,
      29.19729995727539,
      26.52020263671875,
      22.325355529785156
    ],
    [
      26.623044967651367,
      28.74306297302246,
      32.70089340209961,
      35.60307312011719,
      30.72184181213379,
      32.609153747558594,
      22.537099838256836,
      24.091917037963867,
      20.999046325683594,
      23.369184494018555,
      22.56441879272461,
      26.88955307006836,
      25.135204315185547,
      71.40686798095703,
      29.19729995727539,
      77.2590103149414,
      26.284584045410156,
      64.28434753417969
    ],
    [
      20.063196182250977,
      17.886157989501953,
      23.026817321777344,
      23.01128578186035,
      20.664318084716797,
      21.478517532348633,
      23.95940399169922,
      21.40601921081543,
      22.083335876464844,
      20.806907653808594,
      25.224178314208984,
      24.0993595123291,
      26.286720275878906,
      22.623069763183594,
      26.52020263671875,
      26.284584045410156,
      26.17997169494629,
      22.530643463134766
    ],
    [
      24.960105895996094,
      25.92523193359375,
      31.894668579101562,
      33.32103729248047,
      28.680164337158203,
      28.875202178955078,
      20.45106315612793,
      23.661075592041016,
      19.327259063720703,
      20.946414947509766,
      20.28666877746582,
      23.93616485595703,
      21.245677947998047,
      61.33379364013672,
      22.325355529785156,
      64.28434753417969,
      22.530643463134766,
      55.96700668334961
    ]
  ],
  "covariance_short": [
    [
      96.20462036132812,
      47.71902847290039,
      64.62178802490234,
      34.63932800292969,
      40.183868408203125,
      35.208152770996094,
      21.572589874267578,
      30.64971923828125,
      16.6053409576416,
      28.74378776550293,
      18.5060977935791,
      27.42433738708496,
      18.51793670654297,
      29.004039764404297,
      17.838346481323242,
      26.68355369567871,
      27.419931411743164,
      26.530437469482422
    ],
    [
      47.71902847290039,
      56.202117919921875,
      34.04718780517578,
      26.777374267578125,
      26.50399398803711,
      25.870166778564453,
      19.26799774169922,
      24.68647003173828,
      15.330179214477539,
      23.16568374633789,
      18.233240127563477,
      24.367698669433594,
      18.746156692504883,
      28.228641510009766,
      18.91012191772461,
      27.728485107421875,
      23.417617797851562,
      26.422197341918945
    ],
    [
      64.62178802490234,
      34.04718780517578,
      77.55392456054688,
      44.15348815917969,
      52.62632751464844,
      40.040443420410156,
      21.521669387817383,
      29.101776123046875,
      30.189144134521484,
      31.9596004486084,
      26.061567306518555,
      35.35853576660156,
      23.0384521484375,
      32.69196319580078,
      23.644424438476562,
      30.779314041137695,
      34.6182861328125,
      32.45651626586914
    ],
    [
      34.63932800292969,
      26.777374267578125,
      44.15348815917969,
      44.98078536987305,
      36.28960037231445,
      31.96108055114746,
      18.65533447265625,
      23.15804672241211,
      23.84967613220215,
      24.83517074584961,
      20.29779624938965,
      29.369911193847656,
      18.283214569091797,
      29.821231842041016,
      20.43923568725586,
      30.821510314941406,
      28.457674026489258,
      30.224401473999023
    ],
    [
      40.183868408203125,
      26.50399398803711,
      52.62632751464844,
      36.28960037231445,
      60.13755798339844,
      44.50585174560547,
      16.7319393157959,
      24.1657657623291,
      29.536142349243164,
      28.856842041015625,
      24.466983795166016,
      32.00056457519531,
      24.66666030883789,
      33.343936920166016,
      25.294010162353516,
      32.35236358642578,
      32.74152374267578,
      32.493961334228516
    ],
    [
      35.208152770996094,
      25.870166778564453,
      40.040443420410156,
      31.96108055114746,
      44.50585174560547,
      50.398956298828125,
      22.84626007080078,
      24.155487060546875,
      26.448490142822266,
      27.378835678100586,
      24.344593048095703,
      30.373186111450195,
      26.120946884155273,
      33.521644592285156,
      28.24837875366211,
      35.521728515625,
      33.30708312988281,
      33.559200286865234
    ],
    [
      21.572589874267578,
      19.26799774169922,
      21.521669387817383,
      18.65533447265625,
      16.7319393157959,
      22.84626007080078,
      47.49268341064453,
      27.61451530456543,
      32.31393814086914,
      28.504919052124023,
      33.564449310302734,
      30.41286277770996,
      30.250423431396484,
      24.150068283081055,
      32.5219612121582,
      26.5990047454834,
      28.98150634765625,
      24.584064483642578
    ],
    [
      30.64971923828125,
      24.68647003173828,
      29.101776123046875,
      23.15804672241211,
      24.1657657623291,
      24.155487060546875,
      27.61451530456543,
      40.194156646728516,
      30.52394676208496,
      36.35240173339844,
      31.143939971923828,
      35.94781494140625,
      28.234468460083008,
      28.27166175842285,
      26.453763961791992,
      27.819318771362305,
      28.928531646728516,
      25.673112869262695
    ],
    [
      16.6053409576416,
      15.330179214477539,
      30.189144134521484,
      23.84967613220215,
      29.536142349243164,
      26.448490142822266,
      32.31393814086914,
      30.52394676208496,
      49.029483795166016,
      40.346275329589844,
      44.93137741088867,
      39.86619186401367,
      39.60538101196289,
      31.78925132751465,
      38.00553894042969,
      31.65268325805664,
      36.99370193481445,
      29.418859481811523
    ],
    [
      28.74378776550293,
      23.16568374633789,
      31.9596004486084,
      24.83517074584961,
      28.856842041015625,
      27.378835678100586,
      28.504919052124023,
      36.35240173339844,
      40.346275329589844,
      49.248470306396484,
      36.84033203125,
      44.066490173339844,
      30.944778442382812,
      31.804004669189453,
      29.684587478637695,
      31.5571346282959,
      30.413288116455078,
      28.73628044128418
    ],
    [
      18.5060977935791,
      18.233240127563477,
      26.061567306518555,
      20.29779624938965,
      24.466983795166016,
      24.344593048095703,
      33.564449310302734,
      31.143939971923828,
      44.93137741088867,
      36.84033203125,
      57.0360107421875,
      42.23903274536133,
      49.547080993652344,
      35.538055419921875,
      45.860687255859375,
      35.0125846862793,
      42.96023941040039,
      31.430049896240234
    ],
    [
      27.42433738708496,
      24.367698669433594,
      35.35853576660156,
      29.369911193847656,
      32.00056457519531,
      30.373186111450195,
      30.41286277770996,
      35.94781494140625,
      39.86619186401367,
      44.066490173339844,
      42.23903274536133,
      52.24734878540039,
      34.31814193725586,
      36.8286018371582,
      35.087955474853516,
      37.39775466918945,
      36.593719482421875,
      34.07151794433594
    ],
    [
      18.51793670654297,
      18.746156692504883,
      23.0384521484375,
      18.283214569091797,
      24.66666030883789,
      26.120946884155273,
      30.250423431396484,
      28.234468460083008,
      39.60538101196289,
      30.944778442382812,
      49.547080993652344,
      34.31814193725586,
      58.505767822265625,
      39.59383773803711,
      52.54601287841797,
      39.202308654785156,
      46.86284637451172,
      33.354610443115234
    ],
    [
      29.004039764404297,
      28.228641510009766,
      32.69196319580078,
      29.821231842041016,
      33.343936920166016,
      33.521644592285156,
      24.150068283081055,
      28.27166175842285,
      31.78925132751465,
      31.804004669189453,
      35.538055419921875,
      36.8286018371582,
      39.59383773803711,
      75.5314712524414,
      39.13258361816406,
      73.44854736328125,
      40.603023529052734,
      64.49140930175781
    ],
    [
      17.838346481323242,
      18.91012191772461,
      23.644424438476562,
      20.43923568725586,
      25.294010162353516,
      28.24837875366211,
      32.5219612121582,
      26.453763961791992,
      38.00553894042969,
      29.684587478637695,
      45.860687255859375,
      35.087955474853516,
      52.54601287841797,
      39.13258361816406,
      58.154502868652344,
      43.089229583740234,
      48.11058807373047,
      35.16680908203125
    ],
    [
      26.68355369567871,
      27.728485107421875,
      30.779314041137695,
      30.821510314941406,
      32.35236358642578,
      35.521728515625,
      26.5990047454834,
      27.819318771362305,
      31.65268325805664,
      31.5571346282959,
      35.0125846862793,
      37.39775466918945,
      39.202308654785156,
      73.44854736328125,
      43.089229583740234,
      77.92925262451172,
      43.03135299682617,
      66.61933898925781
    ],
    [
      27.419931411743164,
      23.417617797851562,
      34.6182861328125,
      28.457674026489258,
      32.74152374267578,
      33.30708312988281,
      28.98150634765625,
      28.928531646728516,
      36.99370193481445,
      30.413288116455078,
      42.96023941040039,
      36.593719482421875,
      46.86284637451172,
      40.603023529052734,
      48.11058807373047,
      43.03135299682617,
      51.50191116333008,
      37.98701477050781
    ],
    [
      26.530437469482422,
      26.422197341918945,
      32.45651626586914,
      30.224401473999023,
      32.493961334228516,
      33.559200286865234,
      24.584064483642578,
      25.673112869262695,
      29.418859481811523,
      28.73628044128418,
      31.430049896240234,
      34.07151794433594,
      33.354610443115234,
      64.49140930175781,
      35.16680908203125,
      66.61933898925781,
      37.98701477050781,
      60.430824279785156
    ]
  ],
  "damage": -8.779476165771484,
  "diff_bandwidth": 475.66851806640625,
  "dissonance": 7.122771322774496,
  "drr": 2.6651294231414795,
  "dynamics": 3.321359634399414,
  "format": 1245190,
  "frames": 763904,
  "loudness": -13.800333976745605,
  "loudness_range": 8.895252227783203,
  "loudness_range_short": 13.876449584960938,
  "lowpass_true_peak_15khz": 0.06176537647843361,
  "mastering3_acoustic_entropies": [
    {
      "acoustic_entropy": 6.106478691101074,
      "acoustic_entropy_mono": 6.342277526855469,
      "band_eliminated_acoustic_entropies": [
        {
          "acoustic_entropy": 6.1226348876953125,
          "acoustic_entropy_side": 6.106560707092285,
          "hz": 129.47220167065723
        },
        {
          "acoustic_entropy": 6.191254615783691,
          "acoustic_entropy_side": 6.107283592224121,
          "hz": 202.92927478742237
        },
        {
          "acoustic_entropy": 6.502659797668457,
          "acoustic_entropy_side": 6.1042561531066895,
          "hz": 282.89161906338205
        },
        {
          "acoustic_entropy": 6.136531829833984,
          "acoustic_entropy_side": 6.1045145988464355,
          "hz": 369.9353335868758
        },
        {
          "acoustic_entropy": 6.137691974639893,
          "acoustic_entropy_side": 6.194388389587402,
          "hz": 464.6875360973435
        },
        {
          "acoustic_entropy": 6.208148956298828,
          "acoustic_entropy_side": 6.20410680770874,
          "hz": 567.8308811364784
        },
        {
          "acoustic_entropy": 6.343529224395752,
          "acoustic_entropy_side": 6.205990791320801,
          "hz": 680.1084783214808
        },
        {
          "acoustic_entropy": 6.152083873748779,
          "acoustic_entropy_side": 6.047125339508057,
          "hz": 802.3292461747484
        },
        {
          "acoustic_entropy": 6.01168155670166,
          "acoustic_entropy_side": 6.172648906707764,
          "hz": 935.3737400823702
        },
        {
          "acoustic_entropy": 6.19592809677124,
          "acoustic_entropy_side": 6.100010871887207,
          "hz": 1080.2004963696966
        },
        {
          "acoustic_entropy": 6.635105609893799,
          "acoustic_entropy_side": 6.070137977600098,
          "hz": 1237.8529382007157
        },
        {
          "acoustic_entropy": 6.1485676765441895,
          "acoustic_entropy_side": 6.118447303771973,
          "hz": 1409.4668930556702
        },
        {
          "acoustic_entropy": 6.1577982902526855,
          "acoustic_entropy_side": 6.095691680908203,
          "hz": 1596.2787759475705
        },
        {
          "acoustic_entropy": 6.103817462921143,
          "acoustic_entropy_side": 6.109828948974609,
          "hz": 1799.6344973346393
        },
        {
          "acoustic_entropy": 6.089486598968506,
          "acoustic_entropy_side": 6.109076976776123,
          "hz": 2020.9991599069049
        },
        {
          "acoustic_entropy": 6.115473747253418,
          "acoustic_entropy_side": 6.108946800231934,
          "hz": 2261.9676141086993
        },
        {
          "acoustic_entropy": 6.0969719886779785,
          "acoustic_entropy_side": 6.116891384124756,
          "hz": 2524.2759484456974
        },
        {
          "acoustic_entropy": 6.079844951629639,
          "acoustic_entropy_side": 6.119966983795166,
          "hz": 2809.813997359896
        },
        {
          "acoustic_entropy": 6.092555522918701,
          "acoustic_entropy_side": 6.1079182624816895,
          "hz": 3120.6389567871424
        },
        {
          "acoustic_entropy": 6.07472562789917,
          "acoustic_entropy_side": 6.10837984085083,
          "hz": 3458.990205492291
        },
        {
          "acoustic_entropy": 6.083939075469971,
          "acoustic_entropy_side": 6.105240345001221,
          "hz": 3827.305438964164
        },
        {
          "acoustic_entropy": 6.070931911468506,
          "acoustic_entropy_side": 6.107934474945068,
          "hz": 4228.238232109126
        },
        {
          "acoustic_entropy": 6.068798542022705,
          "acoustic_entropy_side": 6.104640960693359,
          "hz": 4664.6771572759235
        },
        {
          "acoustic_entropy": 6.0897297859191895,
          "acoustic_entropy_side": 6.10635232925415,
          "hz": 5139.766595350093
        },
        {
          "acoustic_entropy": 6.092314720153809,
          "acoustic_entropy_side": 6.10645055770874,
          "hz": 5656.929389854203
        },
        {
          "acoustic_entropy": 6.08036994934082,
          "acoustic_entropy_side": 6.106462478637695,
          "hz": 6219.891507268283
        },
        {
          "acoustic_entropy": 6.077110290527344,
          "acoustic_entropy_side": 6.106044769287109,
          "hz": 6832.70888123896
        },
        {
          "acoustic_entropy": 6.0871357917785645,
          "acoustic_entropy_side": 6.106103420257568,
          "hz": 7499.796634079867
        },
        {
          "acoustic_entropy": 6.082539081573486,
          "acoustic_entropy_side": 6.106049060821533,
          "hz": 8225.96088609342
        },
        {
          "acoustic_entropy": 6.077786445617676,
          "acoustic_entropy_side": 6.106098651885986,
          "hz": 9016.43338188839
        },
        {
          "acoustic_entropy": 6.065974712371826,
          "acoustic_entropy_side": 6.105288028717041,
          "hz": 9876.909183162974
        },
        {
          "acoustic_entropy": 6.154876708984375,
          "acoustic_entropy_side": 6.101502895355225,
          "hz": 10813.587699516042
        },
        {
          "acoustic_entropy": 6.13002347946167,
          "acoustic_entropy_side": 6.100080490112305,
          "hz": 11833.21735289826
        },
        {
          "acoustic_entropy": 6.093307018280029,
          "acoustic_entropy_side": 6.103024482727051,
          "hz": 12943.144197493959
        },
        {
          "acoustic_entropy": 6.074160575866699,
          "acoustic_entropy_side": 6.105926036834717,
          "hz": 14151.364845322005
        },
        {
          "acoustic_entropy": 6.086863994598389,
          "acoustic_entropy_side": 6.106411457061768,
          "hz": 15466.58407886509
        },
        {
          "acoustic_entropy": 6.100524425506592,
          "acoustic_entropy_side": 6.106476783752441,
          "hz": 16898.27756580493
        },
        {
          "acoustic_entropy": 6.1038970947265625,
          "acoustic_entropy_side": 6.106485366821289,
          "hz": 18456.760127700032
        },
        {
          "acoustic_entropy": 6.104423999786377,
          "acoustic_entropy_side": 6.106472969055176,
          "hz": 20153.260054456492
        },
        {
          "acoustic_entropy": 6.106186866760254,
          "acoustic_entropy_side": 6.1064772605896,
          "hz": 22000.00000000001
        }
      ],
      "diff_acoustic_entropy": 5.578995227813721,
      "sn": 6
    },
    {
      "acoustic_entropy": 9.683357238769531,
      "acoustic_entropy_mono": 8.96098518371582,
      "band_eliminated_acoustic_entropies": [
        {
          "acoustic_entropy": 9.854583740234375,
          "acoustic_entropy_side": 9.683915138244629,
          "hz": 129.47220167065723
        },
        {
          "acoustic_entropy": 9.297967910766602,
          "acoustic_entropy_side": 9.700098991394043,
          "hz": 202.92927478742237
        },
        {
          "acoustic_entropy": 10.099367141723633,
          "acoustic_entropy_side": 9.676681518554688,
          "hz": 282.89161906338205
        },
        {
          "acoustic_entropy": 9.810615539550781,
          "acoustic_entropy_side": 9.6118803024292,
          "hz": 369.9353335868758
        },
        {
          "acoustic_entropy": 9.377622604370117,
          "acoustic_entropy_side": 9.477524757385254,
          "hz": 464.6875360973435
        },
        {
          "acoustic_entropy": 9.836856842041016,
          "acoustic_entropy_side": 9.965825080871582,
          "hz": 567.8308811364784
        },
        {
          "acoustic_entropy": 10.10744857788086,
          "acoustic_entropy_side": 9.853107452392578,
          "hz": 680.1084783214808
        },
        {
          "acoustic_entropy": 9.147597312927246,
          "acoustic_entropy_side": 9.711600303649902,
          "hz": 802.3292461747484
        },
        {
          "acoustic_entropy": 8.50436782836914,
          "acoustic_entropy_side": 9.971282958984375,
          "hz": 935.3737400823702
        },
        {
          "acoustic_entropy": 9.080465316772461,
          "acoustic_entropy_side": 9.671492576599121,
          "hz": 1080.2004963696966
        },
        {
          "acoustic_entropy": 9.570924758911133,
          "acoustic_entropy_side": 9.764113426208496,
          "hz": 1237.8529382007157
        },
        {
          "acoustic_entropy": 9.64736270904541,
          "acoustic_entropy_side": 9.729625701904297,
          "hz": 1409.4668930556702
        },
        {
          "acoustic_entropy": 9.757312774658203,
          "acoustic_entropy_side": 9.744661331176758,
          "hz": 1596.2787759475705
        },
        {
          "acoustic_entropy": 9.624971389770508,
          "acoustic_entropy_side": 9.714177131652832,
          "hz": 1799.6344973346393
        },
        {
          "acoustic_entropy": 9.656875610351562,
          "acoustic_entropy_side": 9.70559310913086,
          "hz": 2020.9991599069049
        },
        {
          "acoustic_entropy": 9.629743576049805,
          "acoustic_entropy_side": 9.672865867614746,
          "hz": 2261.9676141086993
        },
        {
          "acoustic_entropy": 9.59115982055664,
          "acoustic_entropy_side": 9.662446022033691,
          "hz": 2524.2759484456974
        },
        {
          "acoustic_entropy": 9.675912857055664,
          "acoustic_entropy_side": 9.681755065917969,
          "hz": 2809.813997359896
        },
        {
          "acoustic_entropy": 9.663905143737793,
          "acoustic_entropy_side": 9.67558479309082,
          "hz": 3120.6389567871424
        },
        {
          "acoustic_entropy": 9.717195510864258,
          "acoustic_entropy_side": 9.681193351745605,
          "hz": 3458.990205492291
        },
        {
          "acoustic_entropy": 9.8648042678833,
          "acoustic_entropy_side": 9.70275592803955,
          "hz": 3827.305438964164
        },
        {
          "acoustic_entropy": 9.873467445373535,
          "acoustic_entropy_side": 9.725204467773438,
          "hz": 4228.238232109126
        },
        {
          "acoustic_entropy": 9.663543701171875,
          "acoustic_entropy_side": 9.670961380004883,
          "hz": 4664.6771572759235
        },
        {
          "acoustic_entropy": 9.673972129821777,
          "acoustic_entropy_side": 9.681262016296387,
          "hz": 5139.766595350093
        },
        {
          "acoustic_entropy": 9.684488296508789,
          "acoustic_entropy_side": 9.684503555297852,
          "hz": 5656.929389854203
        },
        {
          "acoustic_entropy": 9.685827255249023,
          "acoustic_entropy_side": 9.68509292602539,
          "hz": 6219.891507268283
        },
        {
          "acoustic_entropy": 9.6824369430542,
          "acoustic_entropy_side": 9.683683395385742,
          "hz": 6832.70888123896
        },
        {
          "acoustic_entropy": 9.735945701599121,
          "acoustic_entropy_side": 9.68409538269043,
          "hz": 7499.796634079867
        },
        {
          "acoustic_entropy": 9.687448501586914,
          "acoustic_entropy_side": 9.684539794921875,
          "hz": 8225.96088609342
        },
        {
          "acoustic_entropy": 9.671723365783691,
          "acoustic_entropy_side": 9.682594299316406,
          "hz": 9016.43338188839
        },
        {
          "acoustic_entropy": 9.674402236938477,
          "acoustic_entropy_side": 9.683309555053711,
          "hz": 9876.909183162974
        },
        {
          "acoustic_entropy": 9.513875961303711,
          "acoustic_entropy_side": 9.683539390563965,
          "hz": 10813.587699516042
        },
        {
          "acoustic_entropy": 9.447440147399902,
          "acoustic_entropy_side": 9.683416366577148,
          "hz": 11833.21735289826
        },
        {
          "acoustic_entropy": 9.526065826416016,
          "acoustic_entropy_side": 9.682241439819336,
          "hz": 12943.144197493959
        },
        {
          "acoustic_entropy": 9.666071891784668,
          "acoustic_entropy_side": 9.683127403259277,
          "hz": 14151.364845322005
        },
        {
          "acoustic_entropy": 9.682979583740234,
          "acoustic_entropy_side": 9.683265686035156,
          "hz": 15466.58407886509
        },
        {
          "acoustic_entropy": 9.682818412780762,
          "acoustic_entropy_side": 9.683126449584961,
          "hz": 16898.27756580493
        },
        {
          "acoustic_entropy": 9.683825492858887,
          "acoustic_entropy_side": 9.68327808380127,
          "hz": 18456.760127700032
        },
        {
          "acoustic_entropy": 9.68334674835205,
          "acoustic_entropy_side": 9.683317184448242,
          "hz": 20153.260054456492
        },
        {
          "acoustic_entropy": 9.683367729187012,
          "acoustic_entropy_side": 9.683354377746582,
          "hz": 22000.00000000001
        }
      ],
      "diff_acoustic_entropy": 9.20725154876709,
      "sn": 12
    },
    {
      "acoustic_entropy": 14.203561782836914,
      "acoustic_entropy_mono": 11.738027572631836,
      "band_eliminated_acoustic_entropies": [
        {
          "acoustic_entropy": 13.665660858154297,
          "acoustic_entropy_side": 14.300230026245117,
          "hz": 129.47220167065723
        },
        {
          "acoustic_entropy": 14.099230766296387,
          "acoustic_entropy_side": 14.391029357910156,
          "hz": 202.92927478742237
        },
        {
          "acoustic_entropy": 14.328306198120117,
          "acoustic_entropy_side": 13.935943603515625,
          "hz": 282.89161906338205
        },
        {
          "acoustic_entropy": 14.31873893737793,
          "acoustic_entropy_side": 14.101831436157227,
          "hz": 369.9353335868758
        },
        {
          "acoustic_entropy": 13.305493354797363,
          "acoustic_entropy_side": 13.420241355895996,
          "hz": 464.6875360973435
        },
        {
          "acoustic_entropy": 13.763583183288574,
          "acoustic_entropy_side": 14.078240394592285,
          "hz": 567.8308811364784
        },
        {
          "acoustic_entropy": 14.53622055053711,
          "acoustic_entropy_side": 14.404776573181152,
          "hz": 680.1084783214808
        },
        {
          "acoustic_entropy": 12.434150695800781,
          "acoustic_entropy_side": 13.486167907714844,
          "hz": 802.3292461747484
        },
        {
          "acoustic_entropy": 14.023197174072266,
          "acoustic_entropy_side": 14.480316162109375,
          "hz": 935.3737400823702
        },
        {
          "acoustic_entropy": 13.944500923156738,
          "acoustic_entropy_side": 13.913387298583984,
          "hz": 1080.2004963696966
        },
        {
          "acoustic_entropy": 14.17901611328125,
          "acoustic_entropy_side": 14.516300201416016,
          "hz": 1237.8529382007157
        },
        {
          "acoustic_entropy": 13.865325927734375,
          "acoustic_entropy_side": 13.482709884643555,
          "hz": 1409.4668930556702
        },
        {
          "acoustic_entropy": 13.825965881347656,
          "acoustic_entropy_side": 13.956372261047363,
          "hz": 1596.2787759475705
        },
        {
          "acoustic_entropy": 14.486445426940918,
          "acoustic_entropy_side": 14.329085350036621,
          "hz": 1799.6344973346393
        },
        {
          "acoustic_entropy": 14.138408660888672,
          "acoustic_entropy_side": 14.229351043701172,
          "hz": 2020.9991599069049
        },
        {
          "acoustic_entropy": 13.995606422424316,
          "acoustic_entropy_side": 14.147843360900879,
          "hz": 2261.9676141086993
        },
        {
          "acoustic_entropy": 13.99075984954834,
          "acoustic_entropy_side": 14.184924125671387,
          "hz": 2524.2759484456974
        },
        {
          "acoustic_entropy": 14.354288101196289,
          "acoustic_entropy_side": 14.325618743896484,
          "hz": 2809.813997359896
        },
        {
          "acoustic_entropy": 13.948263168334961,
          "acoustic_entropy_side": 14.231101036071777,
          "hz": 3120.6389567871424
        },
