{
  "acoustic_entropy": 217.80686950683594,
  "bands": [
    {
      "high_freq": 148.1999969482422,
      "loudness": -26.996618270874023,
      "loudness_range": 19.59214973449707,
      "mid_mean": -23.630447387695312,
      "mid_to_side_loudness": -18.463502883911133,
      "mid_to_side_loudness_range": 17.83551788330078,
      "side_mean": -43.505165100097656
    },
    {
      "high_freq": 392.3793640136719,
      "loudness": -21.715112686157227,
      "loudness_range": 9.901128768920898,
      "low_freq": 148.1999969482422,
      "mid_mean": -18.324764251708984,
      "mid_to_side_loudness": -13.685929298400879,
      "mid_to_side_loudness_range": 13.18117904663086,
      "side_mean": -32.29893493652344
    },
    {
      "high_freq": 794.6976318359375,
      "loudness": -24.23208236694336,
      "loudness_range": 10.741476058959961,
      "low_freq": 392.3793640136719,
      "mid_mean": -20.967693328857422,
      "mid_to_side_loudness": -10.580663681030273,
      "mid_to_side_loudness_range": 7.800124168395996,
      "side_mean": -31.616132736206055
    },
    {
      "high_freq": 1457.5709228515625,
      "loudness": -23.31265640258789,
      "loudness_range": 12.265218734741211,
      "low_freq": 794.6976318359375,
      "mid_mean": -19.909507751464844,
      "mid_to_side_loudness": -12.188125610351562,
      "mid_to_side_loudness_range": 8.04397964477539,
      "side_mean": -32.195106506347656
    },
    {
      "high_freq": 2549.74365234375,
      "loudness": -23.908023834228516,
      "loudness_range": 9.067829132080078,
      "low_freq": 1457.5709228515625,
      "mid_mean": -20.444942474365234,
      "mid_to_side_loudness": -13.152615547180176,
      "mid_to_side_loudness_range": 7.8969316482543945,
      "side_mean": -33.74233627319336
    },
    {
      "high_freq": 4349.24462890625,
      "loudness": -27.966764450073242,
      "loudness_range": 12.944395065307617,
      "low_freq": 2549.74365234375,
      "mid_mean": -24.574228286743164,
      "mid_to_side_loudness": -12.400908470153809,
      "mid_to_side_loudness_range": 8.959599494934082,
      "side_mean": -37.00228500366211
    },
    {
      "high_freq": 7314.1640625,
      "loudness": -33.358848571777344,
      "loudness_range": 15.156982421875,
      "low_freq": 4349.24462890625,
      "mid_mean": -30.115478515625,
      "mid_to_side_loudness": -11.305623054504395,
      "mid_to_side_loudness_range": 10.52704906463623,
      "side_mean": -41.443302154541016
    },
    {
      "high_freq": 12199.2666015625,
      "loudness": -33.803611755371094,
      "loudness_range": 13.236871719360352,
      "low_freq": 7314.1640625,
      "mid_mean": -30.390132904052734,
      "mid_to_side_loudness": -12.724392890930176,
      "mid_to_side_loudness_range": 8.726319313049316,
      "side_mean": -43.14742660522461
    },
    {
      "loudness": -40.217193603515625,
      "loudness_range": 12.33282470703125,
      "low_freq": 12199.2666015625,
      "mid_mean": -36.829200744628906,
      "mid_to_side_loudness": -12.148100852966309,
      "mid_to_side_loudness_range": 8.348062515258789,
      "side_mean": -49.2403564453125
    }
  ],
  "bands_short": [
    {
      "high_freq": 148.1999969482422,
      "loudness": -34.76655578613281,
      "loudness_range": 27.61532974243164,
      "mid_mean": -31.6915340423584,
      "mid_to_side_loudness": -16.259014129638672,
      "mid_to_side_loudness_range": 26.268346786499023,
      "side_mean": -49.03297424316406
    },
    {
      "high_freq": 392.3793640136719,
      "loudness": -22.303258895874023,
      "loudness_range": 14.183149337768555,
      "low_freq": 148.1999969482422,
      "mid_mean": -18.983978271484375,
      "mid_to_side_loudness": -14.083779335021973,
      "mid_to_side_loudness_range": 18.06330108642578,
      "side_mean": -33.345218658447266
    },
    {
      "high_freq": 794.6976318359375,
      "loudness": -24.44097137451172,
      "loudness_range": 12.512418746948242,
      "low_freq": 392.3793640136719,
      "mid_mean": -21.223997116088867,
      "mid_to_side_loudness": -10.791375160217285,
      "mid_to_side_loudness_range": 11.07614517211914,
      "side_mean": -32.04909896850586
    },
    {
      "high_freq": 1457.5709228515625,
      "loudness": -23.750783920288086,
      "loudness_range": 14.361835479736328,
      "low_freq": 794.6976318359375,
      "mid_mean": -20.395475387573242,
      "mid_to_side_loudness": -12.252547264099121,
      "mid_to_side_loudness_range": 11.196876525878906,
      "side_mean": -32.72895050048828
    },
    {
      "high_freq": 2549.74365234375,
      "loudness": -24.422500610351562,
      "loudness_range": 11.373798370361328,
      "low_freq": 1457.5709228515625,
      "mid_mean": -21.040666580200195,
      "mid_to_side_loudness": -13.118916511535645,
      "mid_to_side_loudness_range": 10.992026329040527,
      "side_mean": -34.28519821166992
    },
    {
      "high_freq": 4349.24462890625,
      "loudness": -28.465120315551758,
      "loudness_range": 14.561437606811523,
      "low_freq": 2549.74365234375,
      "mid_mean": -25.12638282775879,
      "mid_to_side_loudness": -12.347005844116211,
      "mid_to_side_loudness_range": 11.135269165039062,
      "side_mean": -37.48610305786133
    },
    {
      "high_freq": 7314.1640625,
      "loudness": -34.17039489746094,
      "loudness_range": 17.29891586303711,
      "low_freq": 4349.24462890625,
      "mid_mean": -31.00579071044922,
      "mid_to_side_loudness": -11.033008575439453,
      "mid_to_side_loudness_range": 12.251644134521484,
      "side_mean": -42.00383758544922
    },
    {
      "high_freq": 12199.2666015625,
      "loudness": -34.36820983886719,
      "loudness_range": 14.996162414550781,
      "low_freq": 7314.1640625,
      "mid_mean": -30.980207443237305,
      "mid_to_side_loudness": -12.698859214782715,
      "mid_to_side_loudness_range": 10.855681419372559,
      "side_mean": -43.689002990722656
    },
    {
      "loudness": -40.66047668457031,
      "loudness_range": 13.58807373046875,
      "low_freq": 12199.2666015625,
      "mid_mean": -37.320796966552734,
      "mid_to_side_loudness": -12.349420547485352,
      "mid_to_side_loudness_range": 10.179165840148926,
      "side_mean": -50.48344421386719
    }
  ],
  "bandwidth": 689.417236328125,
  "channels": 2,
  "covariance": [
    [
      54.618019104003906,
      25.658458709716797,
      -1.9330534934997559,
      6.6618499755859375,
      5.190511226654053,
      8.06576156616211,
      5.255664825439453,
      4.885098457336426,
      3.2279140949249268,
      6.216934680938721,
      3.475297689437866,
      6.593089580535889,
      5.7118916511535645,
      8.719596862792969,
      5.206381797790527,
      7.302155494689941,
      4.5935587882995605,
      5.776647090911865
    ],
    [
      25.658458709716797,
      41.63882064819336,
      0.15977978706359863,
      6.319601058959961,
      5.423942565917969,
      10.573205947875977,
      8.925538063049316,
      8.379610061645508,
      5.593952655792236,
      9.369415283203125,
      4.801580905914307,
      9.011645317077637,
      3.876227378845215,
      9.325446128845215,
      5.687334060668945,
      9.093655586242676,
      6.697978973388672,
      9.615212440490723
    ],
    [
      -1.9330534934997559,
      0.15977978706359863,
      17.441614151000977,
      8.517550468444824,
      7.29464864730835,
      5.233480930328369,
      7.001835346221924,
      3.7792327404022217,
      4.576018333435059,
      4.979532241821289,
      7.398111343383789,
      4.679289817810059,
      9.695611953735352,
      6.861120223999023,
      7.644624710083008,
      5.257917881011963,
      8.215995788574219,
      4.711184024810791
    ],
    [
      6.6618499755859375,
      6.319601058959961,
      8.517550468444824,
      18.427228927612305,
      7.9503936767578125,
      9.79910945892334,
      6.0575690269470215,
      4.600211143493652,
      3.0652899742126465,
      4.842403888702393,
      3.8279857635498047,
      3.359895706176758,
      4.968570232391357,
      4.370741367340088,
      4.562255859375,
      4.019172668457031,
      6.530371189117432,
      6.0402092933654785
    ],
    [
      5.190511226654053,
      5.423942565917969,
      7.29464864730835,
      7.9503936767578125,
      16.203704833984375,
      11.961963653564453,
      13.211859703063965,
      10.396992683410645,
      4.672086238861084,
      9.19052791595459,
      8.225576400756836,
      8.814244270324707,
      11.192784309387207,
      10.22632884979248,
      9.791605949401855,
      11.357168197631836,
      13.457518577575684,
      14.151573181152344
    ],
    [
      8.06576156616211,
      10.573205947875977,
      5.233480930328369,
      9.79910945892334,
      11.961963653564453,
      15.773222923278809,
      10.245183944702148,
      9.944366455078125,
      5.460900783538818,
      9.7949857711792,
      7.466364860534668,
      8.814470291137695,
      8.0790433883667,
      8.886576652526855,
      8.463757514953613,
      10.201948165893555,
      10.56032657623291,
      13.05479621887207
    ],
    [
      5.255664825439453,
      8.925538063049316,
      7.001835346221924,
      6.0575690269470215,
      13.211859703063965,
      10.245183944702148,
      19.76909828186035,
      15.128104209899902,
      9.034908294677734,
      12.465363502502441,
      11.91762638092041,
      12.24268913269043,
      13.034995079040527,
      12.82872486114502,
      13.402499198913574,
      14.947150230407715,
      17.842538833618164,
      17.27402114868164
    ],
    [
      4.885098457336426,
      8.379610061645508,
      3.7792327404022217,
      4.600211143493652,
      10.396992683410645,
      9.944366455078125,
      15.128104209899902,
      17.75255584716797,
      7.7858476638793945,
      12.354374885559082,
      11.074090957641602,
      11.987625122070312,
      11.962955474853516,
      11.56262493133545,
      11.961466789245605,
      14.29301929473877,
      14.245773315429688,
      18.44976234436035
    ],
    [
      3.2279140949249268,
      5.593952655792236,
      4.576018333435059,
      3.0652899742126465,
      4.672086238861084,
      5.460900783538818,
      9.034908294677734,
      7.7858476638793945,
      12.960593223571777,
      10.338730812072754,
      12.917961120605469,
      9.213961601257324,
      12.05517578125,
      8.812094688415527,
      14.063469886779785,
      10.316997528076172,
      12.308698654174805,
      10.476744651794434
    ],
    [
      6.216934680938721,
      9.369415283203125,
      4.979532241821289,
      4.842403888702393,
      9.19052791595459,
      9.7949857711792,
      12.465363502502441,
      12.354374885559082,
      10.338730812072754,
      15.581393241882324,
      12.825698852539062,
      13.444698333740234,
      13.64975643157959,
      13.887730598449707,
      13.847601890563965,
      15.562413215637207,
      14.385869979858398,
      16.187572479248047
    ],
    [
      3.475297689437866,
      4.801580905914307,
      7.398111343383789,
      3.8279857635498047,
      8.225576400756836,
      7.466364860534668,
      11.91762638092041,
      11.074090957641602,
      12.917961120605469,
      12.825698852539062,
      22.006832122802734,
      14.394265174865723,
      22.30497169494629,
      15.37174129486084,
      22.56728744506836,
      17.17927360534668,
      17.036773681640625,
      15.012149810791016
    ],
    [
      6.593089580535889,
      9.011645317077637,
      4.679289817810059,
      3.359895706176758,
      8.814244270324707,
      8.814470291137695,
      12.24268913269043,
      11.987625122070312,
      9.213961601257324,
      13.444698333740234,
      14.394265174865723,
      16.48725700378418,
      16.052143096923828,
      16.788667678833008,
      15.378666877746582,
      18.16993522644043,
      14.262792587280273,
      15.84121322631836
    ],
    [
      5.7118916511535645,
      3.876227378845215,
      9.695611953735352,
      4.968570232391357,
      11.192784309387207,
      8.0790433883667,
      13.034995079040527,
      11.962955474853516,
      12.05517578125,
      13.64975643157959,
      22.30497169494629,
      16.052143096923828,
      33.36520004272461,
      21.878231048583984,
      26.234878540039062,
      21.16501235961914,
      18.866825103759766,
      16.930782318115234
    ],
    [
      8.719596862792969,
      9.325446128845215,
      6.861120223999023,
      4.370741367340088,
      10.22632884979248,
      8.886576652526855,
      12.82872486114502,
      11.56262493133545,
      8.812094688415527,
      13.887730598449707,
      15.37174129486084,
      16.788667678833008,
      21.878231048583984,
      23.705625534057617,
      17.92531967163086,
      20.933345794677734,
      15.474395751953125,
      15.80411148071289
    ],
    [
      5.206381797790527,
      5.687334060668945,
      7.644624710083008,
      4.562255859375,
      9.791605949401855,
      8.463757514953613,
      13.402499198913574,
      11.961466789245605,
      14.063469886779785,
      13.847601890563965,
      22.56728744506836,
      15.378666877746582,
      26.234878540039062,
      17.92531967163086,
      25.47701072692871,
      19.47735595703125,
      19.070005416870117,
      16.543567657470703
    ],
    [
      7.302155494689941,
      9.093655586242676,
      5.257917881011963,
      4.019172668457031,
      11.357168197631836,
      10.201948165893555,
      14.947150230407715,
      14.29301929473877,
      10.316997528076172,
      15.562413215637207,
      17.17927360534668,
      18.16993522644043,
      21.16501235961914,
      20.933345794677734,
      19.47735595703125,
      22.621173858642578,
      17.58478546142578,
      19.003459930419922
    ],
    [
      4.5935587882995605,
      6.697978973388672,
      8.215995788574219,
      6.530371189117432,
      13.457518577575684,
      10.56032657623291,
      17.842538833618164,
      14.245773315429688,
      12.308698654174805,
      14.385869979858398,
      17.036773681640625,
      14.262792587280273,
      18.866825103759766,
      15.474395751953125,
      19.070005416870117,
      17.58478546142578,
      20.90691375732422,
      18.195032119750977
    ],
    [
      5.776647090911865,
      9.615212440490723,
      4.711184024810791,
      6.0402092933654785,
      14.151573181152344,
      13.05479621887207,
      17.27402114868164,
      18.44976234436035,
      10.476744651794434,
      16.187572479248047,
      15.012149810791016,
      15.84121322631836,
      16.930782318115234,
      15.80411148071289,
      16.543567657470703,
      19.003459930419922,
      18.195032119750977,
      26.84836769104004
    ]
  ],
  "covariance_short": [
    [
      109.46495056152344,
      42.60402297973633,
      5.771176815032959,
      8.452381134033203,
      9.641912460327148,
      9.442764282226562,
      11.551956176757812,
      10.87895679473877,
      6.6338396072387695,
      9.566102027893066,
      6.269667148590088,
      10.416618347167969,
      4.784650802612305,
      8.267914772033691,
      7.438807010650635,
      11.489130973815918,
      9.844915390014648,
      14.413276672363281
    ],
    [
      42.60402297973633,
      58.83610534667969,
      4.135964393615723,
      9.597369194030762,
      9.55752944946289,
      13.239554405212402,
      12.135821342468262,
      12.763503074645996,
      7.519328594207764,
      11.626449584960938,
      5.360456943511963,
      9.960073471069336,
      3.529268980026245,
      9.231261253356934,
      6.396612167358398,
      11.28963565826416,
      10.094430923461914,
      18.851835250854492
    ],
    [
      5.771176815032959,
      4.135964393615723,
      35.471378326416016,
      11.814723014831543,
      11.671650886535645,
      7.852617263793945,
      10.707910537719727,
      6.950931549072266,
      7.080954551696777,
      6.949277877807617,
      8.609552383422852,
      6.433226108551025,
      12.853269577026367,
      9.938158988952637,
      9.483829498291016,
      7.6696319580078125,
      10.688722610473633,
      7.801431655883789
    ],
    [
      8.452381134033203,
      9.597369194030762,
      11.814723014831543,
      24.611597061157227,
      8.613653182983398,
      11.694247245788574,
      6.860134601593018,
      6.221199035644531,
      3.3735709190368652,
      5.672712326049805,
      2.898725986480713,
      4.18721866607666,
      3.8490524291992188,
      5.6489973068237305,
      3.328402042388916,
      4.644829273223877,
      6.49081563949585,
      6.841413497924805
    ],
    [
      9.641912460327148,
      9.55752944946289,
      11.671650886535645,
      8.613653182983398,
      22.511871337890625,
      14.812797546386719,
      15.8848876953125,
      12.06014633178711,
      8.629384994506836,
      11.019108772277832,
      11.01314640045166,
      10.680932998657227,
      13.615324974060059,
      12.046006202697754,
      12.516338348388672,
      13.396727561950684,
      17.10205841064453,
      16.478052139282227
    ],
    [
      9.442764282226562,
      13.239554405212402,
      7.852617263793945,
      11.694247245788574,
      14.812797546386719,
      23.077537536621094,
      11.953195571899414,
      12.262812614440918,
      7.621332168579102,
      12.380471229553223,
      8.627839088439941,
      11.511734008789062,
      9.04792594909668,
      11.834280967712402,
      9.720008850097656,
      13.090429306030273,
      12.5889253616333,
      16.211902618408203
    ],
    [
      11.551956176757812,
      12.135821342468262,
      10.707910537719727,
      6.860134601593018,
      15.8848876953125,
      11.953195571899414,
      26.896074295043945,
      18.817138671875,
      13.396101951599121,
      14.500570297241211,
      15.789786338806152,
      14.27489185333252,
      15.414053916931152,
      14.649720191955566,
      17.234874725341797,
      17.583879470825195,
      23.7362003326416,
      21.75119400024414
    ],
    [
      10.87895679473877,
      12.763503074645996,
      6.950931549072266,
      6.221199035644531,
      12.06014633178711,
      12.262812614440918,
      18.817138671875,
      25.388465881347656,
      10.335007667541504,
      14.992474555969238,
      13.12995433807373,
      14.880586624145508,
      13.60718059539795,
      14.17967700958252,
      14.064471244812012,
      17.613964080810547,
      17.737567901611328,
      24.056610107421875
    ],
    [
      6.6338396072387695,
      7.519328594207764,
      7.080954551696777,
      3.3735709190368652,
      8.629384994506836,
      7.621332168579102,
      13.396101951599121,
      10.335007667541504,
      20.507925033569336,
      13.265951156616211,
      17.7008113861084,
      11.368045806884766,
      16.332923889160156,
      11.28596019744873,
      19.64629554748535,
      13.699560165405273,
      17.992542266845703,
      14.630694389343262
    ],
    [
      9.566102027893066,
      11.626449584960938,
      6.949277877807617,
      5.672712326049805,
      11.019108772277832,
      12.380471229553223,
      14.500570297241211,
      14.992474555969238,
      13.265951156616211,
      20.727270126342773,
      14.497615814208984,
      16.432085037231445,
      15.807474136352539,
      17.095861434936523,
      16.130226135253906,
      19.636337280273438,
      16.70789337158203,
      20.26079750061035
    ],
    [
      6.269667148590088,
      5.360456943511963,
      8.609552383422852,
      2.898725986480713,
      11.01314640045166,
      8.627839088439941,
      15.789786338806152,
      13.12995433807373,
      17.7008113861084,
      14.497615814208984,
      29.16754150390625,
      17.67380142211914,
      27.917896270751953,
      18.25554847717285,
      28.609220504760742,
      20.70704460144043,
      21.701894760131836,
      18.45673179626465
    ],
    [
      10.416618347167969,
      9.960073471069336,
      6.433226108551025,
      4.18721866607666,
      10.680932998657227,
      11.511734008789062,
      14.27489185333252,
      14.880586624145508,
      11.368045806884766,
      16.432085037231445,
      17.67380142211914,
      21.74205780029297,
      19.67927360534668,
      20.900978088378906,
      18.645780563354492,
      22.830997467041016,
      16.673063278198242,
      20.060565948486328
    ],
    [
      4.784650802612305,
      3.529268980026245,
      12.853269577026367,
      3.8490524291992188,
      13.615324974060059,
      9.04792594909668,
      15.414053916931152,
      13.60718059539795,
      16.332923889160156,
      15.807474136352539,
      27.917896270751953,
      19.67927360534668,
      42.357521057128906,
      26.106752395629883,
      32.36761474609375,
      25.2346248626709,
      22.75843620300293,
      20.169065475463867
    ],
    [
      8.267914772033691,
      9.231261253356934,
      9.938158988952637,
      5.6489973068237305,
      12.046006202697754,
      11.834280967712402,
      14.649720191955566,
      14.17967700958252,
      11.28596019744873,
      17.095861434936523,
      18.25554847717285,
      20.900978088378906,
      26.106752395629883,
      29.353404998779297,
      20.998483657836914,
      25.7514591217041,
      17.713754653930664,
      19.943689346313477
    ],
    [
      7.438807010650635,
      6.396612167358398,
      9.483829498291016,
      3.328402042388916,
      12.516338348388672,
      9.720008850097656,
      17.234874725341797,
      14.064471244812012,
      19.64629554748535,
      16.130226135253906,
      28.609220504760742,
      18.645780563354492,
      32.36761474609375,
      20.998483657836914,
      32.10947036743164,
      23.267763137817383,
      23.977054595947266,
      20.297643661499023
    ],
    [
      11.489130973815918,
      11.28963565826416,
      7.6696319580078125,
      4.644829273223877,
      13.396727561950684,
      13.090429306030273,
      17.583879470825195,
      17.613964080810547,
      13.699560165405273,
      19.636337280273438,
      20.70704460144043,
      22.830997467041016,
      25.2346248626709,
      25.7514591217041,
      23.267763137817383,
      28.65662956237793,
      20.55304527282715,
      24.24154281616211
    ],
    [
      9.844915390014648,
      10.094430923461914,
      10.688722610473633,
      6.49081563949585,
      17.10205841064453,
      12.5889253616333,
      23.7362003326416,
      17.737567901611328,
      17.992542266845703,
      16.70789337158203,
      21.701894760131836,
      16.673063278198242,
      22.75843620300293,
      17.713754653930664,
      23.977054595947266,
      20.55304527282715,
      27.591388702392578,
      23.137922286987305
    ],
    [
      14.413276672363281,
      18.851835250854492,
      7.801431655883789,
      6.841413497924805,
      16.478052139282227,
      16.211902618408203,
      21.75119400024414,
      24.056610107421875,
      14.630694389343262,
      20.26079750061035,
      18.45673179626465,
      20.060565948486328,
      20.169065475463867,
      19.943689346313477,
      20.297643661499023,
      24.24154281616211,
      23.137922286987305,
      45.94047927856445
    ]
  ],
  "damage": -8.289741516113281,
  "diff_bandwidth": 704.5203247070312,
  "dissonance": 8.127972126776225,
  "drr": 0.8600005507469177,
  "dynamics": 2.4337573051452637,
  "format": 1245190,
  "frames": 4804608,
  "loudness": -12.001927375793457,
  "loudness_range": 6.597681045532227,
  "loudness_range_short": 8.628191947937012,
  "lowpass_true_peak_15khz": 0.1801307052373886,
  "mastering3_acoustic_entropies": [
    {
      "acoustic_entropy": 6.584611415863037,
      "acoustic_entropy_mono": 6.748635768890381,
      "band_eliminated_acoustic_entropies": [
        {
          "acoustic_entropy": 6.5828351974487305,
          "acoustic_entropy_side": 6.5846076011657715,
          "hz": 129.47220167065723
        },
        {
          "acoustic_entropy": 6.5181097984313965,
          "acoustic_entropy_side": 6.585182189941406,
          "hz": 202.92927478742237
        },
        {
          "acoustic_entropy": 7.6840033531188965,
          "acoustic_entropy_side": 6.582808017730713,
          "hz": 282.89161906338205
        },
        {
          "acoustic_entropy": 6.1722002029418945,
          "acoustic_entropy_side": 6.609889030456543,
          "hz": 369.9353335868758
        },
        {
          "acoustic_entropy": 7.17954683303833,
          "acoustic_entropy_side": 6.625336647033691,
          "hz": 464.6875360973435
        },
        {
          "acoustic_entropy": 7.148122310638428,
          "acoustic_entropy_side": 6.624885082244873,
          "hz": 567.8308811364784
        },
        {
          "acoustic_entropy": 6.999685764312744,
          "acoustic_entropy_side": 6.548232555389404,
          "hz": 680.1084783214808
        },
        {
          "acoustic_entropy": 6.998647212982178,
          "acoustic_entropy_side": 6.588560581207275,
          "hz": 802.3292461747484
        },
        {
          "acoustic_entropy": 6.420634746551514,
          "acoustic_entropy_side": 6.5983195304870605,
          "hz": 935.3737400823702
        },
        {
          "acoustic_entropy": 6.349782466888428,
          "acoustic_entropy_side": 6.572815895080566,
          "hz": 1080.2004963696966
        },
        {
          "acoustic_entropy": 7.2080278396606445,
          "acoustic_entropy_side": 6.59356164932251,
          "hz": 1237.8529382007157
        },
        {
          "acoustic_entropy": 7.308740139007568,
          "acoustic_entropy_side": 6.570788860321045,
          "hz": 1409.4668930556702
        },
        {
          "acoustic_entropy": 6.7745361328125,
          "acoustic_entropy_side": 6.563470363616943,
          "hz": 1596.2787759475705
        },
        {
          "acoustic_entropy": 7.182888031005859,
          "acoustic_entropy_side": 6.587341785430908,
          "hz": 1799.6344973346393
        },
        {
          "acoustic_entropy": 6.574302673339844,
          "acoustic_entropy_side": 6.520740509033203,
          "hz": 2020.9991599069049
        },
        {
          "acoustic_entropy": 6.871303081512451,
          "acoustic_entropy_side": 6.589296340942383,
          "hz": 2261.9676141086993
        },
        {
          "acoustic_entropy": 6.608701229095459,
          "acoustic_entropy_side": 6.5837202072143555,
          "hz": 2524.2759484456974
        },
        {
          "acoustic_entropy": 6.928205490112305,
          "acoustic_entropy_side": 6.5792317390441895,
          "hz": 2809.813997359896
        },
        {
          "acoustic_entropy": 6.704070568084717,
          "acoustic_entropy_side": 6.5844831466674805,
          "hz": 3120.6389567871424
        },
        {
          "acoustic_entropy": 6.199159145355225,
          "acoustic_entropy_side": 6.58741569519043,
          "hz": 3458.990205492291
        },
        {
          "acoustic_entropy": 6.787095069885254,
          "acoustic_entropy_side": 6.586448669433594,
          "hz": 3827.305438964164
        },
        {
          "acoustic_entropy": 6.487897872924805,
          "acoustic_entropy_side": 6.5820817947387695,
          "hz": 4228.238232109126
        },
        {
          "acoustic_entropy": 6.546182632446289,
          "acoustic_entropy_side": 6.582172870635986,
          "hz": 4664.6771572759235
        },
        {
          "acoustic_entropy": 6.435939788818359,
          "acoustic_entropy_side": 6.581815242767334,
          "hz": 5139.766595350093
        },
        {
          "acoustic_entropy": 6.445832252502441,
          "acoustic_entropy_side": 6.580836772918701,
          "hz": 5656.929389854203
        },
        {
          "acoustic_entropy": 6.585501194000244,
          "acoustic_entropy_side": 6.58237886428833,
          "hz": 6219.891507268283
        },
        {
          "acoustic_entropy": 6.6514410972595215,
          "acoustic_entropy_side": 6.588323593139648,
          "hz": 6832.70888123896
        },
        {
          "acoustic_entropy": 6.6304426193237305,
          "acoustic_entropy_side": 6.58834981918335,
          "hz": 7499.796634079867
        },
        {
          "acoustic_entropy": 6.650323867797852,
          "acoustic_entropy_side": 6.585264205932617,
          "hz": 8225.96088609342
        },
        {
          "acoustic_entropy": 6.470669269561768,
          "acoustic_entropy_side": 6.58081579208374,
          "hz": 9016.43338188839
        },
        {
          "acoustic_entropy": 6.515025615692139,
          "acoustic_entropy_side": 6.582182884216309,
          "hz": 9876.909183162974
        },
        {
          "acoustic_entropy": 6.509870529174805,
          "acoustic_entropy_side": 6.583765029907227,
          "hz": 10813.587699516042
        },
        {
          "acoustic_entropy": 6.512246131896973,
          "acoustic_entropy_side": 6.584860801696777,
          "hz": 11833.21735289826
        },
        {
          "acoustic_entropy": 6.566131114959717,
          "acoustic_entropy_side": 6.582164764404297,
          "hz": 12943.144197493959
        },
        {
          "acoustic_entropy": 6.565350532531738,
          "acoustic_entropy_side": 6.583289623260498,
          "hz": 14151.364845322005
        },
        {
          "acoustic_entropy": 6.56823205947876,
          "acoustic_entropy_side": 6.5836873054504395,
          "hz": 15466.58407886509
        },
        {
          "acoustic_entropy": 6.571106910705566,
          "acoustic_entropy_side": 6.584105014801025,
          "hz": 16898.27756580493
        },
        {
          "acoustic_entropy": 6.575211048126221,
          "acoustic_entropy_side": 6.584486484527588,
          "hz": 18456.760127700032
        },
        {
          "acoustic_entropy": 6.584367275238037,
          "acoustic_entropy_side": 6.584570407867432,
          "hz": 20153.260054456492
        },
        {
          "acoustic_entropy": 6.584635257720947,
          "acoustic_entropy_side": 6.584610462188721,
          "hz": 22000.00000000001
        }
      ],
      "diff_acoustic_entropy": 5.638091564178467,
      "sn": 6
    },
    {
      "acoustic_entropy": 10.925980567932129,
      "acoustic_entropy_mono": 9.877185821533203,
      "band_eliminated_acoustic_entropies": [
        {
          "acoustic_entropy": 10.991936683654785,
          "acoustic_entropy_side": 10.926755905151367,
          "hz": 129.47220167065723
        },
        {
          "acoustic_entropy": 10.190159797668457,
          "acoustic_entropy_side": 10.92710018157959,
          "hz": 202.92927478742237
        },
        {
          "acoustic_entropy": 10.892765998840332,
          "acoustic_entropy_side": 10.987940788269043,
          "hz": 282.89161906338205
        },
        {
          "acoustic_entropy": 9.99297046661377,
          "acoustic_entropy_side": 11.121886253356934,
          "hz": 369.9353335868758
        },
        {
          "acoustic_entropy": 11.54703140258789,
          "acoustic_entropy_side": 10.875127792358398,
          "hz": 464.6875360973435
        },
        {
          "acoustic_entropy": 10.832297325134277,
          "acoustic_entropy_side": 11.10338020324707,
          "hz": 567.8308811364784
        },
        {
          "acoustic_entropy": 11.096155166625977,
          "acoustic_entropy_side": 10.955608367919922,
          "hz": 680.1084783214808
        },
        {
          "acoustic_entropy": 11.251546859741211,
          "acoustic_entropy_side": 10.4909086227417,
          "hz": 802.3292461747484
        },
        {
          "acoustic_entropy": 10.888654708862305,
          "acoustic_entropy_side": 11.021675109863281,
          "hz": 935.3737400823702
        },
        {
          "acoustic_entropy": 9.966412544250488,
          "acoustic_entropy_side": 10.56479263305664,
          "hz": 1080.2004963696966
        },
        {
          "acoustic_entropy": 10.669154167175293,
          "acoustic_entropy_side": 10.5032958984375,
          "hz": 1237.8529382007157
        },
        {
          "acoustic_entropy": 10.743547439575195,
          "acoustic_entropy_side": 11.039648056030273,
          "hz": 1409.4668930556702
        },
        {
          "acoustic_entropy": 11.14448356628418,
          "acoustic_entropy_side": 10.596692085266113,
          "hz": 1596.2787759475705
        },
        {
          "acoustic_entropy": 11.110395431518555,
          "acoustic_entropy_side": 10.763157844543457,
          "hz": 1799.6344973346393
        },
        {
          "acoustic_entropy": 11.06013298034668,
          "acoustic_entropy_side": 10.777740478515625,
          "hz": 2020.9991599069049
        },
        {
          "acoustic_entropy": 10.38996696472168,
          "acoustic_entropy_side": 10.914970397949219,
          "hz": 2261.9676141086993
        },
        {
          "acoustic_entropy": 10.868393898010254,
          "acoustic_entropy_side": 10.935399055480957,
          "hz": 2524.2759484456974
        },
        {
          "acoustic_entropy": 11.293233871459961,
          "acoustic_entropy_side": 10.959163665771484,
          "hz": 2809.813997359896
        },
        {
          "acoustic_entropy": 10.991189956665039,
          "acoustic_entropy_side": 10.805570602416992,
          "hz": 3120.6389567871424
        },
        {
          "acoustic_entropy": 10.337169647216797,
          "acoustic_entropy_side": 10.88716983795166,
          "hz": 3458.990205492291
        },
        {
          "acoustic_entropy": 10.779389381408691,
          "acoustic_entropy_side": 10.918519020080566,
          "hz": 3827.305438964164
        },
        {
          "acoustic_entropy": 10.8134126663208,
          "acoustic_entropy_side": 10.90295696258545,
          "hz": 4228.238232109126
        },
        {
          "acoustic_entropy": 10.811203956604004,
          "acoustic_entropy_side": 10.882736206054688,
          "hz": 4664.6771572759235
        },
        {
          "acoustic_entropy": 10.920515060424805,
          "acoustic_entropy_side": 10.895832061767578,
          "hz": 5139.766595350093
        },
        {
          "acoustic_entropy": 10.682409286499023,
          "acoustic_entropy_side": 10.864137649536133,
          "hz": 5656.929389854203
        },
        {
          "acoustic_entropy": 10.935379028320312,
          "acoustic_entropy_side": 10.897248268127441,
          "hz": 6219.891507268283
        },
        {
          "acoustic_entropy": 10.761992454528809,
          "acoustic_entropy_side": 10.886762619018555,
          "hz": 6832.70888123896
        },
        {
          "acoustic_entropy": 10.697439193725586,
          "acoustic_entropy_side": 10.906614303588867,
          "hz": 7499.796634079867
        },
        {
          "acoustic_entropy": 10.750991821289062,
          "acoustic_entropy_side": 10.902435302734375,
          "hz": 8225.96088609342
        },
        {
          "acoustic_entropy": 10.734518051147461,
          "acoustic_entropy_side": 10.876764297485352,
          "hz": 9016.43338188839
        },
        {
          "acoustic_entropy": 10.830995559692383,
          "acoustic_entropy_side": 10.893254280090332,
          "hz": 9876.909183162974
        },
        {
          "acoustic_entropy": 10.895591735839844,
          "acoustic_entropy_side": 10.904448509216309,
          "hz": 10813.587699516042
        },
        {
          "acoustic_entropy": 10.843972206115723,
          "acoustic_entropy_side": 10.900376319885254,
          "hz": 11833.21735289826
        },
        {
          "acoustic_entropy": 10.87783432006836,
          "acoustic_entropy_side": 10.92408561706543,
          "hz": 12943.144197493959
        },
        {
          "acoustic_entropy": 10.940658569335938,
          "acoustic_entropy_side": 10.924156188964844,
          "hz": 14151.364845322005
        },
        {
          "acoustic_entropy": 10.98820972442627,
          "acoustic_entropy_side": 10.924521446228027,
          "hz": 15466.58407886509
        },
        {
          "acoustic_entropy": 10.927412033081055,
          "acoustic_entropy_side": 10.924545288085938,
          "hz": 16898.27756580493
        },
        {
          "acoustic_entropy": 10.95024585723877,
          "acoustic_entropy_side": 10.92495059967041,
          "hz": 18456.760127700032
        },
        {
          "acoustic_entropy": 10.9287109375,
          "acoustic_entropy_side": 10.925838470458984,
          "hz": 20153.260054456492
        },
        {
          "acoustic_entropy": 10.926271438598633,
          "acoustic_entropy_side": 10.926006317138672,
          "hz": 22000.00000000001
        }
      ],
      "diff_acoustic_entropy": 8.770938873291016,
      "sn": 12
    },
    {
      "acoustic_entropy": 15.615519523620605,
      "acoustic_entropy_mono": 14.095634460449219,
      "band_eliminated_acoustic_entropies": [
        {
          "acoustic_entropy": 15.502055168151855,
          "acoustic_entropy_side": 15.58903694152832,
          "hz": 129.47220167065723
        },
        {
          "acoustic_entropy": 15.763639450073242,
          "acoustic_entropy_side": 15.625994682312012,
          "hz": 202.92927478742237
        },
        {
          "acoustic_entropy": 15.842645645141602,
          "acoustic_entropy_side": 16.028635025024414,
          "hz": 282.89161906338205
        },
        {
          "acoustic_entropy": 15.082715034484863,
          "acoustic_entropy_side": 15.429547309875488,
          "hz": 369.9353335868758
        },
        {
          "acoustic_entropy": 15.954672813415527,
          "acoustic_entropy_side": 16.091402053833008,
          "hz": 464.6875360973435
        },
        {
          "acoustic_entropy": 15.90131664276123,
          "acoustic_entropy_side": 15.973602294921875,
          "hz": 567.8308811364784
        },
        {
          "acoustic_entropy": 15.971146583557129,
          "acoustic_entropy_side": 15.910330772399902,
          "hz": 680.1084783214808
        },
        {
          "acoustic_entropy": 15.811690330505371,
          "acoustic_entropy_side": 15.568623542785645,
          "hz": 802.3292461747484
        },
        {
          "acoustic_entropy": 16.20720672607422,
          "acoustic_entropy_side": 15.774024963378906,
          "hz": 935.3737400823702
        },
        {
          "acoustic_entropy": 14.938041687011719,
          "acoustic_entropy_side": 15.713882446289062,
          "hz": 1080.2004963696966
        },
        {
          "acoustic_entropy": 15.524816513061523,
          "acoustic_entropy_side": 16.095340728759766,
          "hz": 1237.8529382007157
        },
        {
          "acoustic_entropy": 15.811967849731445,
          "acoustic_entropy_side": 15.352716445922852,
          "hz": 1409.4668930556702
        },
        {
          "acoustic_entropy": 16.18191146850586,
          "acoustic_entropy_side": 15.762163162231445,
          "hz": 1596.2787759475705
        },
        {
          "acoustic_entropy": 16.129150390625,
          "acoustic_entropy_side": 15.248086929321289,
          "hz": 1799.6344973346393
        },
        {
          "acoustic_entropy": 15.326805114746094,
          "acoustic_entropy_side": 15.519632339477539,
          "hz": 2020.9991599069049
        },
        {
          "acoustic_entropy": 16.074146270751953,
          "acoustic_entropy_side": 15.651086807250977,
          "hz": 2261.9676141086993
        },
        {
          "acoustic_entropy": 16.0020694732666,
          "acoustic_entropy_side": 15.55828857421875,
          "hz": 2524.2759484456974
        },
        {
          "acoustic_entropy": 15.905651092529297,
          "acoustic_entropy_side": 15.426435470581055,
          "hz": 2809.813997359896
        },
        {
          "acoustic_entropy": 15.621077537536621,
