{
  "acoustic_entropy": 221.8549346923828,
  "bands": [
    {
      "high_freq": 148.1999969482422,
      "loudness": -18.32023048400879,
      "loudness_range": 5.824611663818359,
      "mid_mean": -14.894451141357422,
      "mid_to_side_loudness": -14.6526517868042,
      "mid_to_side_loudness_range": 17.496496200561523,
      "side_mean": -29.294109344482422
    },
    {
      "high_freq": 392.3793640136719,
      "loudness": -20.365188598632812,
      "loudness_range": 5.461574554443359,
      "low_freq": 148.1999969482422,
      "mid_mean": -17.71953582763672,
      "mid_to_side_loudness": -6.7925944328308105,
      "mid_to_side_loudness_range": 10.92247486114502,
      "side_mean": -24.25035285949707
    },
    {
      "high_freq": 794.6976318359375,
      "loudness": -21.696590423583984,
      "loudness_range": 8.500410079956055,
      "low_freq": 392.3793640136719,
      "mid_mean": -19.106868743896484,
      "mid_to_side_loudness": -6.288259506225586,
      "mid_to_side_loudness_range": 9.073716163635254,
      "side_mean": -25.20086097717285
    },
    {
      "high_freq": 1457.5709228515625,
      "loudness": -20.683652877807617,
      "loudness_range": 11.645960807800293,
      "low_freq": 794.6976318359375,
      "mid_mean": -18.192615509033203,
      "mid_to_side_loudness": -6.062819480895996,
      "mid_to_side_loudness_range": 10.055716514587402,
      "side_mean": -24.17749786376953
    },
    {
      "high_freq": 2549.74365234375,
      "loudness": -18.310829162597656,
      "loudness_range": 7.878649711608887,
      "low_freq": 1457.5709228515625,
      "mid_mean": -16.112422943115234,
      "mid_to_side_loudness": -4.535667419433594,
      "mid_to_side_loudness_range": 7.418237686157227,
      "side_mean": -20.612558364868164
    },
    {
      "high_freq": 4349.24462890625,
      "loudness": -17.351633071899414,
      "loudness_range": 6.622000694274902,
      "low_freq": 2549.74365234375,
      "mid_mean": -14.899795532226562,
      "mid_to_side_loudness": -5.562422752380371,
      "mid_to_side_loudness_range": 7.966678619384766,
      "side_mean": -20.374752044677734
    },
    {
      "high_freq": 7314.1640625,
      "loudness": -20.582944869995117,
      "loudness_range": 7.673015594482422,
      "low_freq": 4349.24462890625,
      "mid_mean": -17.8599796295166,
      "mid_to_side_loudness": -6.6583571434021,
      "mid_to_side_loudness_range": 7.341334342956543,
      "side_mean": -24.239734649658203
    },
    {
      "high_freq": 12199.2666015625,
      "loudness": -21.531543731689453,
      "loudness_range": 7.859678268432617,
      "low_freq": 7314.1640625,
      "mid_mean": -18.896366119384766,
      "mid_to_side_loudness": -6.417721748352051,
      "mid_to_side_loudness_range": 7.108494758605957,
      "side_mean": -25.18985939025879
    },
    {
      "loudness": -27.673622131347656,
      "loudness_range": 7.849456787109375,
      "low_freq": 12199.2666015625,
      "mid_mean": -25.10662841796875,
      "mid_to_side_loudness": -6.0267720222473145,
      "mid_to_side_loudness_range": 7.473506450653076,
      "side_mean": -31.023473739624023
    }
  ],
  "bands_short": [
    {
      "high_freq": 148.1999969482422,
      "loudness": -20.545486450195312,
      "loudness_range": 11.191261291503906,
      "mid_mean": -17.19200325012207,
      "mid_to_side_loudness": -15.825510025024414,
      "mid_to_side_loudness_range": 23.572566986083984,
      "side_mean": -33.513275146484375
    },
    {
      "high_freq": 392.3793640136719,
      "loudness": -19.918962478637695,
      "loudness_range": 8.624176025390625,
      "low_freq": 148.1999969482422,
      "mid_mean": -17.32479476928711,
      "mid_to_side_loudness": -7.189228057861328,
      "mid_to_side_loudness_range": 14.276570320129395,
      "side_mean": -24.304759979248047
    },
    {
      "high_freq": 794.6976318359375,
      "loudness": -21.847461700439453,
      "loudness_range": 11.592330932617188,
      "low_freq": 392.3793640136719,
      "mid_mean": -19.501699447631836,
      "mid_to_side_loudness": -6.01544713973999,
      "mid_to_side_loudness_range": 13.0211763381958,
      "side_mean": -25.3878231048584
    },
    {
      "high_freq": 1457.5709228515625,
      "loudness": -21.58440399169922,
      "loudness_range": 15.235872268676758,
      "low_freq": 794.6976318359375,
      "mid_mean": -19.43195915222168,
      "mid_to_side_loudness": -5.376588821411133,
      "mid_to_side_loudness_range": 13.485618591308594,
      "side_mean": -24.73605728149414
    },
    {
      "high_freq": 2549.74365234375,
      "loudness": -19.004030227661133,
      "loudness_range": 10.264848709106445,
      "low_freq": 1457.5709228515625,
      "mid_mean": -16.984086990356445,
      "mid_to_side_loudness": -4.232821464538574,
      "mid_to_side_loudness_range": 9.951787948608398,
      "side_mean": -21.159507751464844
    },
    {
      "high_freq": 4349.24462890625,
      "loudness": -17.87018394470215,
      "loudness_range": 9.162158966064453,
      "low_freq": 2549.74365234375,
      "mid_mean": -15.571389198303223,
      "mid_to_side_loudness": -5.184974193572998,
      "mid_to_side_loudness_range": 9.698318481445312,
      "side_mean": -20.702835083007812
    },
    {
      "high_freq": 7314.1640625,
      "loudness": -20.98714256286621,
      "loudness_range": 9.996719360351562,
      "low_freq": 4349.24462890625,
      "mid_mean": -18.34675407409668,
      "mid_to_side_loudness": -6.454113006591797,
      "mid_to_side_loudness_range": 9.066656112670898,
      "side_mean": -24.604524612426758
    },
    {
      "high_freq": 12199.2666015625,
      "loudness": -22.173933029174805,
      "loudness_range": 10.34455680847168,
      "low_freq": 7314.1640625,
      "mid_mean": -19.640975952148438,
      "mid_to_side_loudness": -6.256100654602051,
      "mid_to_side_loudness_range": 9.198175430297852,
      "side_mean": -25.834993362426758
    },
    {
      "loudness": -28.48596954345703,
      "loudness_range": 12.166166305541992,
      "low_freq": 12199.2666015625,
      "mid_mean": -26.025846481323242,
      "mid_to_side_loudness": -6.029114723205566,
      "mid_to_side_loudness_range": 8.842653274536133,
      "side_mean": -31.957441329956055
    }
  ],
  "bandwidth": 959.3489990234375,
  "channels": 2,
  "covariance": [
    [
      8.200947761535645,
      3.446319103240967,
      2.0436155796051025,
      1.9099247455596924,
      4.032803535461426,
      4.472810745239258,
      4.489844799041748,
      3.506945848464966,
      1.585654377937317,
      2.576835870742798,
      0.9601438641548157,
      2.724637985229492,
      2.5224082469940186,
      2.295976400375366,
      1.1102211475372314,
      1.9881188869476318,
      0.6088667511940002,
      1.860494613647461
    ],
    [
      3.446319103240967,
      35.207237243652344,
      1.3977437019348145,
      12.105098724365234,
      5.740540027618408,
      8.938241958618164,
      6.353020668029785,
      12.070941925048828,
      7.033975601196289,
      13.83932876586914,
      3.932422161102295,
      9.727357864379883,
      7.01824951171875,
      11.154061317443848,
      6.0078630447387695,
      9.760783195495605,
      4.59409761428833,
      5.74708366394043
    ],
    [
      2.0436155796051025,
      1.3977437019348145,
      6.655797481536865,
      2.789968490600586,
      2.9642176628112793,
      2.389470100402832,
      1.7668052911758423,
      2.403428554534912,
      1.0148710012435913,
      2.0125277042388916,
      1.1894657611846924,
      2.4180679321289062,
      1.7385865449905396,
      2.0997776985168457,
      1.7053477764129639,
      1.486771821975708,
      1.3940889835357666,
      1.2466259002685547
    ],
    [
      1.9099247455596924,
      12.105098724365234,
      2.789968490600586,
      14.812697410583496,
      4.924271583557129,
      8.48365306854248,
      5.60207986831665,
      10.194051742553711,
      4.499989986419678,
      10.818673133850098,
      3.462368965148926,
      8.949470520019531,
      4.4175496101379395,
      8.9471435546875,
      3.7515716552734375,
      8.145779609680176,
      3.179448366165161,
      5.4358344078063965
    ],
    [
      4.032803535461426,
      5.740540027618408,
      2.9642176628112793,
      4.924271583557129,
      13.40430736541748,
      8.751770973205566,
      10.078459739685059,
      8.940573692321777,
      3.2582716941833496,
      5.945845127105713,
      3.2920446395874023,
      5.260529041290283,
      5.802407741546631,
      5.991448879241943,
      4.5378594398498535,
      6.354244709014893,
      3.113420009613037,
      4.233062744140625
    ],
    [
      4.472810745239258,
      8.938241958618164,
      2.389470100402832,
      8.48365306854248,
      8.751770973205566,
      15.560236930847168,
      8.974164009094238,
      13.411604881286621,
      3.8141744136810303,
      10.893438339233398,
      2.8563284873962402,
      9.164738655090332,
      5.68607759475708,
      8.834856986999512,
      4.1999359130859375,
      9.209547996520996,
      3.826198101043701,
      7.273312091827393
    ],
    [
      4.489844799041748,
      6.353020668029785,
      1.7668052911758423,
      5.60207986831665,
      10.078459739685059,
      8.974164009094238,
      20.68195343017578,
      12.967652320861816,
      7.650589942932129,
      9.899188995361328,
      3.55023455619812,
      7.180630207061768,
      6.803501605987549,
      7.629404067993164,
      4.901766300201416,
      7.816702365875244,
      3.425316095352173,
      5.294626235961914
    ],
    [
      3.506945848464966,
      12.070941925048828,
      2.403428554534912,
      10.194051742553711,
      8.940573692321777,
      13.411604881286621,
      12.967652320861816,
      21.44506072998047,
      7.005300998687744,
      16.77334976196289,
      3.2591094970703125,
      12.620555877685547,
      7.523690223693848,
      13.265124320983887,
      6.0167927742004395,
      12.359521865844727,
      5.90524435043335,
      9.860578536987305
    ],
    [
      1.585654377937317,
      7.033975601196289,
      1.0148710012435913,
      4.499989986419678,
      3.2582716941833496,
      3.8141744136810303,
      7.650589942932129,
      7.005300998687744,
      8.799190521240234,
      8.918885231018066,
      3.0897228717803955,
      5.75732946395874,
      4.122303009033203,
      6.756504535675049,
      2.9336819648742676,
      5.957851886749268,
      2.418222188949585,
      3.9120032787323
    ],
    [
      2.576835870742798,
      13.83932876586914,
      2.0125277042388916,
      10.818673133850098,
      5.945845127105713,
      10.893438339233398,
      9.899188995361328,
      16.77334976196289,
      8.918885231018066,
      21.451068878173828,
      4.914961338043213,
      15.685124397277832,
      7.8643083572387695,
      15.702201843261719,
      5.857509136199951,
      13.329629898071289,
      6.00137996673584,
      10.273638725280762
    ],
    [
      0.9601438641548157,
      3.932422161102295,
      1.1894657611846924,
      3.462368965148926,
      3.2920446395874023,
      2.8563284873962402,
      3.55023455619812,
      3.2591094970703125,
      3.0897228717803955,
      4.914961338043213,
      6.840452194213867,
      5.951882839202881,
      4.0091328620910645,
      6.051638126373291,
      2.432811737060547,
      5.6539387702941895,
      1.9269273281097412,
      4.277743816375732
    ],
    [
      2.724637985229492,
      9.727357864379883,
      2.4180679321289062,
      8.949470520019531,
      5.260529041290283,
      9.164738655090332,
      7.180630207061768,
      12.620555877685547,
      5.75732946395874,
      15.685124397277832,
      5.951882839202881,
      16.462841033935547,
      7.49449348449707,
      15.005799293518066,
      5.420794486999512,
      12.738778114318848,
      5.584660530090332,
      9.930739402770996
    ],
    [
      2.5224082469940186,
      7.01824951171875,
      1.7385865449905396,
      4.4175496101379395,
      5.802407741546631,
      5.68607759475708,
      6.803501605987549,
      7.523690223693848,
      4.122303009033203,
      7.8643083572387695,
      4.0091328620910645,
      7.49449348449707,
      9.94034481048584,
      10.286154747009277,
      7.774052143096924,
      8.682938575744629,
      5.481967926025391,
      5.445863723754883
    ],
    [
      2.295976400375366,
      11.154061317443848,
      2.0997776985168457,
      8.9471435546875,
      5.991448879241943,
      8.834856986999512,
      7.629404067993164,
      13.265124320983887,
      6.756504535675049,
      15.702201843261719,
      6.051638126373291,
      15.005799293518066,
      10.286154747009277,
      20.63024139404297,
      8.838356971740723,
      17.152414321899414,
      7.616155624389648,
      12.438498497009277
    ],
    [
      1.1102211475372314,
      6.0078630447387695,
      1.7053477764129639,
      3.7515716552734375,
      4.5378594398498535,
      4.1999359130859375,
      4.901766300201416,
      6.0167927742004395,
      2.9336819648742676,
      5.857509136199951,
      2.432811737060547,
      5.420794486999512,
      7.774052143096924,
      8.838356971740723,
      10.944308280944824,
      9.61120319366455,
      7.879620552062988,
      6.468231678009033
    ],
    [
      1.9881188869476318,
      9.760783195495605,
      1.486771821975708,
      8.145779609680176,
      6.354244709014893,
      9.209547996520996,
      7.816702365875244,
      12.359521865844727,
      5.957851886749268,
      13.329629898071289,
      5.6539387702941895,
      12.738778114318848,
      8.682938575744629,
      17.152414321899414,
      9.61120319366455,
      18.618160247802734,
      8.20535945892334,
      14.018607139587402
    ],
    [
      0.6088667511940002,
      4.59409761428833,
      1.3940889835357666,
      3.179448366165161,
      3.113420009613037,
      3.826198101043701,
      3.425316095352173,
      5.90524435043335,
      2.418222188949585,
      6.00137996673584,
      1.9269273281097412,
      5.584660530090332,
      5.481967926025391,
      7.616155624389648,
      7.879620552062988,
      8.20535945892334,
      11.238122940063477,
      8.892972946166992
    ],
    [
      1.860494613647461,
      5.74708366394043,
      1.2466259002685547,
      5.4358344078063965,
      4.233062744140625,
      7.273312091827393,
      5.294626235961914,
      9.860578536987305,
      3.9120032787323,
      10.273638725280762,
      4.277743816375732,
      9.930739402770996,
      5.445863723754883,
      12.438498497009277,
      6.468231678009033,
      14.018607139587402,
      8.892972946166992,
      15.867995262145996
    ]
  ],
  "covariance_short": [
    [
      23.66570281982422,
      3.669232130050659,
      2.3083364963531494,
      1.7371339797973633,
      3.5562071800231934,
      4.551392555236816,
      5.108736515045166,
      3.9063565731048584,
      1.6336288452148438,
      2.885594129562378,
      0.9449291229248047,
      2.884894609451294,
      2.3376927375793457,
      2.7624306678771973,
      1.075639247894287,
      1.674834966659546,
      0.18402652442455292,
      1.2576581239700317
    ],
    [
      3.669232130050659,
      56.14301681518555,
      3.481644868850708,
      16.313343048095703,
      7.586479187011719,
      10.19416618347168,
      9.118614196777344,
      12.89996337890625,
      8.742253303527832,
      13.854960441589355,
      5.378262519836426,
      9.090282440185547,
      7.919986248016357,
      11.4950590133667,
      8.541484832763672,
      12.270692825317383,
      8.455656051635742,
      10.679481506347656
    ],
    [
      2.3083364963531494,
      3.481644868850708,
      15.263168334960938,
      4.569300174713135,
      6.442897319793701,
      5.497979164123535,
      6.125407695770264,
      4.097301483154297,
      4.139041900634766,
      3.786773204803467,
      4.986201763153076,
      4.355326175689697,
      4.514062881469727,
      4.240458965301514,
      3.9678332805633545,
      4.012777805328369,
      3.72430157661438,
      4.389797210693359
    ],
    [
      1.7371339797973633,
      16.313343048095703,
      4.569300174713135,
      20.607711791992188,
      6.455743789672852,
      9.513627052307129,
      7.329394817352295,
      9.76047134399414,
      6.387348175048828,
      10.416688919067383,
      5.054101467132568,
      8.695283889770508,
      5.296494007110596,
      9.315356254577637,
      4.831599712371826,
      9.240640640258789,
      3.9284849166870117,
      6.771141529083252
    ],
    [
      3.5562071800231934,
      7.586479187011719,
      6.442897319793701,
      6.455743789672852,
      22.463897705078125,
      10.859963417053223,
      14.250932693481445,
      10.538390159606934,
      6.137599468231201,
      7.154690265655518,
      7.147199630737305,
      6.879977226257324,
      8.376140594482422,
      7.870291709899902,
      7.6885085105896,
      8.727119445800781,
      6.57096529006958,
      7.606975078582764
    ],
    [
      4.551392555236816,
      10.19416618347168,
      5.497979164123535,
      9.513627052307129,
      10.859963417053223,
      22.710187911987305,
      12.190225601196289,
      15.213652610778809,
      7.018597602844238,
      13.338658332824707,
      5.73291015625,
      11.786027908325195,
      7.637542247772217,
      11.642535209655762,
      6.732038974761963,
      12.47325325012207,
      6.952757358551025,
      11.144129753112793
    ],
    [
      5.108736515045166,
      9.118614196777344,
      6.125407695770264,
      7.329394817352295,
      14.250932693481445,
      12.190225601196289,
      34.65353775024414,
      18.04084014892578,
      14.4757661819458,
      14.544634819030762,
      10.018362045288086,
      11.504288673400879,
      12.18565845489502,
      12.20715045928955,
      9.894333839416504,
      12.728013038635254,
      9.410378456115723,
      11.440485954284668
    ],
    [
      3.9063565731048584,
      12.89996337890625,
      4.097301483154297,
      9.76047134399414,
      10.538390159606934,
      15.213652610778809,
      18.04084014892578,
      27.079307556152344,
      10.462044715881348,
      19.020566940307617,
      6.3564372062683105,
      14.710630416870117,
      9.454062461853027,
      15.36124038696289,
      8.61881160736084,
      15.563431739807129,
      9.346670150756836,
      14.229498863220215
    ],
    [
      1.6336288452148438,
      8.742253303527832,
      4.139041900634766,
      6.387348175048828,
      6.137599468231201,
      7.018597602844238,
      14.4757661819458,
      10.462044715881348,
      18.264774322509766,
      14.078503608703613,
      9.295859336853027,
      10.412776947021484,
      8.282271385192871,
      11.14781379699707,
      6.271974563598633,
      10.468347549438477,
      6.963448524475098,
      9.513854026794434
    ],
    [
      2.885594129562378,
      13.854960441589355,
      3.786773204803467,
      10.416688919067383,
      7.154690265655518,
      13.338658332824707,
      14.544634819030762,
      19.020566940307617,
      14.078503608703613,
      26.84781265258789,
      9.156828880310059,
      18.746627807617188,
      10.249378204345703,
      18.188385009765625,
      8.564447402954102,
      16.569551467895508,
      9.672652244567871,
      14.646737098693848
    ],
    [
      0.9449291229248047,
      5.378262519836426,
      4.986201763153076,
      5.054101467132568,
      7.147199630737305,
      5.73291015625,
      10.018362045288086,
      6.3564372062683105,
      9.295859336853027,
      9.156828880310059,
      16.1102237701416,
      11.3525390625,
      9.51682186126709,
      10.989495277404785,
      6.078711986541748,
      9.968127250671387,
      6.33400821685791,
      9.132730484008789
    ],
    [
      2.884894609451294,
      9.090282440185547,
      4.355326175689697,
      8.695283889770508,
      6.879977226257324,
      11.786027908325195,
      11.504288673400879,
      14.710630416870117,
      10.412776947021484,
      18.746627807617188,
      11.3525390625,
      22.16062355041504,
      10.429070472717285,
      18.558605194091797,
      8.288589477539062,
      16.573049545288086,
      9.099393844604492,
      14.222869873046875
    ],
    [
      2.3376927375793457,
      7.919986248016357,
      4.514062881469727,
      5.296494007110596,
      8.376140594482422,
      7.637542247772217,
      12.18565845489502,
      9.454062461853027,
      8.282271385192871,
      10.249378204345703,
      9.51682186126709,
      10.429070472717285,
      17.285511016845703,
      14.53213119506836,
      13.837885856628418,
      13.89332389831543,
      11.80882740020752,
      11.554632186889648
    ],
    [
      2.7624306678771973,
      11.4950590133667,
      4.240458965301514,
      9.315356254577637,
      7.870291709899902,
      11.642535209655762,
      12.20715045928955,
      15.36124038696289,
      11.14781379699707,
      18.188385009765625,
      10.989495277404785,
      18.558605194091797,
      14.53213119506836,
      26.267208099365234,
      13.197052955627441,
      23.297597885131836,
      12.35864543914795,
      18.66695213317871
    ],
    [
      1.075639247894287,
      8.541484832763672,
      3.9678332805633545,
      4.831599712371826,
      7.6885085105896,
      6.732038974761963,
      9.894333839416504,
      8.61881160736084,
      6.271974563598633,
      8.564447402954102,
      6.078711986541748,
      8.288589477539062,
      13.837885856628418,
      13.197052955627441,
      21.458852767944336,
      17.042640686035156,
      17.791515350341797,
      14.921682357788086
    ],
    [
      1.674834966659546,
      12.270692825317383,
      4.012777805328369,
      9.240640640258789,
      8.727119445800781,
      12.47325325012207,
      12.728013038635254,
      15.563431739807129,
      10.468347549438477,
      16.569551467895508,
      9.968127250671387,
      16.573049545288086,
      13.89332389831543,
      23.297597885131836,
      17.042640686035156,
      29.1661376953125,
      16.595842361450195,
      24.19862174987793
    ],
    [
      0.18402652442455292,
      8.455656051635742,
      3.72430157661438,
      3.9284849166870117,
      6.57096529006958,
      6.952757358551025,
      9.410378456115723,
      9.346670150756836,
      6.963448524475098,
      9.672652244567871,
      6.33400821685791,
      9.099393844604492,
      11.80882740020752,
      12.35864543914795,
      17.791515350341797,
      16.595842361450195,
      26.53407859802246,
      21.45610809326172
    ],
    [
      1.2576581239700317,
      10.679481506347656,
      4.389797210693359,
      6.771141529083252,
      7.606975078582764,
      11.144129753112793,
      11.440485954284668,
      14.229498863220215,
      9.513854026794434,
      14.646737098693848,
      9.132730484008789,
      14.222869873046875,
      11.554632186889648,
      18.66695213317871,
      14.921682357788086,
      24.19862174987793,
      21.45610809326172,
      31.070762634277344
    ]
  ],
  "damage": -4.528500556945801,
  "diff_bandwidth": 945.99267578125,
  "dissonance": 11.781064825400719,
  "drr": 8.719979286193848,
  "dynamics": 1.8804235458374023,
  "format": 1245190,
  "frames": 12013568,
  "loudness": -6.878439426422119,
  "loudness_range": 4.3457865715026855,
  "loudness_range_short": 5.970395565032959,
  "lowpass_true_peak_15khz": 1.448944091796875,
  "mastering3_acoustic_entropies": [
    {
      "acoustic_entropy": 5.321254730224609,
      "acoustic_entropy_mono": 5.303037166595459,
      "band_eliminated_acoustic_entropies": [
        {
          "acoustic_entropy": 5.254333972930908,
          "acoustic_entropy_side": 5.321836948394775,
          "hz": 129.47220167065723
        },
        {
          "acoustic_entropy": 5.269893169403076,
          "acoustic_entropy_side": 5.321110248565674,
          "hz": 202.92927478742237
        },
        {
          "acoustic_entropy": 5.341484069824219,
          "acoustic_entropy_side": 5.318211555480957,
          "hz": 282.89161906338205
        },
        {
          "acoustic_entropy": 5.386003494262695,
          "acoustic_entropy_side": 5.297635555267334,
          "hz": 369.9353335868758
        },
        {
          "acoustic_entropy": 4.9801106452941895,
          "acoustic_entropy_side": 5.290857791900635,
          "hz": 464.6875360973435
        },
        {
          "acoustic_entropy": 5.708468914031982,
          "acoustic_entropy_side": 5.481334686279297,
          "hz": 567.8308811364784
        },
        {
          "acoustic_entropy": 5.1662678718566895,
          "acoustic_entropy_side": 5.245789051055908,
          "hz": 680.1084783214808
        },
        {
          "acoustic_entropy": 4.875338077545166,
          "acoustic_entropy_side": 5.110829830169678,
          "hz": 802.3292461747484
        },
        {
          "acoustic_entropy": 5.241865158081055,
          "acoustic_entropy_side": 5.292264461517334,
          "hz": 935.3737400823702
        },
        {
          "acoustic_entropy": 4.825440406799316,
          "acoustic_entropy_side": 5.507555961608887,
          "hz": 1080.2004963696966
        },
        {
          "acoustic_entropy": 5.047723293304443,
          "acoustic_entropy_side": 5.2570929527282715,
          "hz": 1237.8529382007157
        },
        {
          "acoustic_entropy": 5.156364440917969,
          "acoustic_entropy_side": 5.180211067199707,
          "hz": 1409.4668930556702
        },
        {
          "acoustic_entropy": 5.274044513702393,
          "acoustic_entropy_side": 5.215132713317871,
          "hz": 1596.2787759475705
        },
        {
          "acoustic_entropy": 5.736545085906982,
          "acoustic_entropy_side": 5.49080228805542,
          "hz": 1799.6344973346393
        },
        {
          "acoustic_entropy": 5.2061638832092285,
          "acoustic_entropy_side": 5.299123764038086,
          "hz": 2020.9991599069049
        },
        {
          "acoustic_entropy": 5.4760026931762695,
          "acoustic_entropy_side": 5.364845275878906,
          "hz": 2261.9676141086993
        },
        {
          "acoustic_entropy": 5.69618034362793,
          "acoustic_entropy_side": 5.601044178009033,
          "hz": 2524.2759484456974
        },
        {
          "acoustic_entropy": 5.116497993469238,
          "acoustic_entropy_side": 5.047354698181152,
          "hz": 2809.813997359896
        },
        {
          "acoustic_entropy": 5.539677143096924,
          "acoustic_entropy_side": 5.20984411239624,
          "hz": 3120.6389567871424
        },
        {
          "acoustic_entropy": 5.482285499572754,
          "acoustic_entropy_side": 5.086863040924072,
          "hz": 3458.990205492291
        },
        {
          "acoustic_entropy": 5.580172538757324,
          "acoustic_entropy_side": 5.166594982147217,
          "hz": 3827.305438964164
        },
        {
          "acoustic_entropy": 5.338122844696045,
          "acoustic_entropy_side": 5.396459102630615,
          "hz": 4228.238232109126
        },
        {
          "acoustic_entropy": 5.257430076599121,
          "acoustic_entropy_side": 5.2926435470581055,
          "hz": 4664.6771572759235
        },
        {
          "acoustic_entropy": 5.164945125579834,
          "acoustic_entropy_side": 5.309255599975586,
          "hz": 5139.766595350093
        },
        {
          "acoustic_entropy": 5.423072814941406,
          "acoustic_entropy_side": 5.3007965087890625,
          "hz": 5656.929389854203
        },
        {
          "acoustic_entropy": 5.355354309082031,
          "acoustic_entropy_side": 5.310553550720215,
          "hz": 6219.891507268283
        },
        {
          "acoustic_entropy": 5.443705081939697,
          "acoustic_entropy_side": 5.23723840713501,
          "hz": 6832.70888123896
        },
        {
          "acoustic_entropy": 5.287371635437012,
          "acoustic_entropy_side": 5.208528518676758,
          "hz": 7499.796634079867
        },
        {
          "acoustic_entropy": 5.209939479827881,
          "acoustic_entropy_side": 5.290298938751221,
          "hz": 8225.96088609342
        },
        {
          "acoustic_entropy": 5.2403244972229,
          "acoustic_entropy_side": 5.264580249786377,
          "hz": 9016.43338188839
        },
        {
          "acoustic_entropy": 5.2236175537109375,
          "acoustic_entropy_side": 5.346752166748047,
          "hz": 9876.909183162974
        },
        {
          "acoustic_entropy": 5.361008167266846,
          "acoustic_entropy_side": 5.4658427238464355,
          "hz": 10813.587699516042
        },
        {
          "acoustic_entropy": 5.922321796417236,
          "acoustic_entropy_side": 5.6795501708984375,
          "hz": 11833.21735289826
        },
        {
          "acoustic_entropy": 5.757458686828613,
          "acoustic_entropy_side": 5.676721096038818,
          "hz": 12943.144197493959
        },
        {
          "acoustic_entropy": 5.384933948516846,
          "acoustic_entropy_side": 5.376667499542236,
          "hz": 14151.364845322005
        },
        {
          "acoustic_entropy": 5.413517951965332,
          "acoustic_entropy_side": 5.38654088973999,
          "hz": 15466.58407886509
        },
        {
          "acoustic_entropy": 5.329311847686768,
          "acoustic_entropy_side": 5.3442816734313965,
          "hz": 16898.27756580493
        },
        {
          "acoustic_entropy": 5.187569618225098,
          "acoustic_entropy_side": 5.298595428466797,
          "hz": 18456.760127700032
        },
        {
          "acoustic_entropy": 5.370920181274414,
          "acoustic_entropy_side": 5.329498767852783,
          "hz": 20153.260054456492
        },
        {
          "acoustic_entropy": 5.324749946594238,
          "acoustic_entropy_side": 5.321920871734619,
          "hz": 22000.00000000001
        }
      ],
      "diff_acoustic_entropy": 4.775595664978027,
      "sn": 6
    },
    {
      "acoustic_entropy": 9.9019775390625,
      "acoustic_entropy_mono": 8.889147758483887,
      "band_eliminated_acoustic_entropies": [
        {
          "acoustic_entropy": 9.725131034851074,
          "acoustic_entropy_side": 9.831270217895508,
          "hz": 129.47220167065723
        },
        {
          "acoustic_entropy": 10.022032737731934,
          "acoustic_entropy_side": 9.756696701049805,
          "hz": 202.92927478742237
        },
        {
          "acoustic_entropy": 9.939249038696289,
          "acoustic_entropy_side": 9.887956619262695,
          "hz": 282.89161906338205
        },
        {
          "acoustic_entropy": 10.572611808776855,
          "acoustic_entropy_side": 10.022699356079102,
          "hz": 369.9353335868758
        },
        {
          "acoustic_entropy": 9.603906631469727,
          "acoustic_entropy_side": 9.888322830200195,
          "hz": 464.6875360973435
        },
        {
          "acoustic_entropy": 10.094797134399414,
          "acoustic_entropy_side": 9.874667167663574,
          "hz": 567.8308811364784
        },
        {
          "acoustic_entropy": 9.36401653289795,
          "acoustic_entropy_side": 9.618371963500977,
          "hz": 680.1084783214808
        },
        {
          "acoustic_entropy": 9.703658103942871,
          "acoustic_entropy_side": 9.767534255981445,
          "hz": 802.3292461747484
        },
        {
          "acoustic_entropy": 9.429598808288574,
          "acoustic_entropy_side": 10.375633239746094,
          "hz": 935.3737400823702
        },
        {
          "acoustic_entropy": 9.3731107711792,
          "acoustic_entropy_side": 9.947580337524414,
          "hz": 1080.2004963696966
        },
        {
          "acoustic_entropy": 9.231456756591797,
          "acoustic_entropy_side": 9.722151756286621,
          "hz": 1237.8529382007157
        },
        {
          "acoustic_entropy": 9.860213279724121,
          "acoustic_entropy_side": 9.338019371032715,
          "hz": 1409.4668930556702
        },
        {
          "acoustic_entropy": 10.370136260986328,
          "acoustic_entropy_side": 10.19735336303711,
          "hz": 1596.2787759475705
        },
        {
          "acoustic_entropy": 10.077183723449707,
          "acoustic_entropy_side": 9.96261215209961,
          "hz": 1799.6344973346393
        },
        {
          "acoustic_entropy": 10.098282814025879,
          "acoustic_entropy_side": 9.81295108795166,
          "hz": 2020.9991599069049
        },
        {
          "acoustic_entropy": 9.675933837890625,
          "acoustic_entropy_side": 9.681394577026367,
          "hz": 2261.9676141086993
        },
        {
          "acoustic_entropy": 10.116212844848633,
          "acoustic_entropy_side": 10.250279426574707,
          "hz": 2524.2759484456974
        },
        {
          "acoustic_entropy": 9.715028762817383,
          "acoustic_entropy_side": 9.822376251220703,
          "hz": 2809.813997359896
        },
        {
          "acoustic_entropy": 10.310063362121582,
          "acoustic_entropy_side": 10.100808143615723,
          "hz": 3120.6389567871424
        },
        {
          "acoustic_entropy": 9.652050018310547,
          "acoustic_entropy_side": 9.861550331115723,
          "hz": 3458.990205492291
        },
        {
          "acoustic_entropy": 9.561976432800293,
          "acoustic_entropy_side": 9.780245780944824,
          "hz": 3827.305438964164
        },
        {
          "acoustic_entropy": 10.26649284362793,
          "acoustic_entropy_side": 10.155000686645508,
          "hz": 4228.238232109126
        },
        {
          "acoustic_entropy": 10.160640716552734,
          "acoustic_entropy_side": 9.853776931762695,
          "hz": 4664.6771572759235
        },
        {
          "acoustic_entropy": 9.914409637451172,
          "acoustic_entropy_side": 9.813813209533691,
          "hz": 5139.766595350093
        },
        {
          "acoustic_entropy": 9.623198509216309,
          "acoustic_entropy_side": 9.926138877868652,
          "hz": 5656.929389854203
        },
        {
          "acoustic_entropy": 9.829888343811035,
          "acoustic_entropy_side": 9.958528518676758,
          "hz": 6219.891507268283
        },
        {
          "acoustic_entropy": 9.846634864807129,
          "acoustic_entropy_side": 9.93260669708252,
          "hz": 6832.70888123896
        },
        {
          "acoustic_entropy": 10.043728828430176,
          "acoustic_entropy_side": 9.826544761657715,
          "hz": 7499.796634079867
        },
        {
          "acoustic_entropy": 9.979019165039062,
          "acoustic_entropy_side": 10.053232192993164,
          "hz": 8225.96088609342
        },
        {
          "acoustic_entropy": 9.910599708557129,
          "acoustic_entropy_side": 9.889265060424805,
          "hz": 9016.43338188839
        },
        {
          "acoustic_entropy": 10.048206329345703,
          "acoustic_entropy_side": 10.036882400512695,
          "hz": 9876.909183162974
        },
        {
          "acoustic_entropy": 10.260080337524414,
          "acoustic_entropy_side": 10.211365699768066,
          "hz": 10813.587699516042
        },
        {
          "acoustic_entropy": 10.087858200073242,
          "acoustic_entropy_side": 9.96772289276123,
          "hz": 11833.21735289826
        },
        {
          "acoustic_entropy": 9.778255462646484,
          "acoustic_entropy_side": 9.803645133972168,
          "hz": 12943.144197493959
        },
        {
          "acoustic_entropy": 9.867375373840332,
          "acoustic_entropy_side": 9.9227876663208,
          "hz": 14151.364845322005
        },
        {
          "acoustic_entropy": 10.09507942199707,
          "acoustic_entropy_side": 10.269054412841797,
          "hz": 15466.58407886509
        },
        {
          "acoustic_entropy": 9.999063491821289,
          "acoustic_entropy_side": 10.112275123596191,
          "hz": 16898.27756580493
        },
        {
          "acoustic_entropy": 9.941490173339844,
          "acoustic_entropy_side": 9.871006965637207,
          "hz": 18456.760127700032
        },
        {
          "acoustic_entropy": 9.767436027526855,
          "acoustic_entropy_side": 9.856297492980957,
          "hz": 20153.260054456492
        },
        {
          "acoustic_entropy": 9.823896408081055,
          "acoustic_entropy_side": 9.8820219039917,
          "hz": 22000.00000000001
        }
      ],
      "diff_acoustic_entropy": 7.447718620300293,
      "sn": 12
    },
    {
      "acoustic_entropy": 14.501598358154297,
      "acoustic_entropy_mono": 12.380731582641602,
      "band_eliminated_acoustic_entropies": [
        {
          "acoustic_entropy": 14.04544734954834,
          "acoustic_entropy_side": 14.470748901367188,
          "hz": 129.47220167065723
        },
        {
          "acoustic_entropy": 14.985224723815918,
          "acoustic_entropy_side": 14.380274772644043,
          "hz": 202.92927478742237
        },
        {
          "acoustic_entropy": 15.249208450317383,
          "acoustic_entropy_side": 15.074074745178223,
          "hz": 282.89161906338205
        },
        {
          "acoustic_entropy": 14.998167037963867,
          "acoustic_entropy_side": 14.482128143310547,
          "hz": 369.9353335868758
        },
        {
          "acoustic_entropy": 14.69727611541748,
          "acoustic_entropy_side": 14.739151954650879,
          "hz": 464.6875360973435
        },
        {
          "acoustic_entropy": 15.022510528564453,
          "acoustic_entropy_side": 14.611822128295898,
          "hz": 567.8308811364784
        },
        {
          "acoustic_entropy": 14.841325759887695,
          "acoustic_entropy_side": 14.443995475769043,
          "hz": 680.1084783214808
        },
        {
          "acoustic_entropy": 13.985852241516113,
          "acoustic_entropy_side": 14.93618392944336,
          "hz": 802.3292461747484
        },
        {
          "acoustic_entropy": 14.403654098510742,
          "acoustic_entropy_side": 14.945666313171387,
          "hz": 935.3737400823702
        },
        {
          "acoustic_entropy": 14.993310928344727,
          "acoustic_entropy_side": 14.741268157958984,
          "hz": 1080.2004963696966
        },
        {
          "acoustic_entropy": 14.145125389099121,
          "acoustic_entropy_side": 13.760273933410645,
          "hz": 1237.8529382007157
        },
        {
          "acoustic_entropy": 14.33273696899414,
          "acoustic_entropy_side": 14.17554759979248,
          "hz": 1409.4668930556702
        },
        {
          "acoustic_entropy": 14.250561714172363,
          "acoustic_entropy_side": 14.578339576721191,
          "hz": 1596.2787759475705
        },
        {
          "acoustic_entropy": 14.597465515136719,
          "acoustic_entropy_side": 14.613707542419434,
          "hz": 1799.6344973346393
        },
        {
          "acoustic_entropy": 14.415881156921387,
          "acoustic_entropy_side": 14.241314888000488,
          "hz": 2020.9991599069049
        },
        {
          "acoustic_entropy": 14.572762489318848,
          "acoustic_entropy_side": 14.580573081970215,
          "hz": 2261.9676141086993
        },
        {
          "acoustic_entropy": 14.573633193969727,
          "acoustic_entropy_side": 14.949984550476074,
          "hz": 2524.2759484456974
        },
        {
          "acoustic_entropy": 14.735507011413574,
          "acoustic_entropy_side": 14.461920738220215,
          "hz": 2809.813997359896
        },
        {
          "acoustic_entropy": 15.260546684265137,
          "acoustic_entropy_side": 14.595599174499512,
          "hz": 3120.6389567871424
        },
        {
          "acoustic_entropy": 14.145307540893555,
