{
  "acoustic_entropy": 133.63482666015625,
  "bands": [
    {
      "high_freq": 148.1999969482422,
      "loudness": -51.89242172241211,
      "loudness_range": 17.640045166015625,
      "mid_mean": -48.63041687011719,
      "mid_to_side_loudness": -10.54316234588623,
      "mid_to_side_loudness_range": 9.036747932434082,
      "side_mean": -58.6898078918457
    },
    {
      "high_freq": 392.3793640136719,
      "loudness": -38.651123046875,
      "loudness_range": 22.03599739074707,
      "low_freq": 148.1999969482422,
      "mid_mean": -36.37481689453125,
      "mid_to_side_loudness": -5.081475734710693,
      "mid_to_side_loudness_range": 9.259023666381836,
      "side_mean": -41.646183013916016
    },
    {
      "high_freq": 794.6976318359375,
      "loudness": -32.52699661254883,
      "loudness_range": 20.826616287231445,
      "low_freq": 392.3793640136719,
      "mid_mean": -32.03965759277344,
      "mid_to_side_loudness": -0.629168689250946,
      "mid_to_side_loudness_range": 13.667283058166504,
      "side_mean": -32.778724670410156
    },
    {
      "high_freq": 1457.5709228515625,
      "loudness": -38.692928314208984,
      "loudness_range": 24.579530715942383,
      "low_freq": 794.6976318359375,
      "mid_mean": -38.01149368286133,
      "mid_to_side_loudness": -0.8323394060134888,
      "mid_to_side_loudness_range": 8.467876434326172,
      "side_mean": -38.83395767211914
    },
    {
      "high_freq": 2549.74365234375,
      "loudness": -45.19212341308594,
      "loudness_range": 26.273984909057617,
      "low_freq": 1457.5709228515625,
      "mid_mean": -44.956016540527344,
      "mid_to_side_loudness": -0.407665491104126,
      "mid_to_side_loudness_range": 6.478520393371582,
      "side_mean": -45.113155364990234
    },
    {
      "high_freq": 4349.24462890625,
      "loudness": -52.405967712402344,
      "loudness_range": 28.757389068603516,
      "low_freq": 2549.74365234375,
      "mid_mean": -54.05484390258789,
      "mid_to_side_loudness": -0.7713065147399902,
      "mid_to_side_loudness_range": 7.6536407470703125,
      "side_mean": -54.538360595703125
    },
    {
      "high_freq": 7314.1640625,
      "loudness": -60.33460235595703,
      "loudness_range": 29.56975555419922,
      "low_freq": 4349.24462890625,
      "mid_mean": -63.08000564575195,
      "mid_to_side_loudness": 0.21810941398143768,
      "mid_to_side_loudness_range": 5.179294109344482,
      "side_mean": -62.85615539550781
    },
    {
      "high_freq": 12199.2666015625,
      "loudness": -70.54413604736328,
      "loudness_range": 26.83458709716797,
      "low_freq": 7314.1640625,
      "mid_mean": -67.6766128540039,
      "mid_to_side_loudness": -0.3092457950115204,
      "mid_to_side_loudness_range": 3.042527198791504,
      "side_mean": -67.73480987548828
    },
    {
      "loudness": -81.1541976928711,
      "loudness_range": 10.675033569335938,
      "low_freq": 12199.2666015625,
      "mid_mean": -69.70880889892578,
      "mid_to_side_loudness": -0.2813200056552887,
      "mid_to_side_loudness_range": 1.3319151401519775,
      "side_mean": -69.7149429321289
    }
  ],
  "bands_short": [
    {
      "high_freq": 148.1999969482422,
      "loudness": -55.648311614990234,
      "loudness_range": 19.705188751220703,
      "mid_mean": -52.57453536987305,
      "mid_to_side_loudness": -12.603883743286133,
      "mid_to_side_loudness_range": 13.012358665466309,
      "side_mean": -63.03093719482422
    },
    {
      "high_freq": 392.3793640136719,
      "loudness": -40.984588623046875,
      "loudness_range": 24.142404556274414,
      "low_freq": 148.1999969482422,
      "mid_mean": -39.07821273803711,
      "mid_to_side_loudness": -4.360826015472412,
      "mid_to_side_loudness_range": 12.03383731842041,
      "side_mean": -43.53441619873047
    },
    {
      "high_freq": 794.6976318359375,
      "loudness": -33.459835052490234,
      "loudness_range": 23.955955505371094,
      "low_freq": 392.3793640136719,
      "mid_mean": -32.90960693359375,
      "mid_to_side_loudness": -1.0584267377853394,
      "mid_to_side_loudness_range": 15.562055587768555,
      "side_mean": -34.215240478515625
    },
    {
      "high_freq": 1457.5709228515625,
      "loudness": -39.82773971557617,
      "loudness_range": 26.4914493560791,
      "low_freq": 794.6976318359375,
      "mid_mean": -39.26218032836914,
      "mid_to_side_loudness": -0.7590869665145874,
      "mid_to_side_loudness_range": 10.871135711669922,
      "side_mean": -40.07674026489258
    },
    {
      "high_freq": 2549.74365234375,
      "loudness": -46.673648834228516,
      "loudness_range": 28.420124053955078,
      "low_freq": 1457.5709228515625,
      "mid_mean": -46.689613342285156,
      "mid_to_side_loudness": -0.25307273864746094,
      "mid_to_side_loudness_range": 8.760398864746094,
      "side_mean": -46.86508560180664
    },
    {
      "high_freq": 4349.24462890625,
      "loudness": -53.30043029785156,
      "loudness_range": 31.3978271484375,
      "low_freq": 2549.74365234375,
      "mid_mean": -55.234474182128906,
      "mid_to_side_loudness": -0.8364129066467285,
      "mid_to_side_loudness_range": 9.450311660766602,
      "side_mean": -55.77703094482422
    },
    {
      "high_freq": 7314.1640625,
      "loudness": -61.532249450683594,
      "loudness_range": 30.546016693115234,
      "low_freq": 4349.24462890625,
      "mid_mean": -64.03351593017578,
      "mid_to_side_loudness": 0.04791518300771713,
      "mid_to_side_loudness_range": 6.979602813720703,
      "side_mean": -63.93256759643555
    },
    {
      "high_freq": 12199.2666015625,
      "loudness": -72.19563293457031,
      "loudness_range": 25.62757110595703,
      "low_freq": 7314.1640625,
      "mid_mean": -68.27185821533203,
      "mid_to_side_loudness": -0.4085303544998169,
      "mid_to_side_loudness_range": 4.088850498199463,
      "side_mean": -68.36688232421875
    },
    {
      "loudness": -81.41182708740234,
      "loudness_range": 11.084922790527344,
      "low_freq": 12199.2666015625,
      "mid_mean": -69.75385284423828,
      "mid_to_side_loudness": -0.3234194219112396,
      "mid_to_side_loudness_range": 2.2602434158325195,
      "side_mean": -69.7615737915039
    }
  ],
  "bandwidth": 719.9328002929688,
  "channels": 2,
  "covariance": [
    [
      35.65467834472656,
      31.004009246826172,
      21.071504592895508,
      20.584888458251953,
      12.738899230957031,
      10.855462074279785,
      18.94358253479004,
      17.08116912841797,
      22.821380615234375,
      23.94472312927246,
      28.662307739257812,
      28.860973358154297,
      20.046966552734375,
      20.812461853027344,
      9.98904800415039,
      9.394047737121582,
      1.2949477434158325,
      1.3029506206512451
    ],
    [
      31.004009246826172,
      36.157684326171875,
      19.79251480102539,
      18.897703170776367,
      7.7598161697387695,
      3.6533203125,
      13.114935874938965,
      10.537338256835938,
      15.547220230102539,
      16.385223388671875,
      22.034896850585938,
      22.247941970825195,
      13.612587928771973,
      14.129876136779785,
      7.09104061126709,
      6.525620460510254,
      1.0800632238388062,
      1.0926272869110107
    ],
    [
      21.071504592895508,
      19.79251480102539,
      64.8393325805664,
      50.97222900390625,
      31.575584411621094,
      26.168926239013672,
      40.59035110473633,
      34.70309066772461,
      46.70455551147461,
      46.983123779296875,
      50.283912658691406,
      50.04416275024414,
      34.146968841552734,
      34.80559158325195,
      14.530781745910645,
      13.783649444580078,
      1.647165298461914,
      1.640709400177002
    ],
    [
      20.584888458251953,
      18.897703170776367,
      50.97222900390625,
      50.84017562866211,
      28.951141357421875,
      24.589082717895508,
      35.97464370727539,
      31.064617156982422,
      43.274017333984375,
      43.48410415649414,
      46.415382385253906,
      46.03059387207031,
      32.11539077758789,
      33.034996032714844,
      14.22397518157959,
      13.518370628356934,
      1.6296249628067017,
      1.6264246702194214
    ],
    [
      12.738899230957031,
      7.7598161697387695,
      31.575584411621094,
      28.951141357421875,
      53.991912841796875,
      48.8746452331543,
      43.246891021728516,
      43.70444107055664,
      52.641822814941406,
      52.68931579589844,
      63.98674011230469,
      62.014705657958984,
      47.084232330322266,
      49.07826232910156,
      19.49625015258789,
      18.75708770751953,
      1.6984652280807495,
      1.7331095933914185
    ],
    [
      10.855462074279785,
      3.6533203125,
      26.168926239013672,
      24.589082717895508,
      48.8746452331543,
      65.5989761352539,
      46.89960861206055,
      49.46110916137695,
      56.518131256103516,
      54.606929779052734,
      72.30648803710938,
      67.89643096923828,
      52.423831939697266,
      54.013484954833984,
      22.05500030517578,
      21.366636276245117,
      1.9308090209960938,
      1.9540458917617798
    ],
    [
      18.94358253479004,
      13.114935874938965,
      40.59035110473633,
      35.97464370727539,
      43.246891021728516,
      46.89960861206055,
      74.14248657226562,
      66.7406234741211,
      67.30964660644531,
      65.55058288574219,
      77.96724700927734,
      74.84654235839844,
      58.76530075073242,
      60.83443069458008,
      27.411136627197266,
      26.62065887451172,
      2.7399868965148926,
      2.761489152908325
    ],
    [
      17.08116912841797,
      10.537338256835938,
      34.70309066772461,
      31.064617156982422,
      43.70444107055664,
      49.46110916137695,
      66.7406234741211,
      71.72704315185547,
      65.32405090332031,
      63.44834899902344,
      78.28939056396484,
      75.96054077148438,
      58.5577392578125,
      60.70852279663086,
      26.331024169921875,
      25.708141326904297,
      2.6068227291107178,
      2.607370376586914
    ],
    [
      22.821380615234375,
      15.547220230102539,
      46.70455551147461,
      43.274017333984375,
      52.641822814941406,
      56.518131256103516,
      67.30964660644531,
      65.32405090332031,
      88.73379516601562,
      85.18211364746094,
      92.55702209472656,
      89.79173278808594,
      68.39067840576172,
      70.24352264404297,
      29.196910858154297,
      28.429800033569336,
      2.8312339782714844,
      2.852206230163574
    ],
    [
      23.94472312927246,
      16.385223388671875,
      46.983123779296875,
      43.48410415649414,
      52.68931579589844,
      54.606929779052734,
      65.55058288574219,
      63.44834899902344,
      85.18211364746094,
      87.3383560180664,
      90.8678970336914,
      88.17889404296875,
      67.13739013671875,
      69.27870178222656,
      28.686763763427734,
      28.02088737487793,
      2.8174333572387695,
      2.847925901412964
    ],
    [
      28.662307739257812,
      22.034896850585938,
      50.283912658691406,
      46.415382385253906,
      63.98674011230469,
      72.30648803710938,
      77.96724700927734,
      78.28939056396484,
      92.55702209472656,
      90.8678970336914,
      121.69241333007812,
      116.36685180664062,
      84.40729522705078,
      87.22750091552734,
      34.50319290161133,
      33.588218688964844,
      3.25573468208313,
      3.266007900238037
    ],
    [
      28.860973358154297,
      22.247941970825195,
      50.04416275024414,
      46.03059387207031,
      62.014705657958984,
      67.89643096923828,
      74.84654235839844,
      75.96054077148438,
      89.79173278808594,
      88.17889404296875,
      116.36685180664062,
      115.8966064453125,
      81.80884552001953,
      84.54631805419922,
      32.803260803222656,
      31.687482833862305,
      3.0640869140625,
      3.0542962551116943
    ],
    [
      20.046966552734375,
      13.612587928771973,
      34.146968841552734,
      32.11539077758789,
      47.084232330322266,
      52.423831939697266,
      58.76530075073242,
      58.5577392578125,
      68.39067840576172,
      67.13739013671875,
      84.40729522705078,
      81.80884552001953,
      72.47441864013672,
      74.17630767822266,
      32.31241989135742,
      31.44111442565918,
      2.89422345161438,
      2.897310495376587
    ],
    [
      20.812461853027344,
      14.129876136779785,
      34.80559158325195,
      33.034996032714844,
      49.07826232910156,
      54.013484954833984,
      60.83443069458008,
      60.70852279663086,
      70.24352264404297,
      69.27870178222656,
      87.22750091552734,
      84.54631805419922,
      74.17630767822266,
      77.26945495605469,
      33.22438430786133,
      32.262672424316406,
      2.992443084716797,
      2.991440534591675
    ],
    [
      9.98904800415039,
      7.09104061126709,
      14.530781745910645,
      14.22397518157959,
      19.49625015258789,
      22.05500030517578,
      27.411136627197266,
      26.331024169921875,
      29.196910858154297,
      28.686763763427734,
      34.50319290161133,
      32.803260803222656,
      32.31241989135742,
      33.22438430786133,
      19.890932083129883,
      19.340513229370117,
      2.1858205795288086,
      2.2304491996765137
    ],
    [
      9.394047737121582,
      6.525620460510254,
      13.783649444580078,
      13.518370628356934,
      18.75708770751953,
      21.366636276245117,
      26.62065887451172,
      25.708141326904297,
      28.429800033569336,
      28.02088737487793,
      33.588218688964844,
      31.687482833862305,
      31.44111442565918,
      32.262672424316406,
      19.340513229370117,
      19.30950927734375,
      2.1738762855529785,
      2.228278160095215
    ],
    [
      1.2949477434158325,
      1.0800632238388062,
      1.647165298461914,
      1.6296249628067017,
      1.6984652280807495,
      1.9308090209960938,
      2.7399868965148926,
      2.6068227291107178,
      2.8312339782714844,
      2.8174333572387695,
      3.25573468208313,
      3.0640869140625,
      2.89422345161438,
      2.992443084716797,
      2.1858205795288086,
      2.1738762855529785,
      0.4993134140968323,
      0.5156510472297668
    ],
    [
      1.3029506206512451,
      1.0926272869110107,
      1.640709400177002,
      1.6264246702194214,
      1.7331095933914185,
      1.9540458917617798,
      2.761489152908325,
      2.607370376586914,
      2.852206230163574,
      2.847925901412964,
      3.266007900238037,
      3.0542962551116943,
      2.897310495376587,
      2.991440534591675,
      2.2304491996765137,
      2.228278160095215,
      0.5156510472297668,
      0.5395592451095581
    ]
  ],
  "covariance_short": [
    [
      48.30784225463867,
      28.950927734375,
      26.301464080810547,
      24.147321701049805,
      18.525108337402344,
      19.860580444335938,
      27.379114151000977,
      24.94353675842285,
      30.611751556396484,
      32.00221252441406,
      40.37697982788086,
      40.13534164428711,
      25.932893753051758,
      26.533275604248047,
      10.863040924072266,
      9.943625450134277,
      1.2439838647842407,
      1.223933458328247
    ],
    [
      28.950927734375,
      27.668556213378906,
      21.570545196533203,
      20.333864212036133,
      14.175827980041504,
      13.378231048583984,
      18.8432674407959,
      16.088788986206055,
      22.49244499206543,
      23.186594009399414,
      24.983457565307617,
      24.851743698120117,
      15.808366775512695,
      16.183256149291992,
      6.940021991729736,
      6.2145490646362305,
      0.8543248176574707,
      0.8508527874946594
    ],
    [
      26.301464080810547,
      21.570545196533203,
      76.48959350585938,
      58.1391487121582,
      39.798362731933594,
      31.230045318603516,
      44.869285583496094,
      39.30067443847656,
      51.809722900390625,
      54.066978454589844,
      51.09759521484375,
      50.34770965576172,
      30.57146644592285,
      30.97035789489746,
      11.512588500976562,
      10.55567455291748,
      1.3311140537261963,
      1.30170738697052
    ],
    [
      24.147321701049805,
      20.333864212036133,
      58.1391487121582,
      60.848724365234375,
      32.93571853637695,
      26.751123428344727,
      37.86009979248047,
      33.22783279418945,
      46.018829345703125,
      47.95524978637695,
      44.82358169555664,
      44.12883377075195,
      26.772066116333008,
      27.62636947631836,
      10.232048034667969,
      9.430726051330566,
      1.1882420778274536,
      1.16104257106781
    ],
    [
      18.525108337402344,
      14.175827980041504,
      39.798362731933594,
      32.93571853637695,
      70.63728332519531,
      59.9024772644043,
      53.665218353271484,
      52.971046447753906,
      62.41473388671875,
      63.669071197509766,
      74.4486312866211,
      72.35991668701172,
      47.86460876464844,
      49.29364776611328,
      16.897676467895508,
      15.543530464172363,
      1.4782907962799072,
      1.470651626586914
    ],
    [
      19.860580444335938,
      13.378231048583984,
      31.230045318603516,
      26.751123428344727,
      59.9024772644043,
      78.63642120361328,
      55.38566589355469,
      56.59879684448242,
      64.90025329589844,
      65.15901184082031,
      80.48258209228516,
      76.04000854492188,
      51.17379379272461,
      52.06393051147461,
      18.647052764892578,
      17.236724853515625,
      1.618223786354065,
      1.5958095788955688
    ],
    [
      27.379114151000977,
      18.8432674407959,
      44.869285583496094,
      37.86009979248047,
      53.665218353271484,
      55.38566589355469,
      85.48289489746094,
      74.4747085571289,
      75.75918579101562,
      76.37470245361328,
      85.16566467285156,
      82.3958969116211,
      57.8831787109375,
      59.39952087402344,
      22.972597122192383,
      21.547870635986328,
      2.2806122303009033,
      2.257960796356201
    ],
    [
      24.94353675842285,
      16.088788986206055,
      39.30067443847656,
      33.22783279418945,
      52.971046447753906,
      56.59879684448242,
      74.4747085571289,
      81.3201675415039,
      73.02446746826172,
      72.92042541503906,
      84.86345672607422,
      83.01522827148438,
      57.02194595336914,
      58.41866683959961,
      21.874013900756836,
      20.53215217590332,
      2.124155282974243,
      2.085402250289917
    ],
    [
      30.611751556396484,
      22.49244499206543,
      51.809722900390625,
      46.018829345703125,
      62.41473388671875,
      64.90025329589844,
      75.75918579101562,
      73.02446746826172,
      100.28500366210938,
      95.9111328125,
      101.3917465209961,
      98.29032897949219,
      65.38237762451172,
      66.49470520019531,
      24.298904418945312,
      22.832990646362305,
      2.396852493286133,
      2.3638908863067627
    ],
    [
      32.00221252441406,
      23.186594009399414,
      54.066978454589844,
      47.95524978637695,
      63.669071197509766,
      65.15901184082031,
      76.37470245361328,
      72.92042541503906,
      95.9111328125,
      102.33004760742188,
      101.39490509033203,
      98.36947631835938,
      65.10767364501953,
      66.65607452392578,
      24.137788772583008,
      22.668039321899414,
      2.371873140335083,
      2.354218006134033
    ],
    [
      40.37697982788086,
      24.983457565307617,
      51.09759521484375,
      44.82358169555664,
      74.4486312866211,
      80.48258209228516,
      85.16566467285156,
      84.86345672607422,
      101.3917465209961,
      101.39490509033203,
      129.94908142089844,
      123.2189712524414,
      81.20801544189453,
      82.8461685180664,
      29.202566146850586,
      27.454933166503906,
      2.82338547706604,
      2.7831995487213135
    ],
    [
      40.13534164428711,
      24.851743698120117,
      50.34770965576172,
      44.12883377075195,
      72.35991668701172,
      76.04000854492188,
      82.3958969116211,
      83.01522827148438,
      98.29032897949219,
      98.36947631835938,
      123.2189712524414,
      123.49014282226562,
      78.97830963134766,
      80.69292449951172,
      27.98556900024414,
      26.182910919189453,
      2.6901259422302246,
      2.6372764110565186
    ],
    [
      25.932893753051758,
      15.808366775512695,
      30.57146644592285,
      26.772066116333008,
      47.86460876464844,
      51.17379379272461,
      57.8831787109375,
      57.02194595336914,
      65.38237762451172,
      65.10767364501953,
      81.20801544189453,
      78.97830963134766,
      65.94680786132812,
      66.02376556396484,
      25.707521438598633,
      24.242992401123047,
      2.451704263687134,
      2.394927978515625
    ],
    [
      26.533275604248047,
      16.183256149291992,
      30.97035789489746,
      27.62636947631836,
      49.29364776611328,
      52.06393051147461,
      59.39952087402344,
      58.41866683959961,
      66.49470520019531,
      66.65607452392578,
      82.8461685180664,
      80.69292449951172,
      66.02376556396484,
      68.45977783203125,
      26.190780639648438,
      24.70931053161621,
      2.513293981552124,
      2.458014965057373
    ],
    [
      10.863040924072266,
      6.940021991729736,
      11.512588500976562,
      10.232048034667969,
      16.897676467895508,
      18.647052764892578,
      22.972597122192383,
      21.874013900756836,
      24.298904418945312,
      24.137788772583008,
      29.202566146850586,
      27.98556900024414,
      25.707521438598633,
      26.190780639648438,
      15.389790534973145,
      14.319664001464844,
      1.7558845281600952,
      1.7433143854141235
    ],
    [
      9.943625450134277,
      6.2145490646362305,
      10.55567455291748,
      9.430726051330566,
      15.543530464172363,
      17.236724853515625,
      21.547870635986328,
      20.53215217590332,
      22.832990646362305,
      22.668039321899414,
      27.454933166503906,
      26.182910919189453,
      24.242992401123047,
      24.70931053161621,
      14.319664001464844,
      14.09129524230957,
      1.7354726791381836,
      1.7305700778961182
    ],
    [
      1.2439838647842407,
      0.8543248176574707,
      1.3311140537261963,
      1.1882420778274536,
      1.4782907962799072,
      1.618223786354065,
      2.2806122303009033,
      2.124155282974243,
      2.396852493286133,
      2.371873140335083,
      2.82338547706604,
      2.6901259422302246,
      2.451704263687134,
      2.513293981552124,
      1.7558845281600952,
      1.7354726791381836,
      0.4668518006801605,
      0.46275991201400757
    ],
    [
      1.223933458328247,
      0.8508527874946594,
      1.30170738697052,
      1.16104257106781,
      1.470651626586914,
      1.5958095788955688,
      2.257960796356201,
      2.085402250289917,
      2.3638908863067627,
      2.354218006134033,
      2.7831995487213135,
      2.6372764110565186,
      2.394927978515625,
      2.458014965057373,
      1.7433143854141235,
      1.7305700778961182,
      0.46275991201400757,
      0.47300469875335693
    ]
  ],
  "damage": -13.528890609741211,
  "diff_bandwidth": 733.8701171875,
  "dissonance": 5.213722018997322,
  "drr": 9.821930885314941,
  "dynamics": 5.8750457763671875,
  "format": 1245190,
  "frames": 8364032,
  "loudness": -25.399513244628906,
  "loudness_range": 17.926834106445312,
  "loudness_range_short": 21.22467041015625,
  "lowpass_true_peak_15khz": -0.2098764181137085,
  "mastering3_acoustic_entropies": [
    {
      "acoustic_entropy": 6.278534412384033,
      "acoustic_entropy_mono": 5.729335784912109,
      "band_eliminated_acoustic_entropies": [
        {
          "acoustic_entropy": 6.278205871582031,
          "acoustic_entropy_side": 6.278532028198242,
          "hz": 129.47220167065723
        },
        {
          "acoustic_entropy": 6.27216911315918,
          "acoustic_entropy_side": 6.278313636779785,
          "hz": 202.92927478742237
        },
        {
          "acoustic_entropy": 6.194547176361084,
          "acoustic_entropy_side": 6.254465103149414,
          "hz": 282.89161906338205
        },
        {
          "acoustic_entropy": 6.180509567260742,
          "acoustic_entropy_side": 6.2834625244140625,
          "hz": 369.9353335868758
        },
        {
          "acoustic_entropy": 6.4425272941589355,
          "acoustic_entropy_side": 6.028044700622559,
          "hz": 464.6875360973435
        },
        {
          "acoustic_entropy": 6.149838447570801,
          "acoustic_entropy_side": 6.206219673156738,
          "hz": 567.8308811364784
        },
        {
          "acoustic_entropy": 6.584918975830078,
          "acoustic_entropy_side": 6.425817489624023,
          "hz": 680.1084783214808
        },
        {
          "acoustic_entropy": 7.338752746582031,
          "acoustic_entropy_side": 7.026284694671631,
          "hz": 802.3292461747484
        },
        {
          "acoustic_entropy": 6.528546333312988,
          "acoustic_entropy_side": 6.19112491607666,
          "hz": 935.3737400823702
        },
        {
          "acoustic_entropy": 6.811306953430176,
          "acoustic_entropy_side": 6.556321620941162,
          "hz": 1080.2004963696966
        },
        {
          "acoustic_entropy": 7.103152751922607,
          "acoustic_entropy_side": 6.867490768432617,
          "hz": 1237.8529382007157
        },
        {
          "acoustic_entropy": 6.770402431488037,
          "acoustic_entropy_side": 6.633733749389648,
          "hz": 1409.4668930556702
        },
        {
          "acoustic_entropy": 6.371214866638184,
          "acoustic_entropy_side": 6.460285186767578,
          "hz": 1596.2787759475705
        },
        {
          "acoustic_entropy": 6.198082447052002,
          "acoustic_entropy_side": 6.18133544921875,
          "hz": 1799.6344973346393
        },
        {
          "acoustic_entropy": 6.18956995010376,
          "acoustic_entropy_side": 6.217707633972168,
          "hz": 2020.9991599069049
        },
        {
          "acoustic_entropy": 6.303127288818359,
          "acoustic_entropy_side": 6.249484539031982,
          "hz": 2261.9676141086993
        },
        {
          "acoustic_entropy": 6.315946102142334,
          "acoustic_entropy_side": 6.280462265014648,
          "hz": 2524.2759484456974
        },
        {
          "acoustic_entropy": 6.230761528015137,
          "acoustic_entropy_side": 6.211970806121826,
          "hz": 2809.813997359896
        },
        {
          "acoustic_entropy": 6.251729488372803,
          "acoustic_entropy_side": 6.279443740844727,
          "hz": 3120.6389567871424
        },
        {
          "acoustic_entropy": 6.2133588790893555,
          "acoustic_entropy_side": 6.257084369659424,
          "hz": 3458.990205492291
        },
        {
          "acoustic_entropy": 6.274930000305176,
          "acoustic_entropy_side": 6.275218963623047,
          "hz": 3827.305438964164
        },
        {
          "acoustic_entropy": 6.242805004119873,
          "acoustic_entropy_side": 6.269875526428223,
          "hz": 4228.238232109126
        },
        {
          "acoustic_entropy": 6.247032165527344,
          "acoustic_entropy_side": 6.273740291595459,
          "hz": 4664.6771572759235
        },
        {
          "acoustic_entropy": 6.265058994293213,
          "acoustic_entropy_side": 6.275025367736816,
          "hz": 5139.766595350093
        },
        {
          "acoustic_entropy": 6.273699760437012,
          "acoustic_entropy_side": 6.276510715484619,
          "hz": 5656.929389854203
        },
        {
          "acoustic_entropy": 6.275698661804199,
          "acoustic_entropy_side": 6.276573181152344,
          "hz": 6219.891507268283
        },
        {
          "acoustic_entropy": 6.277390003204346,
          "acoustic_entropy_side": 6.277629375457764,
          "hz": 6832.70888123896
        },
        {
          "acoustic_entropy": 6.278232574462891,
          "acoustic_entropy_side": 6.278315544128418,
          "hz": 7499.796634079867
        },
        {
          "acoustic_entropy": 6.278426170349121,
          "acoustic_entropy_side": 6.2784810066223145,
          "hz": 8225.96088609342
        },
        {
          "acoustic_entropy": 6.278274059295654,
          "acoustic_entropy_side": 6.278339385986328,
          "hz": 9016.43338188839
        },
        {
          "acoustic_entropy": 6.2784576416015625,
          "acoustic_entropy_side": 6.278489589691162,
          "hz": 9876.909183162974
        },
        {
          "acoustic_entropy": 6.278550624847412,
          "acoustic_entropy_side": 6.278533935546875,
          "hz": 10813.587699516042
        },
        {
          "acoustic_entropy": 6.278507709503174,
          "acoustic_entropy_side": 6.278528213500977,
          "hz": 11833.21735289826
        },
        {
          "acoustic_entropy": 6.278531074523926,
          "acoustic_entropy_side": 6.2785325050354,
          "hz": 12943.144197493959
        },
        {
          "acoustic_entropy": 6.278533458709717,
          "acoustic_entropy_side": 6.278531551361084,
          "hz": 14151.364845322005
        },
        {
          "acoustic_entropy": 6.278533935546875,
          "acoustic_entropy_side": 6.278533935546875,
          "hz": 15466.58407886509
        },
        {
          "acoustic_entropy": 6.278533935546875,
          "acoustic_entropy_side": 6.278534412384033,
          "hz": 16898.27756580493
        },
        {
          "acoustic_entropy": 6.278534412384033,
          "acoustic_entropy_side": 6.278534412384033,
          "hz": 18456.760127700032
        },
        {
          "acoustic_entropy": 6.278534412384033,
          "acoustic_entropy_side": 6.278534412384033,
          "hz": 20153.260054456492
        },
        {
          "acoustic_entropy": 6.278534412384033,
          "acoustic_entropy_side": 6.278534412384033,
          "hz": 22000.00000000001
        }
      ],
      "diff_acoustic_entropy": 5.836730480194092,
      "sn": 6
    },
    {
      "acoustic_entropy": 10.2153902053833,
      "acoustic_entropy_mono": 9.01500415802002,
      "band_eliminated_acoustic_entropies": [
        {
          "acoustic_entropy": 10.212020874023438,
          "acoustic_entropy_side": 10.215362548828125,
          "hz": 129.47220167065723
        },
        {
          "acoustic_entropy": 10.181807518005371,
          "acoustic_entropy_side": 10.208733558654785,
          "hz": 202.92927478742237
        },
        {
          "acoustic_entropy": 10.211092948913574,
          "acoustic_entropy_side": 10.208572387695312,
          "hz": 282.89161906338205
        },
        {
          "acoustic_entropy": 10.08637809753418,
          "acoustic_entropy_side": 10.16087532043457,
          "hz": 369.9353335868758
        },
        {
          "acoustic_entropy": 10.544954299926758,
          "acoustic_entropy_side": 10.239181518554688,
          "hz": 464.6875360973435
        },
        {
          "acoustic_entropy": 10.169669151306152,
          "acoustic_entropy_side": 10.257174491882324,
          "hz": 567.8308811364784
        },
        {
          "acoustic_entropy": 9.415000915527344,
          "acoustic_entropy_side": 9.609753608703613,
          "hz": 680.1084783214808
        },
        {
          "acoustic_entropy": 10.910120010375977,
          "acoustic_entropy_side": 10.706964492797852,
          "hz": 802.3292461747484
        },
        {
          "acoustic_entropy": 9.720757484436035,
          "acoustic_entropy_side": 10.167583465576172,
          "hz": 935.3737400823702
        },
        {
          "acoustic_entropy": 10.708500862121582,
          "acoustic_entropy_side": 10.566314697265625,
          "hz": 1080.2004963696966
        },
        {
          "acoustic_entropy": 9.99056339263916,
          "acoustic_entropy_side": 10.024590492248535,
          "hz": 1237.8529382007157
        },
        {
          "acoustic_entropy": 11.419153213500977,
          "acoustic_entropy_side": 10.860970497131348,
          "hz": 1409.4668930556702
        },
        {
          "acoustic_entropy": 9.413999557495117,
          "acoustic_entropy_side": 9.88121509552002,
          "hz": 1596.2787759475705
        },
        {
          "acoustic_entropy": 10.04454231262207,
          "acoustic_entropy_side": 10.056347846984863,
          "hz": 1799.6344973346393
        },
        {
          "acoustic_entropy": 10.311012268066406,
          "acoustic_entropy_side": 10.091784477233887,
          "hz": 2020.9991599069049
        },
        {
          "acoustic_entropy": 10.056464195251465,
          "acoustic_entropy_side": 10.194881439208984,
          "hz": 2261.9676141086993
        },
        {
          "acoustic_entropy": 10.204777717590332,
          "acoustic_entropy_side": 10.18666934967041,
          "hz": 2524.2759484456974
        },
        {
          "acoustic_entropy": 10.08818244934082,
          "acoustic_entropy_side": 10.13875675201416,
          "hz": 2809.813997359896
        },
        {
          "acoustic_entropy": 10.169617652893066,
          "acoustic_entropy_side": 10.184510231018066,
          "hz": 3120.6389567871424
        },
        {
          "acoustic_entropy": 10.069808959960938,
          "acoustic_entropy_side": 10.134902000427246,
          "hz": 3458.990205492291
        },
        {
          "acoustic_entropy": 10.138465881347656,
          "acoustic_entropy_side": 10.150863647460938,
          "hz": 3827.305438964164
        },
        {
          "acoustic_entropy": 10.105447769165039,
          "acoustic_entropy_side": 10.174510955810547,
          "hz": 4228.238232109126
        },
        {
          "acoustic_entropy": 10.095637321472168,
          "acoustic_entropy_side": 10.189643859863281,
          "hz": 4664.6771572759235
        },
        {
          "acoustic_entropy": 10.165942192077637,
          "acoustic_entropy_side": 10.192380905151367,
          "hz": 5139.766595350093
        },
        {
          "acoustic_entropy": 10.188981056213379,
          "acoustic_entropy_side": 10.196829795837402,
          "hz": 5656.929389854203
        },
        {
          "acoustic_entropy": 10.196385383605957,
          "acoustic_entropy_side": 10.20590877532959,
          "hz": 6219.891507268283
        },
        {
          "acoustic_entropy": 10.201292037963867,
          "acoustic_entropy_side": 10.20500659942627,
          "hz": 6832.70888123896
        },
        {
          "acoustic_entropy": 10.213467597961426,
          "acoustic_entropy_side": 10.214509963989258,
          "hz": 7499.796634079867
        },
        {
          "acoustic_entropy": 10.207630157470703,
          "acoustic_entropy_side": 10.211996078491211,
          "hz": 8225.96088609342
        },
        {
          "acoustic_entropy": 10.214062690734863,
          "acoustic_entropy_side": 10.214977264404297,
          "hz": 9016.43338188839
        },
        {
          "acoustic_entropy": 10.215178489685059,
          "acoustic_entropy_side": 10.215470314025879,
          "hz": 9876.909183162974
        },
        {
          "acoustic_entropy": 10.214478492736816,
          "acoustic_entropy_side": 10.21537971496582,
          "hz": 10813.587699516042
        },
        {
          "acoustic_entropy": 10.215672492980957,
          "acoustic_entropy_side": 10.21556568145752,
          "hz": 11833.21735289826
        },
        {
          "acoustic_entropy": 10.215373039245605,
          "acoustic_entropy_side": 10.21537971496582,
          "hz": 12943.144197493959
        },
        {
          "acoustic_entropy": 10.215386390686035,
          "acoustic_entropy_side": 10.215391159057617,
          "hz": 14151.364845322005
        },
        {
          "acoustic_entropy": 10.215385437011719,
          "acoustic_entropy_side": 10.215388298034668,
          "hz": 15466.58407886509
        },
        {
          "acoustic_entropy": 10.215391159057617,
          "acoustic_entropy_side": 10.215392112731934,
          "hz": 16898.27756580493
        },
        {
          "acoustic_entropy": 10.215394020080566,
          "acoustic_entropy_side": 10.215392112731934,
          "hz": 18456.760127700032
        },
        {
          "acoustic_entropy": 10.2153902053833,
          "acoustic_entropy_side": 10.2153902053833,
          "hz": 20153.260054456492
        },
        {
          "acoustic_entropy": 10.2153902053833,
          "acoustic_entropy_side": 10.2153902053833,
          "hz": 22000.00000000001
        }
      ],
      "diff_acoustic_entropy": 8.780071258544922,
      "sn": 12
    },
    {
      "acoustic_entropy": 16.3791446685791,
      "acoustic_entropy_mono": 15.626886367797852,
      "band_eliminated_acoustic_entropies": [
        {
          "acoustic_entropy": 16.42661476135254,
          "acoustic_entropy_side": 16.38425064086914,
          "hz": 129.47220167065723
        },
        {
          "acoustic_entropy": 16.74390411376953,
          "acoustic_entropy_side": 16.555164337158203,
          "hz": 202.92927478742237
        },
        {
          "acoustic_entropy": 17.57579231262207,
          "acoustic_entropy_side": 17.060787200927734,
          "hz": 282.89161906338205
        },
        {
          "acoustic_entropy": 16.634084701538086,
          "acoustic_entropy_side": 16.142946243286133,
          "hz": 369.9353335868758
        },
        {
          "acoustic_entropy": 16.312992095947266,
          "acoustic_entropy_side": 16.532825469970703,
          "hz": 464.6875360973435
        },
        {
          "acoustic_entropy": 16.864334106445312,
          "acoustic_entropy_side": 16.745874404907227,
          "hz": 567.8308811364784
        },
        {
          "acoustic_entropy": 16.307302474975586,
          "acoustic_entropy_side": 16.770633697509766,
          "hz": 680.1084783214808
        },
        {
          "acoustic_entropy": 16.626123428344727,
          "acoustic_entropy_side": 17.08318328857422,
          "hz": 802.3292461747484
        },
        {
          "acoustic_entropy": 16.353759765625,
          "acoustic_entropy_side": 16.403709411621094,
          "hz": 935.3737400823702
        },
        {
          "acoustic_entropy": 17.24833869934082,
          "acoustic_entropy_side": 17.092374801635742,
          "hz": 1080.2004963696966
        },
        {
          "acoustic_entropy": 16.625171661376953,
          "acoustic_entropy_side": 16.318771362304688,
          "hz": 1237.8529382007157
        },
        {
          "acoustic_entropy": 17.111492156982422,
          "acoustic_entropy_side": 16.874267578125,
          "hz": 1409.4668930556702
        },
        {
          "acoustic_entropy": 15.812630653381348,
          "acoustic_entropy_side": 16.188934326171875,
          "hz": 1596.2787759475705
        },
        {
          "acoustic_entropy": 16.430267333984375,
          "acoustic_entropy_side": 16.25632095336914,
          "hz": 1799.6344973346393
        },
        {
          "acoustic_entropy": 17.231983184814453,
          "acoustic_entropy_side": 16.857254028320312,
          "hz": 2020.9991599069049
        },
        {
          "acoustic_entropy": 16.40117073059082,
          "acoustic_entropy_side": 16.694965362548828,
          "hz": 2261.9676141086993
        },
        {
          "acoustic_entropy": 16.736867904663086,
          "acoustic_entropy_side": 16.32571792602539,
          "hz": 2524.2759484456974
        },
        {
          "acoustic_entropy": 16.53958511352539,
          "acoustic_entropy_side": 16.49421501159668,
          "hz": 2809.813997359896
        },
        {
          "acoustic_entropy": 16.672000885009766,
          "acoustic_entropy_side": 16.621601104736328,
          "hz": 3120.6389567871424
        },
        {
