{
  "acoustic_entropy": 126.41511535644531,
  "bands": [
    {
      "high_freq": 148.1999969482422,
      "loudness": -41.452293395996094,
      "loudness_range": 29.57623863220215,
      "mid_mean": -37.85802459716797,
      "mid_to_side_loudness": -19.510456085205078,
      "mid_to_side_loudness_range": 7.335944175720215,
      "side_mean": -56.72437286376953
    },
    {
      "high_freq": 392.3793640136719,
      "loudness": -33.13257598876953,
      "loudness_range": 23.975696563720703,
      "low_freq": 148.1999969482422,
      "mid_mean": -29.643831253051758,
      "mid_to_side_loudness": -17.110843658447266,
      "mid_to_side_loudness_range": 8.277812004089355,
      "side_mean": -47.018218994140625
    },
    {
      "high_freq": 794.6976318359375,
      "loudness": -34.476097106933594,
      "loudness_range": 22.095718383789062,
      "low_freq": 392.3793640136719,
      "mid_mean": -31.058900833129883,
      "mid_to_side_loudness": -16.04584503173828,
      "mid_to_side_loudness_range": 8.453154563903809,
      "side_mean": -47.215187072753906
    },
    {
      "high_freq": 1457.5709228515625,
      "loudness": -41.14335250854492,
      "loudness_range": 28.750762939453125,
      "low_freq": 794.6976318359375,
      "mid_mean": -37.77440643310547,
      "mid_to_side_loudness": -16.261329650878906,
      "mid_to_side_loudness_range": 8.37027359008789,
      "side_mean": -54.76285171508789
    },
    {
      "high_freq": 2549.74365234375,
      "loudness": -50.11792755126953,
      "loudness_range": 32.72374725341797,
      "low_freq": 1457.5709228515625,
      "mid_mean": -46.53806686401367,
      "mid_to_side_loudness": -15.761609077453613,
      "mid_to_side_loudness_range": 7.691685676574707,
      "side_mean": -60.40095138549805
    },
    {
      "high_freq": 4349.24462890625,
      "loudness": -56.72441864013672,
      "loudness_range": 32.535274505615234,
      "low_freq": 2549.74365234375,
      "mid_mean": -53.277427673339844,
      "mid_to_side_loudness": -17.116178512573242,
      "mid_to_side_loudness_range": 6.649222373962402,
      "side_mean": -64.69617462158203
    },
    {
      "high_freq": 7314.1640625,
      "loudness": -65.07742309570312,
      "loudness_range": 25.576560974121094,
      "low_freq": 4349.24462890625,
      "mid_mean": -60.61419677734375,
      "mid_to_side_loudness": -20.295085906982422,
      "mid_to_side_loudness_range": 8.403030395507812,
      "side_mean": -68.54727935791016
    },
    {
      "high_freq": 12199.2666015625,
      "loudness": -72.9800796508789,
      "loudness_range": 2.581756591796875,
      "low_freq": 7314.1640625,
      "mid_mean": -66.67249298095703,
      "mid_to_side_loudness": -29.7804012298584,
      "mid_to_side_loudness_range": 14.030500411987305,
      "side_mean": -69.99027252197266
    },
    {
      "loudness": 0,
      "loudness_range": 0,
      "low_freq": 12199.2666015625,
      "mid_mean": -67.4091567993164,
      "mid_to_side_loudness": -11.05687141418457,
      "mid_to_side_loudness_range": 1.1470508575439453,
      "side_mean": -69.73057556152344
    }
  ],
  "bands_short": [
    {
      "high_freq": 148.1999969482422,
      "loudness": -46.04866027832031,
      "loudness_range": 30.30266571044922,
      "mid_mean": -42.422271728515625,
      "mid_to_side_loudness": -20.59071922302246,
      "mid_to_side_loudness_range": 15.25661849975586,
      "side_mean": -60.717342376708984
    },
    {
      "high_freq": 392.3793640136719,
      "loudness": -33.1776008605957,
      "loudness_range": 25.216083526611328,
      "low_freq": 148.1999969482422,
      "mid_mean": -29.739072799682617,
      "mid_to_side_loudness": -17.188087463378906,
      "mid_to_side_loudness_range": 11.54945182800293,
      "side_mean": -47.15319061279297
    },
    {
      "high_freq": 794.6976318359375,
      "loudness": -34.61853790283203,
      "loudness_range": 23.170133590698242,
      "low_freq": 392.3793640136719,
      "mid_mean": -31.229799270629883,
      "mid_to_side_loudness": -16.013290405273438,
      "mid_to_side_loudness_range": 12.013388633728027,
      "side_mean": -47.44488525390625
    },
    {
      "high_freq": 1457.5709228515625,
      "loudness": -40.77732849121094,
      "loudness_range": 29.28304100036621,
      "low_freq": 794.6976318359375,
      "mid_mean": -37.53196716308594,
      "mid_to_side_loudness": -16.083251953125,
      "mid_to_side_loudness_range": 12.18351936340332,
      "side_mean": -54.3273811340332
    },
    {
      "high_freq": 2549.74365234375,
      "loudness": -50.54776382446289,
      "loudness_range": 32.87754440307617,
      "low_freq": 1457.5709228515625,
      "mid_mean": -47.01412582397461,
      "mid_to_side_loudness": -15.563115119934082,
      "mid_to_side_loudness_range": 10.847207069396973,
      "side_mean": -60.60050582885742
    },
    {
      "high_freq": 4349.24462890625,
      "loudness": -56.911556243896484,
      "loudness_range": 32.248844146728516,
      "low_freq": 2549.74365234375,
      "mid_mean": -53.46994400024414,
      "mid_to_side_loudness": -16.900859832763672,
      "mid_to_side_loudness_range": 9.362914085388184,
      "side_mean": -64.70662689208984
    },
    {
      "high_freq": 7314.1640625,
      "loudness": -65.1497802734375,
      "loudness_range": 25.3717041015625,
      "low_freq": 4349.24462890625,
      "mid_mean": -60.68252944946289,
      "mid_to_side_loudness": -19.945201873779297,
      "mid_to_side_loudness_range": 10.400776863098145,
      "side_mean": -68.54547119140625
    },
    {
      "high_freq": 12199.2666015625,
      "loudness": -73.03059387207031,
      "loudness_range": 2.6683502197265625,
      "low_freq": 7314.1640625,
      "mid_mean": -66.69640350341797,
      "mid_to_side_loudness": -30.1571044921875,
      "mid_to_side_loudness_range": 18.857995986938477,
      "side_mean": -69.99061584472656
    },
    {
      "loudness": 0,
      "loudness_range": 0,
      "low_freq": 12199.2666015625,
      "mid_mean": -67.40015411376953,
      "mid_to_side_loudness": -11.11501693725586,
      "mid_to_side_loudness_range": 2.418246269226074,
      "side_mean": -69.73041534423828
    }
  ],
  "bandwidth": 472.6820373535156,
  "channels": 2,
  "covariance": [
    [
      112.00274658203125,
      99.09159851074219,
      54.83891296386719,
      51.92861557006836,
      21.613361358642578,
      21.495216369628906,
      30.120676040649414,
      31.82370948791504,
      2.757552146911621,
      0.9916540384292603,
      -12.247965812683105,
      -6.853157997131348,
      -7.812862396240234,
      -2.3113834857940674,
      -0.7115885615348816,
      -0.0252542681992054,
      0.2332478016614914,
      -0.04802000895142555
    ],
    [
      99.09159851074219,
      96.09959411621094,
      48.52580642700195,
      47.222900390625,
      17.154573440551758,
      17.778593063354492,
      24.18885612487793,
      32.43406295776367,
      -1.2658590078353882,
      3.530703067779541,
      -6.4963579177856445,
      -5.364531517028809,
      -3.861072540283203,
      -1.6523395776748657,
      0.7785458564758301,
      -0.01950078271329403,
      1.3660945892333984,
      0.06989394873380661
    ],
    [
      54.83891296386719,
      48.52580642700195,
      73.080078125,
      64.63935852050781,
      35.80004119873047,
      34.746944427490234,
      18.72943687438965,
      20.341510772705078,
      12.971152305603027,
      10.293015480041504,
      5.08835506439209,
      3.6710071563720703,
      4.467641830444336,
      2.233198642730713,
      0.2527882754802704,
      -0.00895247608423233,
      0.19666416943073273,
      -0.03523213788866997
    ],
    [
      51.92861557006836,
      47.222900390625,
      64.63935852050781,
      70.8490982055664,
      36.39121627807617,
      38.052024841308594,
      18.268041610717773,
      23.006149291992188,
      12.082247734069824,
      10.637954711914062,
      5.010591506958008,
      4.248645782470703,
      5.266729831695557,
      2.6598737239837646,
      0.34328892827033997,
      -0.013804971240460873,
      0.247841015458107,
      -0.03526539355516434
    ],
    [
      21.613361358642578,
      17.154573440551758,
      35.80004119873047,
      36.39121627807617,
      65.14680480957031,
      57.86035919189453,
      34.00890350341797,
      35.10955810546875,
      35.03166198730469,
      25.378921508789062,
      28.801589965820312,
      17.273996353149414,
      14.884862899780273,
      5.6060791015625,
      0.880376935005188,
      -0.01402614451944828,
      0.2417827546596527,
      -0.002227331278845668
    ],
    [
      21.495216369628906,
      17.778593063354492,
      34.746944427490234,
      38.052024841308594,
      57.86035919189453,
      63.213008880615234,
      34.009544372558594,
      36.908973693847656,
      35.34427261352539,
      26.91022491455078,
      28.742454528808594,
      17.215621948242188,
      14.664499282836914,
      5.516931056976318,
      0.8017809391021729,
      -0.015467469580471516,
      0.2543269395828247,
      0.0015196974854916334
    ],
    [
      30.120676040649414,
      24.18885612487793,
      18.72943687438965,
      18.268041610717773,
      34.00890350341797,
      34.009544372558594,
      101.74922943115234,
      86.6007080078125,
      58.34042739868164,
      41.158870697021484,
      39.62164306640625,
      20.778003692626953,
      17.1298828125,
      5.746910095214844,
      0.9434934854507446,
      -0.035070497542619705,
      0.40050095319747925,
      0.00808324571698904
    ],
    [
      31.82370948791504,
      32.43406295776367,
      20.341510772705078,
      23.006149291992188,
      35.10955810546875,
      36.908973693847656,
      86.6007080078125,
      95.4682846069336,
      55.163330078125,
      45.07777786254883,
      44.7872314453125,
      22.613525390625,
      21.025297164916992,
      6.2839579582214355,
      2.841916561126709,
      -0.03132914379239082,
      1.85265052318573,
      0.13906070590019226
    ],
    [
      2.757552146911621,
      -1.2658590078353882,
      12.971152305603027,
      12.082247734069824,
      35.03166198730469,
      35.34427261352539,
      58.34042739868164,
      55.163330078125,
      113.23500061035156,
      78.8851318359375,
      93.12882995605469,
      51.644248962402344,
      53.859195709228516,
      17.76071548461914,
      3.8263113498687744,
      0.00316207786090672,
      0.7222447395324707,
      0.040407631546258926
    ],
    [
      0.9916540384292603,
      3.530703067779541,
      10.293015480041504,
      10.637954711914062,
      25.378921508789062,
      26.91022491455078,
      41.158870697021484,
      45.07777786254883,
      78.8851318359375,
      62.6087532043457,
      71.6746826171875,
      41.02664566040039,
      43.23574447631836,
      14.453898429870605,
      4.228591442108154,
      0.012005075812339783,
      1.388216495513916,
      0.1097356379032135
    ],
    [
      -12.247965812683105,
      -6.4963579177856445,
      5.08835506439209,
      5.010591506958008,
      28.801589965820312,
      28.742454528808594,
      39.62164306640625,
      44.7872314453125,
      93.12882995605469,
      71.6746826171875,
      123.60082244873047,
      71.31192779541016,
      74.39984893798828,
      24.462146759033203,
      6.740333080291748,
      0.006762412376701832,
      2.315187454223633,
      0.18170218169689178
    ],
    [
      -6.853157997131348,
      -5.364531517028809,
      3.6710071563720703,
      4.248645782470703,
      17.273996353149414,
      17.215621948242188,
      20.778003692626953,
      22.613525390625,
      51.644248962402344,
      41.02664566040039,
      71.31192779541016,
      46.992252349853516,
      45.6976318359375,
      16.709917068481445,
      3.854295253753662,
      0.010635964572429657,
      0.9580739736557007,
      0.06827116012573242
    ],
    [
      -7.812862396240234,
      -3.861072540283203,
      4.467641830444336,
      5.266729831695557,
      14.884862899780273,
      14.664499282836914,
      17.1298828125,
      21.025297164916992,
      53.859195709228516,
      43.23574447631836,
      74.39984893798828,
      45.6976318359375,
      61.34794998168945,
      22.73587417602539,
      4.803170204162598,
      0.011916985735297203,
      1.3915120363235474,
      0.10076484829187393
    ],
    [
      -2.3113834857940674,
      -1.6523395776748657,
      2.233198642730713,
      2.6598737239837646,
      5.6060791015625,
      5.516931056976318,
      5.746910095214844,
      6.2839579582214355,
      17.76071548461914,
      14.453898429870605,
      24.462146759033203,
      16.709917068481445,
      22.73587417602539,
      10.234163284301758,
      1.7494239807128906,
      0.008935509249567986,
      0.3225266933441162,
      0.019039694219827652
    ],
    [
      -0.7115885615348816,
      0.7785458564758301,
      0.2527882754802704,
      0.34328892827033997,
      0.880376935005188,
      0.8017809391021729,
      0.9434934854507446,
      2.841916561126709,
      3.8263113498687744,
      4.228591442108154,
      6.740333080291748,
      3.854295253753662,
      4.803170204162598,
      1.7494239807128906,
      1.0996482372283936,
      0.008072050288319588,
      0.3813519775867462,
      0.02995751053094864
    ],
    [
      -0.0252542681992054,
      -0.01950078271329403,
      -0.00895247608423233,
      -0.013804971240460873,
      -0.01402614451944828,
      -0.015467469580471516,
      -0.035070497542619705,
      -0.03132914379239082,
      0.00316207786090672,
      0.012005075812339783,
      0.006762412376701832,
      0.010635964572429657,
      0.011916985735297203,
      0.008935509249567986,
      0.008072050288319588,
      0.0004257966938894242,
      -0.0004974284674972296,
      0.00012254623288754374
    ],
    [
      0.2332478016614914,
      1.3660945892333984,
      0.19666416943073273,
      0.247841015458107,
      0.2417827546596527,
      0.2543269395828247,
      0.40050095319747925,
      1.85265052318573,
      0.7222447395324707,
      1.388216495513916,
      2.315187454223633,
      0.9580739736557007,
      1.3915120363235474,
      0.3225266933441162,
      0.3813519775867462,
      -0.0004974284674972296,
      0.2647877335548401,
      0.022089025005698204
    ],
    [
      -0.04802000895142555,
      0.06989394873380661,
      -0.03523213788866997,
      -0.03526539355516434,
      -0.002227331278845668,
      0.0015196974854916334,
      0.00808324571698904,
      0.13906070590019226,
      0.040407631546258926,
      0.1097356379032135,
      0.18170218169689178,
      0.06827116012573242,
      0.10076484829187393,
      0.019039694219827652,
      0.02995751053094864,
      0.00012254623288754374,
      0.022089025005698204,
      0.0026177852414548397
    ]
  ],
  "covariance_short": [
    [
      109.14295196533203,
      81.77008056640625,
      57.55292510986328,
      52.20492935180664,
      11.05510425567627,
      13.701778411865234,
      22.4641170501709,
      25.723285675048828,
      -5.3815226554870605,
      -3.4020066261291504,
      -18.13271713256836,
      -10.207849502563477,
      -10.439743041992188,
      -3.1651394367218018,
      -0.79835045337677,
      -0.02346644178032875,
      0.2278115451335907,
      -0.04466398432850838
    ],
    [
      81.77008056640625,
      77.58165740966797,
      47.484474182128906,
      44.434120178222656,
      6.738826751708984,
      9.200398445129395,
      14.718710899353027,
      22.004732131958008,
      -9.3145112991333,
      -2.86905837059021,
      -13.991979598999023,
      -8.957144737243652,
      -7.608134746551514,
      -2.6035513877868652,
      0.23293952643871307,
      -0.014119029976427555,
      0.9118500351905823,
      0.04247715324163437
    ],
    [
      57.55292510986328,
      47.484474182128906,
      81.10610961914062,
      68.34213256835938,
      33.63568878173828,
      32.8417854309082,
      20.612606048583984,
      21.685501098632812,
      8.651469230651855,
      7.4442267417907715,
      -1.4338393211364746,
      0.15932846069335938,
      1.90753972530365,
      1.7050045728683472,
      0.10353844612836838,
      -0.007692844141274691,
      0.16088637709617615,
      -0.04317253828048706
    ],
    [
      52.20492935180664,
      44.434120178222656,
      68.34213256835938,
      76.13407135009766,
      33.59158706665039,
      36.194358825683594,
      19.89507484436035,
      23.747373580932617,
      9.084522247314453,
      8.547626495361328,
      0.06750120967626572,
      1.3841313123703003,
      2.7729077339172363,
      2.086977958679199,
      0.212863951921463,
      -0.012418432161211967,
      0.2319972664117813,
      -0.03957214578986168
    ],
    [
      11.05510425567627,
      6.738826751708984,
      33.63568878173828,
      33.59158706665039,
      70.10231018066406,
      56.83929443359375,
      38.79270935058594,
      36.331703186035156,
      36.136653900146484,
      26.05658531188965,
      29.0450382232666,
      17.771196365356445,
      14.53855037689209,
      5.728004455566406,
      0.8401315808296204,
      -0.013325834646821022,
      0.23128251731395721,
      -0.004072664771229029
    ],
    [
      13.701778411865234,
      9.200398445129395,
      32.8417854309082,
      36.194358825683594,
      56.83929443359375,
      65.96621704101562,
      37.78498840332031,
      38.915775299072266,
      35.26324462890625,
      27.15323257446289,
      28.111167907714844,
      17.23369789123535,
      14.190649032592773,
      5.579787731170654,
      0.7416749000549316,
      -0.016067909076809883,
      0.25389406085014343,
      0.00020112919446546584
    ],
    [
      22.4641170501709,
      14.718710899353027,
      20.612606048583984,
      19.89507484436035,
      38.79270935058594,
      37.78498840332031,
      103.87273406982422,
      83.32075500488281,
      59.05387496948242,
      41.016143798828125,
      40.30827713012695,
      21.217464447021484,
      17.11846160888672,
      6.143344402313232,
      0.9225151538848877,
      -0.03378957509994507,
      0.36647337675094604,
      0.0087305698543787
    ],
    [
      25.723285675048828,
      22.004732131958008,
      21.685501098632812,
      23.747373580932617,
      36.331703186035156,
      38.915775299072266,
      83.32075500488281,
      95.61456298828125,
      54.561676025390625,
      44.7156867980957,
      44.44149398803711,
      22.884666442871094,
      20.65943145751953,
      6.506216526031494,
      2.8138866424560547,
      -0.031584735959768295,
      1.8910664319992065,
      0.14188669621944427
    ],
    [
      -5.3815226554870605,
      -9.3145112991333,
      8.651469230651855,
      9.084522247314453,
      36.136653900146484,
      35.26324462890625,
      59.05387496948242,
      54.561676025390625,
      116.12812042236328,
      76.83478546142578,
      92.56983184814453,
      51.38327407836914,
      53.533878326416016,
      17.881999969482422,
      3.678401470184326,
      0.0021663245279341936,
      0.7416572570800781,
      0.039722833782434464
    ],
    [
      -3.4020066261291504,
      -2.86905837059021,
      7.4442267417907715,
      8.547626495361328,
      26.05658531188965,
      27.15323257446289,
      41.016143798828125,
      44.7156867980957,
      76.83478546142578,
      62.43879699707031,
      69.915771484375,
      40.594322204589844,
      41.83323287963867,
      14.297873497009277,
      3.982287645339966,
      0.010938581079244614,
      1.360589861869812,
      0.10651910305023193
    ],
    [
      -18.13271713256836,
      -13.991979598999023,
      -1.4338393211364746,
      0.06750120967626572,
      29.0450382232666,
      28.111167907714844,
      40.30827713012695,
      44.44149398803711,
      92.56983184814453,
      69.915771484375,
      123.39923858642578,
      70.05751037597656,
      73.10807037353516,
      24.176095962524414,
      6.677243709564209,
      0.010675165802240372,
      2.321805715560913,
      0.17930535972118378
    ],
    [
      -10.207849502563477,
      -8.957144737243652,
      0.15932846069335938,
      1.3841313123703003,
      17.771196365356445,
      17.23369789123535,
      21.217464447021484,
      22.884666442871094,
      51.38327407836914,
      40.594322204589844,
      70.05751037597656,
      47.562408447265625,
      44.48615646362305,
      16.559343338012695,
      3.7793986797332764,
      0.014077031053602695,
      0.960491418838501,
      0.06742957979440689
    ],
    [
      -10.439743041992188,
      -7.608134746551514,
      1.90753972530365,
      2.7729077339172363,
      14.53855037689209,
      14.190649032592773,
      17.11846160888672,
      20.65943145751953,
      53.533878326416016,
      41.83323287963867,
      73.10807037353516,
      44.48615646362305,
      60.61679458618164,
      22.001094818115234,
      4.6918439865112305,
      0.012584295123815536,
      1.3912031650543213,
      0.10003933310508728
    ],
    [
      -3.1651394367218018,
      -2.6035513877868652,
      1.7050045728683472,
      2.086977958679199,
      5.728004455566406,
      5.579787731170654,
      6.143344402313232,
      6.506216526031494,
      17.881999969482422,
      14.297873497009277,
      24.176095962524414,
      16.559343338012695,
      22.001094818115234,
      10.30980396270752,
      1.6482024192810059,
      0.008707258850336075,
      0.32010865211486816,
      0.01820201985538006
    ],
    [
      -0.79835045337677,
      0.23293952643871307,
      0.10353844612836838,
      0.212863951921463,
      0.8401315808296204,
      0.7416749000549316,
      0.9225151538848877,
      2.8138866424560547,
      3.678401470184326,
      3.982287645339966,
      6.677243709564209,
      3.7793986797332764,
      4.6918439865112305,
      1.6482024192810059,
      1.154104471206665,
      0.007617219816893339,
      0.3848392367362976,
      0.029841739684343338
    ],
    [
      -0.02346644178032875,
      -0.014119029976427555,
      -0.007692844141274691,
      -0.012418432161211967,
      -0.013325834646821022,
      -0.016067909076809883,
      -0.03378957509994507,
      -0.031584735959768295,
      0.0021663245279341936,
      0.010938581079244614,
      0.010675165802240372,
      0.014077031053602695,
      0.012584295123815536,
      0.008707258850336075,
      0.007617219816893339,
      0.0005146341281943023,
      -0.000525923038367182,
      0.00012539734598249197
    ],
    [
      0.2278115451335907,
      0.9118500351905823,
      0.16088637709617615,
      0.2319972664117813,
      0.23128251731395721,
      0.25389406085014343,
      0.36647337675094604,
      1.8910664319992065,
      0.7416572570800781,
      1.360589861869812,
      2.321805715560913,
      0.960491418838501,
      1.3912031650543213,
      0.32010865211486816,
      0.3848392367362976,
      -0.000525923038367182,
      0.2884936034679413,
      0.022126594558358192
    ],
    [
      -0.04466398432850838,
      0.04247715324163437,
      -0.04317253828048706,
      -0.03957214578986168,
      -0.004072664771229029,
      0.00020112919446546584,
      0.0087305698543787,
      0.14188669621944427,
      0.039722833782434464,
      0.10651910305023193,
      0.17930535972118378,
      0.06742957979440689,
      0.10003933310508728,
      0.01820201985538006,
      0.029841739684343338,
      0.00012539734598249197,
      0.022126594558358192,
      0.0040191845037043095
    ]
  ],
  "damage": -15.333410263061523,
  "diff_bandwidth": 509.3495788574219,
  "dissonance": 7.954970178203502,
  "drr": 7.517886638641357,
  "dynamics": 5.187796115875244,
  "format": 1245190,
  "frames": 17652672,
  "loudness": -22.630146026611328,
  "loudness_range": 17.331056594848633,
  "loudness_range_short": 18.290176391601562,
  "lowpass_true_peak_15khz": -3.380716562271118,
  "mastering3_acoustic_entropies": [
    {
      "acoustic_entropy": 7.359071254730225,
      "acoustic_entropy_mono": 7.249715328216553,
      "band_eliminated_acoustic_entropies": [
        {
          "acoustic_entropy": 7.285731792449951,
          "acoustic_entropy_side": 7.359041213989258,
          "hz": 129.47220167065723
        },
        {
          "acoustic_entropy": 6.68463134765625,
          "acoustic_entropy_side": 7.360836505889893,
          "hz": 202.92927478742237
        },
        {
          "acoustic_entropy": 7.803308963775635,
          "acoustic_entropy_side": 7.360730171203613,
          "hz": 282.89161906338205
        },
        {
          "acoustic_entropy": 7.358050346374512,
          "acoustic_entropy_side": 7.356922149658203,
          "hz": 369.9353335868758
        },
        {
          "acoustic_entropy": 7.5215535163879395,
          "acoustic_entropy_side": 7.351583003997803,
          "hz": 464.6875360973435
        },
        {
          "acoustic_entropy": 7.698190212249756,
          "acoustic_entropy_side": 7.361018657684326,
          "hz": 567.8308811364784
        },
        {
          "acoustic_entropy": 7.88871431350708,
          "acoustic_entropy_side": 7.370876312255859,
          "hz": 680.1084783214808
        },
        {
          "acoustic_entropy": 7.231942176818848,
          "acoustic_entropy_side": 7.317080974578857,
          "hz": 802.3292461747484
        },
        {
          "acoustic_entropy": 7.977126598358154,
          "acoustic_entropy_side": 7.325640678405762,
          "hz": 935.3737400823702
        },
        {
          "acoustic_entropy": 7.661329746246338,
          "acoustic_entropy_side": 7.289340019226074,
          "hz": 1080.2004963696966
        },
        {
          "acoustic_entropy": 7.49225378036499,
          "acoustic_entropy_side": 7.364413738250732,
          "hz": 1237.8529382007157
        },
        {
          "acoustic_entropy": 7.341200351715088,
          "acoustic_entropy_side": 7.363821983337402,
          "hz": 1409.4668930556702
        },
        {
          "acoustic_entropy": 7.392171859741211,
          "acoustic_entropy_side": 7.361021041870117,
          "hz": 1596.2787759475705
        },
        {
          "acoustic_entropy": 7.380476474761963,
          "acoustic_entropy_side": 7.3673577308654785,
          "hz": 1799.6344973346393
        },
        {
          "acoustic_entropy": 7.571812152862549,
          "acoustic_entropy_side": 7.361996650695801,
          "hz": 2020.9991599069049
        },
        {
          "acoustic_entropy": 7.240728378295898,
          "acoustic_entropy_side": 7.3595075607299805,
          "hz": 2261.9676141086993
        },
        {
          "acoustic_entropy": 7.361316204071045,
          "acoustic_entropy_side": 7.3592047691345215,
          "hz": 2524.2759484456974
        },
        {
          "acoustic_entropy": 7.645811080932617,
          "acoustic_entropy_side": 7.359924793243408,
          "hz": 2809.813997359896
        },
        {
          "acoustic_entropy": 7.34786319732666,
          "acoustic_entropy_side": 7.35907506942749,
          "hz": 3120.6389567871424
        },
        {
          "acoustic_entropy": 7.541543483734131,
          "acoustic_entropy_side": 7.361368656158447,
          "hz": 3458.990205492291
        },
        {
          "acoustic_entropy": 7.7893595695495605,
          "acoustic_entropy_side": 7.361942291259766,
          "hz": 3827.305438964164
        },
        {
          "acoustic_entropy": 7.420622825622559,
          "acoustic_entropy_side": 7.359417915344238,
          "hz": 4228.238232109126
        },
        {
          "acoustic_entropy": 7.472991466522217,
          "acoustic_entropy_side": 7.359300136566162,
          "hz": 4664.6771572759235
        },
        {
          "acoustic_entropy": 7.368227005004883,
          "acoustic_entropy_side": 7.359086990356445,
          "hz": 5139.766595350093
        },
        {
          "acoustic_entropy": 7.3592071533203125,
          "acoustic_entropy_side": 7.359071731567383,
          "hz": 5656.929389854203
        },
        {
          "acoustic_entropy": 7.360536575317383,
          "acoustic_entropy_side": 7.359071731567383,
          "hz": 6219.891507268283
        },
        {
          "acoustic_entropy": 7.359116077423096,
          "acoustic_entropy_side": 7.359071254730225,
          "hz": 6832.70888123896
        },
        {
          "acoustic_entropy": 7.359065532684326,
          "acoustic_entropy_side": 7.359071254730225,
          "hz": 7499.796634079867
        },
        {
          "acoustic_entropy": 7.359073162078857,
          "acoustic_entropy_side": 7.359071254730225,
          "hz": 8225.96088609342
        },
        {
          "acoustic_entropy": 7.359071254730225,
          "acoustic_entropy_side": 7.359071254730225,
          "hz": 9016.43338188839
        },
        {
          "acoustic_entropy": 7.359071254730225,
          "acoustic_entropy_side": 7.359071254730225,
          "hz": 9876.909183162974
        },
        {
          "acoustic_entropy": 7.359071254730225,
          "acoustic_entropy_side": 7.359071254730225,
          "hz": 10813.587699516042
        },
        {
          "acoustic_entropy": 7.359071254730225,
          "acoustic_entropy_side": 7.359071254730225,
          "hz": 11833.21735289826
        },
        {
          "acoustic_entropy": 7.359071254730225,
          "acoustic_entropy_side": 7.359071254730225,
          "hz": 12943.144197493959
        },
        {
          "acoustic_entropy": 7.359071254730225,
          "acoustic_entropy_side": 7.359071254730225,
          "hz": 14151.364845322005
        },
        {
          "acoustic_entropy": 7.359071254730225,
          "acoustic_entropy_side": 7.359071254730225,
          "hz": 15466.58407886509
        },
        {
          "acoustic_entropy": 7.359071254730225,
          "acoustic_entropy_side": 7.359071254730225,
          "hz": 16898.27756580493
        },
        {
          "acoustic_entropy": 7.359071254730225,
          "acoustic_entropy_side": 7.359071254730225,
          "hz": 18456.760127700032
        },
        {
          "acoustic_entropy": 7.359071254730225,
          "acoustic_entropy_side": 7.359071254730225,
          "hz": 20153.260054456492
        },
        {
          "acoustic_entropy": 7.359071254730225,
          "acoustic_entropy_side": 7.359071254730225,
          "hz": 22000.00000000001
        }
      ],
      "diff_acoustic_entropy": 1.252617359161377,
      "sn": 6
    },
    {
      "acoustic_entropy": 11.074777603149414,
      "acoustic_entropy_mono": 11.30222225189209,
      "band_eliminated_acoustic_entropies": [
        {
          "acoustic_entropy": 11.208243370056152,
          "acoustic_entropy_side": 11.074898719787598,
          "hz": 129.47220167065723
        },
        {
          "acoustic_entropy": 11.761363983154297,
          "acoustic_entropy_side": 11.073962211608887,
          "hz": 202.92927478742237
        },
        {
          "acoustic_entropy": 11.412229537963867,
          "acoustic_entropy_side": 11.104947090148926,
          "hz": 282.89161906338205
        },
        {
          "acoustic_entropy": 11.821918487548828,
          "acoustic_entropy_side": 11.136981010437012,
          "hz": 369.9353335868758
        },
        {
          "acoustic_entropy": 11.784083366394043,
          "acoustic_entropy_side": 11.096174240112305,
          "hz": 464.6875360973435
        },
        {
          "acoustic_entropy": 11.813407897949219,
          "acoustic_entropy_side": 10.908936500549316,
          "hz": 567.8308811364784
        },
        {
          "acoustic_entropy": 11.738998413085938,
          "acoustic_entropy_side": 11.145284652709961,
          "hz": 680.1084783214808
        },
        {
          "acoustic_entropy": 12.222026824951172,
          "acoustic_entropy_side": 11.136527061462402,
          "hz": 802.3292461747484
        },
        {
          "acoustic_entropy": 12.053067207336426,
          "acoustic_entropy_side": 11.087109565734863,
          "hz": 935.3737400823702
        },
        {
          "acoustic_entropy": 12.47319507598877,
          "acoustic_entropy_side": 11.087153434753418,
          "hz": 1080.2004963696966
        },
        {
          "acoustic_entropy": 11.769925117492676,
          "acoustic_entropy_side": 11.146385192871094,
          "hz": 1237.8529382007157
        },
        {
          "acoustic_entropy": 10.90256404876709,
          "acoustic_entropy_side": 11.101645469665527,
          "hz": 1409.4668930556702
        },
        {
          "acoustic_entropy": 11.124100685119629,
          "acoustic_entropy_side": 11.064702033996582,
          "hz": 1596.2787759475705
        },
        {
          "acoustic_entropy": 10.784165382385254,
          "acoustic_entropy_side": 11.120368003845215,
          "hz": 1799.6344973346393
        },
        {
          "acoustic_entropy": 11.54452896118164,
          "acoustic_entropy_side": 11.084866523742676,
          "hz": 2020.9991599069049
        },
        {
          "acoustic_entropy": 10.951815605163574,
          "acoustic_entropy_side": 11.074795722961426,
          "hz": 2261.9676141086993
        },
        {
          "acoustic_entropy": 11.254260063171387,
          "acoustic_entropy_side": 11.057225227355957,
          "hz": 2524.2759484456974
        },
        {
          "acoustic_entropy": 10.948418617248535,
          "acoustic_entropy_side": 11.054487228393555,
          "hz": 2809.813997359896
        },
        {
          "acoustic_entropy": 10.877894401550293,
          "acoustic_entropy_side": 11.070122718811035,
          "hz": 3120.6389567871424
        },
        {
          "acoustic_entropy": 10.95855712890625,
          "acoustic_entropy_side": 11.05626106262207,
          "hz": 3458.990205492291
        },
        {
          "acoustic_entropy": 11.097678184509277,
          "acoustic_entropy_side": 11.063283920288086,
          "hz": 3827.305438964164
        },
        {
          "acoustic_entropy": 11.14116382598877,
          "acoustic_entropy_side": 11.078630447387695,
          "hz": 4228.238232109126
        },
        {
          "acoustic_entropy": 11.274686813354492,
          "acoustic_entropy_side": 11.073134422302246,
          "hz": 4664.6771572759235
        },
        {
          "acoustic_entropy": 11.12074089050293,
          "acoustic_entropy_side": 11.075419425964355,
          "hz": 5139.766595350093
        },
        {
          "acoustic_entropy": 11.085709571838379,
          "acoustic_entropy_side": 11.074808120727539,
          "hz": 5656.929389854203
        },
        {
          "acoustic_entropy": 10.999160766601562,
          "acoustic_entropy_side": 11.074652671813965,
          "hz": 6219.891507268283
        },
        {
          "acoustic_entropy": 11.073999404907227,
          "acoustic_entropy_side": 11.074775695800781,
          "hz": 6832.70888123896
        },
        {
          "acoustic_entropy": 11.074707984924316,
          "acoustic_entropy_side": 11.074777603149414,
          "hz": 7499.796634079867
        },
        {
          "acoustic_entropy": 11.074784278869629,
          "acoustic_entropy_side": 11.074777603149414,
          "hz": 8225.96088609342
        },
        {
          "acoustic_entropy": 11.074775695800781,
          "acoustic_entropy_side": 11.074777603149414,
          "hz": 9016.43338188839
        },
        {
          "acoustic_entropy": 11.074777603149414,
          "acoustic_entropy_side": 11.074777603149414,
          "hz": 9876.909183162974
        },
        {
          "acoustic_entropy": 11.074774742126465,
          "acoustic_entropy_side": 11.074777603149414,
          "hz": 10813.587699516042
        },
        {
          "acoustic_entropy": 11.074776649475098,
          "acoustic_entropy_side": 11.074777603149414,
          "hz": 11833.21735289826
        },
        {
          "acoustic_entropy": 11.074777603149414,
          "acoustic_entropy_side": 11.074777603149414,
          "hz": 12943.144197493959
        },
        {
          "acoustic_entropy": 11.074777603149414,
          "acoustic_entropy_side": 11.074777603149414,
          "hz": 14151.364845322005
        },
        {
          "acoustic_entropy": 11.074777603149414,
          "acoustic_entropy_side": 11.074777603149414,
          "hz": 15466.58407886509
        },
        {
          "acoustic_entropy": 11.074777603149414,
          "acoustic_entropy_side": 11.074777603149414,
          "hz": 16898.27756580493
        },
        {
          "acoustic_entropy": 11.074777603149414,
          "acoustic_entropy_side": 11.074777603149414,
          "hz": 18456.760127700032
        },
        {
          "acoustic_entropy": 11.074777603149414,
          "acoustic_entropy_side": 11.074777603149414,
          "hz": 20153.260054456492
        },
        {
          "acoustic_entropy": 11.074777603149414,
          "acoustic_entropy_side": 11.074777603149414,
          "hz": 22000.00000000001
        }
      ],
      "diff_acoustic_entropy": 2.1443235874176025,
      "sn": 12
    },
    {
      "acoustic_entropy": 18.571001052856445,
      "acoustic_entropy_mono": 16.989683151245117,
      "band_eliminated_acoustic_entropies": [
        {
          "acoustic_entropy": 18.403528213500977,
          "acoustic_entropy_side": 18.579402923583984,
          "hz": 129.47220167065723
        },
        {
          "acoustic_entropy": 18.25493812561035,
          "acoustic_entropy_side": 18.599842071533203,
          "hz": 202.92927478742237
        },
        {
          "acoustic_entropy": 19.072786331176758,
          "acoustic_entropy_side": 18.885122299194336,
          "hz": 282.89161906338205
        },
        {
          "acoustic_entropy": 18.927337646484375,
          "acoustic_entropy_side": 18.646831512451172,
          "hz": 369.9353335868758
        },
        {
          "acoustic_entropy": 18.78968620300293,
          "acoustic_entropy_side": 18.27492332458496,
          "hz": 464.6875360973435
        },
        {
          "acoustic_entropy": 18.36347770690918,
          "acoustic_entropy_side": 18.6461124420166,
          "hz": 567.8308811364784
        },
        {
          "acoustic_entropy": 18.896177291870117,
          "acoustic_entropy_side": 18.49753761291504,
          "hz": 680.1084783214808
        },
        {
          "acoustic_entropy": 18.814603805541992,
          "acoustic_entropy_side": 19.123804092407227,
          "hz": 802.3292461747484
        },
        {
          "acoustic_entropy": 18.801965713500977,
          "acoustic_entropy_side": 18.275333404541016,
          "hz": 935.3737400823702
        },
        {
          "acoustic_entropy": 19.172687530517578,
          "acoustic_entropy_side": 18.52053451538086,
          "hz": 1080.2004963696966
        },
        {
          "acoustic_entropy": 18.669296264648438,
          "acoustic_entropy_side": 18.335269927978516,
          "hz": 1237.8529382007157
        },
        {
          "acoustic_entropy": 18.721712112426758,
          "acoustic_entropy_side": 18.72819709777832,
          "hz": 1409.4668930556702
        },
        {
          "acoustic_entropy": 18.757488250732422,
          "acoustic_entropy_side": 18.62879753112793,
          "hz": 1596.2787759475705
        },
        {
          "acoustic_entropy": 18.228897094726562,
          "acoustic_entropy_side": 18.24800682067871,
          "hz": 1799.6344973346393
        },
        {
          "acoustic_entropy": 18.967525482177734,
          "acoustic_entropy_side": 18.742813110351562,
          "hz": 2020.9991599069049
        },
        {
          "acoustic_entropy": 17.951271057128906,
          "acoustic_entropy_side": 18.61968231201172,
          "hz": 2261.9676141086993
        },
        {
          "acoustic_entropy": 17.695693969726562,
