{
  "acoustic_entropy": 125.19437408447266,
  "bands": [
    {
      "high_freq": 148.1999969482422,
      "loudness": -21.149625778198242,
      "loudness_range": 11.100391387939453,
      "mid_mean": -17.72989845275879,
      "mid_to_side_loudness": -29.69678497314453,
      "mid_to_side_loudness_range": 21.029142379760742,
      "side_mean": -51.286293029785156
    },
    {
      "high_freq": 392.3793640136719,
      "loudness": -28.9708251953125,
      "loudness_range": 11.905889511108398,
      "low_freq": 148.1999969482422,
      "mid_mean": -25.311418533325195,
      "mid_to_side_loudness": -25.06197738647461,
      "mid_to_side_loudness_range": 19.017986297607422,
      "side_mean": -50.71057891845703
    },
    {
      "high_freq": 794.6976318359375,
      "loudness": -35.12116241455078,
      "loudness_range": 15.540315628051758,
      "low_freq": 392.3793640136719,
      "mid_mean": -31.51322364807129,
      "mid_to_side_loudness": -20.717538833618164,
      "mid_to_side_loudness_range": 16.049949645996094,
      "side_mean": -52.35692596435547
    },
    {
      "high_freq": 1457.5709228515625,
      "loudness": -36.581295013427734,
      "loudness_range": 17.733234405517578,
      "low_freq": 794.6976318359375,
      "mid_mean": -33.00481033325195,
      "mid_to_side_loudness": -18.86070442199707,
      "mid_to_side_loudness_range": 12.532526016235352,
      "side_mean": -52.012271881103516
    },
    {
      "high_freq": 2549.74365234375,
      "loudness": -34.56278610229492,
      "loudness_range": 17.451053619384766,
      "low_freq": 1457.5709228515625,
      "mid_mean": -30.981834411621094,
      "mid_to_side_loudness": -19.44955825805664,
      "mid_to_side_loudness_range": 8.670807838439941,
      "side_mean": -51.16231918334961
    },
    {
      "high_freq": 4349.24462890625,
      "loudness": -30.973840713500977,
      "loudness_range": 15.519086837768555,
      "low_freq": 2549.74365234375,
      "mid_mean": -27.403982162475586,
      "mid_to_side_loudness": -18.40232276916504,
      "mid_to_side_loudness_range": 3.7590951919555664,
      "side_mean": -46.81706237792969
    },
    {
      "high_freq": 7314.1640625,
      "loudness": -30.27431297302246,
      "loudness_range": 15.689579010009766,
      "low_freq": 4349.24462890625,
      "mid_mean": -26.68556785583496,
      "mid_to_side_loudness": -19.053104400634766,
      "mid_to_side_loudness_range": 4.209600448608398,
      "side_mean": -46.582191467285156
    },
    {
      "high_freq": 12199.2666015625,
      "loudness": -34.478790283203125,
      "loudness_range": 10.160711288452148,
      "low_freq": 7314.1640625,
      "mid_mean": -30.889400482177734,
      "mid_to_side_loudness": -21.457530975341797,
      "mid_to_side_loudness_range": 9.419939994812012,
      "side_mean": -54.040950775146484
    },
    {
      "loudness": -48.218936920166016,
      "loudness_range": 6.9803924560546875,
      "low_freq": 12199.2666015625,
      "mid_mean": -44.62554931640625,
      "mid_to_side_loudness": -23.88711166381836,
      "mid_to_side_loudness_range": 27.05318260192871,
      "side_mean": -66.90471649169922
    }
  ],
  "bands_short": [
    {
      "high_freq": 148.1999969482422,
      "loudness": -25.050153732299805,
      "loudness_range": 26.43817901611328,
      "mid_mean": -22.045276641845703,
      "mid_to_side_loudness": -29.10682487487793,
      "mid_to_side_loudness_range": 15.539936065673828,
      "side_mean": -54.976173400878906
    },
    {
      "high_freq": 392.3793640136719,
      "loudness": -27.201255798339844,
      "loudness_range": 19.13038444519043,
      "low_freq": 148.1999969482422,
      "mid_mean": -23.584537506103516,
      "mid_to_side_loudness": -26.078861236572266,
      "mid_to_side_loudness_range": 19.719532012939453,
      "side_mean": -50.2205696105957
    },
    {
      "high_freq": 794.6976318359375,
      "loudness": -36.26083755493164,
      "loudness_range": 19.438568115234375,
      "low_freq": 392.3793640136719,
      "mid_mean": -32.75481414794922,
      "mid_to_side_loudness": -20.647350311279297,
      "mid_to_side_loudness_range": 19.19439125061035,
      "side_mean": -53.50275802612305
    },
    {
      "high_freq": 1457.5709228515625,
      "loudness": -39.6663703918457,
      "loudness_range": 22.46994400024414,
      "low_freq": 794.6976318359375,
      "mid_mean": -36.16370391845703,
      "mid_to_side_loudness": -18.08600616455078,
      "mid_to_side_loudness_range": 16.387393951416016,
      "side_mean": -54.11787796020508
    },
    {
      "high_freq": 2549.74365234375,
      "loudness": -38.448673248291016,
      "loudness_range": 25.193235397338867,
      "low_freq": 1457.5709228515625,
      "mid_mean": -34.91923522949219,
      "mid_to_side_loudness": -18.964061737060547,
      "mid_to_side_loudness_range": 12.41840934753418,
      "side_mean": -53.9136848449707
    },
    {
      "high_freq": 4349.24462890625,
      "loudness": -35.26762008666992,
      "loudness_range": 28.390365600585938,
      "low_freq": 2549.74365234375,
      "mid_mean": -31.726411819458008,
      "mid_to_side_loudness": -17.911563873291016,
      "mid_to_side_loudness_range": 8.093901634216309,
      "side_mean": -51.04304122924805
    },
    {
      "high_freq": 7314.1640625,
      "loudness": -31.78120231628418,
      "loudness_range": 23.563474655151367,
      "low_freq": 4349.24462890625,
      "mid_mean": -28.386245727539062,
      "mid_to_side_loudness": -18.732898712158203,
      "mid_to_side_loudness_range": 5.043026924133301,
      "side_mean": -50.032352447509766
    },
    {
      "high_freq": 12199.2666015625,
      "loudness": -37.36894989013672,
      "loudness_range": 19.75719451904297,
      "low_freq": 7314.1640625,
      "mid_mean": -34.02288055419922,
      "mid_to_side_loudness": -20.21344566345215,
      "mid_to_side_loudness_range": 13.772286415100098,
      "side_mean": -56.35978698730469
    },
    {
      "loudness": -51.76766586303711,
      "loudness_range": 21.71041488647461,
      "low_freq": 12199.2666015625,
      "mid_mean": -49.74045944213867,
      "mid_to_side_loudness": -20.120567321777344,
      "mid_to_side_loudness_range": 30.16550064086914,
      "side_mean": -67.06838989257812
    }
  ],
  "bandwidth": 312.1932678222656,
  "channels": 2,
  "covariance": [
    [
      35.0766487121582,
      36.988101959228516,
      8.862459182739258,
      14.962931632995605,
      5.212838172912598,
      10.092427253723145,
      3.3348941802978516,
      5.0976457595825195,
      3.519160032272339,
      2.7881433963775635,
      4.197885990142822,
      4.567137718200684,
      3.8469223976135254,
      4.442856311798096,
      2.0981879234313965,
      3.7068443298339844,
      1.1635102033615112,
      1.6160446405410767
    ],
    [
      36.988101959228516,
      103.43815612792969,
      23.917139053344727,
      49.47929000854492,
      28.995187759399414,
      49.34263229370117,
      32.48298263549805,
      43.45779800415039,
      33.12879180908203,
      45.61438751220703,
      25.19928741455078,
      35.81189727783203,
      27.15752410888672,
      33.5887565612793,
      15.558390617370605,
      34.275936126708984,
      6.6380767822265625,
      3.2772114276885986
    ],
    [
      8.862459182739258,
      23.917139053344727,
      18.469009399414062,
      17.551340103149414,
      13.794984817504883,
      14.447317123413086,
      12.041851997375488,
      12.097064971923828,
      10.663630485534668,
      14.746044158935547,
      6.033101558685303,
      10.913155555725098,
      4.863411903381348,
      8.360562324523926,
      3.832571029663086,
      10.38318157196045,
      2.103484869003296,
      0.14309705793857574
    ],
    [
      14.962931632995605,
      49.47929000854492,
      17.551340103149414,
      57.83653259277344,
      24.807809829711914,
      51.8894157409668,
      25.550508499145508,
      41.92828369140625,
      23.309284210205078,
      36.29730224609375,
      18.30722999572754,
      24.974102020263672,
      18.856849670410156,
      22.19898796081543,
      12.272477149963379,
      26.175880432128906,
      6.4190168380737305,
      4.187178134918213
    ],
    [
      5.212838172912598,
      28.995187759399414,
      13.794984817504883,
      24.807809829711914,
      31.799606323242188,
      34.11541748046875,
      27.87291145324707,
      30.275524139404297,
      25.596086502075195,
      29.69314956665039,
      16.030324935913086,
      21.184123992919922,
      16.001245498657227,
      17.264501571655273,
      11.732414245605469,
      19.891376495361328,
      6.56480598449707,
      0.7526999115943909
    ],
    [
      10.092427253723145,
      49.34263229370117,
      14.447317123413086,
      51.8894157409668,
      34.11541748046875,
      65.49465942382812,
      36.47979736328125,
      56.35172653198242,
      34.43867874145508,
      49.56410217285156,
      27.048709869384766,
      34.03178405761719,
      27.898714065551758,
      29.752901077270508,
      18.134750366210938,
      32.69715881347656,
      9.028294563293457,
      3.88846755027771
    ],
    [
      3.3348941802978516,
      32.48298263549805,
      12.041851997375488,
      25.550508499145508,
      27.87291145324707,
      36.47979736328125,
      40.133758544921875,
      41.59220504760742,
      36.37092971801758,
      42.58937454223633,
      25.948522567749023,
      31.824342727661133,
      25.28232192993164,
      28.101526260375977,
      17.7027645111084,
      26.65862274169922,
      9.33253002166748,
      0.9808096289634705
    ],
    [
      5.0976457595825195,
      43.45779800415039,
      12.097064971923828,
      41.92828369140625,
      30.275524139404297,
      56.35172653198242,
      41.59220504760742,
      64.34357452392578,
      39.61378860473633,
      57.32936477661133,
      33.09428405761719,
      40.508724212646484,
      33.3475227355957,
      34.783973693847656,
      21.544601440429688,
      35.456024169921875,
      10.110762596130371,
      3.321514844894409
    ],
    [
      3.519160032272339,
      33.12879180908203,
      10.663630485534668,
      23.309284210205078,
      25.596086502075195,
      34.43867874145508,
      36.37092971801758,
      39.61378860473633,
      45.31162643432617,
      44.918785095214844,
      32.07162857055664,
      39.30162811279297,
      28.640411376953125,
      31.120105743408203,
      20.341550827026367,
      29.47174072265625,
      11.686458587646484,
      0.6106094717979431
    ],
    [
      2.7881433963775635,
      45.61438751220703,
      14.746044158935547,
      36.29730224609375,
      29.69314956665039,
      49.56410217285156,
      42.58937454223633,
      57.32936477661133,
      44.918785095214844,
      65.22466278076172,
      34.43269729614258,
      46.13333511352539,
      33.64901351928711,
      39.73006820678711,
      22.36176872253418,
      40.56866455078125,
      11.466554641723633,
      2.0265820026397705
    ],
    [
      4.197885990142822,
      25.19928741455078,
      6.033101558685303,
      18.30722999572754,
      16.030324935913086,
      27.048709869384766,
      25.948522567749023,
      33.09428405761719,
      32.07162857055664,
      34.43269729614258,
      40.75187301635742,
      39.76399612426758,
      33.59947204589844,
      34.421287536621094,
      22.582286834716797,
      26.3146915435791,
      13.674980163574219,
      1.1614694595336914
    ],
    [
      4.567137718200684,
      35.81189727783203,
      10.913155555725098,
      24.974102020263672,
      21.184123992919922,
      34.03178405761719,
      31.824342727661133,
      40.508724212646484,
      39.30162811279297,
      46.13333511352539,
      39.76399612426758,
      51.18719482421875,
      35.79319763183594,
      40.29926681518555,
      24.173768997192383,
      32.84308624267578,
      13.559199333190918,
      1.217670202255249
    ],
    [
      3.8469223976135254,
      27.15752410888672,
      4.863411903381348,
      18.856849670410156,
      16.001245498657227,
      27.898714065551758,
      25.28232192993164,
      33.3475227355957,
      28.640411376953125,
      33.64901351928711,
      33.59947204589844,
      35.79319763183594,
      39.21467590332031,
      37.66401290893555,
      24.887388229370117,
      26.461074829101562,
      14.378795623779297,
      1.4068607091903687
    ],
    [
      4.442856311798096,
      33.5887565612793,
      8.360562324523926,
      22.19898796081543,
      17.264501571655273,
      29.752901077270508,
      28.101526260375977,
      34.783973693847656,
      31.120105743408203,
      39.73006820678711,
      34.421287536621094,
      40.29926681518555,
      37.66401290893555,
      45.195068359375,
      25.387754440307617,
      32.02452087402344,
      16.321632385253906,
      1.877132534980774
    ],
    [
      2.0981879234313965,
      15.558390617370605,
      3.832571029663086,
      12.272477149963379,
      11.732414245605469,
      18.134750366210938,
      17.7027645111084,
      21.544601440429688,
      20.341550827026367,
      22.36176872253418,
      22.582286834716797,
      24.173768997192383,
      24.887388229370117,
      25.387754440307617,
      21.238449096679688,
      19.919145584106445,
      15.046459197998047,
      1.4795010089874268
    ],
    [
      3.7068443298339844,
      34.275936126708984,
      10.38318157196045,
      26.175880432128906,
      19.891376495361328,
      32.69715881347656,
      26.65862274169922,
      35.456024169921875,
      29.47174072265625,
      40.56866455078125,
      26.3146915435791,
      32.84308624267578,
      26.461074829101562,
      32.02452087402344,
      19.919145584106445,
      35.61819839477539,
      14.771563529968262,
      2.8324790000915527
    ],
    [
      1.1635102033615112,
      6.6380767822265625,
      2.103484869003296,
      6.4190168380737305,
      6.56480598449707,
      9.028294563293457,
      9.33253002166748,
      10.110762596130371,
      11.686458587646484,
      11.466554641723633,
      13.674980163574219,
      13.559199333190918,
      14.378795623779297,
      16.321632385253906,
      15.046459197998047,
      14.771563529968262,
      17.07048797607422,
      1.828005075454712
    ],
    [
      1.6160446405410767,
      3.2772114276885986,
      0.14309705793857574,
      4.187178134918213,
      0.7526999115943909,
      3.88846755027771,
      0.9808096289634705,
      3.321514844894409,
      0.6106094717979431,
      2.0265820026397705,
      1.1614694595336914,
      1.217670202255249,
      1.4068607091903687,
      1.877132534980774,
      1.4795010089874268,
      2.8324790000915527,
      1.828005075454712,
      1.6472182273864746
    ]
  ],
  "covariance_short": [
    [
      106.61172485351562,
      84.3026351928711,
      37.26995849609375,
      25.961116790771484,
      7.294857501983643,
      11.110305786132812,
      0.8623438477516174,
      2.426745891571045,
      1.6081970930099487,
      -0.31726211309432983,
      3.485574722290039,
      2.5811381340026855,
      -1.637406349182129,
      2.167269706726074,
      -0.47920429706573486,
      3.6802268028259277,
      3.9359607696533203,
      3.1844780445098877
    ],
    [
      84.3026351928711,
      115.47571563720703,
      49.68539810180664,
      51.9457893371582,
      24.490198135375977,
      41.240150451660156,
      25.927595138549805,
      35.818904876708984,
      34.397953033447266,
      38.19906234741211,
      33.68806076049805,
      46.98855209350586,
      22.214984893798828,
      44.933128356933594,
      14.01547622680664,
      32.336883544921875,
      29.268199920654297,
      3.4985246658325195
    ],
    [
      37.26995849609375,
      49.68539810180664,
      49.587284088134766,
      37.52427673339844,
      22.438236236572266,
      25.639772415161133,
      21.011762619018555,
      21.237565994262695,
      23.434492111206055,
      21.92464256286621,
      20.42829132080078,
      25.851470947265625,
      11.676383972167969,
      23.167882919311523,
      10.556421279907227,
      18.138782501220703,
      17.249534606933594,
      1.5198904275894165
    ],
    [
      25.961116790771484,
      51.9457893371582,
      37.52427673339844,
      76.42755889892578,
      31.481246948242188,
      61.14137649536133,
      33.4132194519043,
      50.659912109375,
      32.480064392089844,
      41.71038818359375,
      31.65397071838379,
      44.95689010620117,
      24.389629364013672,
      43.394569396972656,
      18.742977142333984,
      33.62105941772461,
      29.147626876831055,
      4.717019557952881
    ],
    [
      7.294857501983643,
      24.490198135375977,
      22.438236236572266,
      31.481246948242188,
      46.97743606567383,
      42.51490783691406,
      34.99424362182617,
      33.222774505615234,
      32.889530181884766,
      28.844512939453125,
      24.834890365600586,
      32.090885162353516,
      17.540597915649414,
      28.927169799804688,
      18.044727325439453,
      23.4084415435791,
      24.22480583190918,
      0.9297999143600464
    ],
    [
      11.110305786132812,
      41.240150451660156,
      25.639772415161133,
      61.14137649536133,
      42.51490783691406,
      79.37120819091797,
      44.874847412109375,
      65.63462829589844,
      42.67448425292969,
      54.16592788696289,
      40.832767486572266,
      55.9846076965332,
      32.13654708862305,
      52.062744140625,
      25.704959869384766,
      40.33642578125,
      34.95344543457031,
      4.491275787353516
    ],
    [
      0.8623438477516174,
      25.927595138549805,
      21.011762619018555,
      33.4132194519043,
      34.99424362182617,
      44.874847412109375,
      53.766387939453125,
      53.284645080566406,
      48.847408294677734,
      49.745452880859375,
      44.18174362182617,
      51.29457092285156,
      31.352615356445312,
      45.11875534057617,
      28.654356002807617,
      34.89882278442383,
      33.38710021972656,
      1.8137884140014648
    ],
    [
      2.426745891571045,
      35.818904876708984,
      21.237565994262695,
      50.659912109375,
      33.222774505615234,
      65.63462829589844,
      53.284645080566406,
      82.4027099609375,
      50.963470458984375,
      67.0877914428711,
      51.498966217041016,
      68.36529541015625,
      40.98250198364258,
      60.40092468261719,
      31.291484832763672,
      45.58381271362305,
      36.90584945678711,
      4.620987415313721
    ],
    [
      1.6081970930099487,
      34.397953033447266,
      23.434492111206055,
      32.480064392089844,
      32.889530181884766,
      42.67448425292969,
      48.847408294677734,
      50.963470458984375,
      70.78704071044922,
      67.14678192138672,
      64.54515075683594,
      71.71863555908203,
      45.34697723388672,
      64.50349426269531,
      42.14911651611328,
      48.913673400878906,
      50.05296325683594,
      1.1879260540008545
    ],
    [
      -0.31726211309432983,
      38.19906234741211,
      21.92464256286621,
      41.71038818359375,
      28.844512939453125,
      54.16592788696289,
      49.745452880859375,
      67.0877914428711,
      67.14678192138672,
      82.69296264648438,
      65.77472686767578,
      81.4968032836914,
      48.305206298828125,
      72.95695495605469,
      41.06333541870117,
      54.452659606933594,
      51.395023345947266,
      2.9326059818267822
    ],
    [
      3.485574722290039,
      33.68806076049805,
      20.42829132080078,
      31.65397071838379,
      24.834890365600586,
      40.832767486572266,
      44.18174362182617,
      51.498966217041016,
      64.54515075683594,
      65.77472686767578,
      93.7368392944336,
      85.58800506591797,
      62.352943420410156,
      78.41624450683594,
      54.66729736328125,
      57.9273567199707,
      56.732852935791016,
      2.1480321884155273
    ],
    [
      2.5811381340026855,
      46.98855209350586,
      25.851470947265625,
      44.95689010620117,
      32.090885162353516,
      55.9846076965332,
      51.29457092285156,
      68.36529541015625,
      71.71863555908203,
      81.4968032836914,
      85.58800506591797,
      103.23939514160156,
      65.2269515991211,
      94.5140151977539,
      54.47584533691406,
      68.34615325927734,
      65.99213409423828,
      3.624206066131592
    ],
    [
      -1.637406349182129,
      22.214984893798828,
      11.676383972167969,
      24.389629364013672,
      17.540597915649414,
      32.13654708862305,
      31.352615356445312,
      40.98250198364258,
      45.34697723388672,
      48.305206298828125,
      62.352943420410156,
      65.2269515991211,
      70.18865966796875,
      65.29277038574219,
      54.15409851074219,
      47.74156951904297,
      42.399932861328125,
      2.6998186111450195
    ],
    [
      2.167269706726074,
      44.933128356933594,
      23.167882919311523,
      43.394569396972656,
      28.927169799804688,
      52.062744140625,
      45.11875534057617,
      60.40092468261719,
      64.50349426269531,
      72.95695495605469,
      78.41624450683594,
      94.5140151977539,
      65.29277038574219,
      101.95358276367188,
      56.1605339050293,
      72.6690902709961,
      76.25108337402344,
      5.0394768714904785
    ],
    [
      -0.47920429706573486,
      14.01547622680664,
      10.556421279907227,
      18.742977142333984,
      18.044727325439453,
      25.704959869384766,
      28.654356002807617,
      31.291484832763672,
      42.14911651611328,
      41.06333541870117,
      54.66729736328125,
      54.47584533691406,
      54.15409851074219,
      56.1605339050293,
      62.658164978027344,
      48.685638427734375,
      53.3493537902832,
      3.14607834815979
    ],
    [
      3.6802268028259277,
      32.336883544921875,
      18.138782501220703,
      33.62105941772461,
      23.4084415435791,
      40.33642578125,
      34.89882278442383,
      45.58381271362305,
      48.913673400878906,
      54.452659606933594,
      57.9273567199707,
      68.34615325927734,
      47.74156951904297,
      72.6690902709961,
      48.685638427734375,
      58.77356719970703,
      63.28358840942383,
      4.748198509216309
    ],
    [
      3.9359607696533203,
      29.268199920654297,
      17.249534606933594,
      29.147626876831055,
      24.22480583190918,
      34.95344543457031,
      33.38710021972656,
      36.90584945678711,
      50.05296325683594,
      51.395023345947266,
      56.732852935791016,
      65.99213409423828,
      42.399932861328125,
      76.25108337402344,
      53.3493537902832,
      63.28358840942383,
      83.71098327636719,
      5.292459011077881
    ],
    [
      3.1844780445098877,
      3.4985246658325195,
      1.5198904275894165,
      4.717019557952881,
      0.9297999143600464,
      4.491275787353516,
      1.8137884140014648,
      4.620987415313721,
      1.1879260540008545,
      2.9326059818267822,
      2.1480321884155273,
      3.624206066131592,
      2.6998186111450195,
      5.0394768714904785,
      3.14607834815979,
      4.748198509216309,
      5.292459011077881,
      2.948415517807007
    ]
  ],
  "damage": -7.57907772064209,
  "diff_bandwidth": 351.2465515136719,
  "dissonance": 7.6137933451006345,
  "drr": 11.253152847290039,
  "dynamics": 3.407580852508545,
  "format": 1245190,
  "frames": 17809344,
  "loudness": -15.109895706176758,
  "loudness_range": 10.365470886230469,
  "loudness_range_short": 17.91082763671875,
  "lowpass_true_peak_15khz": 0.1630421131849289,
  "mastering3_acoustic_entropies": [
    {
      "acoustic_entropy": 8.087286949157715,
      "acoustic_entropy_mono": 8.097086906433105,
      "band_eliminated_acoustic_entropies": [
        {
          "acoustic_entropy": 8.315567970275879,
          "acoustic_entropy_side": 8.087658882141113,
          "hz": 129.47220167065723
        },
        {
          "acoustic_entropy": 7.817813396453857,
          "acoustic_entropy_side": 8.087470054626465,
          "hz": 202.92927478742237
        },
        {
          "acoustic_entropy": 8.290182113647461,
          "acoustic_entropy_side": 8.090598106384277,
          "hz": 282.89161906338205
        },
        {
          "acoustic_entropy": 8.366463661193848,
          "acoustic_entropy_side": 8.08871078491211,
          "hz": 369.9353335868758
        },
        {
          "acoustic_entropy": 8.292943000793457,
          "acoustic_entropy_side": 8.08942699432373,
          "hz": 464.6875360973435
        },
        {
          "acoustic_entropy": 8.202988624572754,
          "acoustic_entropy_side": 8.089533805847168,
          "hz": 567.8308811364784
        },
        {
          "acoustic_entropy": 8.229162216186523,
          "acoustic_entropy_side": 8.092109680175781,
          "hz": 680.1084783214808
        },
        {
          "acoustic_entropy": 8.175537109375,
          "acoustic_entropy_side": 8.092606544494629,
          "hz": 802.3292461747484
        },
        {
          "acoustic_entropy": 8.016865730285645,
          "acoustic_entropy_side": 8.096833229064941,
          "hz": 935.3737400823702
        },
        {
          "acoustic_entropy": 7.842520713806152,
          "acoustic_entropy_side": 8.091650009155273,
          "hz": 1080.2004963696966
        },
        {
          "acoustic_entropy": 7.9797773361206055,
          "acoustic_entropy_side": 8.087690353393555,
          "hz": 1237.8529382007157
        },
        {
          "acoustic_entropy": 8.11721134185791,
          "acoustic_entropy_side": 8.087981224060059,
          "hz": 1409.4668930556702
        },
        {
          "acoustic_entropy": 8.120134353637695,
          "acoustic_entropy_side": 8.087239265441895,
          "hz": 1596.2787759475705
        },
        {
          "acoustic_entropy": 8.075766563415527,
          "acoustic_entropy_side": 8.08750057220459,
          "hz": 1799.6344973346393
        },
        {
          "acoustic_entropy": 8.047307968139648,
          "acoustic_entropy_side": 8.0878267288208,
          "hz": 2020.9991599069049
        },
        {
          "acoustic_entropy": 8.110501289367676,
          "acoustic_entropy_side": 8.087657928466797,
          "hz": 2261.9676141086993
        },
        {
          "acoustic_entropy": 8.063380241394043,
          "acoustic_entropy_side": 8.087188720703125,
          "hz": 2524.2759484456974
        },
        {
          "acoustic_entropy": 7.970176696777344,
          "acoustic_entropy_side": 8.084555625915527,
          "hz": 2809.813997359896
        },
        {
          "acoustic_entropy": 8.114830017089844,
          "acoustic_entropy_side": 8.08765697479248,
          "hz": 3120.6389567871424
        },
        {
          "acoustic_entropy": 7.962540626525879,
          "acoustic_entropy_side": 8.084739685058594,
          "hz": 3458.990205492291
        },
        {
          "acoustic_entropy": 8.087069511413574,
          "acoustic_entropy_side": 8.083490371704102,
          "hz": 3827.305438964164
        },
        {
          "acoustic_entropy": 8.009047508239746,
          "acoustic_entropy_side": 8.086141586303711,
          "hz": 4228.238232109126
        },
        {
          "acoustic_entropy": 7.689675331115723,
          "acoustic_entropy_side": 8.08484172821045,
          "hz": 4664.6771572759235
        },
        {
          "acoustic_entropy": 8.037885665893555,
          "acoustic_entropy_side": 8.086000442504883,
          "hz": 5139.766595350093
        },
        {
          "acoustic_entropy": 8.098677635192871,
          "acoustic_entropy_side": 8.08400821685791,
          "hz": 5656.929389854203
        },
        {
          "acoustic_entropy": 8.042777061462402,
          "acoustic_entropy_side": 8.085126876831055,
          "hz": 6219.891507268283
        },
        {
          "acoustic_entropy": 8.025010108947754,
          "acoustic_entropy_side": 8.086853981018066,
          "hz": 6832.70888123896
        },
        {
          "acoustic_entropy": 7.7063984870910645,
          "acoustic_entropy_side": 8.086920738220215,
          "hz": 7499.796634079867
        },
        {
          "acoustic_entropy": 8.01073932647705,
          "acoustic_entropy_side": 8.087190628051758,
          "hz": 8225.96088609342
        },
        {
          "acoustic_entropy": 8.160038948059082,
          "acoustic_entropy_side": 8.087352752685547,
          "hz": 9016.43338188839
        },
        {
          "acoustic_entropy": 8.099093437194824,
          "acoustic_entropy_side": 8.087261199951172,
          "hz": 9876.909183162974
        },
        {
          "acoustic_entropy": 8.039861679077148,
          "acoustic_entropy_side": 8.087252616882324,
          "hz": 10813.587699516042
        },
        {
          "acoustic_entropy": 7.345056056976318,
          "acoustic_entropy_side": 8.087194442749023,
          "hz": 11833.21735289826
        },
        {
          "acoustic_entropy": 7.341885566711426,
          "acoustic_entropy_side": 8.08678913116455,
          "hz": 12943.144197493959
        },
        {
          "acoustic_entropy": 7.90229606628418,
          "acoustic_entropy_side": 8.087265968322754,
          "hz": 14151.364845322005
        },
        {
          "acoustic_entropy": 7.970121383666992,
          "acoustic_entropy_side": 8.087286949157715,
          "hz": 15466.58407886509
        },
        {
          "acoustic_entropy": 8.075587272644043,
          "acoustic_entropy_side": 8.087286949157715,
          "hz": 16898.27756580493
        },
        {
          "acoustic_entropy": 8.086304664611816,
          "acoustic_entropy_side": 8.087286949157715,
          "hz": 18456.760127700032
        },
        {
          "acoustic_entropy": 8.086454391479492,
          "acoustic_entropy_side": 8.087285995483398,
          "hz": 20153.260054456492
        },
        {
          "acoustic_entropy": 8.084157943725586,
          "acoustic_entropy_side": 8.087285995483398,
          "hz": 22000.00000000001
        }
      ],
      "diff_acoustic_entropy": 6.953083038330078,
      "sn": 6
    },
    {
      "acoustic_entropy": 11.63717269897461,
      "acoustic_entropy_mono": 11.883728981018066,
      "band_eliminated_acoustic_entropies": [
        {
          "acoustic_entropy": 11.524176597595215,
          "acoustic_entropy_side": 11.639262199401855,
          "hz": 129.47220167065723
        },
        {
          "acoustic_entropy": 11.378595352172852,
          "acoustic_entropy_side": 11.63950252532959,
          "hz": 202.92927478742237
        },
        {
          "acoustic_entropy": 11.153314590454102,
          "acoustic_entropy_side": 11.747244834899902,
          "hz": 282.89161906338205
        },
        {
          "acoustic_entropy": 12.287158012390137,
          "acoustic_entropy_side": 11.713061332702637,
          "hz": 369.9353335868758
        },
        {
          "acoustic_entropy": 11.785236358642578,
          "acoustic_entropy_side": 11.751633644104004,
          "hz": 464.6875360973435
        },
        {
          "acoustic_entropy": 11.962824821472168,
          "acoustic_entropy_side": 11.74850845336914,
          "hz": 567.8308811364784
        },
        {
          "acoustic_entropy": 11.683574676513672,
          "acoustic_entropy_side": 11.730109214782715,
          "hz": 680.1084783214808
        },
        {
          "acoustic_entropy": 11.393438339233398,
          "acoustic_entropy_side": 11.699138641357422,
          "hz": 802.3292461747484
        },
        {
          "acoustic_entropy": 11.937554359436035,
          "acoustic_entropy_side": 11.736554145812988,
          "hz": 935.3737400823702
        },
        {
          "acoustic_entropy": 11.508975982666016,
          "acoustic_entropy_side": 11.654397964477539,
          "hz": 1080.2004963696966
        },
        {
          "acoustic_entropy": 11.691385269165039,
          "acoustic_entropy_side": 11.638480186462402,
          "hz": 1237.8529382007157
        },
        {
          "acoustic_entropy": 11.609055519104004,
          "acoustic_entropy_side": 11.6323881149292,
          "hz": 1409.4668930556702
        },
        {
          "acoustic_entropy": 11.692198753356934,
          "acoustic_entropy_side": 11.630928993225098,
          "hz": 1596.2787759475705
        },
        {
          "acoustic_entropy": 11.853076934814453,
          "acoustic_entropy_side": 11.624130249023438,
          "hz": 1799.6344973346393
        },
        {
          "acoustic_entropy": 11.77739429473877,
          "acoustic_entropy_side": 11.63349437713623,
          "hz": 2020.9991599069049
        },
        {
          "acoustic_entropy": 11.809532165527344,
          "acoustic_entropy_side": 11.654932022094727,
          "hz": 2261.9676141086993
        },
        {
          "acoustic_entropy": 11.635990142822266,
          "acoustic_entropy_side": 11.636127471923828,
          "hz": 2524.2759484456974
        },
        {
          "acoustic_entropy": 11.74560832977295,
          "acoustic_entropy_side": 11.625685691833496,
          "hz": 2809.813997359896
        },
        {
          "acoustic_entropy": 11.752472877502441,
          "acoustic_entropy_side": 11.633646965026855,
          "hz": 3120.6389567871424
        },
        {
          "acoustic_entropy": 11.693595886230469,
          "acoustic_entropy_side": 11.631378173828125,
          "hz": 3458.990205492291
        },
        {
          "acoustic_entropy": 11.700074195861816,
          "acoustic_entropy_side": 11.636553764343262,
          "hz": 3827.305438964164
        },
        {
          "acoustic_entropy": 11.667428970336914,
          "acoustic_entropy_side": 11.63370132446289,
          "hz": 4228.238232109126
        },
        {
          "acoustic_entropy": 11.34012508392334,
          "acoustic_entropy_side": 11.607126235961914,
          "hz": 4664.6771572759235
        },
        {
          "acoustic_entropy": 11.706610679626465,
          "acoustic_entropy_side": 11.630859375,
          "hz": 5139.766595350093
        },
        {
          "acoustic_entropy": 11.676033020019531,
          "acoustic_entropy_side": 11.635014533996582,
          "hz": 5656.929389854203
        },
        {
          "acoustic_entropy": 11.623342514038086,
          "acoustic_entropy_side": 11.631613731384277,
          "hz": 6219.891507268283
        },
        {
          "acoustic_entropy": 11.693952560424805,
          "acoustic_entropy_side": 11.630205154418945,
          "hz": 6832.70888123896
        },
        {
          "acoustic_entropy": 11.651664733886719,
          "acoustic_entropy_side": 11.63094711303711,
          "hz": 7499.796634079867
        },
        {
          "acoustic_entropy": 11.685676574707031,
          "acoustic_entropy_side": 11.637085914611816,
          "hz": 8225.96088609342
        },
        {
          "acoustic_entropy": 11.7592191696167,
          "acoustic_entropy_side": 11.64013385772705,
          "hz": 9016.43338188839
        },
        {
          "acoustic_entropy": 11.6738862991333,
          "acoustic_entropy_side": 11.638516426086426,
          "hz": 9876.909183162974
        },
        {
          "acoustic_entropy": 11.625635147094727,
          "acoustic_entropy_side": 11.638014793395996,
          "hz": 10813.587699516042
        },
        {
          "acoustic_entropy": 11.701757431030273,
          "acoustic_entropy_side": 11.637219429016113,
          "hz": 11833.21735289826
        },
        {
          "acoustic_entropy": 10.487154006958008,
          "acoustic_entropy_side": 11.636616706848145,
          "hz": 12943.144197493959
        },
        {
          "acoustic_entropy": 11.54521369934082,
          "acoustic_entropy_side": 11.637151718139648,
          "hz": 14151.364845322005
        },
        {
          "acoustic_entropy": 11.610759735107422,
          "acoustic_entropy_side": 11.63717269897461,
          "hz": 15466.58407886509
        },
        {
          "acoustic_entropy": 11.634880065917969,
          "acoustic_entropy_side": 11.63717269897461,
          "hz": 16898.27756580493
        },
        {
          "acoustic_entropy": 11.633844375610352,
          "acoustic_entropy_side": 11.63717269897461,
          "hz": 18456.760127700032
        },
        {
          "acoustic_entropy": 11.633312225341797,
          "acoustic_entropy_side": 11.637171745300293,
          "hz": 20153.260054456492
        },
        {
          "acoustic_entropy": 11.631702423095703,
          "acoustic_entropy_side": 11.637171745300293,
          "hz": 22000.00000000001
        }
      ],
      "diff_acoustic_entropy": 9.806357383728027,
      "sn": 12
    },
    {
      "acoustic_entropy": 16.19606590270996,
      "acoustic_entropy_mono": 15.57019329071045,
      "band_eliminated_acoustic_entropies": [
        {
          "acoustic_entropy": 15.58454418182373,
          "acoustic_entropy_side": 16.00606346130371,
          "hz": 129.47220167065723
        },
        {
          "acoustic_entropy": 15.882604598999023,
          "acoustic_entropy_side": 16.059816360473633,
          "hz": 202.92927478742237
        },
        {
          "acoustic_entropy": 16.434642791748047,
          "acoustic_entropy_side": 16.101932525634766,
          "hz": 282.89161906338205
        },
        {
          "acoustic_entropy": 15.77181625366211,
          "acoustic_entropy_side": 16.271648406982422,
          "hz": 369.9353335868758
        },
        {
          "acoustic_entropy": 16.37539291381836,
          "acoustic_entropy_side": 16.165815353393555,
          "hz": 464.6875360973435
        },
        {
          "acoustic_entropy": 16.6451358795166,
          "acoustic_entropy_side": 16.214035034179688,
          "hz": 567.8308811364784
        },
        {
          "acoustic_entropy": 15.73624038696289,
          "acoustic_entropy_side": 16.18196678161621,
          "hz": 680.1084783214808
        },
        {
          "acoustic_entropy": 16.20848846435547,
          "acoustic_entropy_side": 16.005510330200195,
          "hz": 802.3292461747484
        },
        {
          "acoustic_entropy": 16.503067016601562,
          "acoustic_entropy_side": 16.07697105407715,
          "hz": 935.3737400823702
        },
        {
          "acoustic_entropy": 16.182891845703125,
          "acoustic_entropy_side": 16.28560447692871,
          "hz": 1080.2004963696966
        },
        {
          "acoustic_entropy": 16.161914825439453,
          "acoustic_entropy_side": 16.234819412231445,
          "hz": 1237.8529382007157
        },
        {
          "acoustic_entropy": 15.691755294799805,
          "acoustic_entropy_side": 15.82722282409668,
          "hz": 1409.4668930556702
        },
        {
          "acoustic_entropy": 16.02813148498535,
          "acoustic_entropy_side": 16.29739761352539,
          "hz": 1596.2787759475705
        },
        {
          "acoustic_entropy": 16.487516403198242,
          "acoustic_entropy_side": 16.590961456298828,
          "hz": 1799.6344973346393
        },
        {
          "acoustic_entropy": 16.361284255981445,
          "acoustic_entropy_side": 16.267732620239258,
          "hz": 2020.9991599069049
        },
        {
          "acoustic_entropy": 16.118350982666016,
          "acoustic_entropy_side": 16.21476936340332,
          "hz": 2261.9676141086993
        },
        {
          "acoustic_entropy": 16.030406951904297,
          "acoustic_entropy_side": 16.197534561157227,
          "hz": 2524.2759484456974
        },
        {
          "acoustic_entropy": 16.460874557495117,
          "acoustic_entropy_side": 16.225061416625977,
          "hz": 2809.813997359896
        },
        {
          "acoustic_entropy": 16.022998809814453,
          "acoustic_entropy_side": 16.166919708251953,
