{
  "acoustic_entropy": 204.29702758789062,
  "bands": [
    {
      "high_freq": 148.1999969482422,
      "loudness": -20.550525665283203,
      "loudness_range": 7.114471435546875,
      "mid_mean": -17,
      "mid_to_side_loudness": -19.61524200439453,
      "mid_to_side_loudness_range": 19.364322662353516,
      "side_mean": -36.915531158447266
    },
    {
      "high_freq": 392.3793640136719,
      "loudness": -18.60013198852539,
      "loudness_range": 6.026325225830078,
      "low_freq": 148.1999969482422,
      "mid_mean": -15.491408348083496,
      "mid_to_side_loudness": -10.104788780212402,
      "mid_to_side_loudness_range": 11.767516136169434,
      "side_mean": -25.745277404785156
    },
    {
      "high_freq": 794.6976318359375,
      "loudness": -19.32813835144043,
      "loudness_range": 7.272168159484863,
      "low_freq": 392.3793640136719,
      "mid_mean": -16.901487350463867,
      "mid_to_side_loudness": -5.4885053634643555,
      "mid_to_side_loudness_range": 9.000984191894531,
      "side_mean": -22.538637161254883
    },
    {
      "high_freq": 1457.5709228515625,
      "loudness": -22.11655044555664,
      "loudness_range": 12.271141052246094,
      "low_freq": 794.6976318359375,
      "mid_mean": -19.951175689697266,
      "mid_to_side_loudness": -4.941306114196777,
      "mid_to_side_loudness_range": 12.105467796325684,
      "side_mean": -25.107534408569336
    },
    {
      "high_freq": 2549.74365234375,
      "loudness": -22.363914489746094,
      "loudness_range": 9.761022567749023,
      "low_freq": 1457.5709228515625,
      "mid_mean": -19.92665672302246,
      "mid_to_side_loudness": -5.91940450668335,
      "mid_to_side_loudness_range": 11.6151704788208,
      "side_mean": -26.027917861938477
    },
    {
      "high_freq": 4349.24462890625,
      "loudness": -23.530057907104492,
      "loudness_range": 8.756902694702148,
      "low_freq": 2549.74365234375,
      "mid_mean": -21.106754302978516,
      "mid_to_side_loudness": -5.995889186859131,
      "mid_to_side_loudness_range": 12.156071662902832,
      "side_mean": -27.236549377441406
    },
    {
      "high_freq": 7314.1640625,
      "loudness": -28.078638076782227,
      "loudness_range": 8.037040710449219,
      "low_freq": 4349.24462890625,
      "mid_mean": -25.540475845336914,
      "mid_to_side_loudness": -6.850388050079346,
      "mid_to_side_loudness_range": 13.746271133422852,
      "side_mean": -32.5544548034668
    },
    {
      "high_freq": 12199.2666015625,
      "loudness": -26.26051139831543,
      "loudness_range": 8.501676559448242,
      "low_freq": 7314.1640625,
      "mid_mean": -22.973875045776367,
      "mid_to_side_loudness": -11.29491138458252,
      "mid_to_side_loudness_range": 9.383649826049805,
      "side_mean": -34.40387725830078
    },
    {
      "loudness": -38.22114562988281,
      "loudness_range": 10.83139419555664,
      "low_freq": 12199.2666015625,
      "mid_mean": -35.525474548339844,
      "mid_to_side_loudness": -7.68544864654541,
      "mid_to_side_loudness_range": 13.343783378601074,
      "side_mean": -43.33125686645508
    }
  ],
  "bands_short": [
    {
      "high_freq": 148.1999969482422,
      "loudness": -25.44336700439453,
      "loudness_range": 18.086261749267578,
      "mid_mean": -21.965524673461914,
      "mid_to_side_loudness": -20.39125633239746,
      "mid_to_side_loudness_range": 25.116430282592773,
      "side_mean": -42.656593322753906
    },
    {
      "high_freq": 392.3793640136719,
      "loudness": -18.054508209228516,
      "loudness_range": 7.2550811767578125,
      "low_freq": 148.1999969482422,
      "mid_mean": -14.919790267944336,
      "mid_to_side_loudness": -11.17671012878418,
      "mid_to_side_loudness_range": 14.568597793579102,
      "side_mean": -26.239839553833008
    },
    {
      "high_freq": 794.6976318359375,
      "loudness": -19.68047523498535,
      "loudness_range": 9.109916687011719,
      "low_freq": 392.3793640136719,
      "mid_mean": -17.319223403930664,
      "mid_to_side_loudness": -5.608968734741211,
      "mid_to_side_loudness_range": 11.227956771850586,
      "side_mean": -23.067392349243164
    },
    {
      "high_freq": 1457.5709228515625,
      "loudness": -22.137741088867188,
      "loudness_range": 14.528623580932617,
      "low_freq": 794.6976318359375,
      "mid_mean": -20.16485023498535,
      "mid_to_side_loudness": -4.591805458068848,
      "mid_to_side_loudness_range": 13.887460708618164,
      "side_mean": -24.96761703491211
    },
    {
      "high_freq": 2549.74365234375,
      "loudness": -23.241687774658203,
      "loudness_range": 13.309810638427734,
      "low_freq": 1457.5709228515625,
      "mid_mean": -21.034069061279297,
      "mid_to_side_loudness": -5.5009636878967285,
      "mid_to_side_loudness_range": 14.144488334655762,
      "side_mean": -26.734018325805664
    },
    {
      "high_freq": 4349.24462890625,
      "loudness": -24.41717529296875,
      "loudness_range": 13.166404724121094,
      "low_freq": 2549.74365234375,
      "mid_mean": -22.235437393188477,
      "mid_to_side_loudness": -5.590667247772217,
      "mid_to_side_loudness_range": 14.775749206542969,
      "side_mean": -27.95720672607422
    },
    {
      "high_freq": 7314.1640625,
      "loudness": -29.265661239624023,
      "loudness_range": 13.980752944946289,
      "low_freq": 4349.24462890625,
      "mid_mean": -26.970073699951172,
      "mid_to_side_loudness": -6.417815685272217,
      "mid_to_side_loudness_range": 15.962769508361816,
      "side_mean": -33.53692626953125
    },
    {
      "high_freq": 12199.2666015625,
      "loudness": -28.907556533813477,
      "loudness_range": 17.846759796142578,
      "low_freq": 7314.1640625,
      "mid_mean": -25.855831146240234,
      "mid_to_side_loudness": -10.275209426879883,
      "mid_to_side_loudness_range": 14.41922378540039,
      "side_mean": -36.23625183105469
    },
    {
      "loudness": -40.62852096557617,
      "loudness_range": 20.391571044921875,
      "low_freq": 12199.2666015625,
      "mid_mean": -38.18508529663086,
      "mid_to_side_loudness": -7.079418182373047,
      "mid_to_side_loudness_range": 13.831286430358887,
      "side_mean": -45.15501403808594
    }
  ],
  "bandwidth": 666.3486328125,
  "channels": 2,
  "covariance": [
    [
      10.446431159973145,
      2.4117484092712402,
      4.0006561279296875,
      2.137976884841919,
      4.047835350036621,
      2.5955238342285156,
      3.2558436393737793,
      2.636035919189453,
      3.4703574180603027,
      2.5821502208709717,
      3.2420132160186768,
      3.2432146072387695,
      3.2899844646453857,
      2.9381215572357178,
      3.16605281829834,
      4.03485631942749,
      3.041184663772583,
      0.6790423393249512
    ],
    [
      2.4117484092712402,
      39.69992446899414,
      4.715466499328613,
      22.593786239624023,
      5.750884532928467,
      17.086389541625977,
      9.70096206665039,
      23.393108367919922,
      6.323347568511963,
      16.091032028198242,
      5.233926773071289,
      16.195594787597656,
      5.966397762298584,
      19.87838363647461,
      0.6766714453697205,
      11.188044548034668,
      9.6367826461792,
      28.647695541381836
    ],
    [
      4.0006561279296875,
      4.715466499328613,
      9.78569221496582,
      6.656739234924316,
      7.424678802490234,
      6.160028457641602,
      7.24418306350708,
      5.900848388671875,
      7.267280101776123,
      5.697052955627441,
      7.03718376159668,
      5.654107570648193,
      6.32377290725708,
      5.282863140106201,
      5.3129072189331055,
      6.853479862213135,
      5.7690839767456055,
      5.717696666717529
    ],
    [
      2.137976884841919,
      22.593786239624023,
      6.656739234924316,
      21.04056167602539,
      7.162835597991943,
      15.5130615234375,
      11.12901782989502,
      19.71965789794922,
      8.009657859802246,
      13.367752075195312,
      6.640726089477539,
      12.927526473999023,
      6.498859405517578,
      14.94954776763916,
      2.380930185317993,
      11.245335578918457,
      9.199798583984375,
      23.71253776550293
    ],
    [
      4.047835350036621,
      5.750884532928467,
      7.424678802490234,
      7.162835597991943,
      11.957366943359375,
      9.43404769897461,
      11.97556209564209,
      9.647345542907715,
      10.817712783813477,
      7.203519344329834,
      9.253436088562012,
      7.530696868896484,
      7.6753973960876465,
      7.986796855926514,
      5.682983875274658,
      9.191802024841309,
      6.616236686706543,
      9.238917350769043
    ],
    [
      2.5955238342285156,
      17.086389541625977,
      6.160028457641602,
      15.5130615234375,
      9.43404769897461,
      18.56036949157715,
      12.53155517578125,
      20.739574432373047,
      9.103217124938965,
      12.976912498474121,
      7.997488498687744,
      13.491680145263672,
      7.407741069793701,
      15.878752708435059,
      3.601464033126831,
      13.629261016845703,
      9.4375638961792,
      23.207561492919922
    ],
    [
      3.2558436393737793,
      9.70096206665039,
      7.24418306350708,
      11.12901782989502,
      11.97556209564209,
      12.53155517578125,
      22.256261825561523,
      16.66082191467285,
      15.597991943359375,
      10.068731307983398,
      12.843029975891113,
      10.593313217163086,
      9.786335945129395,
      11.883858680725098,
      5.644254207611084,
      12.495738983154297,
      8.453025817871094,
      16.629240036010742
    ],
    [
      2.636035919189453,
      23.393108367919922,
      5.900848388671875,
      19.71965789794922,
      9.647345542907715,
      20.739574432373047,
      16.66082191467285,
      31.986154556274414,
      9.60688591003418,
      16.957277297973633,
      8.295860290527344,
      18.053054809570312,
      7.772500991821289,
      20.900867462158203,
      2.4857614040374756,
      16.004247665405273,
      10.03902530670166,
      29.61675262451172
    ],
    [
      3.4703574180603027,
      6.323347568511963,
      7.267280101776123,
      8.009657859802246,
      10.817712783813477,
      9.103217124938965,
      15.597991943359375,
      9.60688591003418,
      17.973834991455078,
      8.581306457519531,
      12.86280632019043,
      8.613910675048828,
      10.201095581054688,
      9.644195556640625,
      6.609572410583496,
      9.983305931091309,
      8.105245590209961,
      11.6463623046875
    ],
    [
      2.5821502208709717,
      16.091032028198242,
      5.697052955627441,
      13.367752075195312,
      7.203519344329834,
      12.976912498474121,
      10.068731307983398,
      16.957277297973633,
      8.581306457519531,
      16.789934158325195,
      7.585118293762207,
      16.63239860534668,
      6.6005401611328125,
      17.983375549316406,
      2.3497235774993896,
      10.338623046875,
      7.452359676361084,
      17.13296127319336
    ],
    [
      3.2420132160186768,
      5.233926773071289,
      7.03718376159668,
      6.640726089477539,
      9.253436088562012,
      7.997488498687744,
      12.843029975891113,
      8.295860290527344,
      12.86280632019043,
      7.585118293762207,
      15.731850624084473,
      8.07652759552002,
      12.127827644348145,
      8.404292106628418,
      7.344274044036865,
      9.110215187072754,
      8.100756645202637,
      9.314823150634766
    ],
    [
      3.2432146072387695,
      16.195594787597656,
      5.654107570648193,
      12.927526473999023,
      7.530696868896484,
      13.491680145263672,
      10.593313217163086,
      18.053054809570312,
      8.613910675048828,
      16.63239860534668,
      8.07652759552002,
      19.807601928710938,
      6.75191593170166,
      21.211332321166992,
      2.3339529037475586,
      11.478442192077637,
      7.15545129776001,
      17.21074867248535
    ],
    [
      3.2899844646453857,
      5.966397762298584,
      6.32377290725708,
      6.498859405517578,
      7.6753973960876465,
      7.407741069793701,
      9.786335945129395,
      7.772500991821289,
      10.201095581054688,
      6.6005401611328125,
      12.127827644348145,
      6.75191593170166,
      13.945891380310059,
      7.965404033660889,
      9.540155410766602,
      10.590371131896973,
      10.441461563110352,
      11.078713417053223
    ],
    [
      2.9381215572357178,
      19.87838363647461,
      5.282863140106201,
      14.94954776763916,
      7.986796855926514,
      15.878752708435059,
      11.883858680725098,
      20.900867462158203,
      9.644195556640625,
      17.983375549316406,
      8.404292106628418,
      21.211332321166992,
      7.965404033660889,
      27.1453914642334,
      2.3044421672821045,
      14.451885223388672,
      8.344749450683594,
      22.919105529785156
    ],
    [
      3.16605281829834,
      0.6766714453697205,
      5.3129072189331055,
      2.380930185317993,
      5.682983875274658,
      3.601464033126831,
      5.644254207611084,
      2.4857614040374756,
      6.609572410583496,
      2.3497235774993896,
      7.344274044036865,
      2.3339529037475586,
      9.540155410766602,
      2.3044421672821045,
      12.92958927154541,
      8.999606132507324,
      10.059996604919434,
      5.298336982727051
    ],
    [
      4.03485631942749,
      11.188044548034668,
      6.853479862213135,
      11.245335578918457,
      9.191802024841309,
      13.629261016845703,
      12.495738983154297,
      16.004247665405273,
      9.983305931091309,
      10.338623046875,
      9.110215187072754,
      11.478442192077637,
      10.590371131896973,
      14.451885223388672,
      8.999606132507324,
      20.299198150634766,
      12.723113059997559,
      23.989830017089844
    ],
    [
      3.041184663772583,
      9.6367826461792,
      5.7690839767456055,
      9.199798583984375,
      6.616236686706543,
      9.4375638961792,
      8.453025817871094,
      10.03902530670166,
      8.105245590209961,
      7.452359676361084,
      8.100756645202637,
      7.15545129776001,
      10.441461563110352,
      8.344749450683594,
      10.059996604919434,
      12.723113059997559,
      14.357808113098145,
      17.530405044555664
    ],
    [
      0.6790423393249512,
      28.647695541381836,
      5.717696666717529,
      23.71253776550293,
      9.238917350769043,
      23.207561492919922,
      16.629240036010742,
      29.61675262451172,
      11.6463623046875,
      17.13296127319336,
      9.314823150634766,
      17.21074867248535,
      11.078713417053223,
      22.919105529785156,
      5.298336982727051,
      23.989830017089844,
      17.530405044555664,
      47.93356704711914
    ]
  ],
  "covariance_short": [
    [
      37.26521682739258,
      5.863999843597412,
      5.1471052169799805,
      0.8590137958526611,
      3.6863789558410645,
      1.6814019680023193,
      3.264162540435791,
      2.1314966678619385,
      4.567594528198242,
      2.8004205226898193,
      5.662118434906006,
      4.263356685638428,
      6.3062920570373535,
      4.896201133728027,
      8.29631233215332,
      6.650651454925537,
      5.85115385055542,
      1.8156126737594604
    ],
    [
      5.863999843597412,
      45.642066955566406,
      5.004609107971191,
      21.829206466674805,
      7.430521011352539,
      17.946508407592773,
      12.061660766601562,
      21.77047348022461,
      9.853023529052734,
      18.0432186126709,
      9.861686706542969,
      19.81195068359375,
      10.801835060119629,
      23.326906204223633,
      6.476852893829346,
      17.37732696533203,
      17.59477996826172,
      30.886091232299805
    ],
    [
      5.1471052169799805,
      5.004609107971191,
      12.678102493286133,
      7.186422348022461,
      7.682379245758057,
      6.04937219619751,
      7.395930767059326,
      6.028781414031982,
      8.071590423583984,
      6.642909526824951,
      7.9076762199401855,
      7.14653205871582,
      7.101991653442383,
      6.679108142852783,
      7.44954776763916,
      7.455527305603027,
      6.784771919250488,
      5.303271770477295
    ],
    [
      0.8590137958526611,
      21.829206466674805,
      7.186422348022461,
      27.469478607177734,
      9.149345397949219,
      17.706514358520508,
      12.779560089111328,
      20.485973358154297,
      10.972159385681152,
      16.982906341552734,
      9.732965469360352,
      17.646167755126953,
      9.513425827026367,
      20.134702682495117,
      6.354311466217041,
      16.963726043701172,
      17.418231964111328,
      30.549903869628906
    ],
    [
      3.6863789558410645,
      7.430521011352539,
      7.682379245758057,
      9.149345397949219,
      15.79772663116455,
      11.259883880615234,
      13.935569763183594,
      11.905386924743652,
      12.956801414489746,
      9.517921447753906,
      11.829580307006836,
      10.90967845916748,
      10.274526596069336,
      11.874919891357422,
      9.088699340820312,
      12.062055587768555,
      9.816121101379395,
      11.022454261779785
    ],
    [
      1.6814019680023193,
      17.946508407592773,
      6.04937219619751,
      17.706514358520508,
      11.259883880615234,
      23.60554313659668,
      14.942980766296387,
      22.350854873657227,
      11.644676208496094,
      15.437328338623047,
      11.027716636657715,
      17.367124557495117,
      10.926197052001953,
      20.4990291595459,
      7.8573527336120605,
      18.252994537353516,
      16.027515411376953,
      27.33287239074707
    ],
    [
      3.264162540435791,
      12.061660766601562,
      7.395930767059326,
      12.779560089111328,
      13.935569763183594,
      14.942980766296387,
      30.641910552978516,
      19.19468116760254,
      22.43506622314453,
      13.181295394897461,
      19.773576736450195,
      15.34322452545166,
      15.661944389343262,
      17.538232803344727,
      11.842491149902344,
      17.378150939941406,
      15.015603065490723,
      20.858488082885742
    ],
    [
      2.1314966678619385,
      21.77047348022461,
      6.028781414031982,
      20.485973358154297,
      11.905386924743652,
      22.350854873657227,
      19.19468116760254,
      34.10105514526367,
      13.1212158203125,
      19.636978149414062,
      12.290569305419922,
      22.312015533447266,
      12.4921875,
      25.681331634521484,
      8.258438110351562,
      21.388179779052734,
      18.310884475708008,
      32.85749053955078
    ],
    [
      4.567594528198242,
      9.853023529052734,
      8.071590423583984,
      10.972159385681152,
      12.956801414489746,
      11.644676208496094,
      22.43506622314453,
      13.1212158203125,
      29.75786781311035,
      13.074416160583496,
      22.754268646240234,
      14.677533149719238,
      18.540706634521484,
      17.03822898864746,
      14.76557445526123,
      16.289142608642578,
      16.509517669677734,
      18.217031478881836
    ],
    [
      2.8004205226898193,
      18.0432186126709,
      6.642909526824951,
      16.982906341552734,
      9.517921447753906,
      15.437328338623047,
      13.181295394897461,
      19.636978149414062,
      13.074416160583496,
      22.605525970458984,
      11.804656982421875,
      22.282085418701172,
      10.466407775878906,
      24.049074172973633,
      6.398341655731201,
      15.700630187988281,
      14.452926635742188,
      22.958852767944336
    ],
    [
      5.662118434906006,
      9.861686706542969,
      7.9076762199401855,
      9.732965469360352,
      11.829580307006836,
      11.027716636657715,
      19.773576736450195,
      12.290569305419922,
      22.754268646240234,
      11.804656982421875,
      28.95954132080078,
      14.588784217834473,
      23.39333724975586,
      16.585691452026367,
      19.056238174438477,
      17.419309616088867,
      19.00174331665039,
      17.923460006713867
    ],
    [
      4.263356685638428,
      19.81195068359375,
      7.14653205871582,
      17.646167755126953,
      10.90967845916748,
      17.367124557495117,
      15.34322452545166,
      22.312015533447266,
      14.677533149719238,
      22.282085418701172,
      14.588784217834473,
      28.948448181152344,
      12.661031723022461,
      29.579452514648438,
      8.05791187286377,
      18.57364845275879,
      16.162931442260742,
      24.8765811920166
    ],
    [
      6.3062920570373535,
      10.801835060119629,
      7.101991653442383,
      9.513425827026367,
      10.274526596069336,
      10.926197052001953,
      15.661944389343262,
      12.4921875,
      18.540706634521484,
      10.466407775878906,
      23.39333724975586,
      12.661031723022461,
      29.958494186401367,
      17.858579635620117,
      28.248491287231445,
      24.287961959838867,
      28.112518310546875,
      24.635101318359375
    ],
    [
      4.896201133728027,
      23.326906204223633,
      6.679108142852783,
      20.134702682495117,
      11.874919891357422,
      20.4990291595459,
      17.538232803344727,
      25.681331634521484,
      17.03822898864746,
      24.049074172973633,
      16.585691452026367,
      29.579452514648438,
      17.858579635620117,
      39.149864196777344,
      12.625813484191895,
      26.642004013061523,
      22.916555404663086,
      35.63009262084961
    ],
    [
      8.29631233215332,
      6.476852893829346,
      7.44954776763916,
      6.354311466217041,
      9.088699340820312,
      7.8573527336120605,
      11.842491149902344,
      8.258438110351562,
      14.76557445526123,
      6.398341655731201,
      19.056238174438477,
      8.05791187286377,
      28.248491287231445,
      12.625813484191895,
      46.85884475708008,
      31.84276580810547,
      40.11770248413086,
      28.375690460205078
    ],
    [
      6.650651454925537,
      17.37732696533203,
      7.455527305603027,
      16.963726043701172,
      12.062055587768555,
      18.252994537353516,
      17.378150939941406,
      21.388179779052734,
      16.289142608642578,
      15.700630187988281,
      17.419309616088867,
      18.57364845275879,
      24.287961959838867,
      26.642004013061523,
      31.84276580810547,
      42.918128967285156,
      39.944400787353516,
      47.602718353271484
    ],
    [
      5.85115385055542,
      17.59477996826172,
      6.784771919250488,
      17.418231964111328,
      9.816121101379395,
      16.027515411376953,
      15.015603065490723,
      18.310884475708008,
      16.509517669677734,
      14.452926635742188,
      19.00174331665039,
      16.162931442260742,
      28.112518310546875,
      22.916555404663086,
      40.11770248413086,
      39.944400787353516,
      54.428245544433594,
      53.857418060302734
    ],
    [
      1.8156126737594604,
      30.886091232299805,
      5.303271770477295,
      30.549903869628906,
      11.022454261779785,
      27.33287239074707,
      20.858488082885742,
      32.85749053955078,
      18.217031478881836,
      22.958852767944336,
      17.923460006713867,
      24.8765811920166,
      24.635101318359375,
      35.63009262084961,
      28.375690460205078,
      47.602718353271484,
      53.857418060302734,
      84.60342407226562
    ]
  ],
  "damage": -5.911365032196045,
  "diff_bandwidth": 660.5374755859375,
  "dissonance": 9.163629710222226,
  "drr": 4.018788814544678,
  "dynamics": 1.8861773014068604,
  "format": 1245190,
  "frames": 11220992,
  "loudness": -8.811725616455078,
  "loudness_range": 4.425048351287842,
  "loudness_range_short": 6.336420059204102,
  "lowpass_true_peak_15khz": 0.5074295997619629,
  "mastering3_acoustic_entropies": [
    {
      "acoustic_entropy": 4.956853866577148,
      "acoustic_entropy_mono": 4.823941707611084,
      "band_eliminated_acoustic_entropies": [
        {
          "acoustic_entropy": 5.097269535064697,
          "acoustic_entropy_side": 4.95691442489624,
          "hz": 129.47220167065723
        },
        {
          "acoustic_entropy": 4.793055534362793,
          "acoustic_entropy_side": 4.967864513397217,
          "hz": 202.92927478742237
        },
        {
          "acoustic_entropy": 5.134146690368652,
          "acoustic_entropy_side": 5.02347993850708,
          "hz": 282.89161906338205
        },
        {
          "acoustic_entropy": 4.562840938568115,
          "acoustic_entropy_side": 5.085589408874512,
          "hz": 369.9353335868758
        },
        {
          "acoustic_entropy": 4.827652931213379,
          "acoustic_entropy_side": 5.168500900268555,
          "hz": 464.6875360973435
        },
        {
          "acoustic_entropy": 5.082765579223633,
          "acoustic_entropy_side": 5.255314826965332,
          "hz": 567.8308811364784
        },
        {
          "acoustic_entropy": 4.64894962310791,
          "acoustic_entropy_side": 4.9918999671936035,
          "hz": 680.1084783214808
        },
        {
          "acoustic_entropy": 5.104607105255127,
          "acoustic_entropy_side": 4.964269638061523,
          "hz": 802.3292461747484
        },
        {
          "acoustic_entropy": 5.290775299072266,
          "acoustic_entropy_side": 5.074604511260986,
          "hz": 935.3737400823702
        },
        {
          "acoustic_entropy": 4.688846588134766,
          "acoustic_entropy_side": 4.955032825469971,
          "hz": 1080.2004963696966
        },
        {
          "acoustic_entropy": 4.73262357711792,
          "acoustic_entropy_side": 4.776988506317139,
          "hz": 1237.8529382007157
        },
        {
          "acoustic_entropy": 5.220676422119141,
          "acoustic_entropy_side": 4.899539470672607,
          "hz": 1409.4668930556702
        },
        {
          "acoustic_entropy": 5.066283226013184,
          "acoustic_entropy_side": 4.998884201049805,
          "hz": 1596.2787759475705
        },
        {
          "acoustic_entropy": 5.170743942260742,
          "acoustic_entropy_side": 4.896107196807861,
          "hz": 1799.6344973346393
        },
        {
          "acoustic_entropy": 4.881626129150391,
          "acoustic_entropy_side": 5.019691467285156,
          "hz": 2020.9991599069049
        },
        {
          "acoustic_entropy": 5.234639644622803,
          "acoustic_entropy_side": 4.989224910736084,
          "hz": 2261.9676141086993
        },
        {
          "acoustic_entropy": 5.069863796234131,
          "acoustic_entropy_side": 4.905482292175293,
          "hz": 2524.2759484456974
        },
        {
          "acoustic_entropy": 5.1030120849609375,
          "acoustic_entropy_side": 4.993873119354248,
          "hz": 2809.813997359896
        },
        {
          "acoustic_entropy": 5.007937908172607,
          "acoustic_entropy_side": 5.101523399353027,
          "hz": 3120.6389567871424
        },
        {
          "acoustic_entropy": 5.030397891998291,
          "acoustic_entropy_side": 5.016861438751221,
          "hz": 3458.990205492291
        },
        {
          "acoustic_entropy": 5.3588056564331055,
          "acoustic_entropy_side": 5.0323967933654785,
          "hz": 3827.305438964164
        },
        {
          "acoustic_entropy": 5.27799654006958,
          "acoustic_entropy_side": 5.0386881828308105,
          "hz": 4228.238232109126
        },
        {
          "acoustic_entropy": 5.074977397918701,
          "acoustic_entropy_side": 4.989955425262451,
          "hz": 4664.6771572759235
        },
        {
          "acoustic_entropy": 5.042169570922852,
          "acoustic_entropy_side": 5.000143527984619,
          "hz": 5139.766595350093
        },
        {
          "acoustic_entropy": 5.07464599609375,
          "acoustic_entropy_side": 5.024338245391846,
          "hz": 5656.929389854203
        },
        {
          "acoustic_entropy": 5.072997570037842,
          "acoustic_entropy_side": 5.0400776863098145,
          "hz": 6219.891507268283
        },
        {
          "acoustic_entropy": 4.9684157371521,
          "acoustic_entropy_side": 5.008869647979736,
          "hz": 6832.70888123896
        },
        {
          "acoustic_entropy": 4.932400703430176,
          "acoustic_entropy_side": 4.991438865661621,
          "hz": 7499.796634079867
        },
        {
          "acoustic_entropy": 4.8575334548950195,
          "acoustic_entropy_side": 4.987825393676758,
          "hz": 8225.96088609342
        },
        {
          "acoustic_entropy": 4.980828762054443,
          "acoustic_entropy_side": 4.994401931762695,
          "hz": 9016.43338188839
        },
        {
          "acoustic_entropy": 5.075932025909424,
          "acoustic_entropy_side": 5.001256942749023,
          "hz": 9876.909183162974
        },
        {
          "acoustic_entropy": 4.773861885070801,
          "acoustic_entropy_side": 4.972367286682129,
          "hz": 10813.587699516042
        },
        {
          "acoustic_entropy": 4.89823579788208,
          "acoustic_entropy_side": 4.966458797454834,
          "hz": 11833.21735289826
        },
        {
          "acoustic_entropy": 4.931734561920166,
          "acoustic_entropy_side": 4.9658308029174805,
          "hz": 12943.144197493959
        },
        {
          "acoustic_entropy": 4.958819389343262,
          "acoustic_entropy_side": 4.964974880218506,
          "hz": 14151.364845322005
        },
        {
          "acoustic_entropy": 4.962405681610107,
          "acoustic_entropy_side": 4.961734294891357,
          "hz": 15466.58407886509
        },
        {
          "acoustic_entropy": 4.9658074378967285,
          "acoustic_entropy_side": 4.961613655090332,
          "hz": 16898.27756580493
        },
        {
          "acoustic_entropy": 4.966805934906006,
          "acoustic_entropy_side": 4.961662292480469,
          "hz": 18456.760127700032
        },
        {
          "acoustic_entropy": 4.958625793457031,
          "acoustic_entropy_side": 4.957703113555908,
          "hz": 20153.260054456492
        },
        {
          "acoustic_entropy": 4.956867694854736,
          "acoustic_entropy_side": 4.956861972808838,
          "hz": 22000.00000000001
        }
      ],
      "diff_acoustic_entropy": 3.290083646774292,
      "sn": 6
    },
    {
      "acoustic_entropy": 8.000051498413086,
      "acoustic_entropy_mono": 7.415469169616699,
      "band_eliminated_acoustic_entropies": [
        {
          "acoustic_entropy": 8.158402442932129,
          "acoustic_entropy_side": 8.000795364379883,
          "hz": 129.47220167065723
        },
        {
          "acoustic_entropy": 8.748488426208496,
          "acoustic_entropy_side": 8.053319931030273,
          "hz": 202.92927478742237
        },
        {
          "acoustic_entropy": 8.117511749267578,
          "acoustic_entropy_side": 8.100872039794922,
          "hz": 282.89161906338205
        },
        {
          "acoustic_entropy": 8.166415214538574,
          "acoustic_entropy_side": 7.927040100097656,
          "hz": 369.9353335868758
        },
        {
          "acoustic_entropy": 8.102092742919922,
          "acoustic_entropy_side": 8.010795593261719,
          "hz": 464.6875360973435
        },
        {
          "acoustic_entropy": 7.928075313568115,
          "acoustic_entropy_side": 8.031842231750488,
          "hz": 567.8308811364784
        },
        {
          "acoustic_entropy": 8.312309265136719,
          "acoustic_entropy_side": 8.26762580871582,
          "hz": 680.1084783214808
        },
        {
          "acoustic_entropy": 8.105015754699707,
          "acoustic_entropy_side": 7.900028705596924,
          "hz": 802.3292461747484
        },
        {
          "acoustic_entropy": 8.335801124572754,
          "acoustic_entropy_side": 8.387290954589844,
          "hz": 935.3737400823702
        },
        {
          "acoustic_entropy": 7.738213539123535,
          "acoustic_entropy_side": 8.195225715637207,
          "hz": 1080.2004963696966
        },
        {
          "acoustic_entropy": 8.417985916137695,
          "acoustic_entropy_side": 8.085752487182617,
          "hz": 1237.8529382007157
        },
        {
          "acoustic_entropy": 8.256400108337402,
          "acoustic_entropy_side": 7.9147162437438965,
          "hz": 1409.4668930556702
        },
        {
          "acoustic_entropy": 8.127989768981934,
          "acoustic_entropy_side": 8.281487464904785,
          "hz": 1596.2787759475705
        },
        {
          "acoustic_entropy": 8.52280330657959,
          "acoustic_entropy_side": 8.14183521270752,
          "hz": 1799.6344973346393
        },
        {
          "acoustic_entropy": 8.284424781799316,
          "acoustic_entropy_side": 8.169105529785156,
          "hz": 2020.9991599069049
        },
        {
          "acoustic_entropy": 8.204911231994629,
          "acoustic_entropy_side": 8.229323387145996,
          "hz": 2261.9676141086993
        },
        {
          "acoustic_entropy": 8.325902938842773,
          "acoustic_entropy_side": 7.857352256774902,
          "hz": 2524.2759484456974
        },
        {
          "acoustic_entropy": 8.377274513244629,
          "acoustic_entropy_side": 8.123647689819336,
          "hz": 2809.813997359896
        },
        {
          "acoustic_entropy": 8.137203216552734,
          "acoustic_entropy_side": 8.18313980102539,
          "hz": 3120.6389567871424
        },
        {
          "acoustic_entropy": 8.176371574401855,
          "acoustic_entropy_side": 8.061187744140625,
          "hz": 3458.990205492291
        },
        {
          "acoustic_entropy": 8.212839126586914,
          "acoustic_entropy_side": 8.039283752441406,
          "hz": 3827.305438964164
        },
        {
          "acoustic_entropy": 8.064780235290527,
          "acoustic_entropy_side": 8.019628524780273,
          "hz": 4228.238232109126
        },
        {
          "acoustic_entropy": 8.135342597961426,
          "acoustic_entropy_side": 8.054601669311523,
          "hz": 4664.6771572759235
        },
        {
          "acoustic_entropy": 8.14280891418457,
          "acoustic_entropy_side": 8.08095932006836,
          "hz": 5139.766595350093
        },
        {
          "acoustic_entropy": 8.208489418029785,
          "acoustic_entropy_side": 8.13272476196289,
          "hz": 5656.929389854203
        },
        {
          "acoustic_entropy": 8.04796314239502,
          "acoustic_entropy_side": 8.111471176147461,
          "hz": 6219.891507268283
        },
        {
          "acoustic_entropy": 7.902453422546387,
          "acoustic_entropy_side": 8.057729721069336,
          "hz": 6832.70888123896
        },
        {
          "acoustic_entropy": 7.960024833679199,
          "acoustic_entropy_side": 8.018834114074707,
          "hz": 7499.796634079867
        },
        {
          "acoustic_entropy": 7.979221343994141,
          "acoustic_entropy_side": 7.983410358428955,
          "hz": 8225.96088609342
        },
        {
          "acoustic_entropy": 8.011560440063477,
          "acoustic_entropy_side": 7.921947479248047,
          "hz": 9016.43338188839
        },
        {
          "acoustic_entropy": 7.78221321105957,
          "acoustic_entropy_side": 7.8794474601745605,
          "hz": 9876.909183162974
        },
        {
          "acoustic_entropy": 8.116972923278809,
          "acoustic_entropy_side": 7.938626289367676,
          "hz": 10813.587699516042
        },
        {
          "acoustic_entropy": 8.139871597290039,
          "acoustic_entropy_side": 7.986224174499512,
          "hz": 11833.21735289826
        },
        {
          "acoustic_entropy": 8.028407096862793,
          "acoustic_entropy_side": 8.020988464355469,
          "hz": 12943.144197493959
        },
        {
          "acoustic_entropy": 8.031752586364746,
          "acoustic_entropy_side": 8.023971557617188,
          "hz": 14151.364845322005
        },
        {
          "acoustic_entropy": 8.038551330566406,
          "acoustic_entropy_side": 8.022624015808105,
          "hz": 15466.58407886509
        },
        {
          "acoustic_entropy": 8.031670570373535,
          "acoustic_entropy_side": 8.003121376037598,
          "hz": 16898.27756580493
        },
        {
          "acoustic_entropy": 8.044595718383789,
          "acoustic_entropy_side": 8.027142524719238,
          "hz": 18456.760127700032
        },
        {
          "acoustic_entropy": 8.013409614562988,
          "acoustic_entropy_side": 8.006430625915527,
          "hz": 20153.260054456492
        },
        {
          "acoustic_entropy": 8.000078201293945,
          "acoustic_entropy_side": 8.000077247619629,
          "hz": 22000.00000000001
        }
      ],
      "diff_acoustic_entropy": 6.524932384490967,
      "sn": 12
    },
    {
      "acoustic_entropy": 13.366047859191895,
      "acoustic_entropy_mono": 10.690103530883789,
      "band_eliminated_acoustic_entropies": [
        {
          "acoustic_entropy": 12.373977661132812,
          "acoustic_entropy_side": 13.376551628112793,
          "hz": 129.47220167065723
        },
        {
          "acoustic_entropy": 14.59885025024414,
          "acoustic_entropy_side": 13.521007537841797,
          "hz": 202.92927478742237
        },
        {
          "acoustic_entropy": 13.600993156433105,
          "acoustic_entropy_side": 13.486592292785645,
          "hz": 282.89161906338205
        },
        {
          "acoustic_entropy": 13.63286304473877,
          "acoustic_entropy_side": 13.264142036437988,
          "hz": 369.9353335868758
        },
        {
          "acoustic_entropy": 13.071706771850586,
          "acoustic_entropy_side": 13.343903541564941,
          "hz": 464.6875360973435
        },
        {
          "acoustic_entropy": 13.646794319152832,
          "acoustic_entropy_side": 13.653770446777344,
          "hz": 567.8308811364784
        },
        {
          "acoustic_entropy": 13.210110664367676,
          "acoustic_entropy_side": 13.553019523620605,
          "hz": 680.1084783214808
        },
        {
          "acoustic_entropy": 13.747864723205566,
          "acoustic_entropy_side": 13.385711669921875,
          "hz": 802.3292461747484
        },
        {
          "acoustic_entropy": 13.339109420776367,
          "acoustic_entropy_side": 13.621089935302734,
          "hz": 935.3737400823702
        },
        {
          "acoustic_entropy": 12.600232124328613,
          "acoustic_entropy_side": 12.630040168762207,
          "hz": 1080.2004963696966
        },
        {
          "acoustic_entropy": 13.135297775268555,
          "acoustic_entropy_side": 13.294632911682129,
          "hz": 1237.8529382007157
        },
        {
          "acoustic_entropy": 13.598898887634277,
          "acoustic_entropy_side": 13.569546699523926,
          "hz": 1409.4668930556702
        },
        {
          "acoustic_entropy": 13.662392616271973,
          "acoustic_entropy_side": 13.394039154052734,
          "hz": 1596.2787759475705
        },
        {
          "acoustic_entropy": 13.899941444396973,
          "acoustic_entropy_side": 13.466194152832031,
          "hz": 1799.6344973346393
        },
        {
          "acoustic_entropy": 13.222359657287598,
          "acoustic_entropy_side": 13.312670707702637,
          "hz": 2020.9991599069049
        },
        {
          "acoustic_entropy": 13.449227333068848,
          "acoustic_entropy_side": 13.31689453125,
          "hz": 2261.9676141086993
        },
        {
          "acoustic_entropy": 13.331915855407715,
          "acoustic_entropy_side": 13.318090438842773,
          "hz": 2524.2759484456974
        },
        {
          "acoustic_entropy": 13.297172546386719,
          "acoustic_entropy_side": 13.523210525512695,
          "hz": 2809.813997359896
        },
        {
          "acoustic_entropy": 13.37856388092041,
          "acoustic_entropy_side": 13.40035343170166,
          "hz": 3120.6389567871424
        },
        {
