{
  "acoustic_entropy": 156.12652587890625,
  "bands": [
    {
      "high_freq": 148.1999969482422,
      "loudness": -27.016193389892578,
      "loudness_range": 19.655977249145508,
      "mid_mean": -25.995223999023438,
      "mid_to_side_loudness": -0.9826026558876038,
      "mid_to_side_loudness_range": 4.810983657836914,
      "side_mean": -26.900602340698242
    },
    {
      "high_freq": 392.3793640136719,
      "loudness": -25.44329833984375,
      "loudness_range": 13.644613265991211,
      "low_freq": 148.1999969482422,
      "mid_mean": -24.258047103881836,
      "mid_to_side_loudness": -1.225481390953064,
      "mid_to_side_loudness_range": 4.108766555786133,
      "side_mean": -25.46898078918457
    },
    {
      "high_freq": 794.6976318359375,
      "loudness": -26.760269165039062,
      "loudness_range": 15.590360641479492,
      "low_freq": 392.3793640136719,
      "mid_mean": -25.782039642333984,
      "mid_to_side_loudness": -0.7370128035545349,
      "mid_to_side_loudness_range": 3.499314069747925,
      "side_mean": -26.492427825927734
    },
    {
      "high_freq": 1457.5709228515625,
      "loudness": -33.096858978271484,
      "loudness_range": 21.259891510009766,
      "low_freq": 794.6976318359375,
      "mid_mean": -32.03810119628906,
      "mid_to_side_loudness": -0.9077208638191223,
      "mid_to_side_loudness_range": 2.9307284355163574,
      "side_mean": -32.90068054199219
    },
    {
      "high_freq": 2549.74365234375,
      "loudness": -37.796173095703125,
      "loudness_range": 16.19756507873535,
      "low_freq": 1457.5709228515625,
      "mid_mean": -36.75857925415039,
      "mid_to_side_loudness": -0.7609453797340393,
      "mid_to_side_loudness_range": 2.109316349029541,
      "side_mean": -37.511966705322266
    },
    {
      "high_freq": 4349.24462890625,
      "loudness": -43.723690032958984,
      "loudness_range": 14.196945190429688,
      "low_freq": 2549.74365234375,
      "mid_mean": -42.575870513916016,
      "mid_to_side_loudness": -0.9872257709503174,
      "mid_to_side_loudness_range": 1.9105726480484009,
      "side_mean": -43.55076217651367
    },
    {
      "high_freq": 7314.1640625,
      "loudness": -42.63268280029297,
      "loudness_range": 12.862548828125,
      "low_freq": 4349.24462890625,
      "mid_mean": -41.72747802734375,
      "mid_to_side_loudness": -0.4934995472431183,
      "mid_to_side_loudness_range": 1.2872421741485596,
      "side_mean": -42.19011688232422
    },
    {
      "high_freq": 12199.2666015625,
      "loudness": -39.34125900268555,
      "loudness_range": 13.499244689941406,
      "low_freq": 7314.1640625,
      "mid_mean": -38.336483001708984,
      "mid_to_side_loudness": -0.6534978151321411,
      "mid_to_side_loudness_range": 0.8040598630905151,
      "side_mean": -38.97659683227539
    },
    {
      "loudness": -34.56431198120117,
      "loudness_range": 15.734111785888672,
      "low_freq": 12199.2666015625,
      "mid_mean": -33.49687576293945,
      "mid_to_side_loudness": -0.808260977268219,
      "mid_to_side_loudness_range": 0.6708710193634033,
      "side_mean": -34.31991195678711
    }
  ],
  "bands_short": [
    {
      "high_freq": 148.1999969482422,
      "loudness": -32.38090515136719,
      "loudness_range": 26.968120574951172,
      "mid_mean": -31.805713653564453,
      "mid_to_side_loudness": -0.46988579630851746,
      "mid_to_side_loudness_range": 7.448117256164551,
      "side_mean": -31.916561126708984
    },
    {
      "high_freq": 392.3793640136719,
      "loudness": -24.93552017211914,
      "loudness_range": 15.392608642578125,
      "low_freq": 148.1999969482422,
      "mid_mean": -23.67575454711914,
      "mid_to_side_loudness": -1.8642529249191284,
      "mid_to_side_loudness_range": 8.144506454467773,
      "side_mean": -25.47189712524414
    },
    {
      "high_freq": 794.6976318359375,
      "loudness": -29.22180938720703,
      "loudness_range": 21.886659622192383,
      "low_freq": 392.3793640136719,
      "mid_mean": -27.973569869995117,
      "mid_to_side_loudness": -1.7421494722366333,
      "mid_to_side_loudness_range": 6.777722358703613,
      "side_mean": -29.543441772460938
    },
    {
      "high_freq": 1457.5709228515625,
      "loudness": -35.380950927734375,
      "loudness_range": 27.39436912536621,
      "low_freq": 794.6976318359375,
      "mid_mean": -34.270599365234375,
      "mid_to_side_loudness": -1.4602373838424683,
      "mid_to_side_loudness_range": 6.667813777923584,
      "side_mean": -35.55954360961914
    },
    {
      "high_freq": 2549.74365234375,
      "loudness": -40.42060470581055,
      "loudness_range": 22.10500144958496,
      "low_freq": 1457.5709228515625,
      "mid_mean": -39.18853759765625,
      "mid_to_side_loudness": -1.3838894367218018,
      "mid_to_side_loudness_range": 4.844814777374268,
      "side_mean": -40.53913879394531
    },
    {
      "high_freq": 4349.24462890625,
      "loudness": -45.569976806640625,
      "loudness_range": 18.041061401367188,
      "low_freq": 2549.74365234375,
      "mid_mean": -44.28522491455078,
      "mid_to_side_loudness": -1.4180257320404053,
      "mid_to_side_loudness_range": 4.086089134216309,
      "side_mean": -45.67172622680664
    },
    {
      "high_freq": 7314.1640625,
      "loudness": -44.87643051147461,
      "loudness_range": 20.13518524169922,
      "low_freq": 4349.24462890625,
      "mid_mean": -43.881893157958984,
      "mid_to_side_loudness": -0.6980997323989868,
      "mid_to_side_loudness_range": 2.8902626037597656,
      "side_mean": -44.54248046875
    },
    {
      "high_freq": 12199.2666015625,
      "loudness": -41.71824645996094,
      "loudness_range": 21.814237594604492,
      "low_freq": 7314.1640625,
      "mid_mean": -40.75225067138672,
      "mid_to_side_loudness": -0.7309215664863586,
      "mid_to_side_loudness_range": 1.8603503704071045,
      "side_mean": -41.40785217285156
    },
    {
      "loudness": -38.09749984741211,
      "loudness_range": 25.703149795532227,
      "low_freq": 12199.2666015625,
      "mid_mean": -37.084228515625,
      "mid_to_side_loudness": -0.8493712544441223,
      "mid_to_side_loudness_range": 1.351958155632019,
      "side_mean": -37.86735916137695
    }
  ],
  "bandwidth": 488.6792907714844,
  "channels": 2,
  "covariance": [
    [
      44.84790802001953,
      44.27750778198242,
      -3.050420045852661,
      -1.4525701999664307,
      3.873849868774414,
      4.226599216461182,
      3.2664666175842285,
      4.104369163513184,
      0.11518646776676178,
      0.6611659526824951,
      -3.02653169631958,
      -3.2304718494415283,
      -1.2992208003997803,
      -1.0954070091247559,
      1.7922277450561523,
      1.8581550121307373,
      2.8220455646514893,
      2.807035207748413
    ],
    [
      44.27750778198242,
      48.05038833618164,
      -2.555466651916504,
      -0.8953874707221985,
      3.6810355186462402,
      3.9285972118377686,
      3.2573115825653076,
      4.153416156768799,
      -0.3476143181324005,
      0.33294448256492615,
      -3.8834879398345947,
      -4.08820915222168,
      -1.818587303161621,
      -1.5889489650726318,
      2.0852203369140625,
      2.152484178543091,
      3.3357622623443604,
      3.2672293186187744
    ],
    [
      -3.050420045852661,
      -2.555466651916504,
      21.980907440185547,
      21.431299209594727,
      10.849820137023926,
      10.873625755310059,
      10.701536178588867,
      10.6419095993042,
      12.472489356994629,
      12.74057388305664,
      9.780638694763184,
      9.80931282043457,
      7.454288005828857,
      7.165218830108643,
      5.80177116394043,
      5.790735721588135,
      4.113586902618408,
      4.048709869384766
    ],
    [
      -1.4525701999664307,
      -0.8953874707221985,
      21.431299209594727,
      23.477230072021484,
      12.38914966583252,
      13.104105949401855,
      11.405635833740234,
      11.856464385986328,
      12.209029197692871,
      12.971104621887207,
      8.492220878601074,
      8.726749420166016,
      6.655402183532715,
      6.469613552093506,
      5.658346176147461,
      5.642551898956299,
      4.110641002655029,
      4.053534030914307
    ],
    [
      3.873849868774414,
      3.6810355186462402,
      10.849820137023926,
      12.38914966583252,
      29.22193145751953,
      30.8979549407959,
      16.02360725402832,
      16.577627182006836,
      17.676956176757812,
      19.34001922607422,
      7.430372714996338,
      7.663660526275635,
      4.769532680511475,
      4.632920742034912,
      4.987512588500977,
      4.948689937591553,
      4.436874866485596,
      4.445401191711426
    ],
    [
      4.226599216461182,
      3.9285972118377686,
      10.873625755310059,
      13.104105949401855,
      30.8979549407959,
      34.78262710571289,
      17.538288116455078,
      18.667787551879883,
      18.182579040527344,
      20.255889892578125,
      6.991523265838623,
      7.3943681716918945,
      4.286303520202637,
      4.159648895263672,
      4.527562618255615,
      4.451526641845703,
      4.076028347015381,
      4.080888271331787
    ],
    [
      3.2664666175842285,
      3.2573115825653076,
      10.701536178588867,
      11.405635833740234,
      16.02360725402832,
      17.538288116455078,
      50.409881591796875,
      52.21514129638672,
      24.113651275634766,
      25.663101196289062,
      13.214825630187988,
      14.18848991394043,
      6.694034576416016,
      6.554483890533447,
      7.244421482086182,
      7.210071563720703,
      8.128768920898438,
      7.933697700500488
    ],
    [
      4.104369163513184,
      4.153416156768799,
      10.6419095993042,
      11.856464385986328,
      16.577627182006836,
      18.667787551879883,
      52.21514129638672,
      56.19879913330078,
      24.301368713378906,
      26.26329231262207,
      12.782591819763184,
      14.002297401428223,
      5.970015525817871,
      5.866796970367432,
      6.4339213371276855,
      6.350886821746826,
      7.487300395965576,
      7.280155181884766
    ],
    [
      0.11518646776676178,
      -0.3476143181324005,
      12.472489356994629,
      12.209029197692871,
      17.676956176757812,
      18.182579040527344,
      24.113651275634766,
      24.301368713378906,
      30.191171646118164,
      31.308012008666992,
      16.514490127563477,
      17.28904914855957,
      10.97046184539795,
      10.693117141723633,
      9.527972221374512,
      9.472314834594727,
      9.014498710632324,
      8.934213638305664
    ],
    [
      0.6611659526824951,
      0.33294448256492615,
      12.74057388305664,
      12.971104621887207,
      19.34001922607422,
      20.255889892578125,
      25.663101196289062,
      26.26329231262207,
      31.308012008666992,
      33.271888732910156,
      16.44975471496582,
      17.5722713470459,
      10.724177360534668,
      10.596744537353516,
      9.487793922424316,
      9.37891960144043,
      9.031097412109375,
      8.929651260375977
    ],
    [
      -3.02653169631958,
      -3.8834879398345947,
      9.780638694763184,
      8.492220878601074,
      7.430372714996338,
      6.991523265838623,
      13.214825630187988,
      12.782591819763184,
      16.514490127563477,
      16.44975471496582,
      22.703699111938477,
      23.038135528564453,
      17.42376136779785,
      17.242382049560547,
      14.658612251281738,
      14.636693954467773,
      13.892983436584473,
      13.837817192077637
    ],
    [
      -3.2304718494415283,
      -4.08820915222168,
      9.80931282043457,
      8.726749420166016,
      7.663660526275635,
      7.3943681716918945,
      14.18848991394043,
      14.002297401428223,
      17.28904914855957,
      17.5722713470459,
      23.038135528564453,
      24.2213134765625,
      17.96200180053711,
      17.91611099243164,
      15.14993953704834,
      15.06336498260498,
      14.493133544921875,
      14.430773735046387
    ],
    [
      -1.2992208003997803,
      -1.818587303161621,
      7.454288005828857,
      6.655402183532715,
      4.769532680511475,
      4.286303520202637,
      6.694034576416016,
      5.970015525817871,
      10.97046184539795,
      10.724177360534668,
      17.42376136779785,
      17.96200180053711,
      20.401721954345703,
      20.323833465576172,
      19.460866928100586,
      19.411396026611328,
      20.1456356048584,
      20.064294815063477
    ],
    [
      -1.0954070091247559,
      -1.5889489650726318,
      7.165218830108643,
      6.469613552093506,
      4.632920742034912,
      4.159648895263672,
      6.554483890533447,
      5.866796970367432,
      10.693117141723633,
      10.596744537353516,
      17.242382049560547,
      17.91611099243164,
      20.323833465576172,
      20.875654220581055,
      20.040904998779297,
      19.972312927246094,
      20.758432388305664,
      20.67499351501465
    ],
    [
      1.7922277450561523,
      2.0852203369140625,
      5.80177116394043,
      5.658346176147461,
      4.987512588500977,
      4.527562618255615,
      7.244421482086182,
      6.4339213371276855,
      9.527972221374512,
      9.487793922424316,
      14.658612251281738,
      15.14993953704834,
      19.460866928100586,
      20.040904998779297,
      24.25776481628418,
      24.18808364868164,
      25.426416397094727,
      25.333641052246094
    ],
    [
      1.8581550121307373,
      2.152484178543091,
      5.790735721588135,
      5.642551898956299,
      4.948689937591553,
      4.451526641845703,
      7.210071563720703,
      6.350886821746826,
      9.472314834594727,
      9.37891960144043,
      14.636693954467773,
      15.06336498260498,
      19.411396026611328,
      19.972312927246094,
      24.18808364868164,
      24.357439041137695,
      25.51993179321289,
      25.421838760375977
    ],
    [
      2.8220455646514893,
      3.3357622623443604,
      4.113586902618408,
      4.110641002655029,
      4.436874866485596,
      4.076028347015381,
      8.128768920898438,
      7.487300395965576,
      9.014498710632324,
      9.031097412109375,
      13.892983436584473,
      14.493133544921875,
      20.1456356048584,
      20.758432388305664,
      25.426416397094727,
      25.51993179321289,
      31.310625076293945,
      30.82433319091797
    ],
    [
      2.807035207748413,
      3.2672293186187744,
      4.048709869384766,
      4.053534030914307,
      4.445401191711426,
      4.080888271331787,
      7.933697700500488,
      7.280155181884766,
      8.934213638305664,
      8.929651260375977,
      13.837817192077637,
      14.430773735046387,
      20.064294815063477,
      20.67499351501465,
      25.333641052246094,
      25.421838760375977,
      30.82433319091797,
      30.87020492553711
    ]
  ],
  "covariance_short": [
    [
      83.0905532836914,
      77.2334976196289,
      14.680036544799805,
      18.293298721313477,
      2.533684730529785,
      3.182082414627075,
      5.285895824432373,
      7.500835418701172,
      1.9584698677062988,
      3.1144843101501465,
      1.3877978324890137,
      1.6963005065917969,
      4.501317024230957,
      4.877387046813965,
      9.039228439331055,
      9.274330139160156,
      10.100383758544922,
      9.892008781433105
    ],
    [
      77.2334976196289,
      85.38910675048828,
      13.036666870117188,
      18.510324478149414,
      1.6318117380142212,
      1.8058897256851196,
      4.049064636230469,
      6.160654544830322,
      0.6914761662483215,
      1.765947937965393,
      0.5387591123580933,
      0.7471449971199036,
      3.891657590866089,
      4.211798191070557,
      8.50952434539795,
      8.75274658203125,
      9.459305763244629,
      9.243670463562012
    ],
    [
      14.680036544799805,
      13.036666870117188,
      28.590179443359375,
      27.78069496154785,
      21.28433609008789,
      22.75062370300293,
      19.209861755371094,
      20.846559524536133,
      19.3016414642334,
      20.97501564025879,
      13.925751686096191,
      14.88786506652832,
      12.167593002319336,
      12.127405166625977,
      11.822283744812012,
      11.775554656982422,
      10.635942459106445,
      10.5660400390625
    ],
    [
      18.293298721313477,
      18.510324478149414,
      27.78069496154785,
      37.63904571533203,
      24.246286392211914,
      28.2113094329834,
      22.451448440551758,
      26.43515396118164,
      20.337379455566406,
      24.072999954223633,
      13.374985694885254,
      15.455689430236816,
      12.703174591064453,
      13.146865844726562,
      14.322772026062012,
      14.430187225341797,
      13.908011436462402,
      13.774380683898926
    ],
    [
      2.533684730529785,
      1.6318117380142212,
      21.28433609008789,
      24.246286392211914,
      56.61237716674805,
      59.974884033203125,
      34.33656311035156,
      38.0667839050293,
      36.93849182128906,
      41.778167724609375,
      20.495237350463867,
      22.496448516845703,
      14.29511833190918,
      14.374236106872559,
      13.928834915161133,
      13.80289077758789,
      13.912117958068848,
      13.961403846740723
    ],
    [
      3.182082414627075,
      1.8058897256851196,
      22.75062370300293,
      28.2113094329834,
      59.974884033203125,
      72.38765716552734,
      38.62250900268555,
      44.96344757080078,
      39.786415100097656,
      46.58993911743164,
      20.281391143798828,
      23.309995651245117,
      13.743438720703125,
      14.067495346069336,
      13.576812744140625,
      13.510205268859863,
      13.780172348022461,
      13.708247184753418
    ],
    [
      5.285895824432373,
      4.049064636230469,
      19.209861755371094,
      22.451448440551758,
      34.33656311035156,
      38.62250900268555,
      74.85281372070312,
      79.87071990966797,
      43.810813903808594,
      49.06378936767578,
      24.372434616088867,
      27.273853302001953,
      15.760972023010254,
      16.122034072875977,
      16.507129669189453,
      16.393939971923828,
      16.89924430847168,
      16.780439376831055
    ],
    [
      7.500835418701172,
      6.160654544830322,
      20.846559524536133,
      26.43515396118164,
      38.0667839050293,
      44.96344757080078,
      79.87071990966797,
      93.29535675048828,
      46.97815704345703,
      54.39734649658203,
      24.121763229370117,
      28.126304626464844,
      14.789742469787598,
      15.40925407409668,
      15.589248657226562,
      15.5169095993042,
      16.37920570373535,
      16.111600875854492
    ],
    [
      1.9584698677062988,
      0.6914761662483215,
      19.3016414642334,
      20.337379455566406,
      36.93849182128906,
      39.786415100097656,
      43.810813903808594,
      46.97815704345703,
      50.09696960449219,
      53.61922836303711,
      28.52292823791504,
      30.743526458740234,
      20.50478172302246,
      20.556289672851562,
      18.64811134338379,
      18.415847778320312,
      17.685359954833984,
      17.692947387695312
    ],
    [
      3.1144843101501465,
      1.765947937965393,
      20.97501564025879,
      24.072999954223633,
      41.778167724609375,
      46.58993911743164,
      49.06378936767578,
      54.39734649658203,
      53.61922836303711,
      61.13966369628906,
      29.429258346557617,
      32.97509002685547,
      21.17677879333496,
      21.748769760131836,
      19.980533599853516,
      19.768199920654297,
      19.179718017578125,
      19.06212043762207
    ],
    [
      1.3877978324890137,
      0.5387591123580933,
      13.925751686096191,
      13.374985694885254,
      20.495237350463867,
      20.281391143798828,
      24.372434616088867,
      24.121763229370117,
      28.52292823791504,
      29.429258346557617,
      34.294883728027344,
      35.318241119384766,
      29.24163818359375,
      29.701723098754883,
      27.695091247558594,
      27.524471282958984,
      25.833112716674805,
      25.72024154663086
    ],
    [
      1.6963005065917969,
      0.7471449971199036,
      14.88786506652832,
      15.455689430236816,
      22.496448516845703,
      23.309995651245117,
      27.273853302001953,
      28.126304626464844,
      30.743526458740234,
      32.97509002685547,
      35.318241119384766,
      39.27238082885742,
      31.57686996459961,
      32.584815979003906,
      30.656147003173828,
      30.4115047454834,
      28.937467575073242,
      28.66278076171875
    ],
    [
      4.501317024230957,
      3.891657590866089,
      12.167593002319336,
      12.703174591064453,
      14.29511833190918,
      13.743438720703125,
      15.760972023010254,
      14.789742469787598,
      20.50478172302246,
      21.17677879333496,
      29.24163818359375,
      31.57686996459961,
      37.86000061035156,
      39.03779602050781,
      40.30400466918945,
      40.369686126708984,
      40.77964782714844,
      40.49073791503906
    ],
    [
      4.877387046813965,
      4.211798191070557,
      12.127405166625977,
      13.146865844726562,
      14.374236106872559,
      14.067495346069336,
      16.122034072875977,
      15.40925407409668,
      20.556289672851562,
      21.748769760131836,
      29.701723098754883,
      32.584815979003906,
      39.03779602050781,
      41.84196853637695,
      43.0565071105957,
      43.12224197387695,
      43.75471878051758,
      43.2818717956543
    ],
    [
      9.039228439331055,
      8.50952434539795,
      11.822283744812012,
      14.322772026062012,
      13.928834915161133,
      13.576812744140625,
      16.507129669189453,
      15.589248657226562,
      18.64811134338379,
      19.980533599853516,
      27.695091247558594,
      30.656147003173828,
      40.30400466918945,
      43.0565071105957,
      52.543338775634766,
      52.52337646484375,
      55.54806900024414,
      55.114566802978516
    ],
    [
      9.274330139160156,
      8.75274658203125,
      11.775554656982422,
      14.430187225341797,
      13.80289077758789,
      13.510205268859863,
      16.393939971923828,
      15.5169095993042,
      18.415847778320312,
      19.768199920654297,
      27.524471282958984,
      30.4115047454834,
      40.369686126708984,
      43.12224197387695,
      52.52337646484375,
      54.22268295288086,
      56.741302490234375,
      56.361446380615234
    ],
    [
      10.100383758544922,
      9.459305763244629,
      10.635942459106445,
      13.908011436462402,
      13.912117958068848,
      13.780172348022461,
      16.89924430847168,
      16.37920570373535,
      17.685359954833984,
      19.179718017578125,
      25.833112716674805,
      28.937467575073242,
      40.77964782714844,
      43.75471878051758,
      55.54806900024414,
      56.741302490234375,
      69.12592315673828,
      68.18586730957031
    ],
    [
      9.892008781433105,
      9.243670463562012,
      10.5660400390625,
      13.774380683898926,
      13.961403846740723,
      13.708247184753418,
      16.780439376831055,
      16.111600875854492,
      17.692947387695312,
      19.06212043762207,
      25.72024154663086,
      28.66278076171875,
      40.49073791503906,
      43.2818717956543,
      55.114566802978516,
      56.361446380615234,
      68.18586730957031,
      69.44802856445312
    ]
  ],
  "damage": -9.405884742736816,
  "diff_bandwidth": 504.1995849609375,
  "dissonance": 7.909063573693481,
  "drr": -1.3072890043258667,
  "dynamics": 3.4218790531158447,
  "format": 1245190,
  "frames": 18136000,
  "loudness": -15.549647331237793,
  "loudness_range": 6.852346420288086,
  "loudness_range_short": 13.71657657623291,
  "lowpass_true_peak_15khz": 0.8507905602455139,
  "mastering3_acoustic_entropies": [
    {
      "acoustic_entropy": 9.15219783782959,
      "acoustic_entropy_mono": 8.67549991607666,
      "band_eliminated_acoustic_entropies": [
        {
          "acoustic_entropy": 9.112629890441895,
          "acoustic_entropy_side": 9.141310691833496,
          "hz": 129.47220167065723
        },
        {
          "acoustic_entropy": 8.342987060546875,
          "acoustic_entropy_side": 9.230193138122559,
          "hz": 202.92927478742237
        },
        {
          "acoustic_entropy": 9.28972339630127,
          "acoustic_entropy_side": 9.347070693969727,
          "hz": 282.89161906338205
        },
        {
          "acoustic_entropy": 8.769118309020996,
          "acoustic_entropy_side": 8.979412078857422,
          "hz": 369.9353335868758
        },
        {
          "acoustic_entropy": 8.588370323181152,
          "acoustic_entropy_side": 9.016039848327637,
          "hz": 464.6875360973435
        },
        {
          "acoustic_entropy": 8.995805740356445,
          "acoustic_entropy_side": 9.065755844116211,
          "hz": 567.8308811364784
        },
        {
          "acoustic_entropy": 8.709196090698242,
          "acoustic_entropy_side": 8.973152160644531,
          "hz": 680.1084783214808
        },
        {
          "acoustic_entropy": 9.07674503326416,
          "acoustic_entropy_side": 8.9132080078125,
          "hz": 802.3292461747484
        },
        {
          "acoustic_entropy": 8.11313533782959,
          "acoustic_entropy_side": 8.274909973144531,
          "hz": 935.3737400823702
        },
        {
          "acoustic_entropy": 8.943989753723145,
          "acoustic_entropy_side": 8.705619812011719,
          "hz": 1080.2004963696966
        },
        {
          "acoustic_entropy": 8.273528099060059,
          "acoustic_entropy_side": 8.384971618652344,
          "hz": 1237.8529382007157
        },
        {
          "acoustic_entropy": 8.095621109008789,
          "acoustic_entropy_side": 8.855772972106934,
          "hz": 1409.4668930556702
        },
        {
          "acoustic_entropy": 7.886007785797119,
          "acoustic_entropy_side": 8.746959686279297,
          "hz": 1596.2787759475705
        },
        {
          "acoustic_entropy": 9.301637649536133,
          "acoustic_entropy_side": 9.291190147399902,
          "hz": 1799.6344973346393
        },
        {
          "acoustic_entropy": 9.094078063964844,
          "acoustic_entropy_side": 9.059539794921875,
          "hz": 2020.9991599069049
        },
        {
          "acoustic_entropy": 9.289393424987793,
          "acoustic_entropy_side": 9.21400260925293,
          "hz": 2261.9676141086993
        },
        {
          "acoustic_entropy": 9.19154167175293,
          "acoustic_entropy_side": 9.164451599121094,
          "hz": 2524.2759484456974
        },
        {
          "acoustic_entropy": 9.176676750183105,
          "acoustic_entropy_side": 9.157842636108398,
          "hz": 2809.813997359896
        },
        {
          "acoustic_entropy": 9.138291358947754,
          "acoustic_entropy_side": 9.14597225189209,
          "hz": 3120.6389567871424
        },
        {
          "acoustic_entropy": 9.149943351745605,
          "acoustic_entropy_side": 9.150834083557129,
          "hz": 3458.990205492291
        },
        {
          "acoustic_entropy": 9.145975112915039,
          "acoustic_entropy_side": 9.148873329162598,
          "hz": 3827.305438964164
        },
        {
          "acoustic_entropy": 9.150362968444824,
          "acoustic_entropy_side": 9.150161743164062,
          "hz": 4228.238232109126
        },
        {
          "acoustic_entropy": 9.149879455566406,
          "acoustic_entropy_side": 9.150647163391113,
          "hz": 4664.6771572759235
        },
        {
          "acoustic_entropy": 9.149988174438477,
          "acoustic_entropy_side": 9.151029586791992,
          "hz": 5139.766595350093
        },
        {
          "acoustic_entropy": 9.15161418914795,
          "acoustic_entropy_side": 9.15168571472168,
          "hz": 5656.929389854203
        },
        {
          "acoustic_entropy": 9.152621269226074,
          "acoustic_entropy_side": 9.15211296081543,
          "hz": 6219.891507268283
        },
        {
          "acoustic_entropy": 9.161589622497559,
          "acoustic_entropy_side": 9.156702995300293,
          "hz": 6832.70888123896
        },
        {
          "acoustic_entropy": 9.164963722229004,
          "acoustic_entropy_side": 9.157976150512695,
          "hz": 7499.796634079867
        },
        {
          "acoustic_entropy": 9.170531272888184,
          "acoustic_entropy_side": 9.160154342651367,
          "hz": 8225.96088609342
        },
        {
          "acoustic_entropy": 9.175081253051758,
          "acoustic_entropy_side": 9.162972450256348,
          "hz": 9016.43338188839
        },
        {
          "acoustic_entropy": 9.168203353881836,
          "acoustic_entropy_side": 9.159838676452637,
          "hz": 9876.909183162974
        },
        {
          "acoustic_entropy": 9.179210662841797,
          "acoustic_entropy_side": 9.165257453918457,
          "hz": 10813.587699516042
        },
        {
          "acoustic_entropy": 9.192805290222168,
          "acoustic_entropy_side": 9.171201705932617,
          "hz": 11833.21735289826
        },
        {
          "acoustic_entropy": 9.18359088897705,
          "acoustic_entropy_side": 9.166704177856445,
          "hz": 12943.144197493959
        },
        {
          "acoustic_entropy": 9.201878547668457,
          "acoustic_entropy_side": 9.175457000732422,
          "hz": 14151.364845322005
        },
        {
          "acoustic_entropy": 9.2431058883667,
          "acoustic_entropy_side": 9.195944786071777,
          "hz": 15466.58407886509
        },
        {
          "acoustic_entropy": 9.236775398254395,
          "acoustic_entropy_side": 9.193208694458008,
          "hz": 16898.27756580493
        },
        {
          "acoustic_entropy": 9.268827438354492,
          "acoustic_entropy_side": 9.226679801940918,
          "hz": 18456.760127700032
        },
        {
          "acoustic_entropy": 9.132061004638672,
          "acoustic_entropy_side": 9.252299308776855,
          "hz": 20153.260054456492
        },
        {
          "acoustic_entropy": 9.236143112182617,
          "acoustic_entropy_side": 9.200370788574219,
          "hz": 22000.00000000001
        }
      ],
      "diff_acoustic_entropy": 8.819439888000488,
      "sn": 6
    },
    {
      "acoustic_entropy": 12.407318115234375,
      "acoustic_entropy_mono": 11.829330444335938,
      "band_eliminated_acoustic_entropies": [
        {
          "acoustic_entropy": 12.230527877807617,
          "acoustic_entropy_side": 11.887447357177734,
          "hz": 129.47220167065723
        },
        {
          "acoustic_entropy": 12.557341575622559,
          "acoustic_entropy_side": 13.172533988952637,
          "hz": 202.92927478742237
        },
        {
          "acoustic_entropy": 12.729461669921875,
          "acoustic_entropy_side": 13.344412803649902,
          "hz": 282.89161906338205
        },
        {
          "acoustic_entropy": 12.705124855041504,
          "acoustic_entropy_side": 12.710249900817871,
          "hz": 369.9353335868758
        },
        {
          "acoustic_entropy": 12.52199649810791,
          "acoustic_entropy_side": 12.707642555236816,
          "hz": 464.6875360973435
        },
        {
          "acoustic_entropy": 12.506645202636719,
          "acoustic_entropy_side": 12.288946151733398,
          "hz": 567.8308811364784
        },
        {
          "acoustic_entropy": 12.647306442260742,
          "acoustic_entropy_side": 12.981534004211426,
          "hz": 680.1084783214808
        },
        {
          "acoustic_entropy": 13.274215698242188,
          "acoustic_entropy_side": 13.137816429138184,
          "hz": 802.3292461747484
        },
        {
          "acoustic_entropy": 11.675750732421875,
          "acoustic_entropy_side": 12.333845138549805,
          "hz": 935.3737400823702
        },
        {
          "acoustic_entropy": 12.61906623840332,
          "acoustic_entropy_side": 12.937067985534668,
          "hz": 1080.2004963696966
        },
        {
          "acoustic_entropy": 12.504546165466309,
          "acoustic_entropy_side": 12.32354736328125,
          "hz": 1237.8529382007157
        },
        {
          "acoustic_entropy": 12.335651397705078,
          "acoustic_entropy_side": 12.435903549194336,
          "hz": 1409.4668930556702
        },
        {
          "acoustic_entropy": 11.411124229431152,
          "acoustic_entropy_side": 12.991853713989258,
          "hz": 1596.2787759475705
        },
        {
          "acoustic_entropy": 12.253978729248047,
          "acoustic_entropy_side": 11.700129508972168,
          "hz": 1799.6344973346393
        },
        {
          "acoustic_entropy": 12.318191528320312,
          "acoustic_entropy_side": 12.452851295471191,
          "hz": 2020.9991599069049
        },
        {
          "acoustic_entropy": 12.519060134887695,
          "acoustic_entropy_side": 12.481416702270508,
          "hz": 2261.9676141086993
        },
        {
          "acoustic_entropy": 12.40314769744873,
          "acoustic_entropy_side": 12.450395584106445,
          "hz": 2524.2759484456974
        },
        {
          "acoustic_entropy": 12.325947761535645,
          "acoustic_entropy_side": 12.39343547821045,
          "hz": 2809.813997359896
        },
        {
          "acoustic_entropy": 12.28853988647461,
          "acoustic_entropy_side": 12.34273624420166,
          "hz": 3120.6389567871424
        },
        {
          "acoustic_entropy": 12.273086547851562,
          "acoustic_entropy_side": 12.351115226745605,
          "hz": 3458.990205492291
        },
        {
          "acoustic_entropy": 12.27493667602539,
          "acoustic_entropy_side": 12.35042667388916,
          "hz": 3827.305438964164
        },
        {
          "acoustic_entropy": 12.26083755493164,
          "acoustic_entropy_side": 12.340649604797363,
          "hz": 4228.238232109126
        },
        {
          "acoustic_entropy": 12.269153594970703,
          "acoustic_entropy_side": 12.347471237182617,
          "hz": 4664.6771572759235
        },
        {
          "acoustic_entropy": 12.302640914916992,
          "acoustic_entropy_side": 12.361332893371582,
          "hz": 5139.766595350093
        },
        {
          "acoustic_entropy": 12.301368713378906,
          "acoustic_entropy_side": 12.361005783081055,
          "hz": 5656.929389854203
        },
        {
          "acoustic_entropy": 12.317097663879395,
          "acoustic_entropy_side": 12.36681079864502,
          "hz": 6219.891507268283
        },
        {
          "acoustic_entropy": 12.352581977844238,
          "acoustic_entropy_side": 12.38219928741455,
          "hz": 6832.70888123896
        },
        {
          "acoustic_entropy": 12.367500305175781,
          "acoustic_entropy_side": 12.389642715454102,
          "hz": 7499.796634079867
        },
        {
          "acoustic_entropy": 12.43463134765625,
          "acoustic_entropy_side": 12.42164421081543,
          "hz": 8225.96088609342
        },
        {
          "acoustic_entropy": 12.521689414978027,
          "acoustic_entropy_side": 12.458788871765137,
          "hz": 9016.43338188839
        },
        {
          "acoustic_entropy": 12.507999420166016,
          "acoustic_entropy_side": 12.45430850982666,
          "hz": 9876.909183162974
        },
        {
          "acoustic_entropy": 12.539677619934082,
          "acoustic_entropy_side": 12.470698356628418,
          "hz": 10813.587699516042
        },
        {
          "acoustic_entropy": 12.559568405151367,
          "acoustic_entropy_side": 12.496399879455566,
          "hz": 11833.21735289826
        },
        {
          "acoustic_entropy": 12.56714916229248,
          "acoustic_entropy_side": 12.515328407287598,
          "hz": 12943.144197493959
        },
        {
          "acoustic_entropy": 12.587827682495117,
          "acoustic_entropy_side": 12.50412368774414,
          "hz": 14151.364845322005
        },
        {
          "acoustic_entropy": 12.629181861877441,
          "acoustic_entropy_side": 12.532220840454102,
          "hz": 15466.58407886509
        },
        {
          "acoustic_entropy": 12.5707368850708,
          "acoustic_entropy_side": 12.494644165039062,
          "hz": 16898.27756580493
        },
        {
          "acoustic_entropy": 12.254070281982422,
          "acoustic_entropy_side": 12.362472534179688,
          "hz": 18456.760127700032
        },
        {
          "acoustic_entropy": 12.437159538269043,
          "acoustic_entropy_side": 12.489533424377441,
          "hz": 20153.260054456492
        },
        {
          "acoustic_entropy": 12.377041816711426,
          "acoustic_entropy_side": 12.612334251403809,
          "hz": 22000.00000000001
        }
      ],
      "diff_acoustic_entropy": 13.307099342346191,
      "sn": 12
    },
    {
      "acoustic_entropy": 18.697052001953125,
      "acoustic_entropy_mono": 17.775367736816406,
      "band_eliminated_acoustic_entropies": [
        {
          "acoustic_entropy": 18.3621826171875,
          "acoustic_entropy_side": 18.604528427124023,
          "hz": 129.47220167065723
        },
        {
          "acoustic_entropy": 18.663442611694336,
          "acoustic_entropy_side": 18.659770965576172,
          "hz": 202.92927478742237
        },
        {
          "acoustic_entropy": 18.488357543945312,
          "acoustic_entropy_side": 19.027179718017578,
          "hz": 282.89161906338205
        },
        {
          "acoustic_entropy": 18.465219497680664,
          "acoustic_entropy_side": 18.79433250427246,
          "hz": 369.9353335868758
        },
        {
          "acoustic_entropy": 18.540302276611328,
          "acoustic_entropy_side": 18.313289642333984,
          "hz": 464.6875360973435
        },
        {
          "acoustic_entropy": 18.933025360107422,
          "acoustic_entropy_side": 18.918813705444336,
          "hz": 567.8308811364784
        },
        {
          "acoustic_entropy": 18.645055770874023,
          "acoustic_entropy_side": 19.04694938659668,
          "hz": 680.1084783214808
        },
        {
          "acoustic_entropy": 18.969484329223633,
          "acoustic_entropy_side": 18.96393394470215,
          "hz": 802.3292461747484
        },
        {
          "acoustic_entropy": 18.12240982055664,
          "acoustic_entropy_side": 18.73795509338379,
          "hz": 935.3737400823702
        },
        {
          "acoustic_entropy": 18.97008514404297,
          "acoustic_entropy_side": 19.349641799926758,
          "hz": 1080.2004963696966
        },
        {
          "acoustic_entropy": 18.65789794921875,
          "acoustic_entropy_side": 18.56546974182129,
          "hz": 1237.8529382007157
        },
        {
          "acoustic_entropy": 18.939210891723633,
          "acoustic_entropy_side": 19.39824867248535,
          "hz": 1409.4668930556702
        },
        {
          "acoustic_entropy": 18.18531608581543,
          "acoustic_entropy_side": 19.29907989501953,
          "hz": 1596.2787759475705
        },
        {
          "acoustic_entropy": 18.363855361938477,
          "acoustic_entropy_side": 18.784521102905273,
          "hz": 1799.6344973346393
        },
        {
          "acoustic_entropy": 18.412439346313477,
          "acoustic_entropy_side": 19.158449172973633,
          "hz": 2020.9991599069049
        },
        {
          "acoustic_entropy": 19.046337127685547,
          "acoustic_entropy_side": 19.36353302001953,
          "hz": 2261.9676141086993
        },
        {
          "acoustic_entropy": 18.684730529785156,
          "acoustic_entropy_side": 18.92169761657715,
          "hz": 2524.2759484456974
        },
        {
          "acoustic_entropy": 18.5235538482666,
          "acoustic_entropy_side": 18.614126205444336,
          "hz": 2809.813997359896
        },
        {
          "acoustic_entropy": 18.91426658630371,
