{
  "acoustic_entropy": 209.17202758789062,
  "bands": [
    {
      "high_freq": 148.1999969482422,
      "loudness": -54.37135696411133,
      "loudness_range": 16.667015075683594,
      "mid_mean": -50.778648376464844,
      "mid_to_side_loudness": -16.131704330444336,
      "mid_to_side_loudness_range": 13.201580047607422,
      "side_mean": -64.30441284179688
    },
    {
      "high_freq": 392.3793640136719,
      "loudness": -43.6036491394043,
      "loudness_range": 25.520057678222656,
      "low_freq": 148.1999969482422,
      "mid_mean": -41.0504264831543,
      "mid_to_side_loudness": -9.828508377075195,
      "mid_to_side_loudness_range": 11.8333158493042,
      "side_mean": -51.93819046020508
    },
    {
      "high_freq": 794.6976318359375,
      "loudness": -42.170494079589844,
      "loudness_range": 19.918991088867188,
      "low_freq": 392.3793640136719,
      "mid_mean": -39.34730911254883,
      "mid_to_side_loudness": -9.11448860168457,
      "mid_to_side_loudness_range": 10.063612937927246,
      "side_mean": -50.330631256103516
    },
    {
      "high_freq": 1457.5709228515625,
      "loudness": -45.19705581665039,
      "loudness_range": 22.014789581298828,
      "low_freq": 794.6976318359375,
      "mid_mean": -43.034278869628906,
      "mid_to_side_loudness": -5.699687957763672,
      "mid_to_side_loudness_range": 8.747875213623047,
      "side_mean": -50.59463119506836
    },
    {
      "high_freq": 2549.74365234375,
      "loudness": -46.93964767456055,
      "loudness_range": 23.310970306396484,
      "low_freq": 1457.5709228515625,
      "mid_mean": -45.96611404418945,
      "mid_to_side_loudness": -2.0506646633148193,
      "mid_to_side_loudness_range": 6.703107833862305,
      "side_mean": -49.94428634643555
    },
    {
      "high_freq": 4349.24462890625,
      "loudness": -51.6002311706543,
      "loudness_range": 25.048583984375,
      "low_freq": 2549.74365234375,
      "mid_mean": -52.97037887573242,
      "mid_to_side_loudness": -0.19635193049907684,
      "mid_to_side_loudness_range": 6.278571128845215,
      "side_mean": -53.1668701171875
    },
    {
      "high_freq": 7314.1640625,
      "loudness": -61.479488372802734,
      "loudness_range": 25.50304412841797,
      "low_freq": 4349.24462890625,
      "mid_mean": -61.56643295288086,
      "mid_to_side_loudness": 1.4828791618347168,
      "mid_to_side_loudness_range": 6.616778373718262,
      "side_mean": -60.37546157836914
    },
    {
      "high_freq": 12199.2666015625,
      "loudness": -69.50765991210938,
      "loudness_range": 24.170124053955078,
      "low_freq": 7314.1640625,
      "mid_mean": -65.53140258789062,
      "mid_to_side_loudness": -0.6391312479972839,
      "mid_to_side_loudness_range": 5.388349533081055,
      "side_mean": -66.03087615966797
    },
    {
      "loudness": -67.91632843017578,
      "loudness_range": 12.2105712890625,
      "low_freq": 12199.2666015625,
      "mid_mean": -64.91741943359375,
      "mid_to_side_loudness": -0.6952728033065796,
      "mid_to_side_loudness_range": 11.663904190063477,
      "side_mean": -65.40057373046875
    }
  ],
  "bands_short": [
    {
      "high_freq": 148.1999969482422,
      "loudness": -56.43380355834961,
      "loudness_range": 15.861766815185547,
      "mid_mean": -52.80485534667969,
      "mid_to_side_loudness": -16.34304428100586,
      "mid_to_side_loudness_range": 15.500789642333984,
      "side_mean": -65.68513488769531
    },
    {
      "high_freq": 392.3793640136719,
      "loudness": -44.84701156616211,
      "loudness_range": 28.751331329345703,
      "low_freq": 148.1999969482422,
      "mid_mean": -42.815673828125,
      "mid_to_side_loudness": -10.268905639648438,
      "mid_to_side_loudness_range": 13.590778350830078,
      "side_mean": -53.01960754394531
    },
    {
      "high_freq": 794.6976318359375,
      "loudness": -42.55192947387695,
      "loudness_range": 21.712265014648438,
      "low_freq": 392.3793640136719,
      "mid_mean": -39.89007568359375,
      "mid_to_side_loudness": -9.556929588317871,
      "mid_to_side_loudness_range": 13.136388778686523,
      "side_mean": -51.332054138183594
    },
    {
      "high_freq": 1457.5709228515625,
      "loudness": -45.46034240722656,
      "loudness_range": 22.330379486083984,
      "low_freq": 794.6976318359375,
      "mid_mean": -43.43522644042969,
      "mid_to_side_loudness": -5.657718181610107,
      "mid_to_side_loudness_range": 11.20874309539795,
      "side_mean": -50.96358871459961
    },
    {
      "high_freq": 2549.74365234375,
      "loudness": -47.575069427490234,
      "loudness_range": 23.834796905517578,
      "low_freq": 1457.5709228515625,
      "mid_mean": -47.05303955078125,
      "mid_to_side_loudness": -1.9283909797668457,
      "mid_to_side_loudness_range": 9.085474967956543,
      "side_mean": -50.71144104003906
    },
    {
      "high_freq": 4349.24462890625,
      "loudness": -51.95527267456055,
      "loudness_range": 25.524600982666016,
      "low_freq": 2549.74365234375,
      "mid_mean": -53.40287399291992,
      "mid_to_side_loudness": -0.29204732179641724,
      "mid_to_side_loudness_range": 7.952090263366699,
      "side_mean": -53.68410873413086
    },
    {
      "high_freq": 7314.1640625,
      "loudness": -62.08640670776367,
      "loudness_range": 26.15442657470703,
      "low_freq": 4349.24462890625,
      "mid_mean": -61.8979377746582,
      "mid_to_side_loudness": 1.1375106573104858,
      "mid_to_side_loudness_range": 8.110763549804688,
      "side_mean": -60.962215423583984
    },
    {
      "high_freq": 12199.2666015625,
      "loudness": -70.00172424316406,
      "loudness_range": 24.61635971069336,
      "low_freq": 7314.1640625,
      "mid_mean": -65.87741088867188,
      "mid_to_side_loudness": -0.5648704767227173,
      "mid_to_side_loudness_range": 6.189105033874512,
      "side_mean": -66.322998046875
    },
    {
      "loudness": -68.12137603759766,
      "loudness_range": 12.58013916015625,
      "low_freq": 12199.2666015625,
      "mid_mean": -65.0350112915039,
      "mid_to_side_loudness": -0.7224318981170654,
      "mid_to_side_loudness_range": 13.082694053649902,
      "side_mean": -65.54236602783203
    }
  ],
  "bandwidth": 671.6079711914062,
  "channels": 2,
  "covariance": [
    [
      30.189546585083008,
      23.264122009277344,
      19.985740661621094,
      28.92673110961914,
      9.441292762756348,
      13.990245819091797,
      9.333844184875488,
      13.825040817260742,
      7.176521301269531,
      12.932991981506348,
      10.820117950439453,
      11.414291381835938,
      7.7912421226501465,
      8.838906288146973,
      5.24142599105835,
      4.466584205627441,
      3.0830204486846924,
      3.1374289989471436
    ],
    [
      23.264122009277344,
      30.621965408325195,
      21.8984432220459,
      27.93920135498047,
      9.756865501403809,
      14.045570373535156,
      10.646071434020996,
      13.641352653503418,
      11.171384811401367,
      15.040364265441895,
      13.395721435546875,
      14.09862232208252,
      10.738712310791016,
      12.281866073608398,
      8.135388374328613,
      7.18324089050293,
      3.9304003715515137,
      4.680039405822754
    ],
    [
      19.985740661621094,
      21.8984432220459,
      85.94617462158203,
      80.24057006835938,
      39.50040054321289,
      49.131492614746094,
      33.051944732666016,
      43.39388656616211,
      34.565162658691406,
      45.70597839355469,
      43.58330154418945,
      42.244327545166016,
      28.88808250427246,
      30.8310604095459,
      16.680953979492188,
      14.179788589477539,
      6.716753005981445,
      7.099225997924805
    ],
    [
      28.92673110961914,
      27.93920135498047,
      80.24057006835938,
      113.6385498046875,
      43.726585388183594,
      66.57413482666016,
      31.713275909423828,
      54.54615783691406,
      30.951343536376953,
      55.20926284790039,
      50.959686279296875,
      49.2618522644043,
      31.922290802001953,
      33.82233428955078,
      17.843509674072266,
      15.150644302368164,
      7.070540904998779,
      8.0831937789917
    ],
    [
      9.441292762756348,
      9.756865501403809,
      39.50040054321289,
      43.726585388183594,
      56.52808380126953,
      50.97526931762695,
      34.462581634521484,
      37.031768798828125,
      36.5975227355957,
      39.582698822021484,
      39.99333572387695,
      38.4969482421875,
      25.149282455444336,
      27.126073837280273,
      13.040447235107422,
      11.312254905700684,
      5.204379558563232,
      4.800882816314697
    ],
    [
      13.990245819091797,
      14.045570373535156,
      49.131492614746094,
      66.57413482666016,
      50.97526931762695,
      86.01939392089844,
      31.461915969848633,
      59.69850158691406,
      37.66153335571289,
      64.79244232177734,
      59.026206970214844,
      57.89467239379883,
      32.99076843261719,
      36.61881637573242,
      17.0014591217041,
      14.364476203918457,
      6.265778541564941,
      6.51680850982666
    ],
    [
      9.333844184875488,
      10.646071434020996,
      33.051944732666016,
      31.713275909423828,
      34.462581634521484,
      31.461915969848633,
      65.14366912841797,
      54.741214752197266,
      56.447723388671875,
      56.917877197265625,
      60.6096305847168,
      60.50620651245117,
      42.97923278808594,
      47.9683723449707,
      29.616649627685547,
      26.435041427612305,
      12.667929649353027,
      13.418828964233398
    ],
    [
      13.825040817260742,
      13.641352653503418,
      43.39388656616211,
      54.54615783691406,
      37.031768798828125,
      59.69850158691406,
      54.741214752197266,
      81.46549987792969,
      53.89931106567383,
      81.63396453857422,
      78.28520965576172,
      78.49797821044922,
      49.52020263671875,
      56.38787078857422,
      32.119590759277344,
      28.18488311767578,
      13.941516876220703,
      14.44666862487793
    ],
    [
      7.176521301269531,
      11.171384811401367,
      34.565162658691406,
      30.951343536376953,
      36.5975227355957,
      37.66153335571289,
      56.447723388671875,
      53.89931106567383,
      72.99139404296875,
      68.47319030761719,
      67.08295440673828,
      68.46099853515625,
      47.818702697753906,
      54.02933120727539,
      33.51118469238281,
      29.466957092285156,
      13.534485816955566,
      14.761829376220703
    ],
    [
      12.932991981506348,
      15.040364265441895,
      45.70597839355469,
      55.20926284790039,
      39.582698822021484,
      64.79244232177734,
      56.917877197265625,
      81.63396453857422,
      68.47319030761719,
      97.05215454101562,
      88.81067657470703,
      90.66000366210938,
      57.396881103515625,
      66.03524017333984,
      38.71848678588867,
      33.77775192260742,
      16.1544132232666,
      16.97365379333496
    ],
    [
      10.820117950439453,
      13.395721435546875,
      43.58330154418945,
      50.959686279296875,
      39.99333572387695,
      59.026206970214844,
      60.6096305847168,
      78.28520965576172,
      67.08295440673828,
      88.81067657470703,
      92.06929779052734,
      90.64202117919922,
      60.10762405395508,
      66.71870422363281,
      39.715415954589844,
      35.20514678955078,
      16.323801040649414,
      17.695756912231445
    ],
    [
      11.414291381835938,
      14.09862232208252,
      42.244327545166016,
      49.2618522644043,
      38.4969482421875,
      57.89467239379883,
      60.50620651245117,
      78.49797821044922,
      68.46099853515625,
      90.66000366210938,
      90.64202117919922,
      93.51182556152344,
      60.08815002441406,
      68.52847290039062,
      41.83030319213867,
      36.78622817993164,
      17.31045913696289,
      18.5953311920166
    ],
    [
      7.7912421226501465,
      10.738712310791016,
      28.88808250427246,
      31.922290802001953,
      25.149282455444336,
      32.99076843261719,
      42.97923278808594,
      49.52020263671875,
      47.818702697753906,
      57.396881103515625,
      60.10762405395508,
      60.08815002441406,
      45.64173126220703,
      49.6433219909668,
      31.333961486816406,
      27.95383071899414,
      12.943890571594238,
      14.641228675842285
    ],
    [
      8.838906288146973,
      12.281866073608398,
      30.8310604095459,
      33.82233428955078,
      27.126073837280273,
      36.61881637573242,
      47.9683723449707,
      56.38787078857422,
      54.02933120727539,
      66.03524017333984,
      66.71870422363281,
      68.52847290039062,
      49.6433219909668,
      57.689125061035156,
      36.26106643676758,
      32.164005279541016,
      15.149016380310059,
      16.872499465942383
    ],
    [
      5.24142599105835,
      8.135388374328613,
      16.680953979492188,
      17.843509674072266,
      13.040447235107422,
      17.0014591217041,
      29.616649627685547,
      32.119590759277344,
      33.51118469238281,
      38.71848678588867,
      39.715415954589844,
      41.83030319213867,
      31.333961486816406,
      36.26106643676758,
      26.76166343688965,
      23.745487213134766,
      11.33594799041748,
      13.013506889343262
    ],
    [
      4.466584205627441,
      7.18324089050293,
      14.179788589477539,
      15.150644302368164,
      11.312254905700684,
      14.364476203918457,
      26.435041427612305,
      28.18488311767578,
      29.466957092285156,
      33.77775192260742,
      35.20514678955078,
      36.78622817993164,
      27.95383071899414,
      32.164005279541016,
      23.745487213134766,
      21.669231414794922,
      10.318124771118164,
      11.867913246154785
    ],
    [
      3.0830204486846924,
      3.9304003715515137,
      6.716753005981445,
      7.070540904998779,
      5.204379558563232,
      6.265778541564941,
      12.667929649353027,
      13.941516876220703,
      13.534485816955566,
      16.1544132232666,
      16.323801040649414,
      17.31045913696289,
      12.943890571594238,
      15.149016380310059,
      11.33594799041748,
      10.318124771118164,
      9.125070571899414,
      6.648532390594482
    ],
    [
      3.1374289989471436,
      4.680039405822754,
      7.099225997924805,
      8.0831937789917,
      4.800882816314697,
      6.51680850982666,
      13.418828964233398,
      14.44666862487793,
      14.761829376220703,
      16.97365379333496,
      17.695756912231445,
      18.5953311920166,
      14.641228675842285,
      16.872499465942383,
      13.013506889343262,
      11.867913246154785,
      6.648532390594482,
      8.823155403137207
    ]
  ],
  "covariance_short": [
    [
      25.635854721069336,
      15.070435523986816,
      17.66602325439453,
      20.53102684020996,
      6.944977283477783,
      9.621916770935059,
      6.506279945373535,
      9.400338172912598,
      5.854269981384277,
      9.402169227600098,
      7.995818138122559,
      8.215456008911133,
      5.7750959396362305,
      6.329745292663574,
      3.7662551403045654,
      3.152287483215332,
      2.0426242351531982,
      2.161405324935913
    ],
    [
      15.070435523986816,
      22.263818740844727,
      17.898286819458008,
      20.071346282958984,
      7.461885452270508,
      9.67331600189209,
      8.291725158691406,
      9.730883598327637,
      9.013086318969727,
      11.263933181762695,
      10.6494140625,
      10.885176658630371,
      8.635144233703613,
      9.342734336853027,
      6.148740291595459,
      5.376269340515137,
      2.72957181930542,
      3.485257148742676
    ],
    [
      17.66602325439453,
      17.898286819458008,
      107.14106750488281,
      96.82801818847656,
      45.21722412109375,
      60.8090934753418,
      35.42145538330078,
      51.4787712097168,
      37.84883117675781,
      52.09321594238281,
      49.2286491394043,
      47.483333587646484,
      31.600282669067383,
      33.383670806884766,
      17.467790603637695,
      14.830903053283691,
      7.092811107635498,
      7.612264156341553
    ],
    [
      20.53102684020996,
      20.071346282958984,
      96.82801818847656,
      118.20992279052734,
      47.696327209472656,
      68.77234649658203,
      34.749183654785156,
      55.24728775024414,
      35.88083267211914,
      54.748268127441406,
      51.40697479248047,
      49.49262237548828,
      31.94797706604004,
      33.694610595703125,
      17.64081382751465,
      14.982734680175781,
      6.903295516967773,
      7.871023178100586
    ],
    [
      6.944977283477783,
      7.461885452270508,
      45.21722412109375,
      47.696327209472656,
      66.20021057128906,
      55.27747344970703,
      34.47601318359375,
      37.08034133911133,
      39.33495330810547,
      39.939903259277344,
      40.63178634643555,
      38.66437530517578,
      25.051666259765625,
      26.73306655883789,
      12.344050407409668,
      10.719602584838867,
      4.982089519500732,
      4.449268341064453
    ],
    [
      9.621916770935059,
      9.67331600189209,
      60.8090934753418,
      68.77234649658203,
      55.27747344970703,
      91.72474670410156,
      32.242103576660156,
      58.664424896240234,
      41.645263671875,
      63.37772750854492,
      58.42159652709961,
      56.79668045043945,
      32.14284133911133,
      35.214515686035156,
      15.762919425964355,
      13.348769187927246,
      5.74678373336792,
      5.8954973220825195
    ],
    [
      6.506279945373535,
      8.291725158691406,
      35.42145538330078,
      34.749183654785156,
      34.47601318359375,
      32.242103576660156,
      68.10224914550781,
      54.514095306396484,
      57.5465087890625,
      55.83758544921875,
      60.67578887939453,
      60.41215896606445,
      42.40031814575195,
      46.78360366821289,
      28.3648681640625,
      25.224491119384766,
      11.991483688354492,
      12.813691139221191
    ],
    [
      9.400338172912598,
      9.730883598327637,
      51.4787712097168,
      55.24728775024414,
      37.08034133911133,
      58.664424896240234,
      54.514095306396484,
      83.8045425415039,
      57.83903503417969,
      80.94276428222656,
      77.80846405029297,
      77.69235229492188,
      48.566558837890625,
      54.647335052490234,
      30.74815559387207,
      26.903657913208008,
      13.228623390197754,
      13.762540817260742
    ],
    [
      5.854269981384277,
      9.013086318969727,
      37.84883117675781,
      35.88083267211914,
      39.33495330810547,
      41.645263671875,
      57.5465087890625,
      57.83903503417969,
      82.14533233642578,
      73.82870483398438,
      71.24604034423828,
      72.27294921875,
      49.28444290161133,
      55.30198669433594,
      33.24320983886719,
      29.140424728393555,
      13.345026969909668,
      14.53475570678711
    ],
    [
      9.402169227600098,
      11.263933181762695,
      52.09321594238281,
      54.748268127441406,
      39.939903259277344,
      63.37772750854492,
      55.83758544921875,
      80.94276428222656,
      73.82870483398438,
      98.87248229980469,
      88.22836303710938,
      89.78559112548828,
      56.28671646118164,
      64.06649017333984,
      36.921142578125,
      32.138004302978516,
      15.434406280517578,
      16.158607482910156
    ],
    [
      7.995818138122559,
      10.6494140625,
      49.2286491394043,
      51.40697479248047,
      40.63178634643555,
      58.42159652709961,
      60.67578887939453,
      77.80846405029297,
      71.24604034423828,
      88.22836303710938,
      94.26912689208984,
      91.48347473144531,
      59.9862174987793,
      65.93936157226562,
      38.54754638671875,
      34.16895294189453,
      15.895225524902344,
      17.15091323852539
    ],
    [
      8.215456008911133,
      10.885176658630371,
      47.483333587646484,
      49.49262237548828,
      38.66437530517578,
      56.79668045043945,
      60.41215896606445,
      77.69235229492188,
      72.27294921875,
      89.78559112548828,
      91.48347473144531,
      95.38394165039062,
      59.832237243652344,
      67.7305679321289,
      40.65470886230469,
      35.716896057128906,
      16.800161361694336,
      18.000438690185547
    ],
    [
      5.7750959396362305,
      8.635144233703613,
      31.600282669067383,
      31.94797706604004,
      25.051666259765625,
      32.14284133911133,
      42.40031814575195,
      48.566558837890625,
      49.28444290161133,
      56.28671646118164,
      59.9862174987793,
      59.832237243652344,
      46.292198181152344,
      49.3594970703125,
      30.53521728515625,
      27.235544204711914,
      12.632685661315918,
      14.255061149597168
    ],
    [
      6.329745292663574,
      9.342734336853027,
      33.383670806884766,
      33.694610595703125,
      26.73306655883789,
      35.214515686035156,
      46.78360366821289,
      54.647335052490234,
      55.30198669433594,
      64.06649017333984,
      65.93936157226562,
      67.7305679321289,
      49.3594970703125,
      58.04869842529297,
      35.48381042480469,
      31.408145904541016,
      14.803465843200684,
      16.49104118347168
    ],
    [
      3.7662551403045654,
      6.148740291595459,
      17.467790603637695,
      17.64081382751465,
      12.344050407409668,
      15.762919425964355,
      28.3648681640625,
      30.74815559387207,
      33.24320983886719,
      36.921142578125,
      38.54754638671875,
      40.65470886230469,
      30.53521728515625,
      35.48381042480469,
      26.468095779418945,
      23.198360443115234,
      11.173195838928223,
      12.763370513916016
    ],
    [
      3.152287483215332,
      5.376269340515137,
      14.830903053283691,
      14.982734680175781,
      10.719602584838867,
      13.348769187927246,
      25.224491119384766,
      26.903657913208008,
      29.140424728393555,
      32.138004302978516,
      34.16895294189453,
      35.716896057128906,
      27.235544204711914,
      31.408145904541016,
      23.198360443115234,
      21.423126220703125,
      10.133397102355957,
      11.610275268554688
    ],
    [
      2.0426242351531982,
      2.72957181930542,
      7.092811107635498,
      6.903295516967773,
      4.982089519500732,
      5.74678373336792,
      11.991483688354492,
      13.228623390197754,
      13.345026969909668,
      15.434406280517578,
      15.895225524902344,
      16.800161361694336,
      12.632685661315918,
      14.803465843200684,
      11.173195838928223,
      10.133397102355957,
      9.63338565826416,
      6.65238618850708
    ],
    [
      2.161405324935913,
      3.485257148742676,
      7.612264156341553,
      7.871023178100586,
      4.449268341064453,
      5.8954973220825195,
      12.813691139221191,
      13.762540817260742,
      14.53475570678711,
      16.158607482910156,
      17.15091323852539,
      18.000438690185547,
      14.255061149597168,
      16.49104118347168,
      12.763370513916016,
      11.610275268554688,
      6.65238618850708,
      9.210735321044922
    ]
  ],
  "damage": -24.71402359008789,
  "diff_bandwidth": 716.1376342773438,
  "dissonance": 4.4325277847249485,
  "drr": 4.772857189178467,
  "dynamics": 5.343127727508545,
  "format": 1245190,
  "frames": 17238976,
  "loudness": -32.09823226928711,
  "loudness_range": 21.37298011779785,
  "loudness_range_short": 23.193653106689453,
  "lowpass_true_peak_15khz": -9.703890800476074,
  "mastering3_acoustic_entropies": [
    {
      "acoustic_entropy": 7.54682731628418,
      "acoustic_entropy_mono": 7.377828121185303,
      "band_eliminated_acoustic_entropies": [
        {
          "acoustic_entropy": 7.5505781173706055,
          "acoustic_entropy_side": 7.546756744384766,
          "hz": 129.47220167065723
        },
        {
          "acoustic_entropy": 7.793391227722168,
          "acoustic_entropy_side": 7.548081874847412,
          "hz": 202.92927478742237
        },
        {
          "acoustic_entropy": 7.943019390106201,
          "acoustic_entropy_side": 7.579243183135986,
          "hz": 282.89161906338205
        },
        {
          "acoustic_entropy": 8.441634178161621,
          "acoustic_entropy_side": 7.724318504333496,
          "hz": 369.9353335868758
        },
        {
          "acoustic_entropy": 8.362249374389648,
          "acoustic_entropy_side": 7.5964674949646,
          "hz": 464.6875360973435
        },
        {
          "acoustic_entropy": 8.16792106628418,
          "acoustic_entropy_side": 7.964654445648193,
          "hz": 567.8308811364784
        },
        {
          "acoustic_entropy": 8.173537254333496,
          "acoustic_entropy_side": 8.454669952392578,
          "hz": 680.1084783214808
        },
        {
          "acoustic_entropy": 8.225332260131836,
          "acoustic_entropy_side": 7.375763893127441,
          "hz": 802.3292461747484
        },
        {
          "acoustic_entropy": 8.312814712524414,
          "acoustic_entropy_side": 7.576853275299072,
          "hz": 935.3737400823702
        },
        {
          "acoustic_entropy": 8.327617645263672,
          "acoustic_entropy_side": 7.305226802825928,
          "hz": 1080.2004963696966
        },
        {
          "acoustic_entropy": 8.117223739624023,
          "acoustic_entropy_side": 7.574594497680664,
          "hz": 1237.8529382007157
        },
        {
          "acoustic_entropy": 8.644612312316895,
          "acoustic_entropy_side": 7.1906914710998535,
          "hz": 1409.4668930556702
        },
        {
          "acoustic_entropy": 8.06398868560791,
          "acoustic_entropy_side": 7.2855072021484375,
          "hz": 1596.2787759475705
        },
        {
          "acoustic_entropy": 7.450602054595947,
          "acoustic_entropy_side": 7.5421671867370605,
          "hz": 1799.6344973346393
        },
        {
          "acoustic_entropy": 7.885847091674805,
          "acoustic_entropy_side": 7.8792009353637695,
          "hz": 2020.9991599069049
        },
        {
          "acoustic_entropy": 8.199877738952637,
          "acoustic_entropy_side": 7.1877875328063965,
          "hz": 2261.9676141086993
        },
        {
          "acoustic_entropy": 8.823323249816895,
          "acoustic_entropy_side": 8.487812995910645,
          "hz": 2524.2759484456974
        },
        {
          "acoustic_entropy": 7.156790256500244,
          "acoustic_entropy_side": 7.2213358879089355,
          "hz": 2809.813997359896
        },
        {
          "acoustic_entropy": 7.553694725036621,
          "acoustic_entropy_side": 7.552034378051758,
          "hz": 3120.6389567871424
        },
        {
          "acoustic_entropy": 7.71101188659668,
          "acoustic_entropy_side": 7.71054220199585,
          "hz": 3458.990205492291
        },
        {
          "acoustic_entropy": 7.6700358390808105,
          "acoustic_entropy_side": 7.6301188468933105,
          "hz": 3827.305438964164
        },
        {
          "acoustic_entropy": 7.795935153961182,
          "acoustic_entropy_side": 7.679574966430664,
          "hz": 4228.238232109126
        },
        {
          "acoustic_entropy": 7.6634321212768555,
          "acoustic_entropy_side": 7.646195888519287,
          "hz": 4664.6771572759235
        },
        {
          "acoustic_entropy": 7.544426441192627,
          "acoustic_entropy_side": 7.575046539306641,
          "hz": 5139.766595350093
        },
        {
          "acoustic_entropy": 7.584600448608398,
          "acoustic_entropy_side": 7.570303916931152,
          "hz": 5656.929389854203
        },
        {
          "acoustic_entropy": 7.625644683837891,
          "acoustic_entropy_side": 7.6177659034729,
          "hz": 6219.891507268283
        },
        {
          "acoustic_entropy": 7.577326774597168,
          "acoustic_entropy_side": 7.571068286895752,
          "hz": 6832.70888123896
        },
        {
          "acoustic_entropy": 7.549092769622803,
          "acoustic_entropy_side": 7.549342155456543,
          "hz": 7499.796634079867
        },
        {
          "acoustic_entropy": 7.557201385498047,
          "acoustic_entropy_side": 7.551389694213867,
          "hz": 8225.96088609342
        },
        {
          "acoustic_entropy": 7.5687947273254395,
          "acoustic_entropy_side": 7.557012557983398,
          "hz": 9016.43338188839
        },
        {
          "acoustic_entropy": 7.580438613891602,
          "acoustic_entropy_side": 7.5583271980285645,
          "hz": 9876.909183162974
        },
        {
          "acoustic_entropy": 7.551596164703369,
          "acoustic_entropy_side": 7.54848051071167,
          "hz": 10813.587699516042
        },
        {
          "acoustic_entropy": 7.549027919769287,
          "acoustic_entropy_side": 7.547519683837891,
          "hz": 11833.21735289826
        },
        {
          "acoustic_entropy": 7.5487589836120605,
          "acoustic_entropy_side": 7.547277450561523,
          "hz": 12943.144197493959
        },
        {
          "acoustic_entropy": 7.547060489654541,
          "acoustic_entropy_side": 7.546914577484131,
          "hz": 14151.364845322005
        },
        {
          "acoustic_entropy": 7.547309398651123,
          "acoustic_entropy_side": 7.547329425811768,
          "hz": 15466.58407886509
        },
        {
          "acoustic_entropy": 7.548492908477783,
          "acoustic_entropy_side": 7.548233509063721,
          "hz": 16898.27756580493
        },
        {
          "acoustic_entropy": 7.5475897789001465,
          "acoustic_entropy_side": 7.547337532043457,
          "hz": 18456.760127700032
        },
        {
          "acoustic_entropy": 7.547135353088379,
          "acoustic_entropy_side": 7.547012805938721,
          "hz": 20153.260054456492
        },
        {
          "acoustic_entropy": 7.546871662139893,
          "acoustic_entropy_side": 7.54685115814209,
          "hz": 22000.00000000001
        }
      ],
      "diff_acoustic_entropy": 3.805877685546875,
      "sn": 6
    },
    {
      "acoustic_entropy": 12.274434089660645,
      "acoustic_entropy_mono": 11.630565643310547,
      "band_eliminated_acoustic_entropies": [
        {
          "acoustic_entropy": 12.260476112365723,
          "acoustic_entropy_side": 12.273538589477539,
          "hz": 129.47220167065723
        },
        {
          "acoustic_entropy": 12.532698631286621,
          "acoustic_entropy_side": 12.26369857788086,
          "hz": 202.92927478742237
        },
        {
          "acoustic_entropy": 12.843388557434082,
          "acoustic_entropy_side": 12.297818183898926,
          "hz": 282.89161906338205
        },
        {
          "acoustic_entropy": 13.238306999206543,
          "acoustic_entropy_side": 12.99159049987793,
          "hz": 369.9353335868758
        },
        {
          "acoustic_entropy": 11.888495445251465,
          "acoustic_entropy_side": 12.609748840332031,
          "hz": 464.6875360973435
        },
        {
          "acoustic_entropy": 13.155756950378418,
          "acoustic_entropy_side": 13.430899620056152,
          "hz": 567.8308811364784
        },
        {
          "acoustic_entropy": 13.251054763793945,
          "acoustic_entropy_side": 13.473172187805176,
          "hz": 680.1084783214808
        },
        {
          "acoustic_entropy": 13.638541221618652,
          "acoustic_entropy_side": 12.402547836303711,
          "hz": 802.3292461747484
        },
        {
          "acoustic_entropy": 12.339299201965332,
          "acoustic_entropy_side": 12.43529224395752,
          "hz": 935.3737400823702
        },
        {
          "acoustic_entropy": 13.759716033935547,
          "acoustic_entropy_side": 13.098105430603027,
          "hz": 1080.2004963696966
        },
        {
          "acoustic_entropy": 13.079456329345703,
          "acoustic_entropy_side": 12.70160961151123,
          "hz": 1237.8529382007157
        },
        {
          "acoustic_entropy": 12.70595645904541,
          "acoustic_entropy_side": 12.846391677856445,
          "hz": 1409.4668930556702
        },
        {
          "acoustic_entropy": 13.19199275970459,
          "acoustic_entropy_side": 12.605011940002441,
          "hz": 1596.2787759475705
        },
        {
          "acoustic_entropy": 12.905689239501953,
          "acoustic_entropy_side": 12.25224494934082,
          "hz": 1799.6344973346393
        },
        {
          "acoustic_entropy": 12.593310356140137,
          "acoustic_entropy_side": 12.373016357421875,
          "hz": 2020.9991599069049
        },
        {
          "acoustic_entropy": 12.140067100524902,
          "acoustic_entropy_side": 12.467865943908691,
          "hz": 2261.9676141086993
        },
        {
          "acoustic_entropy": 12.892396926879883,
          "acoustic_entropy_side": 12.841066360473633,
          "hz": 2524.2759484456974
        },
        {
          "acoustic_entropy": 13.118475914001465,
          "acoustic_entropy_side": 12.543623924255371,
          "hz": 2809.813997359896
        },
        {
          "acoustic_entropy": 12.45552921295166,
          "acoustic_entropy_side": 12.481911659240723,
          "hz": 3120.6389567871424
        },
        {
          "acoustic_entropy": 12.518387794494629,
          "acoustic_entropy_side": 12.548622131347656,
          "hz": 3458.990205492291
        },
        {
          "acoustic_entropy": 12.504582405090332,
          "acoustic_entropy_side": 12.266400337219238,
          "hz": 3827.305438964164
        },
        {
          "acoustic_entropy": 12.511256217956543,
          "acoustic_entropy_side": 12.434687614440918,
          "hz": 4228.238232109126
        },
        {
          "acoustic_entropy": 12.108845710754395,
          "acoustic_entropy_side": 12.253478050231934,
          "hz": 4664.6771572759235
        },
        {
          "acoustic_entropy": 12.123717308044434,
          "acoustic_entropy_side": 12.131576538085938,
          "hz": 5139.766595350093
        },
        {
          "acoustic_entropy": 12.274674415588379,
          "acoustic_entropy_side": 12.258870124816895,
          "hz": 5656.929389854203
        },
        {
          "acoustic_entropy": 12.349137306213379,
          "acoustic_entropy_side": 12.317985534667969,
          "hz": 6219.891507268283
        },
        {
          "acoustic_entropy": 12.203727722167969,
          "acoustic_entropy_side": 12.228301048278809,
          "hz": 6832.70888123896
        },
        {
          "acoustic_entropy": 12.206124305725098,
          "acoustic_entropy_side": 12.238032341003418,
          "hz": 7499.796634079867
        },
        {
          "acoustic_entropy": 12.234325408935547,
          "acoustic_entropy_side": 12.254756927490234,
          "hz": 8225.96088609342
        },
        {
          "acoustic_entropy": 12.234675407409668,
          "acoustic_entropy_side": 12.259520530700684,
          "hz": 9016.43338188839
        },
        {
          "acoustic_entropy": 12.235504150390625,
          "acoustic_entropy_side": 12.258760452270508,
          "hz": 9876.909183162974
        },
        {
          "acoustic_entropy": 12.261433601379395,
          "acoustic_entropy_side": 12.269407272338867,
          "hz": 10813.587699516042
        },
        {
          "acoustic_entropy": 12.260030746459961,
          "acoustic_entropy_side": 12.269569396972656,
          "hz": 11833.21735289826
        },
        {
          "acoustic_entropy": 12.259753227233887,
          "acoustic_entropy_side": 12.268265724182129,
          "hz": 12943.144197493959
        },
        {
          "acoustic_entropy": 12.272176742553711,
          "acoustic_entropy_side": 12.27197551727295,
          "hz": 14151.364845322005
        },
        {
          "acoustic_entropy": 12.269840240478516,
          "acoustic_entropy_side": 12.270544052124023,
          "hz": 15466.58407886509
        },
        {
          "acoustic_entropy": 12.270699501037598,
          "acoustic_entropy_side": 12.273909568786621,
          "hz": 16898.27756580493
        },
        {
          "acoustic_entropy": 12.273235321044922,
          "acoustic_entropy_side": 12.27222728729248,
          "hz": 18456.760127700032
        },
        {
          "acoustic_entropy": 12.271679878234863,
          "acoustic_entropy_side": 12.272762298583984,
          "hz": 20153.260054456492
        },
        {
          "acoustic_entropy": 12.274072647094727,
          "acoustic_entropy_side": 12.274299621582031,
          "hz": 22000.00000000001
        }
      ],
      "diff_acoustic_entropy": 7.079450607299805,
      "sn": 12
    },
    {
      "acoustic_entropy": 23.204065322875977,
      "acoustic_entropy_mono": 20.425926208496094,
      "band_eliminated_acoustic_entropies": [
        {
          "acoustic_entropy": 23.065244674682617,
          "acoustic_entropy_side": 23.23472785949707,
          "hz": 129.47220167065723
        },
        {
          "acoustic_entropy": 22.210927963256836,
          "acoustic_entropy_side": 23.539888381958008,
          "hz": 202.92927478742237
        },
        {
          "acoustic_entropy": 22.21642303466797,
          "acoustic_entropy_side": 22.42094612121582,
          "hz": 282.89161906338205
        },
        {
          "acoustic_entropy": 22.78672981262207,
          "acoustic_entropy_side": 22.938766479492188,
          "hz": 369.9353335868758
        },
        {
          "acoustic_entropy": 22.749853134155273,
          "acoustic_entropy_side": 22.54100799560547,
          "hz": 464.6875360973435
        },
        {
          "acoustic_entropy": 22.275747299194336,
          "acoustic_entropy_side": 23.76068115234375,
          "hz": 567.8308811364784
        },
        {
          "acoustic_entropy": 20.751022338867188,
          "acoustic_entropy_side": 22.131542205810547,
          "hz": 680.1084783214808
        },
        {
          "acoustic_entropy": 23.090312957763672,
          "acoustic_entropy_side": 23.096837997436523,
          "hz": 802.3292461747484
        },
        {
          "acoustic_entropy": 23.80476188659668,
          "acoustic_entropy_side": 23.393022537231445,
          "hz": 935.3737400823702
        },
        {
          "acoustic_entropy": 22.122852325439453,
          "acoustic_entropy_side": 21.923612594604492,
          "hz": 1080.2004963696966
        },
        {
          "acoustic_entropy": 22.47191047668457,
          "acoustic_entropy_side": 22.625886917114258,
          "hz": 1237.8529382007157
        },
        {
          "acoustic_entropy": 22.07427978515625,
          "acoustic_entropy_side": 23.565282821655273,
          "hz": 1409.4668930556702
        },
        {
          "acoustic_entropy": 23.301740646362305,
          "acoustic_entropy_side": 22.540813446044922,
          "hz": 1596.2787759475705
        },
        {
          "acoustic_entropy": 22.855016708374023,
          "acoustic_entropy_side": 23.40311622619629,
          "hz": 1799.6344973346393
        },
        {
          "acoustic_entropy": 24.001665115356445,
          "acoustic_entropy_side": 24.15650177001953,
          "hz": 2020.9991599069049
        },
        {
          "acoustic_entropy": 23.598960876464844,
          "acoustic_entropy_side": 21.78301429748535,
          "hz": 2261.9676141086993
        },
        {
          "acoustic_entropy": 21.930017471313477,
          "acoustic_entropy_side": 22.951356887817383,
          "hz": 2524.2759484456974
        },
        {
          "acoustic_entropy": 23.469402313232422,
          "acoustic_entropy_side": 22.87420082092285,
          "hz": 2809.813997359896
        },
        {
          "acoustic_entropy": 22.416156768798828,
          "acoustic_entropy_side": 23.20396614074707,
          "hz": 3120.6389567871424
        },
        {
