{
  "acoustic_entropy": 244.29397583007812,
  "bands": [
    {
      "high_freq": 148.1999969482422,
      "loudness": -42.032684326171875,
      "loudness_range": 32.688236236572266,
      "mid_mean": -39.25556182861328,
      "mid_to_side_loudness": -8.149340629577637,
      "mid_to_side_loudness_range": 15.444819450378418,
      "side_mean": -47.43933868408203
    },
    {
      "high_freq": 392.3793640136719,
      "loudness": -28.91714096069336,
      "loudness_range": 11.34267807006836,
      "low_freq": 148.1999969482422,
      "mid_mean": -27.507116317749023,
      "mid_to_side_loudness": -2.44976806640625,
      "mid_to_side_loudness_range": 8.244089126586914,
      "side_mean": -30.158496856689453
    },
    {
      "high_freq": 794.6976318359375,
      "loudness": -28.89441680908203,
      "loudness_range": 12.88111686706543,
      "low_freq": 392.3793640136719,
      "mid_mean": -26.985553741455078,
      "mid_to_side_loudness": -3.4345877170562744,
      "mid_to_side_loudness_range": 8.103732109069824,
      "side_mean": -30.516189575195312
    },
    {
      "high_freq": 1457.5709228515625,
      "loudness": -30.90071678161621,
      "loudness_range": 14.15452766418457,
      "low_freq": 794.6976318359375,
      "mid_mean": -28.684059143066406,
      "mid_to_side_loudness": -4.518981456756592,
      "mid_to_side_loudness_range": 8.47087287902832,
      "side_mean": -33.312782287597656
    },
    {
      "high_freq": 2549.74365234375,
      "loudness": -30.849767684936523,
      "loudness_range": 18.30833625793457,
      "low_freq": 1457.5709228515625,
      "mid_mean": -28.62761688232422,
      "mid_to_side_loudness": -4.49118709564209,
      "mid_to_side_loudness_range": 8.05938720703125,
      "side_mean": -33.25303268432617
    },
    {
      "high_freq": 4349.24462890625,
      "loudness": -35.83687973022461,
      "loudness_range": 16.782949447631836,
      "low_freq": 2549.74365234375,
      "mid_mean": -33.90889358520508,
      "mid_to_side_loudness": -3.7787253856658936,
      "mid_to_side_loudness_range": 6.853138446807861,
      "side_mean": -37.90354919433594
    },
    {
      "high_freq": 7314.1640625,
      "loudness": -45.085426330566406,
      "loudness_range": 22.49313735961914,
      "low_freq": 4349.24462890625,
      "mid_mean": -43.1700439453125,
      "mid_to_side_loudness": -4.048611164093018,
      "mid_to_side_loudness_range": 7.079889297485352,
      "side_mean": -47.3155632019043
    },
    {
      "high_freq": 12199.2666015625,
      "loudness": -55.72797393798828,
      "loudness_range": 24.270198822021484,
      "low_freq": 7314.1640625,
      "mid_mean": -53.803932189941406,
      "mid_to_side_loudness": -6.1205525398254395,
      "mid_to_side_loudness_range": 8.899431228637695,
      "side_mean": -59.10199737548828
    },
    {
      "loudness": -63.19295120239258,
      "loudness_range": 28.099853515625,
      "low_freq": 12199.2666015625,
      "mid_mean": -59.6505241394043,
      "mid_to_side_loudness": -9.646280288696289,
      "mid_to_side_loudness_range": 17.14118003845215,
      "side_mean": -66.23614501953125
    }
  ],
  "bands_short": [
    {
      "high_freq": 148.1999969482422,
      "loudness": -44.91328811645508,
      "loudness_range": 32.53204345703125,
      "mid_mean": -42.340389251708984,
      "mid_to_side_loudness": -8.412003517150879,
      "mid_to_side_loudness_range": 19.041717529296875,
      "side_mean": -51.656707763671875
    },
    {
      "high_freq": 392.3793640136719,
      "loudness": -29.457590103149414,
      "loudness_range": 11.644729614257812,
      "low_freq": 148.1999969482422,
      "mid_mean": -28.32069206237793,
      "mid_to_side_loudness": -2.6062300205230713,
      "mid_to_side_loudness_range": 12.874540328979492,
      "side_mean": -31.05282211303711
    },
    {
      "high_freq": 794.6976318359375,
      "loudness": -28.97489356994629,
      "loudness_range": 14.75857162475586,
      "low_freq": 392.3793640136719,
      "mid_mean": -27.322114944458008,
      "mid_to_side_loudness": -3.4095516204833984,
      "mid_to_side_loudness_range": 12.034399032592773,
      "side_mean": -30.810667037963867
    },
    {
      "high_freq": 1457.5709228515625,
      "loudness": -31.11656951904297,
      "loudness_range": 15.593038558959961,
      "low_freq": 794.6976318359375,
      "mid_mean": -29.050935745239258,
      "mid_to_side_loudness": -4.41665506362915,
      "mid_to_side_loudness_range": 11.085448265075684,
      "side_mean": -33.582435607910156
    },
    {
      "high_freq": 2549.74365234375,
      "loudness": -31.5155029296875,
      "loudness_range": 18.916982650756836,
      "low_freq": 1457.5709228515625,
      "mid_mean": -29.451210021972656,
      "mid_to_side_loudness": -4.251671314239502,
      "mid_to_side_loudness_range": 9.818137168884277,
      "side_mean": -33.790889739990234
    },
    {
      "high_freq": 4349.24462890625,
      "loudness": -36.09634017944336,
      "loudness_range": 17.660259246826172,
      "low_freq": 2549.74365234375,
      "mid_mean": -34.43163299560547,
      "mid_to_side_loudness": -3.4932799339294434,
      "mid_to_side_loudness_range": 7.893215179443359,
      "side_mean": -38.02509307861328
    },
    {
      "high_freq": 7314.1640625,
      "loudness": -45.51762008666992,
      "loudness_range": 22.91868782043457,
      "low_freq": 4349.24462890625,
      "mid_mean": -43.85987854003906,
      "mid_to_side_loudness": -3.7352733612060547,
      "mid_to_side_loudness_range": 7.835710525512695,
      "side_mean": -47.71393966674805
    },
    {
      "high_freq": 12199.2666015625,
      "loudness": -56.503013610839844,
      "loudness_range": 25.5208740234375,
      "low_freq": 7314.1640625,
      "mid_mean": -54.63946533203125,
      "mid_to_side_loudness": -5.597744464874268,
      "mid_to_side_loudness_range": 9.888833999633789,
      "side_mean": -59.4059944152832
    },
    {
      "loudness": -64.09371948242188,
      "loudness_range": 27.675830841064453,
      "low_freq": 12199.2666015625,
      "mid_mean": -60.45146942138672,
      "mid_to_side_loudness": -8.967450141906738,
      "mid_to_side_loudness_range": 16.373722076416016,
      "side_mean": -66.39326477050781
    }
  ],
  "bandwidth": 754.3756103515625,
  "channels": 2,
  "covariance": [
    [
      149.11672973632812,
      114.23301696777344,
      13.590980529785156,
      16.31917953491211,
      10.110818862915039,
      8.868688583374023,
      -15.473234176635742,
      -15.445140838623047,
      -14.795104026794434,
      -17.727848052978516,
      -14.574002265930176,
      -16.727306365966797,
      -16.345722198486328,
      -23.92506980895996,
      -14.314207077026367,
      -25.43287467956543,
      -6.937794208526611,
      -12.625469207763672
    ],
    [
      114.23301696777344,
      108.53910064697266,
      10.975872039794922,
      14.924150466918945,
      8.646343231201172,
      6.489715576171875,
      -13.9613037109375,
      -13.70301342010498,
      -15.395105361938477,
      -17.150545120239258,
      -14.202227592468262,
      -16.843883514404297,
      -16.0725154876709,
      -22.94019889831543,
      -13.388005256652832,
      -23.3466854095459,
      -7.677642345428467,
      -11.12169075012207
    ],
    [
      13.590980529785156,
      10.975872039794922,
      28.022430419921875,
      22.844778060913086,
      11.12353515625,
      13.641834259033203,
      4.157596111297607,
      5.93562126159668,
      2.595646381378174,
      3.2996039390563965,
      1.7521559000015259,
      3.2062158584594727,
      3.624617338180542,
      2.8404645919799805,
      3.6262686252593994,
      1.915785312652588,
      1.782309651374817,
      1.2599259614944458
    ],
    [
      16.31917953491211,
      14.924150466918945,
      22.844778060913086,
      29.165422439575195,
      8.865387916564941,
      12.21723747253418,
      1.1585745811462402,
      4.423974990844727,
      -1.0906556844711304,
      1.0697253942489624,
      -1.0772395133972168,
      0.905791699886322,
      0.47244125604629517,
      0.36725351214408875,
      0.7938441038131714,
      0.3415825664997101,
      -0.996917724609375,
      0.7601484656333923
    ],
    [
      10.110818862915039,
      8.646343231201172,
      11.12353515625,
      8.865387916564941,
      21.875564575195312,
      21.698904037475586,
      11.114152908325195,
      10.504891395568848,
      12.080803871154785,
      12.200911521911621,
      9.226300239562988,
      11.553884506225586,
      12.949849128723145,
      12.540482521057129,
      13.616618156433105,
      10.264782905578613,
      11.958893775939941,
      5.5617451667785645
    ],
    [
      8.868688583374023,
      6.489715576171875,
      13.641834259033203,
      12.21723747253418,
      21.698904037475586,
      28.614168167114258,
      13.188362121582031,
      14.938348770141602,
      14.28557014465332,
      16.034149169921875,
      12.465418815612793,
      15.79269790649414,
      17.357959747314453,
      18.005800247192383,
      18.741958618164062,
      16.672914505004883,
      15.80933666229248,
      9.815901756286621
    ],
    [
      -15.473234176635742,
      -13.9613037109375,
      4.157596111297607,
      1.1585745811462402,
      11.114152908325195,
      13.188362121582031,
      27.64196014404297,
      20.83917236328125,
      25.210054397583008,
      22.819202423095703,
      23.91279411315918,
      24.03441047668457,
      28.627540588378906,
      27.243499755859375,
      29.494916915893555,
      24.24990463256836,
      25.71757698059082,
      12.317675590515137
    ],
    [
      -15.445140838623047,
      -13.70301342010498,
      5.93562126159668,
      4.423974990844727,
      10.504891395568848,
      14.938348770141602,
      20.83917236328125,
      22.597095489501953,
      19.970989227294922,
      21.82779312133789,
      19.616863250732422,
      23.2066593170166,
      23.89238929748535,
      26.17351722717285,
      24.152729034423828,
      24.407407760620117,
      17.379541397094727,
      13.560190200805664
    ],
    [
      -14.795104026794434,
      -15.395105361938477,
      2.595646381378174,
      -1.0906556844711304,
      12.080803871154785,
      14.28557014465332,
      25.210054397583008,
      19.970989227294922,
      42.278648376464844,
      33.92517852783203,
      36.137569427490234,
      34.11029052734375,
      46.40028381347656,
      42.213565826416016,
      43.3508186340332,
      36.120933532714844,
      31.05432891845703,
      15.749726295471191
    ],
    [
      -17.727848052978516,
      -17.150545120239258,
      3.2996039390563965,
      1.0697253942489624,
      12.200911521911621,
      16.034149169921875,
      22.819202423095703,
      21.82779312133789,
      33.92517852783203,
      34.39926528930664,
      29.89011001586914,
      32.54800033569336,
      38.08600616455078,
      40.06244659423828,
      37.30618667602539,
      35.434993743896484,
      25.598552703857422,
      17.08924674987793
    ],
    [
      -14.574002265930176,
      -14.202227592468262,
      1.7521559000015259,
      -1.0772395133972168,
      9.226300239562988,
      12.465418815612793,
      23.91279411315918,
      19.616863250732422,
      36.137569427490234,
      29.89011001586914,
      42.30893325805664,
      36.29846954345703,
      47.020198822021484,
      41.58709716796875,
      42.50017547607422,
      36.240623474121094,
      29.92824935913086,
      16.145832061767578
    ],
    [
      -16.727306365966797,
      -16.843883514404297,
      3.2062158584594727,
      0.905791699886322,
      11.553884506225586,
      15.79269790649414,
      24.03441047668457,
      23.2066593170166,
      34.11029052734375,
      32.54800033569336,
      36.29846954345703,
      38.9068489074707,
      43.491947174072266,
      43.45578384399414,
      40.09946823120117,
      38.49748611450195,
      26.36512565612793,
      18.526124954223633
    ],
    [
      -16.345722198486328,
      -16.0725154876709,
      3.624617338180542,
      0.47244125604629517,
      12.949849128723145,
      17.357959747314453,
      28.627540588378906,
      23.89238929748535,
      46.40028381347656,
      38.08600616455078,
      47.020198822021484,
      43.491947174072266,
      64.00987243652344,
      55.8977165222168,
      56.92948532104492,
      48.190486907958984,
      39.70470428466797,
      21.607372283935547
    ],
    [
      -23.92506980895996,
      -22.94019889831543,
      2.8404645919799805,
      0.36725351214408875,
      12.540482521057129,
      18.005800247192383,
      27.243499755859375,
      26.17351722717285,
      42.213565826416016,
      40.06244659423828,
      41.58709716796875,
      43.45578384399414,
      55.8977165222168,
      56.61063766479492,
      51.45310592651367,
      49.36183166503906,
      33.314632415771484,
      23.41332244873047
    ],
    [
      -14.314207077026367,
      -13.388005256652832,
      3.6262686252593994,
      0.7938441038131714,
      13.616618156433105,
      18.741958618164062,
      29.494916915893555,
      24.152729034423828,
      43.3508186340332,
      37.30618667602539,
      42.50017547607422,
      40.09946823120117,
      56.92948532104492,
      51.45310592651367,
      72.3319091796875,
      55.9832763671875,
      55.33135223388672,
      26.05338478088379
    ],
    [
      -25.43287467956543,
      -23.3466854095459,
      1.915785312652588,
      0.3415825664997101,
      10.264782905578613,
      16.672914505004883,
      24.24990463256836,
      24.407407760620117,
      36.120933532714844,
      35.434993743896484,
      36.240623474121094,
      38.49748611450195,
      48.190486907958984,
      49.36183166503906,
      55.9832763671875,
      52.414695739746094,
      37.19450378417969,
      25.336261749267578
    ],
    [
      -6.937794208526611,
      -7.677642345428467,
      1.782309651374817,
      -0.996917724609375,
      11.958893775939941,
      15.80933666229248,
      25.71757698059082,
      17.379541397094727,
      31.05432891845703,
      25.598552703857422,
      29.92824935913086,
      26.36512565612793,
      39.70470428466797,
      33.314632415771484,
      55.33135223388672,
      37.19450378417969,
      69.06350708007812,
      22.577428817749023
    ],
    [
      -12.625469207763672,
      -11.12169075012207,
      1.2599259614944458,
      0.7601484656333923,
      5.5617451667785645,
      9.815901756286621,
      12.317675590515137,
      13.560190200805664,
      15.749726295471191,
      17.08924674987793,
      16.145832061767578,
      18.526124954223633,
      21.607372283935547,
      23.41332244873047,
      26.05338478088379,
      25.336261749267578,
      22.577428817749023,
      16.18602180480957
    ]
  ],
  "covariance_short": [
    [
      151.58726501464844,
      99.914306640625,
      22.431570053100586,
      19.867164611816406,
      11.771137237548828,
      11.166586875915527,
      -10.806424140930176,
      -10.786197662353516,
      -14.0409517288208,
      -15.703106880187988,
      -16.680500030517578,
      -17.684967041015625,
      -16.307296752929688,
      -20.82884979248047,
      -11.851419448852539,
      -20.03963851928711,
      -4.895770072937012,
      -9.046783447265625
    ],
    [
      99.914306640625,
      106.3419189453125,
      16.88261604309082,
      18.879920959472656,
      8.854101181030273,
      7.207074165344238,
      -9.276424407958984,
      -9.396382331848145,
      -13.988594055175781,
      -14.979886054992676,
      -15.220063209533691,
      -16.800628662109375,
      -15.49045181274414,
      -19.565277099609375,
      1.3299944400787354,
      -9.039125442504883,
      2.5361812114715576,
      -4.802730560302734
    ],
    [
      22.431570053100586,
      16.88261604309082,
      34.355533599853516,
      22.85910415649414,
      12.537150382995605,
      14.219416618347168,
      3.994560480117798,
      5.414217472076416,
      1.7990915775299072,
      1.9488321542739868,
      0.6582530736923218,
      0.7953006029129028,
      1.9108738899230957,
      0.41519981622695923,
      1.5108683109283447,
      -0.8297086954116821,
      1.0930516719818115,
      0.19030745327472687
    ],
    [
      19.867164611816406,
      18.879920959472656,
      22.85910415649414,
      35.91873550415039,
      10.456482887268066,
      13.521842002868652,
      1.908677101135254,
      4.712590217590332,
      -1.234494924545288,
      0.4793079197406769,
      -1.525462031364441,
      -0.2887217402458191,
      -0.09364243596792221,
      -0.9496362209320068,
      -0.23465462028980255,
      -1.1952317953109741,
      -0.886342465877533,
      0.3141239285469055
    ],
    [
      11.771137237548828,
      8.854101181030273,
      12.537150382995605,
      10.456482887268066,
      29.60017967224121,
      22.97041130065918,
      12.039724349975586,
      11.102127075195312,
      13.042098999023438,
      12.587935447692871,
      10.626830101013184,
      11.245206832885742,
      13.877141952514648,
      12.637768745422363,
      13.174942016601562,
      9.406270980834961,
      10.50209903717041,
      4.497527122497559
    ],
    [
      11.166586875915527,
      7.207074165344238,
      14.219416618347168,
      13.521842002868652,
      22.97041130065918,
      34.73896026611328,
      13.660297393798828,
      15.123213768005371,
      15.43931770324707,
      16.35048484802246,
      13.704329490661621,
      15.224411010742188,
      18.160551071166992,
      17.904376983642578,
      18.201147079467773,
      15.617650032043457,
      14.242539405822754,
      8.630876541137695
    ],
    [
      -10.806424140930176,
      -9.276424407958984,
      3.994560480117798,
      1.908677101135254,
      12.039724349975586,
      13.660297393798828,
      31.445167541503906,
      20.99553108215332,
      24.938488006591797,
      22.482675552368164,
      24.357627868652344,
      22.6854248046875,
      27.93721580505371,
      26.042104721069336,
      28.796829223632812,
      23.138423919677734,
      23.34939193725586,
      11.456360816955566
    ],
    [
      -10.786197662353516,
      -9.396382331848145,
      5.414217472076416,
      4.712590217590332,
      11.102127075195312,
      15.123213768005371,
      20.99553108215332,
      26.12946319580078,
      19.703506469726562,
      21.42401695251465,
      19.868743896484375,
      21.781269073486328,
      23.269691467285156,
      25.17252540588379,
      23.689037322998047,
      23.44173812866211,
      16.1300048828125,
      12.552334785461426
    ],
    [
      -14.0409517288208,
      -13.988594055175781,
      1.7990915775299072,
      -1.234494924545288,
      13.042098999023438,
      15.43931770324707,
      24.938488006591797,
      19.703506469726562,
      47.80929183959961,
      36.274070739746094,
      39.02935028076172,
      34.17072677612305,
      48.61077117919922,
      43.8375358581543,
      45.698272705078125,
      36.99522018432617,
      30.7375431060791,
      15.89439582824707
    ],
    [
      -15.703106880187988,
      -14.979886054992676,
      1.9488321542739868,
      0.4793079197406769,
      12.587935447692871,
      16.35048484802246,
      22.482675552368164,
      21.42401695251465,
      36.274070739746094,
      38.02806091308594,
      31.645597457885742,
      32.77400588989258,
      39.48737716674805,
      41.79176330566406,
      38.3275146484375,
      35.89860153198242,
      25.14601707458496,
      16.770092010498047
    ],
    [
      -16.680500030517578,
      -15.220063209533691,
      0.6582530736923218,
      -1.525462031364441,
      10.626830101013184,
      13.704329490661621,
      24.357627868652344,
      19.868743896484375,
      39.02935028076172,
      31.645597457885742,
      47.610652923583984,
      38.37614822387695,
      49.49663543701172,
      43.45832061767578,
      44.91630935668945,
      37.51398468017578,
      29.09001922607422,
      16.658174514770508
    ],
    [
      -17.684967041015625,
      -16.800628662109375,
      0.7953006029129028,
      -0.2887217402458191,
      11.245206832885742,
      15.224411010742188,
      22.6854248046875,
      21.781269073486328,
      34.17072677612305,
      32.77400588989258,
      38.37614822387695,
      41.67027282714844,
      44.00423049926758,
      44.433719635009766,
      40.42079162597656,
      39.15542984008789,
      25.647811889648438,
      18.527545928955078
    ],
    [
      -16.307296752929688,
      -15.49045181274414,
      1.9108738899230957,
      -0.09364243596792221,
      13.877141952514648,
      18.160551071166992,
      27.93721580505371,
      23.269691467285156,
      48.61077117919922,
      39.48737716674805,
      49.49663543701172,
      44.00423049926758,
      67.49922943115234,
      57.32609939575195,
      59.435611724853516,
      48.828948974609375,
      38.831703186035156,
      21.882596969604492
    ],
    [
      -20.82884979248047,
      -19.565277099609375,
      0.41519981622695923,
      -0.9496362209320068,
      12.637768745422363,
      17.904376983642578,
      26.042104721069336,
      25.17252540588379,
      43.8375358581543,
      41.79176330566406,
      43.45832061767578,
      44.433719635009766,
      57.32609939575195,
      60.6070442199707,
      52.85232925415039,
      50.625423431396484,
      32.97111129760742,
      23.263916015625
    ],
    [
      -11.851419448852539,
      1.3299944400787354,
      1.5108683109283447,
      -0.23465462028980255,
      13.174942016601562,
      18.201147079467773,
      28.796829223632812,
      23.689037322998047,
      45.698272705078125,
      38.3275146484375,
      44.91630935668945,
      40.42079162597656,
      59.435611724853516,
      52.85232925415039,
      76.0823974609375,
      56.74378967285156,
      54.943111419677734,
      26.393062591552734
    ],
    [
      -20.03963851928711,
      -9.039125442504883,
      -0.8297086954116821,
      -1.1952317953109741,
      9.406270980834961,
      15.617650032043457,
      23.138423919677734,
      23.44173812866211,
      36.99522018432617,
      35.89860153198242,
      37.51398468017578,
      39.15542984008789,
      48.828948974609375,
      50.625423431396484,
      56.74378967285156,
      53.67605209350586,
      36.60738754272461,
      25.052019119262695
    ],
    [
      -4.895770072937012,
      2.5361812114715576,
      1.0930516719818115,
      -0.886342465877533,
      10.50209903717041,
      14.242539405822754,
      23.34939193725586,
      16.1300048828125,
      30.7375431060791,
      25.14601707458496,
      29.09001922607422,
      25.647811889648438,
      38.831703186035156,
      32.97111129760742,
      54.943111419677734,
      36.60738754272461,
      64.29859161376953,
      22.203861236572266
    ],
    [
      -9.046783447265625,
      -4.802730560302734,
      0.19030745327472687,
      0.3141239285469055,
      4.497527122497559,
      8.630876541137695,
      11.456360816955566,
      12.552334785461426,
      15.89439582824707,
      16.770092010498047,
      16.658174514770508,
      18.527545928955078,
      21.882596969604492,
      23.263916015625,
      26.393062591552734,
      25.052019119262695,
      22.203861236572266,
      16.322799682617188
    ]
  ],
  "damage": -13.645832061767578,
  "diff_bandwidth": 797.1742553710938,
  "dissonance": 6.2469234303610355,
  "drr": 2.4399914741516113,
  "dynamics": 3.343482732772827,
  "format": 1245190,
  "frames": 3857344,
  "loudness": -18.84348487854004,
  "loudness_range": 9.928492546081543,
  "loudness_range_short": 10.966085433959961,
  "lowpass_true_peak_15khz": -0.05795174092054367,
  "mastering3_acoustic_entropies": [
    {
      "acoustic_entropy": 7.80818510055542,
      "acoustic_entropy_mono": 8.162607192993164,
      "band_eliminated_acoustic_entropies": [
        {
          "acoustic_entropy": 7.826974391937256,
          "acoustic_entropy_side": 7.808144569396973,
          "hz": 129.47220167065723
        },
        {
          "acoustic_entropy": 7.92039680480957,
          "acoustic_entropy_side": 7.856247425079346,
          "hz": 202.92927478742237
        },
        {
          "acoustic_entropy": 8.03982925415039,
          "acoustic_entropy_side": 7.930222034454346,
          "hz": 282.89161906338205
        },
        {
          "acoustic_entropy": 7.760134220123291,
          "acoustic_entropy_side": 7.828238010406494,
          "hz": 369.9353335868758
        },
        {
          "acoustic_entropy": 7.869897842407227,
          "acoustic_entropy_side": 7.985548973083496,
          "hz": 464.6875360973435
        },
        {
          "acoustic_entropy": 7.594761371612549,
          "acoustic_entropy_side": 7.530980110168457,
          "hz": 567.8308811364784
        },
        {
          "acoustic_entropy": 8.39905834197998,
          "acoustic_entropy_side": 8.227981567382812,
          "hz": 680.1084783214808
        },
        {
          "acoustic_entropy": 7.8731279373168945,
          "acoustic_entropy_side": 7.640624523162842,
          "hz": 802.3292461747484
        },
        {
          "acoustic_entropy": 8.432586669921875,
          "acoustic_entropy_side": 8.309927940368652,
          "hz": 935.3737400823702
        },
        {
          "acoustic_entropy": 7.407042503356934,
          "acoustic_entropy_side": 7.704008102416992,
          "hz": 1080.2004963696966
        },
        {
          "acoustic_entropy": 7.882811069488525,
          "acoustic_entropy_side": 8.165099143981934,
          "hz": 1237.8529382007157
        },
        {
          "acoustic_entropy": 7.452375888824463,
          "acoustic_entropy_side": 7.667906284332275,
          "hz": 1409.4668930556702
        },
        {
          "acoustic_entropy": 7.403891086578369,
          "acoustic_entropy_side": 7.6377129554748535,
          "hz": 1596.2787759475705
        },
        {
          "acoustic_entropy": 8.172370910644531,
          "acoustic_entropy_side": 8.081083297729492,
          "hz": 1799.6344973346393
        },
        {
          "acoustic_entropy": 8.105165481567383,
          "acoustic_entropy_side": 7.931049346923828,
          "hz": 2020.9991599069049
        },
        {
          "acoustic_entropy": 7.442975044250488,
          "acoustic_entropy_side": 7.875005722045898,
          "hz": 2261.9676141086993
        },
        {
          "acoustic_entropy": 7.854879379272461,
          "acoustic_entropy_side": 7.723017692565918,
          "hz": 2524.2759484456974
        },
        {
          "acoustic_entropy": 7.557008743286133,
          "acoustic_entropy_side": 7.794997215270996,
          "hz": 2809.813997359896
        },
        {
          "acoustic_entropy": 7.879487991333008,
          "acoustic_entropy_side": 7.842215061187744,
          "hz": 3120.6389567871424
        },
        {
          "acoustic_entropy": 7.677467346191406,
          "acoustic_entropy_side": 7.821887016296387,
          "hz": 3458.990205492291
        },
        {
          "acoustic_entropy": 7.878082752227783,
          "acoustic_entropy_side": 7.847663402557373,
          "hz": 3827.305438964164
        },
        {
          "acoustic_entropy": 7.814584255218506,
          "acoustic_entropy_side": 7.775839805603027,
          "hz": 4228.238232109126
        },
        {
          "acoustic_entropy": 7.784859657287598,
          "acoustic_entropy_side": 7.802232265472412,
          "hz": 4664.6771572759235
        },
        {
          "acoustic_entropy": 7.994530200958252,
          "acoustic_entropy_side": 7.782993316650391,
          "hz": 5139.766595350093
        },
        {
          "acoustic_entropy": 7.755960941314697,
          "acoustic_entropy_side": 7.808631420135498,
          "hz": 5656.929389854203
        },
        {
          "acoustic_entropy": 7.8173136711120605,
          "acoustic_entropy_side": 7.812868595123291,
          "hz": 6219.891507268283
        },
        {
          "acoustic_entropy": 7.796684265136719,
          "acoustic_entropy_side": 7.806365013122559,
          "hz": 6832.70888123896
        },
        {
          "acoustic_entropy": 7.791759014129639,
          "acoustic_entropy_side": 7.806413173675537,
          "hz": 7499.796634079867
        },
        {
          "acoustic_entropy": 7.807145595550537,
          "acoustic_entropy_side": 7.806711196899414,
          "hz": 8225.96088609342
        },
        {
          "acoustic_entropy": 7.833284378051758,
          "acoustic_entropy_side": 7.808502674102783,
          "hz": 9016.43338188839
        },
        {
          "acoustic_entropy": 7.8269734382629395,
          "acoustic_entropy_side": 7.807919025421143,
          "hz": 9876.909183162974
        },
        {
          "acoustic_entropy": 7.838472366333008,
          "acoustic_entropy_side": 7.808157920837402,
          "hz": 10813.587699516042
        },
        {
          "acoustic_entropy": 7.823543071746826,
          "acoustic_entropy_side": 7.808142185211182,
          "hz": 11833.21735289826
        },
        {
          "acoustic_entropy": 7.815675735473633,
          "acoustic_entropy_side": 7.808178901672363,
          "hz": 12943.144197493959
        },
        {
          "acoustic_entropy": 7.83098030090332,
          "acoustic_entropy_side": 7.808197498321533,
          "hz": 14151.364845322005
        },
        {
          "acoustic_entropy": 7.8224196434021,
          "acoustic_entropy_side": 7.808194160461426,
          "hz": 15466.58407886509
        },
        {
          "acoustic_entropy": 7.8141913414001465,
          "acoustic_entropy_side": 7.808187007904053,
          "hz": 16898.27756580493
        },
        {
          "acoustic_entropy": 7.815617561340332,
          "acoustic_entropy_side": 7.808185577392578,
          "hz": 18456.760127700032
        },
        {
          "acoustic_entropy": 7.8085150718688965,
          "acoustic_entropy_side": 7.80818510055542,
          "hz": 20153.260054456492
        },
        {
          "acoustic_entropy": 7.808187007904053,
          "acoustic_entropy_side": 7.80818510055542,
          "hz": 22000.00000000001
        }
      ],
      "diff_acoustic_entropy": 4.997265815734863,
      "sn": 6
    },
    {
      "acoustic_entropy": 12.292047500610352,
      "acoustic_entropy_mono": 12.22616958618164,
      "band_eliminated_acoustic_entropies": [
        {
          "acoustic_entropy": 12.165519714355469,
          "acoustic_entropy_side": 12.284760475158691,
          "hz": 129.47220167065723
        },
        {
          "acoustic_entropy": 12.622196197509766,
          "acoustic_entropy_side": 12.156508445739746,
          "hz": 202.92927478742237
        },
        {
          "acoustic_entropy": 12.682402610778809,
          "acoustic_entropy_side": 12.617423057556152,
          "hz": 282.89161906338205
        },
        {
          "acoustic_entropy": 13.295594215393066,
          "acoustic_entropy_side": 12.704052925109863,
          "hz": 369.9353335868758
        },
        {
          "acoustic_entropy": 11.87436294555664,
          "acoustic_entropy_side": 12.74624252319336,
          "hz": 464.6875360973435
        },
        {
          "acoustic_entropy": 12.354098320007324,
          "acoustic_entropy_side": 12.185684204101562,
          "hz": 567.8308811364784
        },
        {
          "acoustic_entropy": 12.312883377075195,
          "acoustic_entropy_side": 12.36227035522461,
          "hz": 680.1084783214808
        },
        {
          "acoustic_entropy": 12.515548706054688,
          "acoustic_entropy_side": 12.745869636535645,
          "hz": 802.3292461747484
        },
        {
          "acoustic_entropy": 12.311651229858398,
          "acoustic_entropy_side": 11.700636863708496,
          "hz": 935.3737400823702
        },
        {
          "acoustic_entropy": 11.969847679138184,
          "acoustic_entropy_side": 12.366458892822266,
          "hz": 1080.2004963696966
        },
        {
          "acoustic_entropy": 12.261550903320312,
          "acoustic_entropy_side": 12.214227676391602,
          "hz": 1237.8529382007157
        },
        {
          "acoustic_entropy": 11.535717964172363,
          "acoustic_entropy_side": 12.600129127502441,
          "hz": 1409.4668930556702
        },
        {
          "acoustic_entropy": 12.766127586364746,
          "acoustic_entropy_side": 12.216721534729004,
          "hz": 1596.2787759475705
        },
        {
          "acoustic_entropy": 12.74074935913086,
          "acoustic_entropy_side": 13.156410217285156,
          "hz": 1799.6344973346393
        },
        {
          "acoustic_entropy": 12.053093910217285,
          "acoustic_entropy_side": 12.340410232543945,
          "hz": 2020.9991599069049
        },
        {
          "acoustic_entropy": 12.701132774353027,
          "acoustic_entropy_side": 12.604513168334961,
          "hz": 2261.9676141086993
        },
        {
          "acoustic_entropy": 13.325324058532715,
          "acoustic_entropy_side": 12.494665145874023,
          "hz": 2524.2759484456974
        },
        {
          "acoustic_entropy": 12.0341796875,
          "acoustic_entropy_side": 12.53735637664795,
          "hz": 2809.813997359896
        },
        {
          "acoustic_entropy": 12.207818031311035,
          "acoustic_entropy_side": 12.479713439941406,
          "hz": 3120.6389567871424
        },
        {
          "acoustic_entropy": 12.22456169128418,
          "acoustic_entropy_side": 12.29969310760498,
          "hz": 3458.990205492291
        },
        {
          "acoustic_entropy": 12.387310028076172,
          "acoustic_entropy_side": 12.171971321105957,
          "hz": 3827.305438964164
        },
        {
          "acoustic_entropy": 12.33272647857666,
          "acoustic_entropy_side": 12.331347465515137,
          "hz": 4228.238232109126
        },
        {
          "acoustic_entropy": 12.168146133422852,
          "acoustic_entropy_side": 12.300273895263672,
          "hz": 4664.6771572759235
        },
        {
          "acoustic_entropy": 12.591023445129395,
          "acoustic_entropy_side": 12.413869857788086,
          "hz": 5139.766595350093
        },
        {
          "acoustic_entropy": 12.453003883361816,
          "acoustic_entropy_side": 12.298221588134766,
          "hz": 5656.929389854203
        },
        {
          "acoustic_entropy": 12.328298568725586,
          "acoustic_entropy_side": 12.255364418029785,
          "hz": 6219.891507268283
        },
        {
          "acoustic_entropy": 12.260244369506836,
          "acoustic_entropy_side": 12.244590759277344,
          "hz": 6832.70888123896
        },
        {
          "acoustic_entropy": 12.365270614624023,
          "acoustic_entropy_side": 12.292502403259277,
          "hz": 7499.796634079867
        },
        {
          "acoustic_entropy": 12.31607437133789,
          "acoustic_entropy_side": 12.287841796875,
          "hz": 8225.96088609342
        },
        {
          "acoustic_entropy": 12.41207218170166,
          "acoustic_entropy_side": 12.289928436279297,
          "hz": 9016.43338188839
        },
        {
          "acoustic_entropy": 12.319002151489258,
          "acoustic_entropy_side": 12.293024063110352,
          "hz": 9876.909183162974
        },
        {
          "acoustic_entropy": 12.29543685913086,
          "acoustic_entropy_side": 12.292856216430664,
          "hz": 10813.587699516042
        },
        {
          "acoustic_entropy": 12.263197898864746,
          "acoustic_entropy_side": 12.292978286743164,
          "hz": 11833.21735289826
        },
        {
          "acoustic_entropy": 12.237282752990723,
          "acoustic_entropy_side": 12.292166709899902,
          "hz": 12943.144197493959
        },
        {
          "acoustic_entropy": 12.418618202209473,
          "acoustic_entropy_side": 12.291413307189941,
          "hz": 14151.364845322005
        },
        {
          "acoustic_entropy": 12.327648162841797,
          "acoustic_entropy_side": 12.291593551635742,
          "hz": 15466.58407886509
        },
        {
          "acoustic_entropy": 12.258869171142578,
          "acoustic_entropy_side": 12.292055130004883,
          "hz": 16898.27756580493
        },
        {
          "acoustic_entropy": 12.248828887939453,
          "acoustic_entropy_side": 12.292051315307617,
          "hz": 18456.760127700032
        },
        {
          "acoustic_entropy": 12.28354549407959,
          "acoustic_entropy_side": 12.292047500610352,
          "hz": 20153.260054456492
        },
        {
          "acoustic_entropy": 12.291991233825684,
          "acoustic_entropy_side": 12.292047500610352,
          "hz": 22000.00000000001
        }
      ],
      "diff_acoustic_entropy": 7.649850368499756,
      "sn": 12
    },
    {
      "acoustic_entropy": 19.92634391784668,
      "acoustic_entropy_mono": 18.980335235595703,
      "band_eliminated_acoustic_entropies": [
        {
          "acoustic_entropy": 19.1212215423584,
          "acoustic_entropy_side": 19.987205505371094,
          "hz": 129.47220167065723
        },
        {
          "acoustic_entropy": 20.674909591674805,
          "acoustic_entropy_side": 20.16600799560547,
          "hz": 202.92927478742237
        },
        {
          "acoustic_entropy": 20.612607955932617,
          "acoustic_entropy_side": 19.984031677246094,
          "hz": 282.89161906338205
        },
        {
          "acoustic_entropy": 20.53696060180664,
          "acoustic_entropy_side": 19.960628509521484,
          "hz": 369.9353335868758
        },
        {
          "acoustic_entropy": 19.70148277282715,
          "acoustic_entropy_side": 20.1591739654541,
          "hz": 464.6875360973435
        },
        {
          "acoustic_entropy": 20.241065979003906,
          "acoustic_entropy_side": 20.044055938720703,
          "hz": 567.8308811364784
        },
        {
          "acoustic_entropy": 19.15941619873047,
          "acoustic_entropy_side": 20.421630859375,
          "hz": 680.1084783214808
        },
        {
          "acoustic_entropy": 19.170541763305664,
          "acoustic_entropy_side": 19.275714874267578,
          "hz": 802.3292461747484
        },
        {
          "acoustic_entropy": 19.868389129638672,
          "acoustic_entropy_side": 20.425907135009766,
          "hz": 935.3737400823702
        },
        {
          "acoustic_entropy": 20.17066192626953,
          "acoustic_entropy_side": 20.011371612548828,
          "hz": 1080.2004963696966
        },
        {
          "acoustic_entropy": 19.775672912597656,
          "acoustic_entropy_side": 20.794025421142578,
          "hz": 1237.8529382007157
        },
        {
          "acoustic_entropy": 19.93741798400879,
          "acoustic_entropy_side": 19.79281997680664,
          "hz": 1409.4668930556702
        },
        {
          "acoustic_entropy": 19.715198516845703,
          "acoustic_entropy_side": 19.66993522644043,
          "hz": 1596.2787759475705
        },
        {
          "acoustic_entropy": 19.394615173339844,
          "acoustic_entropy_side": 20.259122848510742,
          "hz": 1799.6344973346393
        },
        {
          "acoustic_entropy": 20.202919006347656,
          "acoustic_entropy_side": 19.71654510498047,
          "hz": 2020.9991599069049
        },
        {
          "acoustic_entropy": 19.617124557495117,
          "acoustic_entropy_side": 19.867794036865234,
          "hz": 2261.9676141086993
        },
        {
          "acoustic_entropy": 19.762086868286133,
          "acoustic_entropy_side": 20.443981170654297,
          "hz": 2524.2759484456974
        },
        {
          "acoustic_entropy": 20.29127311706543,
          "acoustic_entropy_side": 20.860260009765625,
