{
  "acoustic_entropy": 205.23361206054688,
  "bands": [
    {
      "high_freq": 148.1999969482422,
      "loudness": -39.280845642089844,
      "loudness_range": 5.873893737792969,
      "mid_mean": -35.617366790771484,
      "mid_to_side_loudness": -30.336172103881836,
      "mid_to_side_loudness_range": 23.61341094970703,
      "side_mean": -64.44017028808594
    },
    {
      "high_freq": 392.3793640136719,
      "loudness": -31.60637664794922,
      "loudness_range": 7.77781867980957,
      "low_freq": 148.1999969482422,
      "mid_mean": -28.368152618408203,
      "mid_to_side_loudness": -11.78992748260498,
      "mid_to_side_loudness_range": 16.657283782958984,
      "side_mean": -39.912227630615234
    },
    {
      "high_freq": 794.6976318359375,
      "loudness": -30.527244567871094,
      "loudness_range": 10.218969345092773,
      "low_freq": 392.3793640136719,
      "mid_mean": -27.86307716369629,
      "mid_to_side_loudness": -7.570218563079834,
      "mid_to_side_loudness_range": 17.10104751586914,
      "side_mean": -35.012298583984375
    },
    {
      "high_freq": 1457.5709228515625,
      "loudness": -34.72358322143555,
      "loudness_range": 12.791942596435547,
      "low_freq": 794.6976318359375,
      "mid_mean": -31.94121551513672,
      "mid_to_side_loudness": -8.88514518737793,
      "mid_to_side_loudness_range": 20.568899154663086,
      "side_mean": -40.80281066894531
    },
    {
      "high_freq": 2549.74365234375,
      "loudness": -36.03875732421875,
      "loudness_range": 12.166385650634766,
      "low_freq": 1457.5709228515625,
      "mid_mean": -32.93681335449219,
      "mid_to_side_loudness": -11.282722473144531,
      "mid_to_side_loudness_range": 17.6922550201416,
      "side_mean": -44.4361457824707
    },
    {
      "high_freq": 4349.24462890625,
      "loudness": -34.28507995605469,
      "loudness_range": 10.640180587768555,
      "low_freq": 2549.74365234375,
      "mid_mean": -31.763710021972656,
      "mid_to_side_loudness": -7.360462665557861,
      "mid_to_side_loudness_range": 16.747922897338867,
      "side_mean": -38.204002380371094
    },
    {
      "high_freq": 7314.1640625,
      "loudness": -38.76511001586914,
      "loudness_range": 16.215457916259766,
      "low_freq": 4349.24462890625,
      "mid_mean": -35.2974853515625,
      "mid_to_side_loudness": -20.40715789794922,
      "mid_to_side_loudness_range": 30.21196937561035,
      "side_mean": -57.73481369018555
    },
    {
      "high_freq": 12199.2666015625,
      "loudness": -42.95146942138672,
      "loudness_range": 17.320053100585938,
      "low_freq": 7314.1640625,
      "mid_mean": -39.45511245727539,
      "mid_to_side_loudness": -20.872394561767578,
      "mid_to_side_loudness_range": 29.719886779785156,
      "side_mean": -61.33595657348633
    },
    {
      "loudness": -50.321414947509766,
      "loudness_range": 12.898056030273438,
      "low_freq": 12199.2666015625,
      "mid_mean": -47.041290283203125,
      "mid_to_side_loudness": -26.9295711517334,
      "mid_to_side_loudness_range": 30.244524002075195,
      "side_mean": -67.86454010009766
    }
  ],
  "bands_short": [
    {
      "high_freq": 148.1999969482422,
      "loudness": -42.95052719116211,
      "loudness_range": 17.83510971069336,
      "mid_mean": -39.59523010253906,
      "mid_to_side_loudness": -30.50241470336914,
      "mid_to_side_loudness_range": 28.6149845123291,
      "side_mean": -67.33382415771484
    },
    {
      "high_freq": 392.3793640136719,
      "loudness": -32.87612533569336,
      "loudness_range": 12.50625228881836,
      "low_freq": 148.1999969482422,
      "mid_mean": -29.716331481933594,
      "mid_to_side_loudness": -13.155913352966309,
      "mid_to_side_loudness_range": 24.200191497802734,
      "side_mean": -42.822715759277344
    },
    {
      "high_freq": 794.6976318359375,
      "loudness": -30.936002731323242,
      "loudness_range": 12.14137077331543,
      "low_freq": 392.3793640136719,
      "mid_mean": -28.360275268554688,
      "mid_to_side_loudness": -7.73319149017334,
      "mid_to_side_loudness_range": 19.95016098022461,
      "side_mean": -35.61160659790039
    },
    {
      "high_freq": 1457.5709228515625,
      "loudness": -34.88884353637695,
      "loudness_range": 14.918682098388672,
      "low_freq": 794.6976318359375,
      "mid_mean": -32.04220962524414,
      "mid_to_side_loudness": -10.58519458770752,
      "mid_to_side_loudness_range": 24.08482551574707,
      "side_mean": -42.584049224853516
    },
    {
      "high_freq": 2549.74365234375,
      "loudness": -36.50002670288086,
      "loudness_range": 14.258926391601562,
      "low_freq": 1457.5709228515625,
      "mid_mean": -33.39733123779297,
      "mid_to_side_loudness": -12.471075057983398,
      "mid_to_side_loudness_range": 21.25992202758789,
      "side_mean": -46.25616455078125
    },
    {
      "high_freq": 4349.24462890625,
      "loudness": -34.948036193847656,
      "loudness_range": 13.780281066894531,
      "low_freq": 2549.74365234375,
      "mid_mean": -32.501800537109375,
      "mid_to_side_loudness": -7.75794792175293,
      "mid_to_side_loudness_range": 19.568138122558594,
      "side_mean": -39.3129997253418
    },
    {
      "high_freq": 7314.1640625,
      "loudness": -41.351829528808594,
      "loudness_range": 22.973308563232422,
      "low_freq": 4349.24462890625,
      "mid_mean": -38.00151443481445,
      "mid_to_side_loudness": -17.682613372802734,
      "mid_to_side_loudness_range": 29.25845718383789,
      "side_mean": -59.449913024902344
    },
    {
      "high_freq": 12199.2666015625,
      "loudness": -46.17055892944336,
      "loudness_range": 26.44782257080078,
      "low_freq": 7314.1640625,
      "mid_mean": -42.90066909790039,
      "mid_to_side_loudness": -16.783143997192383,
      "mid_to_side_loudness_range": 29.195459365844727,
      "side_mean": -62.918766021728516
    },
    {
      "loudness": -55.86106872558594,
      "loudness_range": 28.835891723632812,
      "low_freq": 12199.2666015625,
      "mid_mean": -53.54844284057617,
      "mid_to_side_loudness": -19.330102920532227,
      "mid_to_side_loudness_range": 32.904361724853516,
      "side_mean": -68.40280151367188
    }
  ],
  "bandwidth": 823.68408203125,
  "channels": 2,
  "covariance": [
    [
      6.790600776672363,
      0.10613951832056046,
      2.609224319458008,
      1.0528981685638428,
      2.1935362815856934,
      3.341543197631836,
      1.5026390552520752,
      4.206839561462402,
      1.8145537376403809,
      3.1273927688598633,
      1.3506712913513184,
      1.0626094341278076,
      1.5927305221557617,
      0.8359416127204895,
      2.3063769340515137,
      1.3577803373336792,
      3.4901158809661865,
      0.265232652425766
    ],
    [
      0.10613951832056046,
      34.29716491699219,
      4.161766052246094,
      11.62881088256836,
      -2.3755974769592285,
      -12.891286849975586,
      -1.2768117189407349,
      -11.674688339233398,
      2.775742530822754,
      6.9536943435668945,
      -1.6513103246688843,
      0.26214122772216797,
      -0.33340030908584595,
      14.521798133850098,
      0.48662227392196655,
      12.822993278503418,
      0.9819632768630981,
      3.9020440578460693
    ],
    [
      2.609224319458008,
      4.161766052246094,
      9.596424102783203,
      2.9854896068573,
      2.8894312381744385,
      3.1808507442474365,
      3.182382822036743,
      3.24951171875,
      5.9158782958984375,
      6.0567450523376465,
      3.786987066268921,
      4.511607646942139,
      7.495736598968506,
      6.079004764556885,
      8.605781555175781,
      4.424206256866455,
      6.679550647735596,
      1.224615216255188
    ],
    [
      1.0528981685638428,
      11.62881088256836,
      2.9854896068573,
      43.768943786621094,
      0.714341938495636,
      9.782289505004883,
      -5.174835205078125,
      6.795046806335449,
      -2.961052417755127,
      19.329187393188477,
      0.7749597430229187,
      22.74111557006836,
      -3.5512120723724365,
      16.36426544189453,
      -2.4226326942443848,
      11.638871192932129,
      -1.1506587266921997,
      3.351943016052246
    ],
    [
      2.1935362815856934,
      -2.3755974769592285,
      2.8894312381744385,
      0.714341938495636,
      13.737601280212402,
      19.63297462463379,
      7.833980083465576,
      16.689598083496094,
      7.134764194488525,
      7.914548873901367,
      6.541996479034424,
      9.120402336120605,
      4.966683387756348,
      1.4514671564102173,
      5.02532434463501,
      1.152201771736145,
      5.119482517242432,
      -0.5905187129974365
    ],
    [
      3.341543197631836,
      -12.891286849975586,
      3.1808507442474365,
      9.782289505004883,
      19.63297462463379,
      66.94603729248047,
      12.556281089782715,
      60.784828186035156,
      6.697159767150879,
      26.482553482055664,
      14.513040542602539,
      33.77528762817383,
      9.393105506896973,
      3.1964223384857178,
      9.564017295837402,
      1.6036795377731323,
      9.384154319763184,
      -2.9500277042388916
    ],
    [
      1.5026390552520752,
      -1.2768117189407349,
      3.182382822036743,
      -5.174835205078125,
      7.833980083465576,
      12.556281089782715,
      18.53727149963379,
      13.282516479492188,
      13.77941608428955,
      0.8810477256774902,
      9.036654472351074,
      3.803523302078247,
      7.645480632781982,
      4.422765254974365,
      6.878325939178467,
      2.9518165588378906,
      7.142323970794678,
      0.043489713221788406
    ],
    [
      4.206839561462402,
      -11.674688339233398,
      3.24951171875,
      6.795046806335449,
      16.689598083496094,
      60.784828186035156,
      13.282516479492188,
      88.77912139892578,
      2.269084930419922,
      32.84733963012695,
      12.319998741149902,
      33.729671478271484,
      6.373460292816162,
      12.79582691192627,
      6.896544933319092,
      9.690113067626953,
      5.865991115570068,
      0.152212992310524
    ],
    [
      1.8145537376403809,
      2.775742530822754,
      5.9158782958984375,
      -2.961052417755127,
      7.134764194488525,
      6.697159767150879,
      13.77941608428955,
      2.269084930419922,
      23.509077072143555,
      10.277449607849121,
      11.762805938720703,
      4.114704608917236,
      11.539777755737305,
      9.42458438873291,
      10.505768775939941,
      5.757333755493164,
      11.1378755569458,
      1.7959983348846436
    ],
    [
      3.1273927688598633,
      6.9536943435668945,
      6.0567450523376465,
      19.329187393188477,
      7.914548873901367,
      26.482553482055664,
      0.8810477256774902,
      32.84733963012695,
      10.277449607849121,
      72.73580932617188,
      13.531668663024902,
      31.375038146972656,
      7.190056800842285,
      34.014854431152344,
      7.773828029632568,
      22.171262741088867,
      6.75770378112793,
      6.45114803314209
    ],
    [
      1.3506712913513184,
      -1.6513103246688843,
      3.786987066268921,
      0.7749597430229187,
      6.541996479034424,
      14.513040542602539,
      9.036654472351074,
      12.319998741149902,
      11.762805938720703,
      13.531668663024902,
      17.764326095581055,
      14.912847518920898,
      15.001026153564453,
      8.195120811462402,
      12.8270845413208,
      4.734721660614014,
      11.29131031036377,
      1.905935525894165
    ],
    [
      1.0626094341278076,
      0.26214122772216797,
      4.511607646942139,
      22.74111557006836,
      9.120402336120605,
      33.77528762817383,
      3.803523302078247,
      33.729671478271484,
      4.114704608917236,
      31.375038146972656,
      14.912847518920898,
      47.68501663208008,
      7.9447479248046875,
      23.303739547729492,
      6.86923360824585,
      14.867051124572754,
      3.0120394229888916,
      4.978344917297363
    ],
    [
      1.5927305221557617,
      -0.33340030908584595,
      7.495736598968506,
      -3.5512120723724365,
      4.966683387756348,
      9.393105506896973,
      7.645480632781982,
      6.373460292816162,
      11.539777755737305,
      7.190056800842285,
      15.001026153564453,
      7.9447479248046875,
      36.91425704956055,
      6.772738456726074,
      35.389793395996094,
      4.461439609527588,
      19.787418365478516,
      4.440523624420166
    ],
    [
      0.8359416127204895,
      14.521798133850098,
      6.079004764556885,
      16.36426544189453,
      1.4514671564102173,
      3.1964223384857178,
      4.422765254974365,
      12.79582691192627,
      9.42458438873291,
      34.014854431152344,
      8.195120811462402,
      23.303739547729492,
      6.772738456726074,
      85.13278198242188,
      9.061243057250977,
      62.561683654785156,
      3.167482852935791,
      26.042442321777344
    ],
    [
      2.3063769340515137,
      0.48662227392196655,
      8.605781555175781,
      -2.4226326942443848,
      5.02532434463501,
      9.564017295837402,
      6.878325939178467,
      6.896544933319092,
      10.505768775939941,
      7.773828029632568,
      12.8270845413208,
      6.86923360824585,
      35.389793395996094,
      9.061243057250977,
      42.42245864868164,
      7.660139083862305,
      27.979965209960938,
      5.535458564758301
    ],
    [
      1.3577803373336792,
      12.822993278503418,
      4.424206256866455,
      11.638871192932129,
      1.152201771736145,
      1.6036795377731323,
      2.9518165588378906,
      9.690113067626953,
      5.757333755493164,
      22.171262741088867,
      4.734721660614014,
      14.867051124572754,
      4.461439609527588,
      62.561683654785156,
      7.660139083862305,
      60.72730255126953,
      3.282932758331299,
      24.28441619873047
    ],
    [
      3.4901158809661865,
      0.9819632768630981,
      6.679550647735596,
      -1.1506587266921997,
      5.119482517242432,
      9.384154319763184,
      7.142323970794678,
      5.865991115570068,
      11.1378755569458,
      6.75770378112793,
      11.29131031036377,
      3.0120394229888916,
      19.787418365478516,
      3.167482852935791,
      27.979965209960938,
      3.282932758331299,
      35.89976501464844,
      1.5342010259628296
    ],
    [
      0.265232652425766,
      3.9020440578460693,
      1.224615216255188,
      3.351943016052246,
      -0.5905187129974365,
      -2.9500277042388916,
      0.043489713221788406,
      0.152212992310524,
      1.7959983348846436,
      6.45114803314209,
      1.905935525894165,
      4.978344917297363,
      4.440523624420166,
      26.042442321777344,
      5.535458564758301,
      24.28441619873047,
      1.5342010259628296,
      13.27728271484375
    ]
  ],
  "covariance_short": [
    [
      45.014366149902344,
      2.640791893005371,
      14.867073059082031,
      -0.31160005927085876,
      5.224319934844971,
      5.5071892738342285,
      4.0852766036987305,
      7.838144302368164,
      3.495394706726074,
      2.6417758464813232,
      3.3949332237243652,
      2.302830457687378,
      4.648768901824951,
      1.2201210260391235,
      8.291297912597656,
      0.3818632960319519,
      12.477873802185059,
      -0.4816925823688507
    ],
    [
      2.640791893005371,
      7.865041255950928,
      3.384904146194458,
      7.651916027069092,
      -0.28981301188468933,
      -3.076138734817505,
      0.18598270416259766,
      -2.9388339519500732,
      1.042240023612976,
      2.5545763969421387,
      0.24169489741325378,
      0.8917989730834961,
      -0.2266470342874527,
      5.468826770782471,
      0.20718857645988464,
      3.727759838104248,
      3.6205549240112305,
      0.9035229086875916
    ],
    [
      14.867073059082031,
      3.384904146194458,
      23.192148208618164,
      6.004993915557861,
      6.753979682922363,
      4.76357889175415,
      6.428923606872559,
      3.8642053604125977,
      7.972885608673096,
      8.464896202087402,
      6.350521564483643,
      5.38168478012085,
      10.691401481628418,
      4.4434428215026855,
      12.526359558105469,
      1.542109727859497,
      16.34494400024414,
      -0.33633533120155334
    ],
    [
      -0.31160005927085876,
      7.651916027069092,
      6.004993915557861,
      77.04463195800781,
      4.975362777709961,
      29.810184478759766,
      -0.843425989151001,
      23.98316192626953,
      0.3488466441631317,
      37.64021682739258,
      6.72271728515625,
      33.7508430480957,
      -5.544416904449463,
      25.634275436401367,
      -6.047185897827148,
      13.944512367248535,
      -3.687699556350708,
      0.5088223814964294
    ],
    [
      5.224319934844971,
      -0.28981301188468933,
      6.753979682922363,
      4.975362777709961,
      18.88583755493164,
      21.110074996948242,
      11.365068435668945,
      20.103694915771484,
      8.331563949584961,
      11.6751070022583,
      8.972380638122559,
      12.568168640136719,
      7.687591552734375,
      3.179823398590088,
      7.890843391418457,
      1.709551453590393,
      9.01467514038086,
      -1.0293586254119873
    ],
    [
      5.5071892738342285,
      -3.076138734817505,
      4.76357889175415,
      29.810184478759766,
      21.110074996948242,
      79.65033721923828,
      14.261693954467773,
      70.25800323486328,
      7.461612224578857,
      38.70709991455078,
      19.428499221801758,
      48.97117614746094,
      8.742380142211914,
      10.246437072753906,
      8.418403625488281,
      4.19398307800293,
      7.819056034088135,
      -4.004297256469727
    ],
    [
      4.0852766036987305,
      0.18598270416259766,
      6.428923606872559,
      -0.843425989151001,
      11.365068435668945,
      14.261693954467773,
      26.11968421936035,
      17.612903594970703,
      14.953426361083984,
      5.0574049949646,
      13.259060859680176,
      7.911972999572754,
      13.462947845458984,
      4.097164154052734,
      13.15252685546875,
      2.8211047649383545,
      19.298404693603516,
      -0.30889758467674255
    ],
    [
      7.838144302368164,
      -2.9388339519500732,
      3.8642053604125977,
      23.98316192626953,
      20.103694915771484,
      70.25800323486328,
      17.612903594970703,
      110.14637756347656,
      3.100161552429199,
      42.670753479003906,
      17.705650329589844,
      47.963680267333984,
      6.9686384201049805,
      17.124351501464844,
      6.74295711517334,
      10.479936599731445,
      5.411227703094482,
      -1.4526145458221436
    ],
    [
      3.495394706726074,
      1.042240023612976,
      7.972885608673096,
      0.3488466441631317,
      8.331563949584961,
      7.461612224578857,
      14.953426361083984,
      3.100161552429199,
      27.215789794921875,
      14.697776794433594,
      16.0072078704834,
      6.049077033996582,
      18.360271453857422,
      5.588592529296875,
      17.757184982299805,
      2.052140712738037,
      24.535768508911133,
      0.15087872743606567
    ],
    [
      2.6417758464813232,
      2.5545763969421387,
      8.464896202087402,
      37.64021682739258,
      11.6751070022583,
      38.70709991455078,
      5.0574049949646,
      42.670753479003906,
      14.697776794433594,
      90.90673828125,
      20.58285140991211,
      43.619266510009766,
      9.738256454467773,
      36.66984176635742,
      9.489683151245117,
      19.886987686157227,
      7.654696941375732,
      3.4286997318267822
    ],
    [
      3.3949332237243652,
      0.24169489741325378,
      6.350521564483643,
      6.72271728515625,
      8.972380638122559,
      19.428499221801758,
      13.259060859680176,
      17.705650329589844,
      16.0072078704834,
      20.58285140991211,
      27.599210739135742,
      22.69463348388672,
      26.895267486572266,
      9.600974082946777,
      25.071186065673828,
      4.367408275604248,
      24.97811508178711,
      1.2916529178619385
    ],
    [
      2.302830457687378,
      0.8917989730834961,
      5.38168478012085,
      33.7508430480957,
      12.568168640136719,
      48.97117614746094,
      7.911972999572754,
      47.963680267333984,
      6.049077033996582,
      43.619266510009766,
      22.69463348388672,
      68.15005493164062,
      10.918839454650879,
      30.761680603027344,
      8.849581718444824,
      17.724576950073242,
      5.116872787475586,
      4.402514934539795
    ],
    [
      4.648768901824951,
      -0.2266470342874527,
      10.691401481628418,
      -5.544416904449463,
      7.687591552734375,
      8.742380142211914,
      13.462947845458984,
      6.9686384201049805,
      18.360271453857422,
      9.738256454467773,
      26.895267486572266,
      10.918839454650879,
      67.25720977783203,
      4.0128936767578125,
      68.11677551269531,
      -0.32517993450164795,
      57.086421966552734,
      3.4619808197021484
    ],
    [
      1.2201210260391235,
      5.468826770782471,
      4.4434428215026855,
      25.634275436401367,
      3.179823398590088,
      10.246437072753906,
      4.097164154052734,
      17.124351501464844,
      5.588592529296875,
      36.66984176635742,
      9.600974082946777,
      30.761680603027344,
      4.0128936767578125,
      81.8529052734375,
      4.363229274749756,
      53.59965896606445,
      10.671297073364258,
      19.629064559936523
    ],
    [
      8.291297912597656,
      0.20718857645988464,
      12.526359558105469,
      -6.047185897827148,
      7.890843391418457,
      8.418403625488281,
      13.15252685546875,
      6.74295711517334,
      17.757184982299805,
      9.489683151245117,
      25.071186065673828,
      8.849581718444824,
      68.11677551269531,
      4.363229274749756,
      82.6104736328125,
      0.9998050928115845,
      74.81486511230469,
      3.6383323669433594
    ],
    [
      0.3818632960319519,
      3.727759838104248,
      1.542109727859497,
      13.944512367248535,
      1.709551453590393,
      4.19398307800293,
      2.8211047649383545,
      10.479936599731445,
      2.052140712738037,
      19.886987686157227,
      4.367408275604248,
      17.724576950073242,
      -0.32517993450164795,
      53.59965896606445,
      0.9998050928115845,
      52.924407958984375,
      4.564324855804443,
      18.096834182739258
    ],
    [
      12.477873802185059,
      3.6205549240112305,
      16.34494400024414,
      -3.687699556350708,
      9.01467514038086,
      7.819056034088135,
      19.298404693603516,
      5.411227703094482,
      24.535768508911133,
      7.654696941375732,
      24.97811508178711,
      5.116872787475586,
      57.086421966552734,
      10.671297073364258,
      74.81486511230469,
      4.564324855804443,
      102.35983276367188,
      2.4037587642669678
    ],
    [
      -0.4816925823688507,
      0.9035229086875916,
      -0.33633533120155334,
      0.5088223814964294,
      -1.0293586254119873,
      -4.004297256469727,
      -0.30889758467674255,
      -1.4526145458221436,
      0.15087872743606567,
      3.4286997318267822,
      1.2916529178619385,
      4.402514934539795,
      3.4619808197021484,
      19.629064559936523,
      3.6383323669433594,
      18.096834182739258,
      2.4037587642669678,
      10.261009216308594
    ]
  ],
  "damage": -15.940499305725098,
  "diff_bandwidth": 847.7539672851562,
  "dissonance": 9.400197736652423,
  "drr": 2.804670572280884,
  "dynamics": 2.720219612121582,
  "format": 1245190,
  "frames": 8699840,
  "loudness": -21.528053283691406,
  "loudness_range": 6.497779846191406,
  "loudness_range_short": 8.939001083374023,
  "lowpass_true_peak_15khz": -5.449611663818359,
  "mastering3_acoustic_entropies": [
    {
      "acoustic_entropy": 7.099306106567383,
      "acoustic_entropy_mono": 7.202986717224121,
      "band_eliminated_acoustic_entropies": [
        {
          "acoustic_entropy": 7.104562282562256,
          "acoustic_entropy_side": 7.099305152893066,
          "hz": 129.47220167065723
        },
        {
          "acoustic_entropy": 7.150984287261963,
          "acoustic_entropy_side": 7.094829559326172,
          "hz": 202.92927478742237
        },
        {
          "acoustic_entropy": 7.155935764312744,
          "acoustic_entropy_side": 7.069731712341309,
          "hz": 282.89161906338205
        },
        {
          "acoustic_entropy": 7.421088218688965,
          "acoustic_entropy_side": 7.077170372009277,
          "hz": 369.9353335868758
        },
        {
          "acoustic_entropy": 7.5077643394470215,
          "acoustic_entropy_side": 6.982834815979004,
          "hz": 464.6875360973435
        },
        {
          "acoustic_entropy": 6.908834934234619,
          "acoustic_entropy_side": 7.153454303741455,
          "hz": 567.8308811364784
        },
        {
          "acoustic_entropy": 7.471431732177734,
          "acoustic_entropy_side": 7.336091041564941,
          "hz": 680.1084783214808
        },
        {
          "acoustic_entropy": 7.316070556640625,
          "acoustic_entropy_side": 7.3790154457092285,
          "hz": 802.3292461747484
        },
        {
          "acoustic_entropy": 7.085577964782715,
          "acoustic_entropy_side": 7.181694030761719,
          "hz": 935.3737400823702
        },
        {
          "acoustic_entropy": 7.137857437133789,
          "acoustic_entropy_side": 7.161322593688965,
          "hz": 1080.2004963696966
        },
        {
          "acoustic_entropy": 7.318515777587891,
          "acoustic_entropy_side": 6.983118057250977,
          "hz": 1237.8529382007157
        },
        {
          "acoustic_entropy": 6.70668888092041,
          "acoustic_entropy_side": 6.702807426452637,
          "hz": 1409.4668930556702
        },
        {
          "acoustic_entropy": 7.128312587738037,
          "acoustic_entropy_side": 7.175723075866699,
          "hz": 1596.2787759475705
        },
        {
          "acoustic_entropy": 6.950710296630859,
          "acoustic_entropy_side": 6.939785480499268,
          "hz": 1799.6344973346393
        },
        {
          "acoustic_entropy": 6.899999141693115,
          "acoustic_entropy_side": 7.060901165008545,
          "hz": 2020.9991599069049
        },
        {
          "acoustic_entropy": 7.0191497802734375,
          "acoustic_entropy_side": 7.0819807052612305,
          "hz": 2261.9676141086993
        },
        {
          "acoustic_entropy": 6.975134372711182,
          "acoustic_entropy_side": 7.027791976928711,
          "hz": 2524.2759484456974
        },
        {
          "acoustic_entropy": 7.053319931030273,
          "acoustic_entropy_side": 7.085875988006592,
          "hz": 2809.813997359896
        },
        {
          "acoustic_entropy": 6.989151477813721,
          "acoustic_entropy_side": 7.068626403808594,
          "hz": 3120.6389567871424
        },
        {
          "acoustic_entropy": 7.038200855255127,
          "acoustic_entropy_side": 6.989252090454102,
          "hz": 3458.990205492291
        },
        {
          "acoustic_entropy": 6.959201335906982,
          "acoustic_entropy_side": 7.078492641448975,
          "hz": 3827.305438964164
        },
        {
          "acoustic_entropy": 7.091699600219727,
          "acoustic_entropy_side": 7.097118377685547,
          "hz": 4228.238232109126
        },
        {
          "acoustic_entropy": 7.125142574310303,
          "acoustic_entropy_side": 7.093332290649414,
          "hz": 4664.6771572759235
        },
        {
          "acoustic_entropy": 7.1575026512146,
          "acoustic_entropy_side": 7.083615779876709,
          "hz": 5139.766595350093
        },
        {
          "acoustic_entropy": 7.062372207641602,
          "acoustic_entropy_side": 7.0137715339660645,
          "hz": 5656.929389854203
        },
        {
          "acoustic_entropy": 6.9756364822387695,
          "acoustic_entropy_side": 6.937506198883057,
          "hz": 6219.891507268283
        },
        {
          "acoustic_entropy": 6.963398456573486,
          "acoustic_entropy_side": 6.907854080200195,
          "hz": 6832.70888123896
        },
        {
          "acoustic_entropy": 6.797763824462891,
          "acoustic_entropy_side": 6.778047561645508,
          "hz": 7499.796634079867
        },
        {
          "acoustic_entropy": 6.7178754806518555,
          "acoustic_entropy_side": 6.830471038818359,
          "hz": 8225.96088609342
        },
        {
          "acoustic_entropy": 6.965447902679443,
          "acoustic_entropy_side": 6.951079368591309,
          "hz": 9016.43338188839
        },
        {
          "acoustic_entropy": 7.076127529144287,
          "acoustic_entropy_side": 7.027187347412109,
          "hz": 9876.909183162974
        },
        {
          "acoustic_entropy": 7.1257476806640625,
          "acoustic_entropy_side": 7.087807655334473,
          "hz": 10813.587699516042
        },
        {
          "acoustic_entropy": 7.119062423706055,
          "acoustic_entropy_side": 7.0950117111206055,
          "hz": 11833.21735289826
        },
        {
          "acoustic_entropy": 7.128269195556641,
          "acoustic_entropy_side": 7.097113132476807,
          "hz": 12943.144197493959
        },
        {
          "acoustic_entropy": 7.093683242797852,
          "acoustic_entropy_side": 7.098700523376465,
          "hz": 14151.364845322005
        },
        {
          "acoustic_entropy": 7.0715718269348145,
          "acoustic_entropy_side": 7.0991997718811035,
          "hz": 15466.58407886509
        },
        {
          "acoustic_entropy": 7.12066650390625,
          "acoustic_entropy_side": 7.099292278289795,
          "hz": 16898.27756580493
        },
        {
          "acoustic_entropy": 7.112037658691406,
          "acoustic_entropy_side": 7.099305152893066,
          "hz": 18456.760127700032
        },
        {
          "acoustic_entropy": 7.099743366241455,
          "acoustic_entropy_side": 7.099306583404541,
          "hz": 20153.260054456492
        },
        {
          "acoustic_entropy": 7.099311828613281,
          "acoustic_entropy_side": 7.099306106567383,
          "hz": 22000.00000000001
        }
      ],
      "diff_acoustic_entropy": 4.596372127532959,
      "sn": 6
    },
    {
      "acoustic_entropy": 13.345893859863281,
      "acoustic_entropy_mono": 10.64122486114502,
      "band_eliminated_acoustic_entropies": [
        {
          "acoustic_entropy": 13.358209609985352,
          "acoustic_entropy_side": 13.345890998840332,
          "hz": 129.47220167065723
        },
        {
          "acoustic_entropy": 13.482976913452148,
          "acoustic_entropy_side": 13.37902545928955,
          "hz": 202.92927478742237
        },
        {
          "acoustic_entropy": 13.286425590515137,
          "acoustic_entropy_side": 13.644136428833008,
          "hz": 282.89161906338205
        },
        {
          "acoustic_entropy": 12.938408851623535,
          "acoustic_entropy_side": 13.340691566467285,
          "hz": 369.9353335868758
        },
        {
          "acoustic_entropy": 13.249563217163086,
          "acoustic_entropy_side": 13.19372844696045,
          "hz": 464.6875360973435
        },
        {
          "acoustic_entropy": 12.94217300415039,
          "acoustic_entropy_side": 12.949377059936523,
          "hz": 567.8308811364784
        },
        {
          "acoustic_entropy": 13.136049270629883,
          "acoustic_entropy_side": 12.874991416931152,
          "hz": 680.1084783214808
        },
        {
          "acoustic_entropy": 13.52149772644043,
          "acoustic_entropy_side": 14.180097579956055,
          "hz": 802.3292461747484
        },
        {
          "acoustic_entropy": 13.966629028320312,
          "acoustic_entropy_side": 13.66983413696289,
          "hz": 935.3737400823702
        },
        {
          "acoustic_entropy": 13.221213340759277,
          "acoustic_entropy_side": 13.539351463317871,
          "hz": 1080.2004963696966
        },
        {
          "acoustic_entropy": 12.95305347442627,
          "acoustic_entropy_side": 13.355413436889648,
          "hz": 1237.8529382007157
        },
        {
          "acoustic_entropy": 13.363311767578125,
          "acoustic_entropy_side": 13.250960350036621,
          "hz": 1409.4668930556702
        },
        {
          "acoustic_entropy": 13.231921195983887,
          "acoustic_entropy_side": 12.833230018615723,
          "hz": 1596.2787759475705
        },
        {
          "acoustic_entropy": 13.222784996032715,
          "acoustic_entropy_side": 13.300932884216309,
          "hz": 1799.6344973346393
        },
        {
          "acoustic_entropy": 13.665985107421875,
          "acoustic_entropy_side": 13.068370819091797,
          "hz": 2020.9991599069049
        },
        {
          "acoustic_entropy": 13.150670051574707,
          "acoustic_entropy_side": 13.292901039123535,
          "hz": 2261.9676141086993
        },
        {
          "acoustic_entropy": 13.252883911132812,
          "acoustic_entropy_side": 13.039202690124512,
          "hz": 2524.2759484456974
        },
        {
          "acoustic_entropy": 13.490896224975586,
          "acoustic_entropy_side": 13.19888687133789,
          "hz": 2809.813997359896
        },
        {
          "acoustic_entropy": 13.012632369995117,
          "acoustic_entropy_side": 13.02393627166748,
          "hz": 3120.6389567871424
        },
        {
          "acoustic_entropy": 12.759095191955566,
          "acoustic_entropy_side": 12.727320671081543,
          "hz": 3458.990205492291
        },
        {
          "acoustic_entropy": 12.995458602905273,
          "acoustic_entropy_side": 12.819685935974121,
          "hz": 3827.305438964164
        },
        {
          "acoustic_entropy": 13.22252368927002,
          "acoustic_entropy_side": 13.237587928771973,
          "hz": 4228.238232109126
        },
        {
          "acoustic_entropy": 13.217552185058594,
          "acoustic_entropy_side": 13.314708709716797,
          "hz": 4664.6771572759235
        },
        {
          "acoustic_entropy": 13.038490295410156,
          "acoustic_entropy_side": 13.288442611694336,
          "hz": 5139.766595350093
        },
        {
          "acoustic_entropy": 12.940746307373047,
          "acoustic_entropy_side": 13.086628913879395,
          "hz": 5656.929389854203
        },
        {
          "acoustic_entropy": 12.794612884521484,
          "acoustic_entropy_side": 13.050310134887695,
          "hz": 6219.891507268283
        },
        {
          "acoustic_entropy": 12.780058860778809,
          "acoustic_entropy_side": 13.002193450927734,
          "hz": 6832.70888123896
        },
        {
          "acoustic_entropy": 12.891032218933105,
          "acoustic_entropy_side": 12.966861724853516,
          "hz": 7499.796634079867
        },
        {
          "acoustic_entropy": 13.018606185913086,
          "acoustic_entropy_side": 12.920612335205078,
          "hz": 8225.96088609342
        },
        {
          "acoustic_entropy": 13.3018159866333,
          "acoustic_entropy_side": 13.148238182067871,
          "hz": 9016.43338188839
        },
        {
          "acoustic_entropy": 13.181065559387207,
          "acoustic_entropy_side": 13.235208511352539,
          "hz": 9876.909183162974
        },
        {
          "acoustic_entropy": 13.236907005310059,
          "acoustic_entropy_side": 13.31865406036377,
          "hz": 10813.587699516042
        },
        {
          "acoustic_entropy": 13.122715950012207,
          "acoustic_entropy_side": 13.337506294250488,
          "hz": 11833.21735289826
        },
        {
          "acoustic_entropy": 13.110910415649414,
          "acoustic_entropy_side": 13.340840339660645,
          "hz": 12943.144197493959
        },
        {
          "acoustic_entropy": 13.075305938720703,
          "acoustic_entropy_side": 13.344524383544922,
          "hz": 14151.364845322005
        },
        {
          "acoustic_entropy": 13.12558364868164,
          "acoustic_entropy_side": 13.346084594726562,
          "hz": 15466.58407886509
        },
        {
          "acoustic_entropy": 13.173759460449219,
          "acoustic_entropy_side": 13.345965385437012,
          "hz": 16898.27756580493
        },
        {
          "acoustic_entropy": 13.219870567321777,
          "acoustic_entropy_side": 13.345902442932129,
          "hz": 18456.760127700032
        },
        {
          "acoustic_entropy": 13.340986251831055,
          "acoustic_entropy_side": 13.34589672088623,
          "hz": 20153.260054456492
        },
        {
          "acoustic_entropy": 13.345866203308105,
          "acoustic_entropy_side": 13.345893859863281,
          "hz": 22000.00000000001
        }
      ],
      "diff_acoustic_entropy": 8.715424537658691,
      "sn": 12
    },
    {
      "acoustic_entropy": 21.448165893554688,
      "acoustic_entropy_mono": 14.799371719360352,
      "band_eliminated_acoustic_entropies": [
        {
          "acoustic_entropy": 21.544944763183594,
          "acoustic_entropy_side": 21.447839736938477,
          "hz": 129.47220167065723
        },
        {
          "acoustic_entropy": 20.76390838623047,
          "acoustic_entropy_side": 21.147119522094727,
          "hz": 202.92927478742237
        },
        {
          "acoustic_entropy": 21.290857315063477,
          "acoustic_entropy_side": 21.89891242980957,
          "hz": 282.89161906338205
        },
        {
          "acoustic_entropy": 21.642589569091797,
          "acoustic_entropy_side": 20.833425521850586,
          "hz": 369.9353335868758
        },
        {
          "acoustic_entropy": 22.712974548339844,
          "acoustic_entropy_side": 22.0400447845459,
          "hz": 464.6875360973435
        },
        {
          "acoustic_entropy": 21.180126190185547,
          "acoustic_entropy_side": 21.563344955444336,
          "hz": 567.8308811364784
        },
        {
          "acoustic_entropy": 21.832653045654297,
          "acoustic_entropy_side": 22.65920639038086,
          "hz": 680.1084783214808
        },
        {
          "acoustic_entropy": 22.414766311645508,
          "acoustic_entropy_side": 22.973695755004883,
          "hz": 802.3292461747484
        },
        {
          "acoustic_entropy": 21.627695083618164,
          "acoustic_entropy_side": 22.027240753173828,
          "hz": 935.3737400823702
        },
        {
          "acoustic_entropy": 21.47231674194336,
          "acoustic_entropy_side": 21.64974594116211,
          "hz": 1080.2004963696966
        },
        {
          "acoustic_entropy": 20.977127075195312,
          "acoustic_entropy_side": 21.963050842285156,
          "hz": 1237.8529382007157
        },
        {
          "acoustic_entropy": 21.618375778198242,
          "acoustic_entropy_side": 21.535245895385742,
          "hz": 1409.4668930556702
        },
        {
          "acoustic_entropy": 22.541528701782227,
          "acoustic_entropy_side": 22.854360580444336,
          "hz": 1596.2787759475705
        },
        {
          "acoustic_entropy": 20.713037490844727,
          "acoustic_entropy_side": 21.097475051879883,
          "hz": 1799.6344973346393
        },
        {
          "acoustic_entropy": 21.725692749023438,
          "acoustic_entropy_side": 21.596603393554688,
          "hz": 2020.9991599069049
        },
        {
          "acoustic_entropy": 21.1115779876709,
          "acoustic_entropy_side": 21.533000946044922,
          "hz": 2261.9676141086993
        },
        {
          "acoustic_entropy": 21.587940216064453,
          "acoustic_entropy_side": 21.572938919067383,
          "hz": 2524.2759484456974
        },
        {
          "acoustic_entropy": 20.921926498413086,
          "acoustic_entropy_side": 21.00745964050293,
          "hz": 2809.813997359896
        },
        {
