{
  "acoustic_entropy": 142.03515625,
  "bands": [
    {
      "high_freq": 148.1999969482422,
      "loudness": -43.974365234375,
      "loudness_range": 22.47003936767578,
      "mid_mean": -40.60512161254883,
      "mid_to_side_loudness": -12.194154739379883,
      "mid_to_side_loudness_range": 10.898173332214355,
      "side_mean": -52.959938049316406
    },
    {
      "high_freq": 392.3793640136719,
      "loudness": -24.81938934326172,
      "loudness_range": 11.585725784301758,
      "low_freq": 148.1999969482422,
      "mid_mean": -22.24208641052246,
      "mid_to_side_loudness": -5.979261875152588,
      "mid_to_side_loudness_range": 5.611660003662109,
      "side_mean": -28.40989112854004
    },
    {
      "high_freq": 794.6976318359375,
      "loudness": -25.369552612304688,
      "loudness_range": 12.731502532958984,
      "low_freq": 392.3793640136719,
      "mid_mean": -23.4599552154541,
      "mid_to_side_loudness": -3.187073230743408,
      "mid_to_side_loudness_range": 8.925024032592773,
      "side_mean": -26.97900390625
    },
    {
      "high_freq": 1457.5709228515625,
      "loudness": -32.675411224365234,
      "loudness_range": 15.93280029296875,
      "low_freq": 794.6976318359375,
      "mid_mean": -31.489351272583008,
      "mid_to_side_loudness": -1.5604300498962402,
      "mid_to_side_loudness_range": 5.675424098968506,
      "side_mean": -33.017250061035156
    },
    {
      "high_freq": 2549.74365234375,
      "loudness": -34.943138122558594,
      "loudness_range": 17.10680389404297,
      "low_freq": 1457.5709228515625,
      "mid_mean": -35.08725357055664,
      "mid_to_side_loudness": 0.9464133381843567,
      "mid_to_side_loudness_range": 5.4019246101379395,
      "side_mean": -33.987335205078125
    },
    {
      "high_freq": 4349.24462890625,
      "loudness": -42.50179672241211,
      "loudness_range": 20.493362426757812,
      "low_freq": 2549.74365234375,
      "mid_mean": -42.34014892578125,
      "mid_to_side_loudness": 0.19370029866695404,
      "mid_to_side_loudness_range": 6.080147743225098,
      "side_mean": -42.044044494628906
    },
    {
      "high_freq": 7314.1640625,
      "loudness": -55.790626525878906,
      "loudness_range": 23.999046325683594,
      "low_freq": 4349.24462890625,
      "mid_mean": -57.33209228515625,
      "mid_to_side_loudness": -0.3969869911670685,
      "mid_to_side_loudness_range": 5.826986312866211,
      "side_mean": -57.63859176635742
    },
    {
      "high_freq": 12199.2666015625,
      "loudness": -72.7218246459961,
      "loudness_range": 23.166423797607422,
      "low_freq": 7314.1640625,
      "mid_mean": -67.5919418334961,
      "mid_to_side_loudness": 0.1716504842042923,
      "mid_to_side_loudness_range": 4.680994987487793,
      "side_mean": -67.42742919921875
    },
    {
      "loudness": 0,
      "loudness_range": 0,
      "low_freq": 12199.2666015625,
      "mid_mean": -69.93236541748047,
      "mid_to_side_loudness": 0.061679862439632416,
      "mid_to_side_loudness_range": 2.1360068321228027,
      "side_mean": -69.92577362060547
    }
  ],
  "bands_short": [
    {
      "high_freq": 148.1999969482422,
      "loudness": -47.64290237426758,
      "loudness_range": 22.150588989257812,
      "mid_mean": -44.27717590332031,
      "mid_to_side_loudness": -13.176471710205078,
      "mid_to_side_loudness_range": 15.770259857177734,
      "side_mean": -57.239158630371094
    },
    {
      "high_freq": 392.3793640136719,
      "loudness": -25.768085479736328,
      "loudness_range": 12.917093276977539,
      "low_freq": 148.1999969482422,
      "mid_mean": -23.201446533203125,
      "mid_to_side_loudness": -6.495289325714111,
      "mid_to_side_loudness_range": 8.089614868164062,
      "side_mean": -29.59262466430664
    },
    {
      "high_freq": 794.6976318359375,
      "loudness": -25.167579650878906,
      "loudness_range": 13.683084487915039,
      "low_freq": 392.3793640136719,
      "mid_mean": -23.308813095092773,
      "mid_to_side_loudness": -3.4021425247192383,
      "mid_to_side_loudness_range": 9.852616310119629,
      "side_mean": -27.199697494506836
    },
    {
      "high_freq": 1457.5709228515625,
      "loudness": -32.63776779174805,
      "loudness_range": 15.782949447631836,
      "low_freq": 794.6976318359375,
      "mid_mean": -31.735435485839844,
      "mid_to_side_loudness": -1.1430517435073853,
      "mid_to_side_loudness_range": 7.634100914001465,
      "side_mean": -32.788719177246094
    },
    {
      "high_freq": 2549.74365234375,
      "loudness": -35.411746978759766,
      "loudness_range": 17.873546600341797,
      "low_freq": 1457.5709228515625,
      "mid_mean": -35.56232833862305,
      "mid_to_side_loudness": 0.9204866886138916,
      "mid_to_side_loudness_range": 7.171003341674805,
      "side_mean": -34.56391143798828
    },
    {
      "high_freq": 4349.24462890625,
      "loudness": -42.79918670654297,
      "loudness_range": 21.347518920898438,
      "low_freq": 2549.74365234375,
      "mid_mean": -42.79461669921875,
      "mid_to_side_loudness": -0.12422443181276321,
      "mid_to_side_loudness_range": 7.639490127563477,
      "side_mean": -42.73583984375
    },
    {
      "high_freq": 7314.1640625,
      "loudness": -56.983795166015625,
      "loudness_range": 25.972461700439453,
      "low_freq": 4349.24462890625,
      "mid_mean": -58.125755310058594,
      "mid_to_side_loudness": -0.7434608340263367,
      "mid_to_side_loudness_range": 6.94206428527832,
      "side_mean": -58.683738708496094
    },
    {
      "high_freq": 12199.2666015625,
      "loudness": -73.82135772705078,
      "loudness_range": 22.976486206054688,
      "low_freq": 7314.1640625,
      "mid_mean": -68.16898345947266,
      "mid_to_side_loudness": 0.12755455076694489,
      "mid_to_side_loudness_range": 6.186136722564697,
      "side_mean": -68.0605239868164
    },
    {
      "loudness": -84.56582641601562,
      "loudness_range": 11.249183654785156,
      "low_freq": 12199.2666015625,
      "mid_mean": -69.93305206298828,
      "mid_to_side_loudness": -0.01670619286596775,
      "mid_to_side_loudness_range": 3.2677536010742188,
      "side_mean": -69.92804718017578
    }
  ],
  "bandwidth": 581.5132446289062,
  "channels": 2,
  "covariance": [
    [
      54.895912170410156,
      52.59114074707031,
      17.82436752319336,
      19.436397552490234,
      19.018253326416016,
      22.869962692260742,
      23.376779556274414,
      25.53716278076172,
      29.875043869018555,
      26.741867065429688,
      29.24684715270996,
      30.521684646606445,
      40.271080017089844,
      39.94728469848633,
      11.554952621459961,
      12.005532264709473,
      0.2762700915336609,
      0.3128633499145508
    ],
    [
      52.59114074707031,
      67.8429946899414,
      19.396411895751953,
      20.211166381835938,
      16.465044021606445,
      21.42256736755371,
      21.500619888305664,
      23.885704040527344,
      28.649700164794922,
      24.756328582763672,
      26.61473274230957,
      28.711833953857422,
      41.33726501464844,
      40.7899284362793,
      10.928811073303223,
      11.631903648376465,
      0.2662436366081238,
      0.28835880756378174
    ],
    [
      17.82436752319336,
      19.396411895751953,
      26.744365692138672,
      25.537853240966797,
      14.432404518127441,
      15.987393379211426,
      19.008329391479492,
      18.688827514648438,
      20.457569122314453,
      18.89303207397461,
      19.716419219970703,
      20.9875545501709,
      30.496641159057617,
      29.417173385620117,
      8.027263641357422,
      8.353588104248047,
      0.17720480263233185,
      0.20267805457115173
    ],
    [
      19.436397552490234,
      20.211166381835938,
      25.537853240966797,
      31.889171600341797,
      14.947962760925293,
      16.428163528442383,
      19.002607345581055,
      18.32478904724121,
      20.772544860839844,
      19.110675811767578,
      20.52766990661621,
      21.761899948120117,
      32.738834381103516,
      32.09919738769531,
      8.406045913696289,
      8.694396018981934,
      0.1960884928703308,
      0.23355059325695038
    ],
    [
      19.018253326416016,
      16.465044021606445,
      14.432404518127441,
      14.947962760925293,
      30.799083709716797,
      24.623401641845703,
      23.48893165588379,
      21.703636169433594,
      28.522686004638672,
      29.892024993896484,
      29.014278411865234,
      29.36025047302246,
      37.30184555053711,
      36.075626373291016,
      10.223034858703613,
      10.72298526763916,
      0.20622311532497406,
      0.24820910394191742
    ],
    [
      22.869962692260742,
      21.42256736755371,
      15.987393379211426,
      16.428163528442383,
      24.623401641845703,
      30.210147857666016,
      25.23885154724121,
      24.3227481842041,
      29.0638427734375,
      28.042346954345703,
      29.103099822998047,
      28.497777938842773,
      38.98814392089844,
      38.61945343017578,
      10.781354904174805,
      11.903828620910645,
      0.22428016364574432,
      0.2717730700969696
    ],
    [
      23.376779556274414,
      21.500619888305664,
      19.008329391479492,
      19.002607345581055,
      23.48893165588379,
      25.23885154724121,
      39.37782669067383,
      35.875736236572266,
      31.264127731323242,
      30.60936164855957,
      32.11133575439453,
      31.21022605895996,
      43.83914566040039,
      43.47473907470703,
      13.558212280273438,
      14.541065216064453,
      0.2721904516220093,
      0.33173713088035583
    ],
    [
      25.53716278076172,
      23.885704040527344,
      18.688827514648438,
      18.32478904724121,
      21.703636169433594,
      24.3227481842041,
      35.875736236572266,
      38.508460998535156,
      31.428998947143555,
      29.38039207458496,
      31.526500701904297,
      30.793018341064453,
      42.48100280761719,
      42.4024772644043,
      13.322834968566895,
      14.2611665725708,
      0.27109652757644653,
      0.33241134881973267
    ],
    [
      29.875043869018555,
      28.649700164794922,
      20.457569122314453,
      20.772544860839844,
      28.522686004638672,
      29.0638427734375,
      31.264127731323242,
      31.428998947143555,
      44.048858642578125,
      40.55162048339844,
      41.22140121459961,
      41.72571563720703,
      49.60004425048828,
      48.497650146484375,
      13.968269348144531,
      14.963722229003906,
      0.2910277545452118,
      0.3499002754688263
    ],
    [
      26.741867065429688,
      24.756328582763672,
      18.89303207397461,
      19.110675811767578,
      29.892024993896484,
      28.042346954345703,
      30.60936164855957,
      29.38039207458496,
      40.55162048339844,
      45.09520721435547,
      42.26677322387695,
      42.39784240722656,
      49.763221740722656,
      48.281005859375,
      14.022040367126465,
      14.684603691101074,
      0.289931982755661,
      0.34779253602027893
    ],
    [
      29.24684715270996,
      26.61473274230957,
      19.716419219970703,
      20.52766990661621,
      29.014278411865234,
      29.103099822998047,
      32.11133575439453,
      31.526500701904297,
      41.22140121459961,
      42.26677322387695,
      56.047420501708984,
      52.6761589050293,
      58.29768753051758,
      56.99129867553711,
      18.105369567871094,
      19.42344856262207,
      0.37227749824523926,
      0.44682759046554565
    ],
    [
      30.521684646606445,
      28.711833953857422,
      20.9875545501709,
      21.761899948120117,
      29.36025047302246,
      28.497777938842773,
      31.21022605895996,
      30.793018341064453,
      41.72571563720703,
      42.39784240722656,
      52.6761589050293,
      57.76761245727539,
      57.86735153198242,
      56.99441909790039,
      17.490013122558594,
      18.674739837646484,
      0.35623130202293396,
      0.4318981170654297
    ],
    [
      40.271080017089844,
      41.33726501464844,
      30.496641159057617,
      32.738834381103516,
      37.30184555053711,
      38.98814392089844,
      43.83914566040039,
      42.48100280761719,
      49.60004425048828,
      49.763221740722656,
      58.29768753051758,
      57.86735153198242,
      80.76416778564453,
      78.71698760986328,
      24.204835891723633,
      26.1038875579834,
      0.5061145424842834,
      0.6108059287071228
    ],
    [
      39.94728469848633,
      40.7899284362793,
      29.417173385620117,
      32.09919738769531,
      36.075626373291016,
      38.61945343017578,
      43.47473907470703,
      42.4024772644043,
      48.497650146484375,
      48.281005859375,
      56.99129867553711,
      56.99441909790039,
      78.71698760986328,
      79.23611450195312,
      24.27745246887207,
      26.007917404174805,
      0.5168446898460388,
      0.6360810399055481
    ],
    [
      11.554952621459961,
      10.928811073303223,
      8.027263641357422,
      8.406045913696289,
      10.223034858703613,
      10.781354904174805,
      13.558212280273438,
      13.322834968566895,
      13.968269348144531,
      14.022040367126465,
      18.105369567871094,
      17.490013122558594,
      24.204835891723633,
      24.27745246887207,
      12.044222831726074,
      12.587519645690918,
      0.2698540985584259,
      0.3483237028121948
    ],
    [
      12.005532264709473,
      11.631903648376465,
      8.353588104248047,
      8.694396018981934,
      10.72298526763916,
      11.903828620910645,
      14.541065216064453,
      14.2611665725708,
      14.963722229003906,
      14.684603691101074,
      19.42344856262207,
      18.674739837646484,
      26.1038875579834,
      26.007917404174805,
      12.587519645690918,
      14.498735427856445,
      0.2771219313144684,
      0.35632580518722534
    ],
    [
      0.2762700915336609,
      0.2662436366081238,
      0.17720480263233185,
      0.1960884928703308,
      0.20622311532497406,
      0.22428016364574432,
      0.2721904516220093,
      0.27109652757644653,
      0.2910277545452118,
      0.289931982755661,
      0.37227749824523926,
      0.35623130202293396,
      0.5061145424842834,
      0.5168446898460388,
      0.2698540985584259,
      0.2771219313144684,
      0.009732237085700035,
      0.01191624067723751
    ],
    [
      0.3128633499145508,
      0.28835880756378174,
      0.20267805457115173,
      0.23355059325695038,
      0.24820910394191742,
      0.2717730700969696,
      0.33173713088035583,
      0.33241134881973267,
      0.3499002754688263,
      0.34779253602027893,
      0.44682759046554565,
      0.4318981170654297,
      0.6108059287071228,
      0.6360810399055481,
      0.3483237028121948,
      0.35632580518722534,
      0.01191624067723751,
      0.018963851034641266
    ]
  ],
  "covariance_short": [
    [
      55.8211555480957,
      39.043975830078125,
      19.236000061035156,
      18.831745147705078,
      16.49433135986328,
      21.11725616455078,
      21.813066482543945,
      23.13378143310547,
      27.83556365966797,
      25.119915008544922,
      29.42670440673828,
      30.610183715820312,
      37.434452056884766,
      37.14653778076172,
      9.815052032470703,
      10.087553977966309,
      0.30127662420272827,
      0.34151214361190796
    ],
    [
      39.043975830078125,
      52.510128021240234,
      19.049427032470703,
      17.366945266723633,
      12.434264183044434,
      16.56246566772461,
      17.572429656982422,
      19.112197875976562,
      22.981931686401367,
      19.945749282836914,
      22.726245880126953,
      24.681825637817383,
      30.943838119506836,
      30.508541107177734,
      6.798002243041992,
      7.30206298828125,
      0.19820567965507507,
      0.20868980884552002
    ],
    [
      19.236000061035156,
      19.049427032470703,
      33.48095703125,
      28.313732147216797,
      17.869874954223633,
      19.3143367767334,
      20.84526252746582,
      20.099254608154297,
      23.28169059753418,
      22.184484481811523,
      23.247922897338867,
      24.513195037841797,
      31.58235740661621,
      30.573305130004883,
      7.1805830001831055,
      7.27735710144043,
      0.18670234084129333,
      0.20833753049373627
    ],
    [
      18.831745147705078,
      17.366945266723633,
      28.313732147216797,
      34.977684020996094,
      18.300519943237305,
      19.58450698852539,
      20.87755584716797,
      19.652833938598633,
      22.478866577148438,
      21.328285217285156,
      22.218252182006836,
      24.037551879882812,
      31.301156997680664,
      30.716856002807617,
      6.724870681762695,
      6.764808654785156,
      0.18047088384628296,
      0.20822913944721222
    ],
    [
      16.49433135986328,
      12.434264183044434,
      17.869874954223633,
      18.300519943237305,
      33.92076873779297,
      27.045658111572266,
      24.234926223754883,
      22.168617248535156,
      28.241744995117188,
      30.072303771972656,
      31.50391960144043,
      31.81675910949707,
      37.810791015625,
      36.08169174194336,
      8.85629940032959,
      9.263590812683105,
      0.22440524399280548,
      0.267203152179718
    ],
    [
      21.11725616455078,
      16.56246566772461,
      19.3143367767334,
      19.58450698852539,
      27.045658111572266,
      36.13677215576172,
      26.48890495300293,
      25.576635360717773,
      29.301048278808594,
      28.727527618408203,
      32.486637115478516,
      31.407562255859375,
      41.11669921875,
      40.09278869628906,
      9.641510009765625,
      10.560068130493164,
      0.2580728530883789,
      0.3017181158065796
    ],
    [
      21.813066482543945,
      17.572429656982422,
      20.84526252746582,
      20.87755584716797,
      24.234926223754883,
      26.48890495300293,
      41.87192153930664,
      35.75838851928711,
      32.83481979370117,
      33.623756408691406,
      35.67251205444336,
      35.07719802856445,
      44.092559814453125,
      43.43458557128906,
      11.92487621307373,
      12.511898040771484,
      0.31278347969055176,
      0.37312373518943787
    ],
    [
      23.13378143310547,
      19.112197875976562,
      20.099254608154297,
      19.652833938598633,
      22.168617248535156,
      25.576635360717773,
      35.75838851928711,
      39.692283630371094,
      33.04160690307617,
      32.45771026611328,
      35.38759231567383,
      35.005592346191406,
      42.50917434692383,
      42.5692024230957,
      11.359864234924316,
      11.883817672729492,
      0.29915645718574524,
      0.35837775468826294
    ],
    [
      27.83556365966797,
      22.981931686401367,
      23.28169059753418,
      22.478866577148438,
      28.241744995117188,
      29.301048278808594,
      32.83481979370117,
      33.04160690307617,
      46.67998123168945,
      42.86125946044922,
      45.41716003417969,
      45.404605865478516,
      50.11208724975586,
      49.03419876098633,
      12.251712799072266,
      12.967437744140625,
      0.3275768756866455,
      0.38218000531196594
    ],
    [
      25.119915008544922,
      19.945749282836914,
      22.184484481811523,
      21.328285217285156,
      30.072303771972656,
      28.727527618408203,
      33.623756408691406,
      32.45771026611328,
      42.86125946044922,
      50.04084396362305,
      47.73405456542969,
      47.197052001953125,
      51.52906799316406,
      50.0701904296875,
      12.693242073059082,
      13.108416557312012,
      0.33468058705329895,
      0.3915691077709198
    ],
    [
      29.42670440673828,
      22.726245880126953,
      23.247922897338867,
      22.218252182006836,
      31.50391960144043,
      32.486637115478516,
      35.67251205444336,
      35.38759231567383,
      45.41716003417969,
      47.73405456542969,
      64.87422180175781,
      58.98125457763672,
      61.87956619262695,
      60.40471649169922,
      16.63726043701172,
      17.529340744018555,
      0.45121297240257263,
      0.5308571457862854
    ],
    [
      30.610183715820312,
      24.681825637817383,
      24.513195037841797,
      24.037551879882812,
      31.81675910949707,
      31.407562255859375,
      35.07719802856445,
      35.005592346191406,
      45.404605865478516,
      47.197052001953125,
      58.98125457763672,
      65.94010925292969,
      61.58757400512695,
      60.61132049560547,
      16.439878463745117,
      17.27593421936035,
      0.43515902757644653,
      0.5149484872817993
    ],
    [
      37.434452056884766,
      30.943838119506836,
      31.58235740661621,
      31.301156997680664,
      37.810791015625,
      41.11669921875,
      44.092559814453125,
      42.50917434692383,
      50.11208724975586,
      51.52906799316406,
      61.87956619262695,
      61.58757400512695,
      80.55032348632812,
      77.05460357666016,
      21.345735549926758,
      22.543594360351562,
      0.6071504354476929,
      0.7126953601837158
    ],
    [
      37.14653778076172,
      30.508541107177734,
      30.573305130004883,
      30.716856002807617,
      36.08169174194336,
      40.09278869628906,
      43.43458557128906,
      42.5692024230957,
      49.03419876098633,
      50.0701904296875,
      60.40471649169922,
      60.61132049560547,
      77.05460357666016,
      77.73467254638672,
      21.348554611206055,
      22.445592880249023,
      0.6191359758377075,
      0.7366167306900024
    ],
    [
      9.815052032470703,
      6.798002243041992,
      7.1805830001831055,
      6.724870681762695,
      8.85629940032959,
      9.641510009765625,
      11.92487621307373,
      11.359864234924316,
      12.251712799072266,
      12.693242073059082,
      16.63726043701172,
      16.439878463745117,
      21.345735549926758,
      21.348554611206055,
      10.63641357421875,
      10.687063217163086,
      0.364501416683197,
      0.44824668765068054
    ],
    [
      10.087553977966309,
      7.30206298828125,
      7.27735710144043,
      6.764808654785156,
      9.263590812683105,
      10.560068130493164,
      12.511898040771484,
      11.883817672729492,
      12.967437744140625,
      13.108416557312012,
      17.529340744018555,
      17.27593421936035,
      22.543594360351562,
      22.445592880249023,
      10.687063217163086,
      12.224969863891602,
      0.37310245633125305,
      0.45906391739845276
    ],
    [
      0.30127662420272827,
      0.19820567965507507,
      0.18670234084129333,
      0.18047088384628296,
      0.22440524399280548,
      0.2580728530883789,
      0.31278347969055176,
      0.29915645718574524,
      0.3275768756866455,
      0.33468058705329895,
      0.45121297240257263,
      0.43515902757644653,
      0.6071504354476929,
      0.6191359758377075,
      0.364501416683197,
      0.37310245633125305,
      0.02931385114789009,
      0.03333473950624466
    ],
    [
      0.34151214361190796,
      0.20868980884552002,
      0.20833753049373627,
      0.20822913944721222,
      0.267203152179718,
      0.3017181158065796,
      0.37312373518943787,
      0.35837775468826294,
      0.38218000531196594,
      0.3915691077709198,
      0.5308571457862854,
      0.5149484872817993,
      0.7126953601837158,
      0.7366167306900024,
      0.44824668765068054,
      0.45906391739845276,
      0.03333473950624466,
      0.04800564423203468
    ]
  ],
  "damage": -9.322299003601074,
  "diff_bandwidth": 610.8990478515625,
  "dissonance": 4.972720796986635,
  "drr": 11.177803993225098,
  "dynamics": 3.894253969192505,
  "format": 1245190,
  "frames": 11001792,
  "loudness": -17.513751983642578,
  "loudness_range": 12.847993850708008,
  "loudness_range_short": 13.743038177490234,
  "lowpass_true_peak_15khz": -0.00467678252607584,
  "mastering3_acoustic_entropies": [
    {
      "acoustic_entropy": 5.581335067749023,
      "acoustic_entropy_mono": 4.7794647216796875,
      "band_eliminated_acoustic_entropies": [
        {
          "acoustic_entropy": 5.581540584564209,
          "acoustic_entropy_side": 5.58134126663208,
          "hz": 129.47220167065723
        },
        {
          "acoustic_entropy": 5.6254096031188965,
          "acoustic_entropy_side": 5.582441329956055,
          "hz": 202.92927478742237
        },
        {
          "acoustic_entropy": 5.2367987632751465,
          "acoustic_entropy_side": 5.6560797691345215,
          "hz": 282.89161906338205
        },
        {
          "acoustic_entropy": 5.669962406158447,
          "acoustic_entropy_side": 5.675228595733643,
          "hz": 369.9353335868758
        },
        {
          "acoustic_entropy": 5.017561912536621,
          "acoustic_entropy_side": 5.233186721801758,
          "hz": 464.6875360973435
        },
        {
          "acoustic_entropy": 6.357143402099609,
          "acoustic_entropy_side": 5.998002052307129,
          "hz": 567.8308811364784
        },
        {
          "acoustic_entropy": 4.60578727722168,
          "acoustic_entropy_side": 5.707247257232666,
          "hz": 680.1084783214808
        },
        {
          "acoustic_entropy": 5.38938570022583,
          "acoustic_entropy_side": 5.390542507171631,
          "hz": 802.3292461747484
        },
        {
          "acoustic_entropy": 5.570465564727783,
          "acoustic_entropy_side": 5.670950889587402,
          "hz": 935.3737400823702
        },
        {
          "acoustic_entropy": 5.313799858093262,
          "acoustic_entropy_side": 5.42112922668457,
          "hz": 1080.2004963696966
        },
        {
          "acoustic_entropy": 5.707950592041016,
          "acoustic_entropy_side": 5.746275424957275,
          "hz": 1237.8529382007157
        },
        {
          "acoustic_entropy": 5.707058906555176,
          "acoustic_entropy_side": 5.581299781799316,
          "hz": 1409.4668930556702
        },
        {
          "acoustic_entropy": 5.519790172576904,
          "acoustic_entropy_side": 5.550529956817627,
          "hz": 1596.2787759475705
        },
        {
          "acoustic_entropy": 5.644868850708008,
          "acoustic_entropy_side": 5.60566520690918,
          "hz": 1799.6344973346393
        },
        {
          "acoustic_entropy": 5.521030902862549,
          "acoustic_entropy_side": 5.56380558013916,
          "hz": 2020.9991599069049
        },
        {
          "acoustic_entropy": 5.58370304107666,
          "acoustic_entropy_side": 5.577971935272217,
          "hz": 2261.9676141086993
        },
        {
          "acoustic_entropy": 5.546421527862549,
          "acoustic_entropy_side": 5.557392120361328,
          "hz": 2524.2759484456974
        },
        {
          "acoustic_entropy": 5.587736129760742,
          "acoustic_entropy_side": 5.579720973968506,
          "hz": 2809.813997359896
        },
        {
          "acoustic_entropy": 5.567144393920898,
          "acoustic_entropy_side": 5.571674823760986,
          "hz": 3120.6389567871424
        },
        {
          "acoustic_entropy": 5.578636646270752,
          "acoustic_entropy_side": 5.5771918296813965,
          "hz": 3458.990205492291
        },
        {
          "acoustic_entropy": 5.579112529754639,
          "acoustic_entropy_side": 5.578365325927734,
          "hz": 3827.305438964164
        },
        {
          "acoustic_entropy": 5.576008319854736,
          "acoustic_entropy_side": 5.576991081237793,
          "hz": 4228.238232109126
        },
        {
          "acoustic_entropy": 5.578736305236816,
          "acoustic_entropy_side": 5.579889297485352,
          "hz": 4664.6771572759235
        },
        {
          "acoustic_entropy": 5.580615043640137,
          "acoustic_entropy_side": 5.581014156341553,
          "hz": 5139.766595350093
        },
        {
          "acoustic_entropy": 5.581081867218018,
          "acoustic_entropy_side": 5.581198692321777,
          "hz": 5656.929389854203
        },
        {
          "acoustic_entropy": 5.580936908721924,
          "acoustic_entropy_side": 5.581121444702148,
          "hz": 6219.891507268283
        },
        {
          "acoustic_entropy": 5.581240653991699,
          "acoustic_entropy_side": 5.581288814544678,
          "hz": 6832.70888123896
        },
        {
          "acoustic_entropy": 5.581248760223389,
          "acoustic_entropy_side": 5.581303119659424,
          "hz": 7499.796634079867
        },
        {
          "acoustic_entropy": 5.58130407333374,
          "acoustic_entropy_side": 5.581333160400391,
          "hz": 8225.96088609342
        },
        {
          "acoustic_entropy": 5.581330299377441,
          "acoustic_entropy_side": 5.581333637237549,
          "hz": 9016.43338188839
        },
        {
          "acoustic_entropy": 5.581334590911865,
          "acoustic_entropy_side": 5.581335544586182,
          "hz": 9876.909183162974
        },
        {
          "acoustic_entropy": 5.581334590911865,
          "acoustic_entropy_side": 5.581335067749023,
          "hz": 10813.587699516042
        },
        {
          "acoustic_entropy": 5.581335067749023,
          "acoustic_entropy_side": 5.581335067749023,
          "hz": 11833.21735289826
        },
        {
          "acoustic_entropy": 5.581335067749023,
          "acoustic_entropy_side": 5.581335067749023,
          "hz": 12943.144197493959
        },
        {
          "acoustic_entropy": 5.581335067749023,
          "acoustic_entropy_side": 5.581335067749023,
          "hz": 14151.364845322005
        },
        {
          "acoustic_entropy": 5.581335067749023,
          "acoustic_entropy_side": 5.581335067749023,
          "hz": 15466.58407886509
        },
        {
          "acoustic_entropy": 5.581335067749023,
          "acoustic_entropy_side": 5.581335067749023,
          "hz": 16898.27756580493
        },
        {
          "acoustic_entropy": 5.581335067749023,
          "acoustic_entropy_side": 5.581335067749023,
          "hz": 18456.760127700032
        },
        {
          "acoustic_entropy": 5.581335067749023,
          "acoustic_entropy_side": 5.581335067749023,
          "hz": 20153.260054456492
        },
        {
          "acoustic_entropy": 5.581335067749023,
          "acoustic_entropy_side": 5.581335067749023,
          "hz": 22000.00000000001
        }
      ],
      "diff_acoustic_entropy": 3.030855417251587,
      "sn": 6
    },
    {
      "acoustic_entropy": 8.487727165222168,
      "acoustic_entropy_mono": 7.251214504241943,
      "band_eliminated_acoustic_entropies": [
        {
          "acoustic_entropy": 8.484872817993164,
          "acoustic_entropy_side": 8.487787246704102,
          "hz": 129.47220167065723
        },
        {
          "acoustic_entropy": 8.4595308303833,
          "acoustic_entropy_side": 8.493881225585938,
          "hz": 202.92927478742237
        },
        {
          "acoustic_entropy": 8.615081787109375,
          "acoustic_entropy_side": 8.250008583068848,
          "hz": 282.89161906338205
        },
        {
          "acoustic_entropy": 8.551219940185547,
          "acoustic_entropy_side": 8.70174789428711,
          "hz": 369.9353335868758
        },
        {
          "acoustic_entropy": 8.298957824707031,
          "acoustic_entropy_side": 8.437422752380371,
          "hz": 464.6875360973435
        },
        {
          "acoustic_entropy": 9.30224609375,
          "acoustic_entropy_side": 8.708907127380371,
          "hz": 567.8308811364784
        },
        {
          "acoustic_entropy": 8.024541854858398,
          "acoustic_entropy_side": 8.698326110839844,
          "hz": 680.1084783214808
        },
        {
          "acoustic_entropy": 8.267383575439453,
          "acoustic_entropy_side": 7.9628753662109375,
          "hz": 802.3292461747484
        },
        {
          "acoustic_entropy": 8.041075706481934,
          "acoustic_entropy_side": 8.02619743347168,
          "hz": 935.3737400823702
        },
        {
          "acoustic_entropy": 8.832307815551758,
          "acoustic_entropy_side": 8.71521282196045,
          "hz": 1080.2004963696966
        },
        {
          "acoustic_entropy": 8.070324897766113,
          "acoustic_entropy_side": 8.286125183105469,
          "hz": 1237.8529382007157
        },
        {
          "acoustic_entropy": 8.612009048461914,
          "acoustic_entropy_side": 8.545510292053223,
          "hz": 1409.4668930556702
        },
        {
          "acoustic_entropy": 8.015779495239258,
          "acoustic_entropy_side": 8.493199348449707,
          "hz": 1596.2787759475705
        },
        {
          "acoustic_entropy": 8.449803352355957,
          "acoustic_entropy_side": 8.4482421875,
          "hz": 1799.6344973346393
        },
        {
          "acoustic_entropy": 8.537878036499023,
          "acoustic_entropy_side": 8.579861640930176,
          "hz": 2020.9991599069049
        },
        {
          "acoustic_entropy": 8.272090911865234,
          "acoustic_entropy_side": 8.296133995056152,
          "hz": 2261.9676141086993
        },
        {
          "acoustic_entropy": 8.446803092956543,
          "acoustic_entropy_side": 8.438314437866211,
          "hz": 2524.2759484456974
        },
        {
          "acoustic_entropy": 8.344510078430176,
          "acoustic_entropy_side": 8.43234634399414,
          "hz": 2809.813997359896
        },
        {
          "acoustic_entropy": 8.339033126831055,
          "acoustic_entropy_side": 8.391661643981934,
          "hz": 3120.6389567871424
        },
        {
          "acoustic_entropy": 8.390746116638184,
          "acoustic_entropy_side": 8.44189453125,
          "hz": 3458.990205492291
        },
        {
          "acoustic_entropy": 8.411431312561035,
          "acoustic_entropy_side": 8.450164794921875,
          "hz": 3827.305438964164
        },
        {
          "acoustic_entropy": 8.438377380371094,
          "acoustic_entropy_side": 8.45277214050293,
          "hz": 4228.238232109126
        },
        {
          "acoustic_entropy": 8.450301170349121,
          "acoustic_entropy_side": 8.47224235534668,
          "hz": 4664.6771572759235
        },
        {
          "acoustic_entropy": 8.464603424072266,
          "acoustic_entropy_side": 8.480316162109375,
          "hz": 5139.766595350093
        },
        {
          "acoustic_entropy": 8.478103637695312,
          "acoustic_entropy_side": 8.482608795166016,
          "hz": 5656.929389854203
        },
        {
          "acoustic_entropy": 8.479208946228027,
          "acoustic_entropy_side": 8.482827186584473,
          "hz": 6219.891507268283
        },
        {
          "acoustic_entropy": 8.483102798461914,
          "acoustic_entropy_side": 8.485212326049805,
          "hz": 6832.70888123896
        },
        {
          "acoustic_entropy": 8.483851432800293,
          "acoustic_entropy_side": 8.48637580871582,
          "hz": 7499.796634079867
        },
        {
          "acoustic_entropy": 8.486931800842285,
          "acoustic_entropy_side": 8.487361907958984,
          "hz": 8225.96088609342
        },
        {
          "acoustic_entropy": 8.487600326538086,
          "acoustic_entropy_side": 8.48766803741455,
          "hz": 9016.43338188839
        },
        {
          "acoustic_entropy": 8.487707138061523,
          "acoustic_entropy_side": 8.487711906433105,
          "hz": 9876.909183162974
        },
        {
          "acoustic_entropy": 8.487722396850586,
          "acoustic_entropy_side": 8.487724304199219,
          "hz": 10813.587699516042
        },
        {
          "acoustic_entropy": 8.487725257873535,
          "acoustic_entropy_side": 8.487725257873535,
          "hz": 11833.21735289826
        },
        {
          "acoustic_entropy": 8.487726211547852,
          "acoustic_entropy_side": 8.487726211547852,
          "hz": 12943.144197493959
        },
        {
          "acoustic_entropy": 8.487727165222168,
          "acoustic_entropy_side": 8.487727165222168,
          "hz": 14151.364845322005
        },
        {
          "acoustic_entropy": 8.487727165222168,
          "acoustic_entropy_side": 8.487727165222168,
          "hz": 15466.58407886509
        },
        {
          "acoustic_entropy": 8.487727165222168,
          "acoustic_entropy_side": 8.487727165222168,
          "hz": 16898.27756580493
        },
        {
          "acoustic_entropy": 8.487727165222168,
          "acoustic_entropy_side": 8.487727165222168,
          "hz": 18456.760127700032
        },
        {
          "acoustic_entropy": 8.487727165222168,
          "acoustic_entropy_side": 8.487727165222168,
          "hz": 20153.260054456492
        },
        {
          "acoustic_entropy": 8.487727165222168,
          "acoustic_entropy_side": 8.487727165222168,
          "hz": 22000.00000000001
        }
      ],
      "diff_acoustic_entropy": 4.936725616455078,
      "sn": 12
    },
    {
      "acoustic_entropy": 12.422891616821289,
      "acoustic_entropy_mono": 11.043855667114258,
      "band_eliminated_acoustic_entropies": [
        {
          "acoustic_entropy": 12.398394584655762,
          "acoustic_entropy_side": 12.428966522216797,
          "hz": 129.47220167065723
        },
        {
          "acoustic_entropy": 12.32950210571289,
          "acoustic_entropy_side": 12.596773147583008,
          "hz": 202.92927478742237
        },
        {
          "acoustic_entropy": 13.587435722351074,
          "acoustic_entropy_side": 12.175322532653809,
          "hz": 282.89161906338205
        },
        {
          "acoustic_entropy": 13.084050178527832,
          "acoustic_entropy_side": 12.571039199829102,
          "hz": 369.9353335868758
        },
        {
          "acoustic_entropy": 12.236295700073242,
          "acoustic_entropy_side": 12.484034538269043,
          "hz": 464.6875360973435
        },
        {
          "acoustic_entropy": 13.118064880371094,
          "acoustic_entropy_side": 12.067617416381836,
          "hz": 567.8308811364784
        },
        {
          "acoustic_entropy": 12.643407821655273,
          "acoustic_entropy_side": 13.083812713623047,
          "hz": 680.1084783214808
        },
        {
          "acoustic_entropy": 12.760995864868164,
          "acoustic_entropy_side": 12.139490127563477,
          "hz": 802.3292461747484
        },
        {
          "acoustic_entropy": 12.794313430786133,
          "acoustic_entropy_side": 12.534195899963379,
          "hz": 935.3737400823702
        },
        {
          "acoustic_entropy": 11.978504180908203,
          "acoustic_entropy_side": 11.582324028015137,
          "hz": 1080.2004963696966
        },
        {
          "acoustic_entropy": 11.99316120147705,
          "acoustic_entropy_side": 11.689224243164062,
          "hz": 1237.8529382007157
        },
        {
          "acoustic_entropy": 12.783086776733398,
          "acoustic_entropy_side": 12.772234916687012,
          "hz": 1409.4668930556702
        },
        {
          "acoustic_entropy": 13.082324028015137,
          "acoustic_entropy_side": 12.034435272216797,
          "hz": 1596.2787759475705
        },
        {
          "acoustic_entropy": 12.676469802856445,
          "acoustic_entropy_side": 12.610265731811523,
          "hz": 1799.6344973346393
        },
        {
          "acoustic_entropy": 12.308101654052734,
          "acoustic_entropy_side": 12.3508939743042,
          "hz": 2020.9991599069049
        },
        {
          "acoustic_entropy": 12.084278106689453,
          "acoustic_entropy_side": 12.395040512084961,
          "hz": 2261.9676141086993
        },
        {
          "acoustic_entropy": 12.33989429473877,
          "acoustic_entropy_side": 12.472293853759766,
          "hz": 2524.2759484456974
        },
        {
          "acoustic_entropy": 11.804403305053711,
          "acoustic_entropy_side": 12.167384147644043,
          "hz": 2809.813997359896
        },
        {
          "acoustic_entropy": 12.17151165008545,
