{
  "acoustic_entropy": 215.15992736816406,
  "bands": [
    {
      "high_freq": 148.1999969482422,
      "loudness": -23.61345100402832,
      "loudness_range": 9.88620376586914,
      "mid_mean": -20.56603240966797,
      "mid_to_side_loudness": -9.680990219116211,
      "mid_to_side_loudness_range": 11.857287406921387,
      "side_mean": -29.88373374938965
    },
    {
      "high_freq": 392.3793640136719,
      "loudness": -22.042936325073242,
      "loudness_range": 8.811975479125977,
      "low_freq": 148.1999969482422,
      "mid_mean": -18.834583282470703,
      "mid_to_side_loudness": -10.209348678588867,
      "mid_to_side_loudness_range": 8.647299766540527,
      "side_mean": -29.017841339111328
    },
    {
      "high_freq": 794.6976318359375,
      "loudness": -21.73785972595215,
      "loudness_range": 9.493844985961914,
      "low_freq": 392.3793640136719,
      "mid_mean": -18.561725616455078,
      "mid_to_side_loudness": -9.877870559692383,
      "mid_to_side_loudness_range": 8.390798568725586,
      "side_mean": -28.336395263671875
    },
    {
      "high_freq": 1457.5709228515625,
      "loudness": -22.17388153076172,
      "loudness_range": 13.812493324279785,
      "low_freq": 794.6976318359375,
      "mid_mean": -19.299894332885742,
      "mid_to_side_loudness": -7.545126438140869,
      "mid_to_side_loudness_range": 8.626476287841797,
      "side_mean": -26.97210693359375
    },
    {
      "high_freq": 2549.74365234375,
      "loudness": -20.846677780151367,
      "loudness_range": 10.39865779876709,
      "low_freq": 1457.5709228515625,
      "mid_mean": -18.428630828857422,
      "mid_to_side_loudness": -5.260171413421631,
      "mid_to_side_loudness_range": 8.263251304626465,
      "side_mean": -23.765901565551758
    },
    {
      "high_freq": 4349.24462890625,
      "loudness": -23.00214195251465,
      "loudness_range": 8.164886474609375,
      "low_freq": 2549.74365234375,
      "mid_mean": -20.497295379638672,
      "mid_to_side_loudness": -5.288347244262695,
      "mid_to_side_loudness_range": 6.620334625244141,
      "side_mean": -25.94700050354004
    },
    {
      "high_freq": 7314.1640625,
      "loudness": -27.61583709716797,
      "loudness_range": 8.864978790283203,
      "low_freq": 4349.24462890625,
      "mid_mean": -24.817108154296875,
      "mid_to_side_loudness": -6.481453895568848,
      "mid_to_side_loudness_range": 5.792038917541504,
      "side_mean": -31.477828979492188
    },
    {
      "high_freq": 12199.2666015625,
      "loudness": -28.910511016845703,
      "loudness_range": 8.650981903076172,
      "low_freq": 7314.1640625,
      "mid_mean": -26.01195526123047,
      "mid_to_side_loudness": -7.232315540313721,
      "mid_to_side_loudness_range": 7.3126935958862305,
      "side_mean": -33.490638732910156
    },
    {
      "loudness": -33.932498931884766,
      "loudness_range": 11.196575164794922,
      "low_freq": 12199.2666015625,
      "mid_mean": -30.899351119995117,
      "mid_to_side_loudness": -8.56659984588623,
      "mid_to_side_loudness_range": 9.87721061706543,
      "side_mean": -39.7556037902832
    }
  ],
  "bands_short": [
    {
      "high_freq": 148.1999969482422,
      "loudness": -26.763355255126953,
      "loudness_range": 17.063671112060547,
      "mid_mean": -24.2303524017334,
      "mid_to_side_loudness": -8.481440544128418,
      "mid_to_side_loudness_range": 19.051570892333984,
      "side_mean": -32.362030029296875
    },
    {
      "high_freq": 392.3793640136719,
      "loudness": -22.23166847229004,
      "loudness_range": 11.325207710266113,
      "low_freq": 148.1999969482422,
      "mid_mean": -19.1359806060791,
      "mid_to_side_loudness": -9.979499816894531,
      "mid_to_side_loudness_range": 11.917193412780762,
      "side_mean": -29.077035903930664
    },
    {
      "high_freq": 794.6976318359375,
      "loudness": -22.40024757385254,
      "loudness_range": 11.313727378845215,
      "low_freq": 392.3793640136719,
      "mid_mean": -19.319225311279297,
      "mid_to_side_loudness": -9.7607421875,
      "mid_to_side_loudness_range": 11.691658020019531,
      "side_mean": -28.978031158447266
    },
    {
      "high_freq": 1457.5709228515625,
      "loudness": -22.48302459716797,
      "loudness_range": 15.29927921295166,
      "low_freq": 794.6976318359375,
      "mid_mean": -19.71099853515625,
      "mid_to_side_loudness": -7.4820356369018555,
      "mid_to_side_loudness_range": 11.556251525878906,
      "side_mean": -27.311222076416016
    },
    {
      "high_freq": 2549.74365234375,
      "loudness": -21.26603126525879,
      "loudness_range": 11.816871643066406,
      "low_freq": 1457.5709228515625,
      "mid_mean": -18.958145141601562,
      "mid_to_side_loudness": -5.16914176940918,
      "mid_to_side_loudness_range": 10.355728149414062,
      "side_mean": -24.208606719970703
    },
    {
      "high_freq": 4349.24462890625,
      "loudness": -23.270498275756836,
      "loudness_range": 9.818490982055664,
      "low_freq": 2549.74365234375,
      "mid_mean": -20.892690658569336,
      "mid_to_side_loudness": -5.095308303833008,
      "mid_to_side_loudness_range": 8.395269393920898,
      "side_mean": -26.112220764160156
    },
    {
      "high_freq": 7314.1640625,
      "loudness": -28.25786018371582,
      "loudness_range": 11.643781661987305,
      "low_freq": 4349.24462890625,
      "mid_mean": -25.61675262451172,
      "mid_to_side_loudness": -6.0163679122924805,
      "mid_to_side_loudness_range": 7.8399505615234375,
      "side_mean": -31.794029235839844
    },
    {
      "high_freq": 12199.2666015625,
      "loudness": -30.180212020874023,
      "loudness_range": 13.370630264282227,
      "low_freq": 7314.1640625,
      "mid_mean": -27.458759307861328,
      "mid_to_side_loudness": -6.725152492523193,
      "mid_to_side_loudness_range": 9.678783416748047,
      "side_mean": -34.409847259521484
    },
    {
      "loudness": -36.5187873840332,
      "loudness_range": 18.310012817382812,
      "low_freq": 12199.2666015625,
      "mid_mean": -33.84681701660156,
      "mid_to_side_loudness": -7.099318504333496,
      "mid_to_side_loudness_range": 11.760297775268555,
      "side_mean": -41.245540618896484
    }
  ],
  "bandwidth": 826.05810546875,
  "channels": 2,
  "covariance": [
    [
      16.496326446533203,
      4.6023454666137695,
      3.310161590576172,
      1.3866363763809204,
      0.5915216207504272,
      0.3272383213043213,
      -2.1662957668304443,
      -1.075270414352417,
      -0.2283088117837906,
      0.37739330530166626,
      -0.7083104252815247,
      0.23276472091674805,
      -0.7381224036216736,
      -0.3189752399921417,
      -2.506213665008545,
      -1.7391512393951416,
      -4.8239359855651855,
      -2.121239185333252
    ],
    [
      4.6023454666137695,
      9.312018394470215,
      2.180232048034668,
      0.49321699142456055,
      1.4013569355010986,
      -0.07542465627193451,
      0.25354376435279846,
      0.6799706816673279,
      0.7482385635375977,
      0.7434983253479004,
      0.22089627385139465,
      1.1336067914962769,
      0.3834969699382782,
      0.6643175482749939,
      -0.6667845845222473,
      -0.013996987603604794,
      -0.7936524152755737,
      0.4188171327114105
    ],
    [
      3.310161590576172,
      2.180232048034668,
      11.826126098632812,
      4.121187210083008,
      3.0961215496063232,
      0.3561699390411377,
      -0.6792863607406616,
      -0.9377267360687256,
      -1.5296884775161743,
      -2.9149904251098633,
      -0.28457409143447876,
      -1.5847084522247314,
      -0.7896895408630371,
      -1.879297137260437,
      1.9132529497146606,
      0.39119744300842285,
      0.07217738777399063,
      -0.0023984024301171303
    ],
    [
      1.3866363763809204,
      0.49321699142456055,
      4.121187210083008,
      6.041321754455566,
      0.8605256676673889,
      2.096705675125122,
      -1.2076176404953003,
      0.5321385860443115,
      -0.0714118704199791,
      1.550337314605713,
      0.7427301406860352,
      2.1074140071868896,
      1.2296218872070312,
      2.0186259746551514,
      0.5388749837875366,
      0.8446801900863647,
      -0.583648681640625,
      0.3624427318572998
    ],
    [
      0.5915216207504272,
      1.4013569355010986,
      3.0961215496063232,
      0.8605256676673889,
      12.664166450500488,
      5.853831768035889,
      6.502935886383057,
      4.63485860824585,
      3.7886292934417725,
      3.0052595138549805,
      2.833491563796997,
      2.487262010574341,
      1.948503851890564,
      2.0996766090393066,
      2.4533936977386475,
      3.3634629249572754,
      2.42726993560791,
      4.0903496742248535
    ],
    [
      0.3272383213043213,
      -0.07542465627193451,
      0.3561699390411377,
      2.096705675125122,
      5.853831768035889,
      8.312764167785645,
      2.2130284309387207,
      4.402155876159668,
      3.532597780227661,
      6.3073835372924805,
      3.050344467163086,
      5.375179290771484,
      3.8739867210388184,
      5.666609764099121,
      1.3550946712493896,
      3.588775396347046,
      0.43938180804252625,
      3.48528790473938
    ],
    [
      -2.1662957668304443,
      0.25354376435279846,
      -0.6792863607406616,
      -1.2076176404953003,
      6.502935886383057,
      2.2130284309387207,
      22.650287628173828,
      14.198086738586426,
      10.813098907470703,
      7.581966876983643,
      5.669118881225586,
      4.65332555770874,
      1.14900541305542,
      0.7949019074440002,
      2.958418130874634,
      5.408623695373535,
      4.637780666351318,
      8.449310302734375
    ],
    [
      -1.075270414352417,
      0.6799706816673279,
      -0.9377267360687256,
      0.5321385860443115,
      4.63485860824585,
      4.402155876159668,
      14.198086738586426,
      15.228178024291992,
      9.139843940734863,
      11.38149356842041,
      6.204918384552002,
      8.707876205444336,
      3.1078736782073975,
      4.6688642501831055,
      2.94087290763855,
      7.120625019073486,
      3.6105074882507324,
      9.514945030212402
    ],
    [
      -0.2283088117837906,
      0.7482385635375977,
      -1.5296884775161743,
      -0.0714118704199791,
      3.7886292934417725,
      3.532597780227661,
      10.813098907470703,
      9.139843940734863,
      12.319543838500977,
      12.003185272216797,
      7.233241558074951,
      8.267867088317871,
      4.644014358520508,
      5.6581244468688965,
      2.631272315979004,
      5.809265613555908,
      2.9230239391326904,
      7.857531547546387
    ],
    [
      0.37739330530166626,
      0.7434983253479004,
      -2.9149904251098633,
      1.550337314605713,
      3.0052595138549805,
      6.3073835372924805,
      7.581966876983643,
      11.38149356842041,
      12.003185272216797,
      19.877347946166992,
      8.485888481140137,
      14.252182006835938,
      6.517103672027588,
      10.197237968444824,
      2.519559621810913,
      8.547654151916504,
      2.7730209827423096,
      10.740781784057617
    ],
    [
      -0.7083104252815247,
      0.22089627385139465,
      -0.28457409143447876,
      0.7427301406860352,
      2.833491563796997,
      3.050344467163086,
      5.669118881225586,
      6.204918384552002,
      7.233241558074951,
      8.485888481140137,
      9.2635498046875,
      9.054645538330078,
      5.694359302520752,
      6.334471702575684,
      3.8838469982147217,
      6.311275005340576,
      3.5395243167877197,
      7.533237934112549
    ],
    [
      0.23276472091674805,
      1.1336067914962769,
      -1.5847084522247314,
      2.1074140071868896,
      2.487262010574341,
      5.375179290771484,
      4.65332555770874,
      8.707876205444336,
      8.267867088317871,
      14.252182006835938,
      9.054645538330078,
      14.55411148071289,
      6.529506206512451,
      9.804741859436035,
      2.9567818641662598,
      7.713515758514404,
      2.972109079360962,
      9.236959457397461
    ],
    [
      -0.7381224036216736,
      0.3834969699382782,
      -0.7896895408630371,
      1.2296218872070312,
      1.948503851890564,
      3.8739867210388184,
      1.14900541305542,
      3.1078736782073975,
      4.644014358520508,
      6.517103672027588,
      5.694359302520752,
      6.529506206512451,
      10.080090522766113,
      9.826683044433594,
      4.960354804992676,
      6.789734363555908,
      3.7933664321899414,
      6.73713493347168
    ],
    [
      -0.3189752399921417,
      0.6643175482749939,
      -1.879297137260437,
      2.0186259746551514,
      2.0996766090393066,
      5.666609764099121,
      0.7949019074440002,
      4.6688642501831055,
      5.6581244468688965,
      10.197237968444824,
      6.334471702575684,
      9.804741859436035,
      9.826683044433594,
      12.9678373336792,
      3.188046455383301,
      7.312544822692871,
      2.3699238300323486,
      7.439938545227051
    ],
    [
      -2.506213665008545,
      -0.6667845845222473,
      1.9132529497146606,
      0.5388749837875366,
      2.4533936977386475,
      1.3550946712493896,
      2.958418130874634,
      2.94087290763855,
      2.631272315979004,
      2.519559621810913,
      3.8838469982147217,
      2.9567818641662598,
      4.960354804992676,
      3.188046455383301,
      11.508879661560059,
      9.557682991027832,
      9.791783332824707,
      9.06774616241455
    ],
    [
      -1.7391512393951416,
      -0.013996987603604794,
      0.39119744300842285,
      0.8446801900863647,
      3.3634629249572754,
      3.588775396347046,
      5.408623695373535,
      7.120625019073486,
      5.809265613555908,
      8.547654151916504,
      6.311275005340576,
      7.713515758514404,
      6.789734363555908,
      7.312544822692871,
      9.557682991027832,
      14.083549499511719,
      8.056770324707031,
      13.755532264709473
    ],
    [
      -4.8239359855651855,
      -0.7936524152755737,
      0.07217738777399063,
      -0.583648681640625,
      2.42726993560791,
      0.43938180804252625,
      4.637780666351318,
      3.6105074882507324,
      2.9230239391326904,
      2.7730209827423096,
      3.5395243167877197,
      2.972109079360962,
      3.7933664321899414,
      2.3699238300323486,
      9.791783332824707,
      8.056770324707031,
      16.497896194458008,
      11.881219863891602
    ],
    [
      -2.121239185333252,
      0.4188171327114105,
      -0.0023984024301171303,
      0.3624427318572998,
      4.0903496742248535,
      3.48528790473938,
      8.449310302734375,
      9.514945030212402,
      7.857531547546387,
      10.740781784057617,
      7.533237934112549,
      9.236959457397461,
      6.73713493347168,
      7.439938545227051,
      9.06774616241455,
      13.755532264709473,
      11.881219863891602,
      19.626739501953125
    ]
  ],
  "covariance_short": [
    [
      39.96134567260742,
      12.995546340942383,
      9.038516998291016,
      3.931457996368408,
      1.3116185665130615,
      0.9196292757987976,
      -0.9963746666908264,
      -0.3013105094432831,
      1.9040311574935913,
      2.1049394607543945,
      1.3548355102539062,
      1.4212929010391235,
      1.5339059829711914,
      0.36807122826576233,
      0.3393367528915405,
      -0.0819602906703949,
      0.7547445297241211,
      -0.17058421671390533
    ],
    [
      12.995546340942383,
      29.6292781829834,
      4.704970836639404,
      1.65565025806427,
      1.7968058586120605,
      -0.2602789103984833,
      0.41673317551612854,
      -0.06190650910139084,
      1.2764787673950195,
      0.44680920243263245,
      0.48861509561538696,
      1.0738080739974976,
      0.9218912124633789,
      -0.02020643837749958,
      0.8214607238769531,
      0.3862029016017914,
      3.17570161819458,
      2.436264991760254
    ],
    [
      9.038516998291016,
      4.704970836639404,
      19.22027015686035,
      6.26785945892334,
      4.828564643859863,
      1.837254285812378,
      0.3276258409023285,
      -0.6704243421554565,
      -0.014318717643618584,
      -2.030257225036621,
      1.3570234775543213,
      -1.0448403358459473,
      1.1553428173065186,
      -0.597068190574646,
      4.082334041595459,
      1.4662314653396606,
      2.8052022457122803,
      0.7237139940261841
    ],
    [
      3.931457996368408,
      1.65565025806427,
      6.26785945892334,
      10.45589828491211,
      1.8109378814697266,
      3.3944571018218994,
      -1.0328269004821777,
      0.8196359276771545,
      0.721066415309906,
      2.172577142715454,
      1.7053489685058594,
      2.6808557510375977,
      2.785796642303467,
      3.2063910961151123,
      1.5614192485809326,
      1.5253586769104004,
      0.4848008155822754,
      0.6014552712440491
    ],
    [
      1.3116185665130615,
      1.7968058586120605,
      4.828564643859863,
      1.8109378814697266,
      17.477842330932617,
      6.690803527832031,
      6.847455024719238,
      4.223397254943848,
      4.560206890106201,
      3.018320322036743,
      4.1877264976501465,
      2.6316077709198,
      3.959653854370117,
      3.144144296646118,
      4.986888408660889,
      3.8483171463012695,
      6.003673076629639,
      4.328908443450928
    ],
    [
      0.9196292757987976,
      -0.2602789103984833,
      1.837254285812378,
      3.3944571018218994,
      6.690803527832031,
      12.58169174194336,
      2.1169793605804443,
      4.219687461853027,
      3.8075942993164062,
      6.489279270172119,
      4.021640777587891,
      5.784770965576172,
      5.631943702697754,
      6.668818950653076,
      2.904749631881714,
      4.072278022766113,
      2.4884562492370605,
      3.7820498943328857
    ],
    [
      -0.9963746666908264,
      0.41673317551612854,
      0.3276258409023285,
      -1.0328269004821777,
      6.847455024719238,
      2.1169793605804443,
      27.424028396606445,
      15.169745445251465,
      12.511540412902832,
      7.5137481689453125,
      6.971090316772461,
      4.2363810539245605,
      3.2436442375183105,
      1.2915512323379517,
      6.710318088531494,
      5.597243309020996,
      10.93344497680664,
      8.344755172729492
    ],
    [
      -0.3013105094432831,
      -0.06190650910139084,
      -0.6704243421554565,
      0.8196359276771545,
      4.223397254943848,
      4.219687461853027,
      15.169745445251465,
      19.03167724609375,
      9.761189460754395,
      12.069458961486816,
      7.14125919342041,
      8.936573028564453,
      4.719119071960449,
      5.467565059661865,
      5.52772331237793,
      7.514247894287109,
      8.681180953979492,
      9.892646789550781
    ],
    [
      1.9040311574935913,
      1.2764787673950195,
      -0.014318717643618584,
      0.721066415309906,
      4.560206890106201,
      3.8075942993164062,
      12.511540412902832,
      9.761189460754395,
      16.736343383789062,
      13.345273971557617,
      9.5830717086792,
      8.924686431884766,
      8.085137367248535,
      7.247102737426758,
      6.158257961273193,
      6.6293792724609375,
      8.766949653625488,
      8.273167610168457
    ],
    [
      2.1049394607543945,
      0.44680920243263245,
      -2.030257225036621,
      2.172577142715454,
      3.018320322036743,
      6.489279270172119,
      7.5137481689453125,
      12.069458961486816,
      13.345273971557617,
      22.952198028564453,
      9.893598556518555,
      15.040342330932617,
      8.980630874633789,
      11.76895809173584,
      4.230527877807617,
      8.599588394165039,
      6.448444366455078,
      10.372928619384766
    ],
    [
      1.3548355102539062,
      0.48861509561538696,
      1.3570234775543213,
      1.7053489685058594,
      4.1877264976501465,
      4.021640777587891,
      6.971090316772461,
      7.14125919342041,
      9.5830717086792,
      9.893598556518555,
      13.944456100463867,
      11.419861793518066,
      10.280380249023438,
      8.978861808776855,
      8.610629081726074,
      8.501867294311523,
      9.847618103027344,
      8.946556091308594
    ],
    [
      1.4212929010391235,
      1.0738080739974976,
      -1.0448403358459473,
      2.6808557510375977,
      2.6316077709198,
      5.784770965576172,
      4.2363810539245605,
      8.936573028564453,
      8.924686431884766,
      15.040342330932617,
      11.419861793518066,
      17.672061920166016,
      9.525225639343262,
      12.193634033203125,
      5.148479461669922,
      8.870583534240723,
      6.475453853607178,
      9.90168285369873
    ],
    [
      1.5339059829711914,
      0.9218912124633789,
      1.1553428173065186,
      2.785796642303467,
      3.959653854370117,
      5.631943702697754,
      3.2436442375183105,
      4.719119071960449,
      8.085137367248535,
      8.980630874633789,
      10.280380249023438,
      9.525225639343262,
      19.651716232299805,
      15.450264930725098,
      14.060944557189941,
      12.685378074645996,
      14.629037857055664,
      11.171696662902832
    ],
    [
      0.36807122826576233,
      -0.02020643837749958,
      -0.597068190574646,
      3.2063910961151123,
      3.144144296646118,
      6.668818950653076,
      1.2915512323379517,
      5.467565059661865,
      7.247102737426758,
      11.76895809173584,
      8.978861808776855,
      12.193634033203125,
      15.450264930725098,
      18.23291015625,
      7.904052257537842,
      11.651538848876953,
      7.861154079437256,
      10.547364234924316
    ],
    [
      0.3393367528915405,
      0.8214607238769531,
      4.082334041595459,
      1.5614192485809326,
      4.986888408660889,
      2.904749631881714,
      6.710318088531494,
      5.52772331237793,
      6.158257961273193,
      4.230527877807617,
      8.610629081726074,
      5.148479461669922,
      14.060944557189941,
      7.904052257537842,
      27.796676635742188,
      18.973712921142578,
      28.159828186035156,
      17.114980697631836
    ],
    [
      -0.0819602906703949,
      0.3862029016017914,
      1.4662314653396606,
      1.5253586769104004,
      3.8483171463012695,
      4.072278022766113,
      5.597243309020996,
      7.514247894287109,
      6.6293792724609375,
      8.599588394165039,
      8.501867294311523,
      8.870583534240723,
      12.685378074645996,
      11.651538848876953,
      18.973712921142578,
      21.71937370300293,
      19.627643585205078,
      19.85053062438965
    ],
    [
      0.7547445297241211,
      3.17570161819458,
      2.8052022457122803,
      0.4848008155822754,
      6.003673076629639,
      2.4884562492370605,
      10.93344497680664,
      8.681180953979492,
      8.766949653625488,
      6.448444366455078,
      9.847618103027344,
      6.475453853607178,
      14.629037857055664,
      7.861154079437256,
      28.159828186035156,
      19.627643585205078,
      43.92464065551758,
      24.82091522216797
    ],
    [
      -0.17058421671390533,
      2.436264991760254,
      0.7237139940261841,
      0.6014552712440491,
      4.328908443450928,
      3.7820498943328857,
      8.344755172729492,
      9.892646789550781,
      8.273167610168457,
      10.372928619384766,
      8.946556091308594,
      9.90168285369873,
      11.171696662902832,
      10.547364234924316,
      17.114980697631836,
      19.85053062438965,
      24.82091522216797,
      29.269956588745117
    ]
  ],
  "damage": -7.042069911956787,
  "diff_bandwidth": 790.2559814453125,
  "dissonance": 10.055273024626945,
  "drr": 6.845396518707275,
  "dynamics": 2.075265645980835,
  "format": 1245190,
  "frames": 11637696,
  "loudness": -9.913331985473633,
  "loudness_range": 5.095726013183594,
  "loudness_range_short": 6.937803745269775,
  "lowpass_true_peak_15khz": 1.1151598691940308,
  "mastering3_acoustic_entropies": [
    {
      "acoustic_entropy": 6.873408794403076,
      "acoustic_entropy_mono": 6.68482780456543,
      "band_eliminated_acoustic_entropies": [
        {
          "acoustic_entropy": 6.9341020584106445,
          "acoustic_entropy_side": 6.87343168258667,
          "hz": 129.47220167065723
        },
        {
          "acoustic_entropy": 6.901890754699707,
          "acoustic_entropy_side": 6.873892784118652,
          "hz": 202.92927478742237
        },
        {
          "acoustic_entropy": 6.9488115310668945,
          "acoustic_entropy_side": 6.878164768218994,
          "hz": 282.89161906338205
        },
        {
          "acoustic_entropy": 6.9573140144348145,
          "acoustic_entropy_side": 6.872669219970703,
          "hz": 369.9353335868758
        },
        {
          "acoustic_entropy": 7.120061874389648,
          "acoustic_entropy_side": 6.8768415451049805,
          "hz": 464.6875360973435
        },
        {
          "acoustic_entropy": 6.999220848083496,
          "acoustic_entropy_side": 6.9158430099487305,
          "hz": 567.8308811364784
        },
        {
          "acoustic_entropy": 7.133442401885986,
          "acoustic_entropy_side": 6.855075836181641,
          "hz": 680.1084783214808
        },
        {
          "acoustic_entropy": 6.654654502868652,
          "acoustic_entropy_side": 6.785774230957031,
          "hz": 802.3292461747484
        },
        {
          "acoustic_entropy": 6.895097732543945,
          "acoustic_entropy_side": 6.646023750305176,
          "hz": 935.3737400823702
        },
        {
          "acoustic_entropy": 7.255719184875488,
          "acoustic_entropy_side": 6.911517143249512,
          "hz": 1080.2004963696966
        },
        {
          "acoustic_entropy": 6.613385200500488,
          "acoustic_entropy_side": 6.814704418182373,
          "hz": 1237.8529382007157
        },
        {
          "acoustic_entropy": 6.526339054107666,
          "acoustic_entropy_side": 6.848733425140381,
          "hz": 1409.4668930556702
        },
        {
          "acoustic_entropy": 6.832429885864258,
          "acoustic_entropy_side": 6.909533500671387,
          "hz": 1596.2787759475705
        },
        {
          "acoustic_entropy": 7.511499881744385,
          "acoustic_entropy_side": 7.087309837341309,
          "hz": 1799.6344973346393
        },
        {
          "acoustic_entropy": 6.919654846191406,
          "acoustic_entropy_side": 6.8001604080200195,
          "hz": 2020.9991599069049
        },
        {
          "acoustic_entropy": 7.065522193908691,
          "acoustic_entropy_side": 7.169315814971924,
          "hz": 2261.9676141086993
        },
        {
          "acoustic_entropy": 6.739994049072266,
          "acoustic_entropy_side": 6.855215549468994,
          "hz": 2524.2759484456974
        },
        {
          "acoustic_entropy": 6.4275617599487305,
          "acoustic_entropy_side": 6.644318103790283,
          "hz": 2809.813997359896
        },
        {
          "acoustic_entropy": 6.713831901550293,
          "acoustic_entropy_side": 6.760009288787842,
          "hz": 3120.6389567871424
        },
        {
          "acoustic_entropy": 6.811488151550293,
          "acoustic_entropy_side": 6.805727005004883,
          "hz": 3458.990205492291
        },
        {
          "acoustic_entropy": 6.876748085021973,
          "acoustic_entropy_side": 6.864108085632324,
          "hz": 3827.305438964164
        },
        {
          "acoustic_entropy": 6.927597522735596,
          "acoustic_entropy_side": 6.866722583770752,
          "hz": 4228.238232109126
        },
        {
          "acoustic_entropy": 7.045713424682617,
          "acoustic_entropy_side": 6.882383823394775,
          "hz": 4664.6771572759235
        },
        {
          "acoustic_entropy": 6.801864147186279,
          "acoustic_entropy_side": 6.8234543800354,
          "hz": 5139.766595350093
        },
        {
          "acoustic_entropy": 6.888948440551758,
          "acoustic_entropy_side": 6.852682113647461,
          "hz": 5656.929389854203
        },
        {
          "acoustic_entropy": 6.932301044464111,
          "acoustic_entropy_side": 6.869731903076172,
          "hz": 6219.891507268283
        },
        {
          "acoustic_entropy": 6.932257652282715,
          "acoustic_entropy_side": 6.863913536071777,
          "hz": 6832.70888123896
        },
        {
          "acoustic_entropy": 6.90663480758667,
          "acoustic_entropy_side": 6.867244243621826,
          "hz": 7499.796634079867
        },
        {
          "acoustic_entropy": 6.836841583251953,
          "acoustic_entropy_side": 6.858558177947998,
          "hz": 8225.96088609342
        },
        {
          "acoustic_entropy": 6.810853481292725,
          "acoustic_entropy_side": 6.851776123046875,
          "hz": 9016.43338188839
        },
        {
          "acoustic_entropy": 6.612188339233398,
          "acoustic_entropy_side": 6.831638813018799,
          "hz": 9876.909183162974
        },
        {
          "acoustic_entropy": 6.428892612457275,
          "acoustic_entropy_side": 6.812016010284424,
          "hz": 10813.587699516042
        },
        {
          "acoustic_entropy": 6.8459038734436035,
          "acoustic_entropy_side": 6.858211040496826,
          "hz": 11833.21735289826
        },
        {
          "acoustic_entropy": 6.876972675323486,
          "acoustic_entropy_side": 6.8659749031066895,
          "hz": 12943.144197493959
        },
        {
          "acoustic_entropy": 6.864968776702881,
          "acoustic_entropy_side": 6.870609283447266,
          "hz": 14151.364845322005
        },
        {
          "acoustic_entropy": 6.689582347869873,
          "acoustic_entropy_side": 6.874850749969482,
          "hz": 15466.58407886509
        },
        {
          "acoustic_entropy": 6.640880584716797,
          "acoustic_entropy_side": 6.874268531799316,
          "hz": 16898.27756580493
        },
        {
          "acoustic_entropy": 6.790008068084717,
          "acoustic_entropy_side": 6.872414588928223,
          "hz": 18456.760127700032
        },
        {
          "acoustic_entropy": 6.663183212280273,
          "acoustic_entropy_side": 6.873194694519043,
          "hz": 20153.260054456492
        },
        {
          "acoustic_entropy": 6.840859413146973,
          "acoustic_entropy_side": 6.873382091522217,
          "hz": 22000.00000000001
        }
      ],
      "diff_acoustic_entropy": 3.910102128982544,
      "sn": 6
    },
    {
      "acoustic_entropy": 10.910897254943848,
      "acoustic_entropy_mono": 10.410713195800781,
      "band_eliminated_acoustic_entropies": [
        {
          "acoustic_entropy": 11.19002628326416,
          "acoustic_entropy_side": 10.909906387329102,
          "hz": 129.47220167065723
        },
        {
          "acoustic_entropy": 11.354138374328613,
          "acoustic_entropy_side": 10.913436889648438,
          "hz": 202.92927478742237
        },
        {
          "acoustic_entropy": 11.00669002532959,
          "acoustic_entropy_side": 10.899413108825684,
          "hz": 282.89161906338205
        },
        {
          "acoustic_entropy": 10.957695960998535,
          "acoustic_entropy_side": 10.776469230651855,
          "hz": 369.9353335868758
        },
        {
          "acoustic_entropy": 10.925737380981445,
          "acoustic_entropy_side": 10.82214069366455,
          "hz": 464.6875360973435
        },
        {
          "acoustic_entropy": 10.720170974731445,
          "acoustic_entropy_side": 10.90262222290039,
          "hz": 567.8308811364784
        },
        {
          "acoustic_entropy": 11.056408882141113,
          "acoustic_entropy_side": 10.753098487854004,
          "hz": 680.1084783214808
        },
        {
          "acoustic_entropy": 10.445603370666504,
          "acoustic_entropy_side": 10.602787017822266,
          "hz": 802.3292461747484
        },
        {
          "acoustic_entropy": 10.789934158325195,
          "acoustic_entropy_side": 10.754634857177734,
          "hz": 935.3737400823702
        },
        {
          "acoustic_entropy": 10.687723159790039,
          "acoustic_entropy_side": 10.994279861450195,
          "hz": 1080.2004963696966
        },
        {
          "acoustic_entropy": 11.2237548828125,
          "acoustic_entropy_side": 10.986042976379395,
          "hz": 1237.8529382007157
        },
        {
          "acoustic_entropy": 10.417200088500977,
          "acoustic_entropy_side": 10.775293350219727,
          "hz": 1409.4668930556702
        },
        {
          "acoustic_entropy": 10.951761245727539,
          "acoustic_entropy_side": 10.866569519042969,
          "hz": 1596.2787759475705
        },
        {
          "acoustic_entropy": 10.683087348937988,
          "acoustic_entropy_side": 10.65239143371582,
          "hz": 1799.6344973346393
        },
        {
          "acoustic_entropy": 10.667632102966309,
          "acoustic_entropy_side": 10.76428508758545,
          "hz": 2020.9991599069049
        },
        {
          "acoustic_entropy": 10.916976928710938,
          "acoustic_entropy_side": 10.882165908813477,
          "hz": 2261.9676141086993
        },
        {
          "acoustic_entropy": 10.858393669128418,
          "acoustic_entropy_side": 10.862102508544922,
          "hz": 2524.2759484456974
        },
        {
          "acoustic_entropy": 10.359478950500488,
          "acoustic_entropy_side": 10.856685638427734,
          "hz": 2809.813997359896
        },
        {
          "acoustic_entropy": 10.58409309387207,
          "acoustic_entropy_side": 10.687361717224121,
          "hz": 3120.6389567871424
        },
        {
          "acoustic_entropy": 10.634949684143066,
          "acoustic_entropy_side": 10.725812911987305,
          "hz": 3458.990205492291
        },
        {
          "acoustic_entropy": 10.523472785949707,
          "acoustic_entropy_side": 10.851823806762695,
          "hz": 3827.305438964164
        },
        {
          "acoustic_entropy": 10.623496055603027,
          "acoustic_entropy_side": 10.826690673828125,
          "hz": 4228.238232109126
        },
        {
          "acoustic_entropy": 11.027315139770508,
          "acoustic_entropy_side": 10.889666557312012,
          "hz": 4664.6771572759235
        },
        {
          "acoustic_entropy": 10.229316711425781,
          "acoustic_entropy_side": 10.53689193725586,
          "hz": 5139.766595350093
        },
        {
          "acoustic_entropy": 10.30111312866211,
          "acoustic_entropy_side": 10.62297248840332,
          "hz": 5656.929389854203
        },
        {
          "acoustic_entropy": 10.552046775817871,
          "acoustic_entropy_side": 10.70253849029541,
          "hz": 6219.891507268283
        },
        {
          "acoustic_entropy": 10.569794654846191,
          "acoustic_entropy_side": 10.732470512390137,
          "hz": 6832.70888123896
        },
        {
          "acoustic_entropy": 10.81015396118164,
          "acoustic_entropy_side": 10.859474182128906,
          "hz": 7499.796634079867
        },
        {
          "acoustic_entropy": 10.866490364074707,
          "acoustic_entropy_side": 10.902189254760742,
          "hz": 8225.96088609342
        },
        {
          "acoustic_entropy": 10.881731986999512,
          "acoustic_entropy_side": 10.935651779174805,
          "hz": 9016.43338188839
        },
        {
          "acoustic_entropy": 10.878555297851562,
          "acoustic_entropy_side": 10.945916175842285,
          "hz": 9876.909183162974
        },
        {
          "acoustic_entropy": 10.930208206176758,
          "acoustic_entropy_side": 10.962869644165039,
          "hz": 10813.587699516042
        },
        {
          "acoustic_entropy": 10.795628547668457,
          "acoustic_entropy_side": 10.967247009277344,
          "hz": 11833.21735289826
        },
        {
          "acoustic_entropy": 11.000667572021484,
          "acoustic_entropy_side": 10.996792793273926,
          "hz": 12943.144197493959
        },
        {
          "acoustic_entropy": 10.983126640319824,
          "acoustic_entropy_side": 10.973167419433594,
          "hz": 14151.364845322005
        },
        {
          "acoustic_entropy": 11.0997314453125,
          "acoustic_entropy_side": 10.95657730102539,
          "hz": 15466.58407886509
        },
        {
          "acoustic_entropy": 11.043851852416992,
          "acoustic_entropy_side": 10.943076133728027,
          "hz": 16898.27756580493
        },
        {
          "acoustic_entropy": 10.625375747680664,
          "acoustic_entropy_side": 10.928729057312012,
          "hz": 18456.760127700032
        },
        {
          "acoustic_entropy": 10.92265796661377,
          "acoustic_entropy_side": 10.915105819702148,
          "hz": 20153.260054456492
        },
        {
          "acoustic_entropy": 10.967331886291504,
          "acoustic_entropy_side": 10.9111328125,
          "hz": 22000.00000000001
        }
      ],
      "diff_acoustic_entropy": 7.719567775726318,
      "sn": 12
    },
    {
      "acoustic_entropy": 15.703817367553711,
      "acoustic_entropy_mono": 14.619699478149414,
      "band_eliminated_acoustic_entropies": [
        {
          "acoustic_entropy": 15.012060165405273,
          "acoustic_entropy_side": 15.770566940307617,
          "hz": 129.47220167065723
        },
        {
          "acoustic_entropy": 16.1696720123291,
          "acoustic_entropy_side": 15.942635536193848,
          "hz": 202.92927478742237
        },
        {
          "acoustic_entropy": 15.498756408691406,
          "acoustic_entropy_side": 15.63592529296875,
          "hz": 282.89161906338205
        },
        {
          "acoustic_entropy": 16.03940773010254,
          "acoustic_entropy_side": 15.619464874267578,
          "hz": 369.9353335868758
        },
        {
          "acoustic_entropy": 15.336844444274902,
          "acoustic_entropy_side": 15.14072036743164,
          "hz": 464.6875360973435
        },
        {
          "acoustic_entropy": 15.71261978149414,
          "acoustic_entropy_side": 16.255207061767578,
          "hz": 567.8308811364784
        },
        {
          "acoustic_entropy": 15.779534339904785,
          "acoustic_entropy_side": 15.779620170593262,
          "hz": 680.1084783214808
        },
        {
          "acoustic_entropy": 16.059110641479492,
          "acoustic_entropy_side": 15.664244651794434,
          "hz": 802.3292461747484
        },
        {
          "acoustic_entropy": 15.926895141601562,
          "acoustic_entropy_side": 15.532363891601562,
          "hz": 935.3737400823702
        },
        {
          "acoustic_entropy": 15.221033096313477,
          "acoustic_entropy_side": 15.709577560424805,
          "hz": 1080.2004963696966
        },
        {
          "acoustic_entropy": 15.232157707214355,
          "acoustic_entropy_side": 15.543633460998535,
          "hz": 1237.8529382007157
        },
        {
          "acoustic_entropy": 15.799551010131836,
          "acoustic_entropy_side": 16.00682258605957,
          "hz": 1409.4668930556702
        },
        {
          "acoustic_entropy": 15.56318473815918,
          "acoustic_entropy_side": 15.425589561462402,
          "hz": 1596.2787759475705
        },
        {
          "acoustic_entropy": 16.054954528808594,
          "acoustic_entropy_side": 15.952269554138184,
          "hz": 1799.6344973346393
        },
        {
          "acoustic_entropy": 15.343170166015625,
          "acoustic_entropy_side": 15.417519569396973,
          "hz": 2020.9991599069049
        },
        {
          "acoustic_entropy": 15.803380966186523,
          "acoustic_entropy_side": 15.783403396606445,
          "hz": 2261.9676141086993
        },
        {
          "acoustic_entropy": 15.716727256774902,
          "acoustic_entropy_side": 15.670748710632324,
          "hz": 2524.2759484456974
        },
        {
          "acoustic_entropy": 15.797480583190918,
          "acoustic_entropy_side": 15.884769439697266,
