{
  "acoustic_entropy": 212.73199462890625,
  "bands": [
    {
      "high_freq": 148.1999969482422,
      "loudness": -52.34526443481445,
      "loudness_range": 30.91455078125,
      "mid_mean": -50.65756607055664,
      "mid_to_side_loudness": -2.679295301437378,
      "mid_to_side_loudness_range": 12.593454360961914,
      "side_mean": -52.7205924987793
    },
    {
      "high_freq": 392.3793640136719,
      "loudness": -36.32294845581055,
      "loudness_range": 17.818729400634766,
      "low_freq": 148.1999969482422,
      "mid_mean": -35.69761657714844,
      "mid_to_side_loudness": -0.3437730073928833,
      "mid_to_side_loudness_range": 9.26479721069336,
      "side_mean": -36.13999938964844
    },
    {
      "high_freq": 794.6976318359375,
      "loudness": -36.2104606628418,
      "loudness_range": 16.66448974609375,
      "low_freq": 392.3793640136719,
      "mid_mean": -35.65737533569336,
      "mid_to_side_loudness": -0.03153449669480324,
      "mid_to_side_loudness_range": 6.794934272766113,
      "side_mean": -35.67995071411133
    },
    {
      "high_freq": 1457.5709228515625,
      "loudness": -39.38823318481445,
      "loudness_range": 16.772859573364258,
      "low_freq": 794.6976318359375,
      "mid_mean": -38.51116943359375,
      "mid_to_side_loudness": -0.725664496421814,
      "mid_to_side_loudness_range": 7.11046028137207,
      "side_mean": -39.23114776611328
    },
    {
      "high_freq": 2549.74365234375,
      "loudness": -39.575923919677734,
      "loudness_range": 16.978153228759766,
      "low_freq": 1457.5709228515625,
      "mid_mean": -38.90382385253906,
      "mid_to_side_loudness": -0.0786704421043396,
      "mid_to_side_loudness_range": 4.3235697746276855,
      "side_mean": -38.97420120239258
    },
    {
      "high_freq": 4349.24462890625,
      "loudness": -45.22965621948242,
      "loudness_range": 21.009918212890625,
      "low_freq": 2549.74365234375,
      "mid_mean": -44.68262481689453,
      "mid_to_side_loudness": 0.14605014026165009,
      "mid_to_side_loudness_range": 4.913973808288574,
      "side_mean": -44.55519104003906
    },
    {
      "high_freq": 7314.1640625,
      "loudness": -59.0037841796875,
      "loudness_range": 23.308002471923828,
      "low_freq": 4349.24462890625,
      "mid_mean": -57.775211334228516,
      "mid_to_side_loudness": -0.06744939833879471,
      "mid_to_side_loudness_range": 3.1909375190734863,
      "side_mean": -57.83811950683594
    },
    {
      "high_freq": 12199.2666015625,
      "loudness": -66.9516372680664,
      "loudness_range": 24.904258728027344,
      "low_freq": 7314.1640625,
      "mid_mean": -63.778812408447266,
      "mid_to_side_loudness": -0.030049609020352364,
      "mid_to_side_loudness_range": 1.7909495830535889,
      "side_mean": -63.810428619384766
    },
    {
      "loudness": -72.57238006591797,
      "loudness_range": 24.053016662597656,
      "low_freq": 12199.2666015625,
      "mid_mean": -67.03192901611328,
      "mid_to_side_loudness": -0.0063246493227779865,
      "mid_to_side_loudness_range": 1.3630343675613403,
      "side_mean": -67.02787780761719
    }
  ],
  "bands_short": [
    {
      "high_freq": 148.1999969482422,
      "loudness": -56.46531677246094,
      "loudness_range": 28.715862274169922,
      "mid_mean": -54.385528564453125,
      "mid_to_side_loudness": -3.8472065925598145,
      "mid_to_side_loudness_range": 14.935431480407715,
      "side_mean": -57.251949310302734
    },
    {
      "high_freq": 392.3793640136719,
      "loudness": -36.908790588378906,
      "loudness_range": 19.387357711791992,
      "low_freq": 148.1999969482422,
      "mid_mean": -36.49770736694336,
      "mid_to_side_loudness": -0.3712395131587982,
      "mid_to_side_loudness_range": 11.690496444702148,
      "side_mean": -36.90786361694336
    },
    {
      "high_freq": 794.6976318359375,
      "loudness": -36.721858978271484,
      "loudness_range": 17.99059295654297,
      "low_freq": 392.3793640136719,
      "mid_mean": -36.41856384277344,
      "mid_to_side_loudness": 0.1763106882572174,
      "mid_to_side_loudness_range": 9.675626754760742,
      "side_mean": -36.23386001586914
    },
    {
      "high_freq": 1457.5709228515625,
      "loudness": -39.93270492553711,
      "loudness_range": 17.901695251464844,
      "low_freq": 794.6976318359375,
      "mid_mean": -39.14911651611328,
      "mid_to_side_loudness": -0.7602661848068237,
      "mid_to_side_loudness_range": 9.326292991638184,
      "side_mean": -39.91047668457031
    },
    {
      "high_freq": 2549.74365234375,
      "loudness": -40.66508102416992,
      "loudness_range": 19.236108779907227,
      "low_freq": 1457.5709228515625,
      "mid_mean": -40.127620697021484,
      "mid_to_side_loudness": 0.012690608389675617,
      "mid_to_side_loudness_range": 6.497714042663574,
      "side_mean": -40.10000228881836
    },
    {
      "high_freq": 4349.24462890625,
      "loudness": -45.84250259399414,
      "loudness_range": 22.660621643066406,
      "low_freq": 2549.74365234375,
      "mid_mean": -45.39891052246094,
      "mid_to_side_loudness": 0.05984827131032944,
      "mid_to_side_loudness_range": 6.9738359451293945,
      "side_mean": -45.34245681762695
    },
    {
      "high_freq": 7314.1640625,
      "loudness": -60.156333923339844,
      "loudness_range": 25.085582733154297,
      "low_freq": 4349.24462890625,
      "mid_mean": -58.781715393066406,
      "mid_to_side_loudness": -0.07702748477458954,
      "mid_to_side_loudness_range": 4.899725914001465,
      "side_mean": -58.85313415527344
    },
    {
      "high_freq": 12199.2666015625,
      "loudness": -68.00585174560547,
      "loudness_range": 25.673778533935547,
      "low_freq": 7314.1640625,
      "mid_mean": -64.61212921142578,
      "mid_to_side_loudness": -0.02493928000330925,
      "mid_to_side_loudness_range": 3.1619009971618652,
      "side_mean": -64.6334457397461
    },
    {
      "loudness": -72.92892456054688,
      "loudness_range": 24.208580017089844,
      "low_freq": 12199.2666015625,
      "mid_mean": -67.51905822753906,
      "mid_to_side_loudness": 0.014765284024178982,
      "mid_to_side_loudness_range": 2.5972700119018555,
      "side_mean": -67.51724243164062
    }
  ],
  "bandwidth": 649.4471435546875,
  "channels": 2,
  "covariance": [
    [
      95.27545166015625,
      108.67332458496094,
      25.40958023071289,
      19.42524528503418,
      20.096223831176758,
      17.759719848632812,
      15.025617599487305,
      15.115989685058594,
      12.04679012298584,
      10.621350288391113,
      10.498870849609375,
      10.468973159790039,
      10.981284141540527,
      11.070548057556152,
      8.16970443725586,
      8.216056823730469,
      6.911607265472412,
      6.99634313583374
    ],
    [
      108.67332458496094,
      132.61741638183594,
      29.705076217651367,
      24.001474380493164,
      23.908710479736328,
      21.00680160522461,
      16.757835388183594,
      17.551904678344727,
      13.6653470993042,
      12.238883018493652,
      12.146881103515625,
      12.200288772583008,
      13.364444732666016,
      13.443342208862305,
      10.054825782775879,
      10.079872131347656,
      8.665827751159668,
      8.749183654785156
    ],
    [
      25.40958023071289,
      29.705076217651367,
      47.897377014160156,
      36.8606071472168,
      28.132728576660156,
      27.23910903930664,
      21.00884246826172,
      23.520309448242188,
      22.746795654296875,
      21.518951416015625,
      24.11143684387207,
      23.58769989013672,
      22.659746170043945,
      22.334049224853516,
      17.02427101135254,
      16.6607666015625,
      10.844839096069336,
      10.856139183044434
    ],
    [
      19.42524528503418,
      24.001474380493164,
      36.8606071472168,
      37.9335823059082,
      23.88174819946289,
      22.714221954345703,
      19.456846237182617,
      21.8229923248291,
      20.228729248046875,
      19.281862258911133,
      21.247222900390625,
      20.68052101135254,
      19.99538803100586,
      19.69796371459961,
      14.949223518371582,
      14.568151473999023,
      9.460018157958984,
      9.487499237060547
    ],
    [
      20.096223831176758,
      23.908710479736328,
      28.132728576660156,
      23.88174819946289,
      33.329017639160156,
      31.36740493774414,
      20.932687759399414,
      23.736162185668945,
      25.199668884277344,
      24.244089126586914,
      27.6444091796875,
      26.851205825805664,
      24.488903045654297,
      24.147315979003906,
      18.279951095581055,
      18.032148361206055,
      11.060526847839355,
      11.091991424560547
    ],
    [
      17.759719848632812,
      21.00680160522461,
      27.23910903930664,
      22.714221954345703,
      31.36740493774414,
      34.88020706176758,
      20.01418685913086,
      23.119333267211914,
      24.996793746948242,
      23.907514572143555,
      27.79785919189453,
      27.16278076171875,
      24.761192321777344,
      24.54974937438965,
      18.415964126586914,
      18.21683120727539,
      11.006004333496094,
      11.024723052978516
    ],
    [
      15.025617599487305,
      16.757835388183594,
      21.00884246826172,
      19.456846237182617,
      20.932687759399414,
      20.01418685913086,
      33.774452209472656,
      29.5997371673584,
      27.976449966430664,
      27.24277687072754,
      32.290672302246094,
      31.526899337768555,
      30.041059494018555,
      29.588430404663086,
      22.714326858520508,
      22.4766902923584,
      15.019330978393555,
      15.077730178833008
    ],
    [
      15.115989685058594,
      17.551904678344727,
      23.520309448242188,
      21.8229923248291,
      23.736162185668945,
      23.119333267211914,
      29.5997371673584,
      31.515552520751953,
      29.070741653442383,
      28.53563690185547,
      33.368019104003906,
      32.53959655761719,
      30.208520889282227,
      29.814769744873047,
      22.869173049926758,
      22.597537994384766,
      14.665328979492188,
      14.721575736999512
    ],
    [
      12.04679012298584,
      13.6653470993042,
      22.746795654296875,
      20.228729248046875,
      25.199668884277344,
      24.996793746948242,
      27.976449966430664,
      29.070741653442383,
      36.995697021484375,
      35.41409683227539,
      40.7298583984375,
      39.689422607421875,
      36.56081771850586,
      36.22696304321289,
      27.759525299072266,
      27.449501037597656,
      17.19978141784668,
      17.245105743408203
    ],
    [
      10.621350288391113,
      12.238883018493652,
      21.518951416015625,
      19.281862258911133,
      24.244089126586914,
      23.907514572143555,
      27.24277687072754,
      28.53563690185547,
      35.41409683227539,
      36.08070373535156,
      40.02030563354492,
      39.17506790161133,
      36.27888488769531,
      35.988826751708984,
      27.395984649658203,
      27.113008499145508,
      16.928016662597656,
      16.959489822387695
    ],
    [
      10.498870849609375,
      12.146881103515625,
      24.11143684387207,
      21.247222900390625,
      27.6444091796875,
      27.79785919189453,
      32.290672302246094,
      33.368019104003906,
      40.7298583984375,
      40.02030563354492,
      53.38972091674805,
      50.67300796508789,
      45.9027214050293,
      45.433189392089844,
      35.746097564697266,
      35.41410827636719,
      22.38372802734375,
      22.4455509185791
    ],
    [
      10.468973159790039,
      12.200288772583008,
      23.58769989013672,
      20.68052101135254,
      26.851205825805664,
      27.16278076171875,
      31.526899337768555,
      32.53959655761719,
      39.689422607421875,
      39.17506790161133,
      50.67300796508789,
      51.385231018066406,
      45.01978302001953,
      44.50628662109375,
      34.729469299316406,
      34.41376876831055,
      21.778425216674805,
      21.816682815551758
    ],
    [
      10.981284141540527,
      13.364444732666016,
      22.659746170043945,
      19.99538803100586,
      24.488903045654297,
      24.761192321777344,
      30.041059494018555,
      30.208520889282227,
      36.56081771850586,
      36.27888488769531,
      45.9027214050293,
      45.01978302001953,
      47.20073699951172,
      46.20391845703125,
      35.984886169433594,
      35.66665267944336,
      23.478742599487305,
      23.530128479003906
    ],
    [
      11.070548057556152,
      13.443342208862305,
      22.334049224853516,
      19.69796371459961,
      24.147315979003906,
      24.54974937438965,
      29.588430404663086,
      29.814769744873047,
      36.22696304321289,
      35.988826751708984,
      45.433189392089844,
      44.50628662109375,
      46.20391845703125,
      46.17745590209961,
      35.5890998840332,
      35.29019546508789,
      23.194244384765625,
      23.25291633605957
    ],
    [
      8.16970443725586,
      10.054825782775879,
      17.02427101135254,
      14.949223518371582,
      18.279951095581055,
      18.415964126586914,
      22.714326858520508,
      22.869173049926758,
      27.759525299072266,
      27.395984649658203,
      35.746097564697266,
      34.729469299316406,
      35.984886169433594,
      35.5890998840332,
      31.27585792541504,
      30.862730026245117,
      20.855249404907227,
      20.899234771728516
    ],
    [
      8.216056823730469,
      10.079872131347656,
      16.6607666015625,
      14.568151473999023,
      18.032148361206055,
      18.21683120727539,
      22.4766902923584,
      22.597537994384766,
      27.449501037597656,
      27.113008499145508,
      35.41410827636719,
      34.41376876831055,
      35.66665267944336,
      35.29019546508789,
      30.862730026245117,
      30.67557716369629,
      20.65394401550293,
      20.70182991027832
    ],
    [
      6.911607265472412,
      8.665827751159668,
      10.844839096069336,
      9.460018157958984,
      11.060526847839355,
      11.006004333496094,
      15.019330978393555,
      14.665328979492188,
      17.19978141784668,
      16.928016662597656,
      22.38372802734375,
      21.778425216674805,
      23.478742599487305,
      23.194244384765625,
      20.855249404907227,
      20.65394401550293,
      15.645614624023438,
      15.662986755371094
    ],
    [
      6.99634313583374,
      8.749183654785156,
      10.856139183044434,
      9.487499237060547,
      11.091991424560547,
      11.024723052978516,
      15.077730178833008,
      14.721575736999512,
      17.245105743408203,
      16.959489822387695,
      22.4455509185791,
      21.816682815551758,
      23.530128479003906,
      23.25291633605957,
      20.899234771728516,
      20.70182991027832,
      15.662986755371094,
      15.738819122314453
    ]
  ],
  "covariance_short": [
    [
      69.5460205078125,
      77.04324340820312,
      25.87335205078125,
      19.663537979125977,
      16.118785858154297,
      14.856608390808105,
      12.578871726989746,
      12.852293014526367,
      11.261813163757324,
      10.203722953796387,
      10.176056861877441,
      9.859663009643555,
      10.591813087463379,
      10.696743965148926,
      7.234910011291504,
      7.249039173126221,
      5.744699478149414,
      5.756685733795166
    ],
    [
      77.04324340820312,
      100.47476196289062,
      29.951101303100586,
      24.46243667602539,
      19.511306762695312,
      17.820133209228516,
      13.726900100708008,
      14.614157676696777,
      12.641846656799316,
      11.330245018005371,
      11.062299728393555,
      10.791966438293457,
      12.136177062988281,
      12.312973022460938,
      8.494729995727539,
      8.542831420898438,
      7.007054328918457,
      7.006157875061035
    ],
    [
      25.87335205078125,
      29.951101303100586,
      56.42767333984375,
      41.31442642211914,
      30.985130310058594,
      29.79494285583496,
      21.83120346069336,
      24.340362548828125,
      23.360857009887695,
      22.163738250732422,
      23.100109100341797,
      22.78314208984375,
      21.18143653869629,
      20.974458694458008,
      14.888755798339844,
      14.655956268310547,
      9.121994018554688,
      9.130719184875488
    ],
    [
      19.663537979125977,
      24.46243667602539,
      41.31442642211914,
      45.92593002319336,
      26.542247772216797,
      25.302169799804688,
      20.53201675415039,
      22.860546112060547,
      21.32880973815918,
      20.339204788208008,
      20.61123275756836,
      20.219175338745117,
      18.78746223449707,
      18.585023880004883,
      12.899103164672852,
      12.647674560546875,
      7.7880706787109375,
      7.787035942077637
    ],
    [
      16.118785858154297,
      19.511306762695312,
      30.985130310058594,
      26.542247772216797,
      40.90822982788086,
      35.288204193115234,
      24.033594131469727,
      26.75258445739746,
      28.269359588623047,
      27.285507202148438,
      29.613340377807617,
      28.802732467651367,
      25.05845832824707,
      24.9437198638916,
      17.112184524536133,
      16.933448791503906,
      9.570863723754883,
      9.553278923034668
    ],
    [
      14.856608390808105,
      17.820133209228516,
      29.79494285583496,
      25.302169799804688,
      35.288204193115234,
      41.46912384033203,
      23.42536163330078,
      26.279361724853516,
      28.46352767944336,
      27.435937881469727,
      30.337039947509766,
      29.636770248413086,
      25.880155563354492,
      25.864587783813477,
      17.722576141357422,
      17.567481994628906,
      9.887222290039062,
      9.883676528930664
    ],
    [
      12.578871726989746,
      13.726900100708008,
      21.83120346069336,
      20.53201675415039,
      24.033594131469727,
      23.42536163330078,
      40.75932312011719,
      34.07933044433594,
      32.526512145996094,
      31.619007110595703,
      36.18926239013672,
      35.255859375,
      32.07398223876953,
      31.691579818725586,
      21.952049255371094,
      21.79878807067871,
      13.378082275390625,
      13.417353630065918
    ],
    [
      12.852293014526367,
      14.614157676696777,
      24.340362548828125,
      22.860546112060547,
      26.75258445739746,
      26.279361724853516,
      34.07933044433594,
      38.58138656616211,
      33.703216552734375,
      33.12542724609375,
      37.068443298339844,
      36.23540115356445,
      32.354888916015625,
      32.03837203979492,
      22.436601638793945,
      22.250446319580078,
      13.507317543029785,
      13.532105445861816
    ],
    [
      11.261813163757324,
      12.641846656799316,
      23.360857009887695,
      21.32880973815918,
      28.269359588623047,
      28.46352767944336,
      32.526512145996094,
      33.703216552734375,
      45.53261184692383,
      42.22262191772461,
      46.296875,
      44.993370056152344,
      40.32414245605469,
      40.05375671386719,
      28.370927810668945,
      28.190990447998047,
      16.764780044555664,
      16.775320053100586
    ],
    [
      10.203722953796387,
      11.330245018005371,
      22.163738250732422,
      20.339204788208008,
      27.285507202148438,
      27.435937881469727,
      31.619007110595703,
      33.12542724609375,
      42.22262191772461,
      44.58385467529297,
      45.62642288208008,
      44.54317855834961,
      39.96875762939453,
      39.77556228637695,
      28.140403747558594,
      27.976085662841797,
      16.530319213867188,
      16.527490615844727
    ],
    [
      10.176056861877441,
      11.062299728393555,
      23.100109100341797,
      20.61123275756836,
      29.613340377807617,
      30.337039947509766,
      36.18926239013672,
      37.068443298339844,
      46.296875,
      45.62642288208008,
      62.298744201660156,
      57.577667236328125,
      50.288909912109375,
      50.00163650512695,
      36.80207061767578,
      36.565895080566406,
      21.898529052734375,
      21.929588317871094
    ],
    [
      9.859663009643555,
      10.791966438293457,
      22.78314208984375,
      20.219175338745117,
      28.802732467651367,
      29.636770248413086,
      35.255859375,
      36.23540115356445,
      44.993370056152344,
      44.54317855834961,
      57.577667236328125,
      59.54408264160156,
      49.02758026123047,
      48.67292404174805,
      35.6165771484375,
      35.40541458129883,
      21.206148147583008,
      21.230926513671875
    ],
    [
      10.591813087463379,
      12.136177062988281,
      21.18143653869629,
      18.78746223449707,
      25.05845832824707,
      25.880155563354492,
      32.07398223876953,
      32.354888916015625,
      40.32414245605469,
      39.96875762939453,
      50.288909912109375,
      49.02758026123047,
      51.559303283691406,
      50.081298828125,
      36.68013000488281,
      36.472938537597656,
      22.8839111328125,
      22.912399291992188
    ],
    [
      10.696743965148926,
      12.312973022460938,
      20.974458694458008,
      18.585023880004883,
      24.9437198638916,
      25.864587783813477,
      31.691579818725586,
      32.03837203979492,
      40.05375671386719,
      39.77556228637695,
      50.00163650512695,
      48.67292404174805,
      50.081298828125,
      50.77237319946289,
      36.40740203857422,
      36.236846923828125,
      22.680551528930664,
      22.715755462646484
    ],
    [
      7.234910011291504,
      8.494729995727539,
      14.888755798339844,
      12.899103164672852,
      17.112184524536133,
      17.722576141357422,
      21.952049255371094,
      22.436601638793945,
      28.370927810668945,
      28.140403747558594,
      36.80207061767578,
      35.6165771484375,
      36.68013000488281,
      36.40740203857422,
      31.591556549072266,
      31.066076278686523,
      20.210697174072266,
      20.223901748657227
    ],
    [
      7.249039173126221,
      8.542831420898438,
      14.655956268310547,
      12.647674560546875,
      16.933448791503906,
      17.567481994628906,
      21.79878807067871,
      22.250446319580078,
      28.190990447998047,
      27.976085662841797,
      36.565895080566406,
      35.40541458129883,
      36.472938537597656,
      36.236846923828125,
      31.066076278686523,
      31.164928436279297,
      20.043066024780273,
      20.06122589111328
    ],
    [
      5.744699478149414,
      7.007054328918457,
      9.121994018554688,
      7.7880706787109375,
      9.570863723754883,
      9.887222290039062,
      13.378082275390625,
      13.507317543029785,
      16.764780044555664,
      16.530319213867188,
      21.898529052734375,
      21.206148147583008,
      22.8839111328125,
      22.680551528930664,
      20.210697174072266,
      20.043066024780273,
      15.1348237991333,
      15.073884963989258
    ],
    [
      5.756685733795166,
      7.006157875061035,
      9.130719184875488,
      7.787035942077637,
      9.553278923034668,
      9.883676528930664,
      13.417353630065918,
      13.532105445861816,
      16.775320053100586,
      16.527490615844727,
      21.929588317871094,
      21.230926513671875,
      22.912399291992188,
      22.715755462646484,
      20.223901748657227,
      20.06122589111328,
      15.073884963989258,
      15.180527687072754
    ]
  ],
  "damage": -18.45541763305664,
  "diff_bandwidth": 683.1154174804688,
  "dissonance": 6.2455889917070095,
  "drr": -5.432053089141846,
  "dynamics": 4.863696098327637,
  "format": 1245190,
  "frames": 23029696,
  "loudness": -26.95957374572754,
  "loudness_range": 14.74081039428711,
  "loudness_range_short": 16.212003707885742,
  "lowpass_true_peak_15khz": -3.887054443359375,
  "mastering3_acoustic_entropies": [
    {
      "acoustic_entropy": 5.681092739105225,
      "acoustic_entropy_mono": 5.506810188293457,
      "band_eliminated_acoustic_entropies": [
        {
          "acoustic_entropy": 5.692415714263916,
          "acoustic_entropy_side": 5.688729763031006,
          "hz": 129.47220167065723
        },
        {
          "acoustic_entropy": 6.014710426330566,
          "acoustic_entropy_side": 5.947858810424805,
          "hz": 202.92927478742237
        },
        {
          "acoustic_entropy": 5.685729503631592,
          "acoustic_entropy_side": 5.891756057739258,
          "hz": 282.89161906338205
        },
        {
          "acoustic_entropy": 5.897634029388428,
          "acoustic_entropy_side": 5.812371253967285,
          "hz": 369.9353335868758
        },
        {
          "acoustic_entropy": 5.999292850494385,
          "acoustic_entropy_side": 5.7702412605285645,
          "hz": 464.6875360973435
        },
        {
          "acoustic_entropy": 6.113786697387695,
          "acoustic_entropy_side": 5.942306041717529,
          "hz": 567.8308811364784
        },
        {
          "acoustic_entropy": 6.102850437164307,
          "acoustic_entropy_side": 5.46848201751709,
          "hz": 680.1084783214808
        },
        {
          "acoustic_entropy": 5.352299690246582,
          "acoustic_entropy_side": 5.658857345581055,
          "hz": 802.3292461747484
        },
        {
          "acoustic_entropy": 6.341536045074463,
          "acoustic_entropy_side": 6.1455979347229,
          "hz": 935.3737400823702
        },
        {
          "acoustic_entropy": 5.862574577331543,
          "acoustic_entropy_side": 5.91623592376709,
          "hz": 1080.2004963696966
        },
        {
          "acoustic_entropy": 5.570843696594238,
          "acoustic_entropy_side": 5.536603927612305,
          "hz": 1237.8529382007157
        },
        {
          "acoustic_entropy": 5.862347602844238,
          "acoustic_entropy_side": 5.425570487976074,
          "hz": 1409.4668930556702
        },
        {
          "acoustic_entropy": 6.208986282348633,
          "acoustic_entropy_side": 6.168671131134033,
          "hz": 1596.2787759475705
        },
        {
          "acoustic_entropy": 6.0055389404296875,
          "acoustic_entropy_side": 5.832744598388672,
          "hz": 1799.6344973346393
        },
        {
          "acoustic_entropy": 5.527202129364014,
          "acoustic_entropy_side": 5.718499660491943,
          "hz": 2020.9991599069049
        },
        {
          "acoustic_entropy": 5.683687686920166,
          "acoustic_entropy_side": 5.448457717895508,
          "hz": 2261.9676141086993
        },
        {
          "acoustic_entropy": 5.662668704986572,
          "acoustic_entropy_side": 5.949282169342041,
          "hz": 2524.2759484456974
        },
        {
          "acoustic_entropy": 5.74569034576416,
          "acoustic_entropy_side": 5.658984184265137,
          "hz": 2809.813997359896
        },
        {
          "acoustic_entropy": 5.890636920928955,
          "acoustic_entropy_side": 5.787775039672852,
          "hz": 3120.6389567871424
        },
        {
          "acoustic_entropy": 5.425072193145752,
          "acoustic_entropy_side": 5.5045881271362305,
          "hz": 3458.990205492291
        },
        {
          "acoustic_entropy": 5.642364978790283,
          "acoustic_entropy_side": 5.734018325805664,
          "hz": 3827.305438964164
        },
        {
          "acoustic_entropy": 5.87180757522583,
          "acoustic_entropy_side": 5.880677700042725,
          "hz": 4228.238232109126
        },
        {
          "acoustic_entropy": 5.601834297180176,
          "acoustic_entropy_side": 5.637530326843262,
          "hz": 4664.6771572759235
        },
        {
          "acoustic_entropy": 5.64250373840332,
          "acoustic_entropy_side": 5.66577672958374,
          "hz": 5139.766595350093
        },
        {
          "acoustic_entropy": 5.67404842376709,
          "acoustic_entropy_side": 5.677691459655762,
          "hz": 5656.929389854203
        },
        {
          "acoustic_entropy": 5.668903827667236,
          "acoustic_entropy_side": 5.677184104919434,
          "hz": 6219.891507268283
        },
        {
          "acoustic_entropy": 5.659999370574951,
          "acoustic_entropy_side": 5.664429187774658,
          "hz": 6832.70888123896
        },
        {
          "acoustic_entropy": 5.672653675079346,
          "acoustic_entropy_side": 5.677221298217773,
          "hz": 7499.796634079867
        },
        {
          "acoustic_entropy": 5.665694236755371,
          "acoustic_entropy_side": 5.674210071563721,
          "hz": 8225.96088609342
        },
        {
          "acoustic_entropy": 5.677966594696045,
          "acoustic_entropy_side": 5.679256916046143,
          "hz": 9016.43338188839
        },
        {
          "acoustic_entropy": 5.676002502441406,
          "acoustic_entropy_side": 5.678800582885742,
          "hz": 9876.909183162974
        },
        {
          "acoustic_entropy": 5.679689407348633,
          "acoustic_entropy_side": 5.680546283721924,
          "hz": 10813.587699516042
        },
        {
          "acoustic_entropy": 5.6791181564331055,
          "acoustic_entropy_side": 5.6801252365112305,
          "hz": 11833.21735289826
        },
        {
          "acoustic_entropy": 5.679357528686523,
          "acoustic_entropy_side": 5.680167198181152,
          "hz": 12943.144197493959
        },
        {
          "acoustic_entropy": 5.68027925491333,
          "acoustic_entropy_side": 5.680655002593994,
          "hz": 14151.364845322005
        },
        {
          "acoustic_entropy": 5.680502891540527,
          "acoustic_entropy_side": 5.680787563323975,
          "hz": 15466.58407886509
        },
        {
          "acoustic_entropy": 5.68057107925415,
          "acoustic_entropy_side": 5.68087911605835,
          "hz": 16898.27756580493
        },
        {
          "acoustic_entropy": 5.680966377258301,
          "acoustic_entropy_side": 5.68103551864624,
          "hz": 18456.760127700032
        },
        {
          "acoustic_entropy": 5.680936813354492,
          "acoustic_entropy_side": 5.6810173988342285,
          "hz": 20153.260054456492
        },
        {
          "acoustic_entropy": 5.681081295013428,
          "acoustic_entropy_side": 5.68108606338501,
          "hz": 22000.00000000001
        }
      ],
      "diff_acoustic_entropy": 3.792807102203369,
      "sn": 6
    },
    {
      "acoustic_entropy": 10.509324073791504,
      "acoustic_entropy_mono": 9.694013595581055,
      "band_eliminated_acoustic_entropies": [
        {
          "acoustic_entropy": 10.407865524291992,
          "acoustic_entropy_side": 10.476079940795898,
          "hz": 129.47220167065723
        },
        {
          "acoustic_entropy": 9.926665306091309,
          "acoustic_entropy_side": 10.597919464111328,
          "hz": 202.92927478742237
        },
        {
          "acoustic_entropy": 10.672924041748047,
          "acoustic_entropy_side": 9.900899887084961,
          "hz": 282.89161906338205
        },
        {
          "acoustic_entropy": 11.039007186889648,
          "acoustic_entropy_side": 11.30203914642334,
          "hz": 369.9353335868758
        },
        {
          "acoustic_entropy": 11.403350830078125,
          "acoustic_entropy_side": 11.123334884643555,
          "hz": 464.6875360973435
        },
        {
          "acoustic_entropy": 10.85874080657959,
          "acoustic_entropy_side": 11.343524932861328,
          "hz": 567.8308811364784
        },
        {
          "acoustic_entropy": 10.981043815612793,
          "acoustic_entropy_side": 10.62588119506836,
          "hz": 680.1084783214808
        },
        {
          "acoustic_entropy": 10.389902114868164,
          "acoustic_entropy_side": 11.295624732971191,
          "hz": 802.3292461747484
        },
        {
          "acoustic_entropy": 11.722772598266602,
          "acoustic_entropy_side": 10.520354270935059,
          "hz": 935.3737400823702
        },
        {
          "acoustic_entropy": 10.73921012878418,
          "acoustic_entropy_side": 11.160955429077148,
          "hz": 1080.2004963696966
        },
        {
          "acoustic_entropy": 10.444014549255371,
          "acoustic_entropy_side": 10.704981803894043,
          "hz": 1237.8529382007157
        },
        {
          "acoustic_entropy": 10.79796028137207,
          "acoustic_entropy_side": 10.624373435974121,
          "hz": 1409.4668930556702
        },
        {
          "acoustic_entropy": 11.091559410095215,
          "acoustic_entropy_side": 11.05668830871582,
          "hz": 1596.2787759475705
        },
        {
          "acoustic_entropy": 11.6543607711792,
          "acoustic_entropy_side": 11.486274719238281,
          "hz": 1799.6344973346393
        },
        {
          "acoustic_entropy": 9.735066413879395,
          "acoustic_entropy_side": 10.573774337768555,
          "hz": 2020.9991599069049
        },
        {
          "acoustic_entropy": 10.614315032958984,
          "acoustic_entropy_side": 10.513896942138672,
          "hz": 2261.9676141086993
        },
        {
          "acoustic_entropy": 10.76819133758545,
          "acoustic_entropy_side": 10.937968254089355,
          "hz": 2524.2759484456974
        },
        {
          "acoustic_entropy": 10.7600736618042,
          "acoustic_entropy_side": 10.864802360534668,
          "hz": 2809.813997359896
        },
        {
          "acoustic_entropy": 10.285361289978027,
          "acoustic_entropy_side": 10.484624862670898,
          "hz": 3120.6389567871424
        },
        {
          "acoustic_entropy": 10.675556182861328,
          "acoustic_entropy_side": 10.740036964416504,
          "hz": 3458.990205492291
        },
        {
          "acoustic_entropy": 10.368978500366211,
          "acoustic_entropy_side": 10.46670150756836,
          "hz": 3827.305438964164
        },
        {
          "acoustic_entropy": 10.482229232788086,
          "acoustic_entropy_side": 10.703606605529785,
          "hz": 4228.238232109126
        },
        {
          "acoustic_entropy": 10.415311813354492,
          "acoustic_entropy_side": 10.621880531311035,
          "hz": 4664.6771572759235
        },
        {
          "acoustic_entropy": 10.413095474243164,
          "acoustic_entropy_side": 10.544595718383789,
          "hz": 5139.766595350093
        },
        {
          "acoustic_entropy": 10.602890968322754,
          "acoustic_entropy_side": 10.597678184509277,
          "hz": 5656.929389854203
        },
        {
          "acoustic_entropy": 10.635150909423828,
          "acoustic_entropy_side": 10.623029708862305,
          "hz": 6219.891507268283
        },
        {
          "acoustic_entropy": 10.659454345703125,
          "acoustic_entropy_side": 10.534027099609375,
          "hz": 6832.70888123896
        },
        {
          "acoustic_entropy": 10.607879638671875,
          "acoustic_entropy_side": 10.608503341674805,
          "hz": 7499.796634079867
        },
        {
          "acoustic_entropy": 10.58769416809082,
          "acoustic_entropy_side": 10.542200088500977,
          "hz": 8225.96088609342
        },
        {
          "acoustic_entropy": 10.612332344055176,
          "acoustic_entropy_side": 10.5623197555542,
          "hz": 9016.43338188839
        },
        {
          "acoustic_entropy": 10.552730560302734,
          "acoustic_entropy_side": 10.5281400680542,
          "hz": 9876.909183162974
        },
        {
          "acoustic_entropy": 10.555848121643066,
          "acoustic_entropy_side": 10.52961254119873,
          "hz": 10813.587699516042
        },
        {
          "acoustic_entropy": 10.52826976776123,
          "acoustic_entropy_side": 10.517979621887207,
          "hz": 11833.21735289826
        },
        {
          "acoustic_entropy": 10.529033660888672,
          "acoustic_entropy_side": 10.517489433288574,
          "hz": 12943.144197493959
        },
        {
          "acoustic_entropy": 10.528803825378418,
          "acoustic_entropy_side": 10.518458366394043,
          "hz": 14151.364845322005
        },
        {
          "acoustic_entropy": 10.522624969482422,
          "acoustic_entropy_side": 10.51542854309082,
          "hz": 15466.58407886509
        },
        {
          "acoustic_entropy": 10.525787353515625,
          "acoustic_entropy_side": 10.517300605773926,
          "hz": 16898.27756580493
        },
        {
          "acoustic_entropy": 10.522880554199219,
          "acoustic_entropy_side": 10.516124725341797,
          "hz": 18456.760127700032
        },
        {
          "acoustic_entropy": 10.516125679016113,
          "acoustic_entropy_side": 10.512622833251953,
          "hz": 20153.260054456492
        },
        {
          "acoustic_entropy": 10.509499549865723,
          "acoustic_entropy_side": 10.509408950805664,
          "hz": 22000.00000000001
        }
      ],
      "diff_acoustic_entropy": 7.9607157707214355,
      "sn": 12
    },
    {
      "acoustic_entropy": 18.31484031677246,
      "acoustic_entropy_mono": 15.470101356506348,
      "band_eliminated_acoustic_entropies": [
        {
          "acoustic_entropy": 18.246286392211914,
          "acoustic_entropy_side": 17.936307907104492,
          "hz": 129.47220167065723
        },
        {
          "acoustic_entropy": 19.070858001708984,
          "acoustic_entropy_side": 19.022878646850586,
          "hz": 202.92927478742237
        },
        {
          "acoustic_entropy": 18.862594604492188,
          "acoustic_entropy_side": 18.798053741455078,
          "hz": 282.89161906338205
        },
        {
          "acoustic_entropy": 19.04914665222168,
          "acoustic_entropy_side": 17.863401412963867,
          "hz": 369.9353335868758
        },
        {
          "acoustic_entropy": 19.371061325073242,
          "acoustic_entropy_side": 17.931730270385742,
          "hz": 464.6875360973435
        },
        {
          "acoustic_entropy": 18.737651824951172,
          "acoustic_entropy_side": 18.672813415527344,
          "hz": 567.8308811364784
        },
        {
          "acoustic_entropy": 19.804885864257812,
          "acoustic_entropy_side": 19.036657333374023,
          "hz": 680.1084783214808
        },
        {
          "acoustic_entropy": 18.62921142578125,
          "acoustic_entropy_side": 17.774372100830078,
          "hz": 802.3292461747484
        },
        {
          "acoustic_entropy": 20.35610580444336,
          "acoustic_entropy_side": 18.949901580810547,
          "hz": 935.3737400823702
        },
        {
          "acoustic_entropy": 18.540945053100586,
          "acoustic_entropy_side": 18.837373733520508,
          "hz": 1080.2004963696966
        },
        {
          "acoustic_entropy": 19.840213775634766,
          "acoustic_entropy_side": 19.390853881835938,
          "hz": 1237.8529382007157
        },
        {
          "acoustic_entropy": 18.30087661743164,
          "acoustic_entropy_side": 18.37071418762207,
          "hz": 1409.4668930556702
        },
        {
          "acoustic_entropy": 18.927658081054688,
          "acoustic_entropy_side": 19.378013610839844,
          "hz": 1596.2787759475705
        },
        {
          "acoustic_entropy": 18.942150115966797,
          "acoustic_entropy_side": 18.91446876525879,
          "hz": 1799.6344973346393
        },
        {
          "acoustic_entropy": 18.725502014160156,
          "acoustic_entropy_side": 18.283235549926758,
          "hz": 2020.9991599069049
        },
        {
          "acoustic_entropy": 18.16204071044922,
          "acoustic_entropy_side": 18.320261001586914,
          "hz": 2261.9676141086993
        },
        {
          "acoustic_entropy": 17.935304641723633,
          "acoustic_entropy_side": 17.835742950439453,
          "hz": 2524.2759484456974
        },
        {
          "acoustic_entropy": 18.12886619567871,
          "acoustic_entropy_side": 18.888225555419922,
          "hz": 2809.813997359896
        },
        {
          "acoustic_entropy": 17.636817932128906,
