{
  "acoustic_entropy": 184.41757202148438,
  "bands": [
    {
      "high_freq": 148.1999969482422,
      "loudness": -42.2017936706543,
      "loudness_range": 18.53627586364746,
      "mid_mean": -39.57768249511719,
      "mid_to_side_loudness": -6.933490753173828,
      "mid_to_side_loudness_range": 12.673850059509277,
      "side_mean": -46.666168212890625
    },
    {
      "high_freq": 392.3793640136719,
      "loudness": -29.598718643188477,
      "loudness_range": 15.974319458007812,
      "low_freq": 148.1999969482422,
      "mid_mean": -27.897193908691406,
      "mid_to_side_loudness": -4.641155242919922,
      "mid_to_side_loudness_range": 19.55553436279297,
      "side_mean": -33.29240417480469
    },
    {
      "high_freq": 794.6976318359375,
      "loudness": -31.271629333496094,
      "loudness_range": 21.81591033935547,
      "low_freq": 392.3793640136719,
      "mid_mean": -28.71681022644043,
      "mid_to_side_loudness": -8.211793899536133,
      "mid_to_side_loudness_range": 19.61406707763672,
      "side_mean": -36.367244720458984
    },
    {
      "high_freq": 1457.5709228515625,
      "loudness": -37.072059631347656,
      "loudness_range": 23.68667221069336,
      "low_freq": 794.6976318359375,
      "mid_mean": -35.015419006347656,
      "mid_to_side_loudness": -6.5880937576293945,
      "mid_to_side_loudness_range": 16.978530883789062,
      "side_mean": -39.800270080566406
    },
    {
      "high_freq": 2549.74365234375,
      "loudness": -37.68731689453125,
      "loudness_range": 21.222925186157227,
      "low_freq": 1457.5709228515625,
      "mid_mean": -35.19729995727539,
      "mid_to_side_loudness": -7.7452898025512695,
      "mid_to_side_loudness_range": 15.923225402832031,
      "side_mean": -42.188690185546875
    },
    {
      "high_freq": 4349.24462890625,
      "loudness": -41.26177215576172,
      "loudness_range": 24.602928161621094,
      "low_freq": 2549.74365234375,
      "mid_mean": -39.193519592285156,
      "mid_to_side_loudness": -6.3108978271484375,
      "mid_to_side_loudness_range": 14.290486335754395,
      "side_mean": -45.83698272705078
    },
    {
      "high_freq": 7314.1640625,
      "loudness": -48.300201416015625,
      "loudness_range": 27.554882049560547,
      "low_freq": 4349.24462890625,
      "mid_mean": -46.80976104736328,
      "mid_to_side_loudness": -6.613805294036865,
      "mid_to_side_loudness_range": 13.23796272277832,
      "side_mean": -54.03938674926758
    },
    {
      "high_freq": 12199.2666015625,
      "loudness": -56.47216796875,
      "loudness_range": 29.53165054321289,
      "low_freq": 7314.1640625,
      "mid_mean": -54.13928985595703,
      "mid_to_side_loudness": -5.3250837326049805,
      "mid_to_side_loudness_range": 11.377723693847656,
      "side_mean": -59.14826202392578
    },
    {
      "loudness": -61.670860290527344,
      "loudness_range": 17.855335235595703,
      "low_freq": 12199.2666015625,
      "mid_mean": -59.52619552612305,
      "mid_to_side_loudness": -2.6248393058776855,
      "mid_to_side_loudness_range": 7.047857284545898,
      "side_mean": -61.93109130859375
    }
  ],
  "bands_short": [
    {
      "high_freq": 148.1999969482422,
      "loudness": -43.934566497802734,
      "loudness_range": 18.08713150024414,
      "mid_mean": -41.54218673706055,
      "mid_to_side_loudness": -6.209405899047852,
      "mid_to_side_loudness_range": 14.21512222290039,
      "side_mean": -47.895633697509766
    },
    {
      "high_freq": 392.3793640136719,
      "loudness": -30.264352798461914,
      "loudness_range": 17.29775619506836,
      "low_freq": 148.1999969482422,
      "mid_mean": -28.69023323059082,
      "mid_to_side_loudness": -4.753327369689941,
      "mid_to_side_loudness_range": 19.56256866455078,
      "side_mean": -33.6279182434082
    },
    {
      "high_freq": 794.6976318359375,
      "loudness": -31.35624885559082,
      "loudness_range": 21.88495445251465,
      "low_freq": 392.3793640136719,
      "mid_mean": -28.896106719970703,
      "mid_to_side_loudness": -7.782271862030029,
      "mid_to_side_loudness_range": 20.452930450439453,
      "side_mean": -36.946624755859375
    },
    {
      "high_freq": 1457.5709228515625,
      "loudness": -36.89798355102539,
      "loudness_range": 23.224742889404297,
      "low_freq": 794.6976318359375,
      "mid_mean": -34.94298553466797,
      "mid_to_side_loudness": -6.373882293701172,
      "mid_to_side_loudness_range": 18.80659294128418,
      "side_mean": -39.8447380065918
    },
    {
      "high_freq": 2549.74365234375,
      "loudness": -37.8274040222168,
      "loudness_range": 21.588768005371094,
      "low_freq": 1457.5709228515625,
      "mid_mean": -35.49980545043945,
      "mid_to_side_loudness": -7.471841812133789,
      "mid_to_side_loudness_range": 16.71580696105957,
      "side_mean": -42.52211380004883
    },
    {
      "high_freq": 4349.24462890625,
      "loudness": -41.235313415527344,
      "loudness_range": 25.183578491210938,
      "low_freq": 2549.74365234375,
      "mid_mean": -39.152488708496094,
      "mid_to_side_loudness": -5.78455114364624,
      "mid_to_side_loudness_range": 14.711565017700195,
      "side_mean": -46.097503662109375
    },
    {
      "high_freq": 7314.1640625,
      "loudness": -48.109745025634766,
      "loudness_range": 27.28909683227539,
      "low_freq": 4349.24462890625,
      "mid_mean": -47.501380920410156,
      "mid_to_side_loudness": -6.006389141082764,
      "mid_to_side_loudness_range": 14.168188095092773,
      "side_mean": -54.12409973144531
    },
    {
      "high_freq": 12199.2666015625,
      "loudness": -56.89564514160156,
      "loudness_range": 30.393173217773438,
      "low_freq": 7314.1640625,
      "mid_mean": -54.58206558227539,
      "mid_to_side_loudness": -5.005093574523926,
      "mid_to_side_loudness_range": 11.981138229370117,
      "side_mean": -59.33100891113281
    },
    {
      "loudness": -61.81138229370117,
      "loudness_range": 17.938030242919922,
      "low_freq": 12199.2666015625,
      "mid_mean": -59.685279846191406,
      "mid_to_side_loudness": -2.544584035873413,
      "mid_to_side_loudness_range": 7.425962924957275,
      "side_mean": -62.01856994628906
    }
  ],
  "bandwidth": 563.130126953125,
  "channels": 2,
  "covariance": [
    [
      42.23710250854492,
      30.031904220581055,
      5.766237735748291,
      14.797046661376953,
      15.070508003234863,
      16.26931381225586,
      12.153620719909668,
      9.770015716552734,
      9.784992218017578,
      11.139076232910156,
      10.34283447265625,
      16.442140579223633,
      11.874306678771973,
      14.936103820800781,
      6.223875999450684,
      4.732721328735352,
      4.758838176727295,
      3.881934404373169
    ],
    [
      30.031904220581055,
      38.592124938964844,
      4.557319641113281,
      21.825136184692383,
      17.72062110900879,
      26.50782012939453,
      20.937448501586914,
      22.723108291625977,
      17.00726890563965,
      22.44548797607422,
      18.453243255615234,
      30.564163208007812,
      15.975592613220215,
      23.042661666870117,
      8.675570487976074,
      9.488431930541992,
      6.898339748382568,
      6.932984352111816
    ],
    [
      5.766237735748291,
      4.557319641113281,
      33.43612289428711,
      21.967981338500977,
      11.589478492736816,
      11.476638793945312,
      10.751593589782715,
      11.09421157836914,
      11.78821086883545,
      17.166215896606445,
      11.020223617553711,
      12.544751167297363,
      12.900738716125488,
      13.750592231750488,
      7.068342208862305,
      6.359213829040527,
      4.052265167236328,
      3.4450201988220215
    ],
    [
      14.797046661376953,
      21.825136184692383,
      21.967981338500977,
      68.3497314453125,
      23.736103057861328,
      41.57319641113281,
      34.562957763671875,
      30.11740493774414,
      29.461393356323242,
      40.09739685058594,
      30.664260864257812,
      46.218685150146484,
      35.92434310913086,
      41.247406005859375,
      23.100393295288086,
      21.742366790771484,
      14.762203216552734,
      12.279035568237305
    ],
    [
      15.070508003234863,
      17.72062110900879,
      11.589478492736816,
      23.736103057861328,
      50.181339263916016,
      42.69295120239258,
      20.305652618408203,
      21.614643096923828,
      17.732467651367188,
      23.271860122680664,
      11.718607902526855,
      23.83368682861328,
      10.730253219604492,
      16.554277420043945,
      4.031545162200928,
      7.648630619049072,
      4.526351451873779,
      5.316877841949463
    ],
    [
      16.26931381225586,
      26.50782012939453,
      11.476638793945312,
      41.57319641113281,
      42.69295120239258,
      81.12998962402344,
      29.25387191772461,
      38.256874084472656,
      19.676786422729492,
      47.42327880859375,
      16.772994995117188,
      40.637020111083984,
      5.7349748611450195,
      23.398164749145508,
      -2.7999863624572754,
      9.478917121887207,
      3.2166213989257812,
      7.4328107833862305
    ],
    [
      12.153620719909668,
      20.937448501586914,
      10.751593589782715,
      34.562957763671875,
      20.305652618408203,
      29.25387191772461,
      63.932579040527344,
      41.556915283203125,
      40.592411041259766,
      42.07688522338867,
      53.32468795776367,
      54.559471130371094,
      55.290924072265625,
      51.0592155456543,
      49.67082214355469,
      40.06626510620117,
      32.54075241088867,
      22.363344192504883
    ],
    [
      9.770015716552734,
      22.723108291625977,
      11.09421157836914,
      30.11740493774414,
      21.614643096923828,
      38.256874084472656,
      41.556915283203125,
      59.97114944458008,
      24.494321823120117,
      44.533447265625,
      28.10976791381836,
      47.74455261230469,
      14.184967041015625,
      31.051137924194336,
      6.986743927001953,
      17.416738510131836,
      10.5680570602417,
      12.558954238891602
    ],
    [
      9.784992218017578,
      17.00726890563965,
      11.78821086883545,
      29.461393356323242,
      17.732467651367188,
      19.676786422729492,
      40.592411041259766,
      24.494321823120117,
      59.553951263427734,
      39.05902099609375,
      55.23385238647461,
      50.14908218383789,
      62.429298400878906,
      50.27854919433594,
      57.4454345703125,
      40.03096008300781,
      31.781211853027344,
      19.64377784729004
    ],
    [
      11.139076232910156,
      22.44548797607422,
      17.166215896606445,
      40.09739685058594,
      23.271860122680664,
      47.42327880859375,
      42.07688522338867,
      44.533447265625,
      39.05902099609375,
      61.768367767333984,
      41.768131256103516,
      54.72615432739258,
      34.70112991333008,
      44.07581329345703,
      25.868989944458008,
      27.759971618652344,
      18.13134002685547,
      16.09079360961914
    ],
    [
      10.34283447265625,
      18.453243255615234,
      11.020223617553711,
      30.664260864257812,
      11.718607902526855,
      16.772994995117188,
      53.32468795776367,
      28.10976791381836,
      55.23385238647461,
      41.768131256103516,
      77.47889709472656,
      62.56879806518555,
      79.26603698730469,
      64.2669906616211,
      74.48856353759766,
      54.05634307861328,
      45.20539855957031,
      28.6075382232666
    ],
    [
      16.442140579223633,
      30.564163208007812,
      12.544751167297363,
      46.218685150146484,
      23.83368682861328,
      40.637020111083984,
      54.559471130371094,
      47.74455261230469,
      50.14908218383789,
      54.72615432739258,
      62.56879806518555,
      83.04317474365234,
      57.94932174682617,
      62.561622619628906,
      46.42319107055664,
      42.21260452270508,
      31.298770904541016,
      24.55450439453125
    ],
    [
      11.874306678771973,
      15.975592613220215,
      12.900738716125488,
      35.92434310913086,
      10.730253219604492,
      5.7349748611450195,
      55.290924072265625,
      14.184967041015625,
      62.429298400878906,
      34.70112991333008,
      79.26603698730469,
      57.94932174682617,
      114.25997924804688,
      79.28186798095703,
      102.92330932617188,
      65.9252700805664,
      56.849609375,
      32.86329650878906
    ],
    [
      14.936103820800781,
      23.042661666870117,
      13.750592231750488,
      41.247406005859375,
      16.554277420043945,
      23.398164749145508,
      51.0592155456543,
      31.051137924194336,
      50.27854919433594,
      44.07581329345703,
      64.2669906616211,
      62.561622619628906,
      79.28186798095703,
      75.37805938720703,
      73.7904052734375,
      54.707275390625,
      44.8388557434082,
      30.78049087524414
    ],
    [
      6.223875999450684,
      8.675570487976074,
      7.068342208862305,
      23.100393295288086,
      4.031545162200928,
      -2.7999863624572754,
      49.67082214355469,
      6.986743927001953,
      57.4454345703125,
      25.868989944458008,
      74.48856353759766,
      46.42319107055664,
      102.92330932617188,
      73.7904052734375,
      108.80056762695312,
      69.52616882324219,
      61.80418014526367,
      35.68245315551758
    ],
    [
      4.732721328735352,
      9.488431930541992,
      6.359213829040527,
      21.742366790771484,
      7.648630619049072,
      9.478917121887207,
      40.06626510620117,
      17.416738510131836,
      40.03096008300781,
      27.759971618652344,
      54.05634307861328,
      42.21260452270508,
      65.9252700805664,
      54.707275390625,
      69.52616882324219,
      50.23054122924805,
      42.933685302734375,
      27.560535430908203
    ],
    [
      4.758838176727295,
      6.898339748382568,
      4.052265167236328,
      14.762203216552734,
      4.526351451873779,
      3.2166213989257812,
      32.54075241088867,
      10.5680570602417,
      31.781211853027344,
      18.13134002685547,
      45.20539855957031,
      31.298770904541016,
      56.849609375,
      44.8388557434082,
      61.80418014526367,
      42.933685302734375,
      39.449432373046875,
      24.305858612060547
    ],
    [
      3.881934404373169,
      6.932984352111816,
      3.4450201988220215,
      12.279035568237305,
      5.316877841949463,
      7.4328107833862305,
      22.363344192504883,
      12.558954238891602,
      19.64377784729004,
      16.09079360961914,
      28.6075382232666,
      24.55450439453125,
      32.86329650878906,
      30.78049087524414,
      35.68245315551758,
      27.560535430908203,
      24.305858612060547,
      16.832849502563477
    ]
  ],
  "covariance_short": [
    [
      40.688079833984375,
      23.06688117980957,
      9.583832740783691,
      14.307074546813965,
      12.753439903259277,
      16.234268188476562,
      12.970428466796875,
      9.946768760681152,
      10.494454383850098,
      10.906810760498047,
      10.536506652832031,
      16.904096603393555,
      15.367469787597656,
      16.74447250366211,
      10.202829360961914,
      8.151443481445312,
      7.490192413330078,
      5.609515190124512
    ],
    [
      23.06688117980957,
      30.208763122558594,
      7.262447357177734,
      19.04698371887207,
      11.085983276367188,
      20.902999877929688,
      17.027114868164062,
      17.505050659179688,
      13.89105224609375,
      17.03040885925293,
      14.384618759155273,
      24.155622482299805,
      16.955806732177734,
      19.938138961791992,
      10.883282661437988,
      10.33961296081543,
      7.982430934906006,
      6.982738018035889
    ],
    [
      9.583832740783691,
      7.262447357177734,
      35.99845886230469,
      26.6166934967041,
      14.830251693725586,
      13.456191062927246,
      14.284889221191406,
      13.62514877319336,
      14.878129005432129,
      19.23389434814453,
      12.861144065856934,
      16.82004165649414,
      16.644241333007812,
      17.325172424316406,
      10.503089904785156,
      8.964962005615234,
      6.086544990539551,
      4.830039978027344
    ],
    [
      14.307074546813965,
      19.04698371887207,
      26.6166934967041,
      72.45409393310547,
      18.077678680419922,
      44.54842758178711,
      32.221458435058594,
      30.07599639892578,
      28.809568405151367,
      39.32588195800781,
      24.99419593811035,
      47.96687698364258,
      41.33589553833008,
      41.85230255126953,
      24.34804344177246,
      21.806472778320312,
      14.758380889892578,
      12.11529541015625
    ],
    [
      12.753439903259277,
      11.085983276367188,
      14.830251693725586,
      18.077678680419922,
      53.17573928833008,
      39.11722183227539,
      10.324575424194336,
      16.661209106445312,
      8.402618408203125,
      19.234617233276367,
      1.3512792587280273,
      15.763501167297363,
      -0.17623302340507507,
      8.809556007385254,
      -8.168574333190918,
      -0.6058428287506104,
      -2.715141773223877,
      1.4440258741378784
    ],
    [
      16.234268188476562,
      20.902999877929688,
      13.456191062927246,
      44.54842758178711,
      39.11722183227539,
      82.80915832519531,
      27.403629302978516,
      36.1075439453125,
      20.37801742553711,
      43.2448844909668,
      12.607843399047852,
      44.042030334472656,
      14.346335411071777,
      26.16936683654785,
      0.3515850305557251,
      9.753518104553223,
      3.380312442779541,
      7.374897003173828
    ],
    [
      12.970428466796875,
      17.027114868164062,
      14.284889221191406,
      32.221458435058594,
      10.324575424194336,
      27.403629302978516,
      65.93328094482422,
      40.33366394042969,
      40.2381706237793,
      39.619476318359375,
      49.26218032836914,
      52.74091720581055,
      57.77629089355469,
      49.2078971862793,
      49.77934265136719,
      38.343994140625,
      31.1425838470459,
      21.128623962402344
    ],
    [
      9.946768760681152,
      17.505050659179688,
      13.62514877319336,
      30.07599639892578,
      16.661209106445312,
      36.1075439453125,
      40.33366394042969,
      61.54494857788086,
      25.836933135986328,
      44.17295455932617,
      29.850830078125,
      47.24213790893555,
      19.769603729248047,
      32.0578498840332,
      10.1798734664917,
      17.967506408691406,
      10.759876251220703,
      12.3485689163208
    ],
    [
      10.494454383850098,
      13.89105224609375,
      14.878129005432129,
      28.809568405151367,
      8.402618408203125,
      20.37801742553711,
      40.2381706237793,
      25.836933135986328,
      62.63249969482422,
      40.33232498168945,
      54.13179397583008,
      48.92457962036133,
      67.09194946289062,
      49.83396530151367,
      58.90223693847656,
      39.19573974609375,
      31.01129150390625,
      18.972537994384766
    ],
    [
      10.906810760498047,
      17.03040885925293,
      19.23389434814453,
      39.32588195800781,
      19.234617233276367,
      43.2448844909668,
      39.619476318359375,
      44.17295455932617,
      40.33232498168945,
      63.16377258300781,
      39.7144889831543,
      55.01686477661133,
      40.27991485595703,
      44.62313461303711,
      27.98697853088379,
      27.84275245666504,
      17.958816528320312,
      15.857501983642578
    ],
    [
      10.536506652832031,
      14.384618759155273,
      12.861144065856934,
      24.99419593811035,
      1.3512792587280273,
      12.607843399047852,
      49.26218032836914,
      29.850830078125,
      54.13179397583008,
      39.7144889831543,
      76.29859924316406,
      58.45676803588867,
      80.79660034179688,
      60.73830795288086,
      74.95513153076172,
      52.53287124633789,
      44.035423278808594,
      27.454668045043945
    ],
    [
      16.904096603393555,
      24.155622482299805,
      16.82004165649414,
      47.96687698364258,
      15.763501167297363,
      44.042030334472656,
      52.74091720581055,
      47.24213790893555,
      48.92457962036133,
      55.01686477661133,
      58.45676803588867,
      86.33439636230469,
      67.27135467529297,
      65.13318634033203,
      50.85577392578125,
      43.50764083862305,
      31.877012252807617,
      24.669124603271484
    ],
    [
      15.367469787597656,
      16.955806732177734,
      16.644241333007812,
      41.33589553833008,
      -0.17623302340507507,
      14.346335411071777,
      57.77629089355469,
      19.769603729248047,
      67.09194946289062,
      40.27991485595703,
      80.79660034179688,
      67.27135467529297,
      127.13752746582031,
      84.73509216308594,
      110.04254913330078,
      69.03855895996094,
      58.95454406738281,
      33.842323303222656
    ],
    [
      16.74447250366211,
      19.938138961791992,
      17.325172424316406,
      41.85230255126953,
      8.809556007385254,
      26.16936683654785,
      49.2078971862793,
      32.0578498840332,
      49.83396530151367,
      44.62313461303711,
      60.73830795288086,
      65.13318634033203,
      84.73509216308594,
      77.1164779663086,
      74.61872863769531,
      54.70414352416992,
      44.19940948486328,
      30.372636795043945
    ],
    [
      10.202829360961914,
      10.883282661437988,
      10.503089904785156,
      24.34804344177246,
      -8.168574333190918,
      0.3515850305557251,
      49.77934265136719,
      10.1798734664917,
      58.90223693847656,
      27.98697853088379,
      74.95513153076172,
      50.85577392578125,
      110.04254913330078,
      74.61872863769531,
      112.72309875488281,
      70.27577209472656,
      62.224185943603516,
      35.539798736572266
    ],
    [
      8.151443481445312,
      10.33961296081543,
      8.964962005615234,
      21.806472778320312,
      -0.6058428287506104,
      9.753518104553223,
      38.343994140625,
      17.967506408691406,
      39.19573974609375,
      27.84275245666504,
      52.53287124633789,
      43.50764083862305,
      69.03855895996094,
      54.70414352416992,
      70.27577209472656,
      50.22984313964844,
      42.20341873168945,
      27.19960594177246
    ],
    [
      7.490192413330078,
      7.982430934906006,
      6.086544990539551,
      14.758380889892578,
      -2.715141773223877,
      3.380312442779541,
      31.1425838470459,
      10.759876251220703,
      31.01129150390625,
      17.958816528320312,
      44.035423278808594,
      31.877012252807617,
      58.95454406738281,
      44.19940948486328,
      62.224185943603516,
      42.20341873168945,
      39.182212829589844,
      23.829269409179688
    ],
    [
      5.609515190124512,
      6.982738018035889,
      4.830039978027344,
      12.11529541015625,
      1.4440258741378784,
      7.374897003173828,
      21.128623962402344,
      12.3485689163208,
      18.972537994384766,
      15.857501983642578,
      27.454668045043945,
      24.669124603271484,
      33.842323303222656,
      30.372636795043945,
      35.539798736572266,
      27.19960594177246,
      23.829269409179688,
      16.75969696044922
    ]
  ],
  "damage": -11.33076286315918,
  "diff_bandwidth": 607.2837524414062,
  "dissonance": 3.7791363666626463,
  "drr": 12.90930461883545,
  "dynamics": 4.622264862060547,
  "format": 1245190,
  "frames": 8403696,
  "loudness": -20.82758903503418,
  "loudness_range": 13.95743465423584,
  "loudness_range_short": 15.02087688446045,
  "lowpass_true_peak_15khz": -0.17648845911026,
  "mastering3_acoustic_entropies": [
    {
      "acoustic_entropy": 7.2788004875183105,
      "acoustic_entropy_mono": 7.642045497894287,
      "band_eliminated_acoustic_entropies": [
        {
          "acoustic_entropy": 7.267907619476318,
          "acoustic_entropy_side": 7.274464130401611,
          "hz": 129.47220167065723
        },
        {
          "acoustic_entropy": 7.748620510101318,
          "acoustic_entropy_side": 7.563728332519531,
          "hz": 202.92927478742237
        },
        {
          "acoustic_entropy": 8.178074836730957,
          "acoustic_entropy_side": 8.061966896057129,
          "hz": 282.89161906338205
        },
        {
          "acoustic_entropy": 8.056410789489746,
          "acoustic_entropy_side": 8.356674194335938,
          "hz": 369.9353335868758
        },
        {
          "acoustic_entropy": 7.50229024887085,
          "acoustic_entropy_side": 7.4729766845703125,
          "hz": 464.6875360973435
        },
        {
          "acoustic_entropy": 8.859081268310547,
          "acoustic_entropy_side": 7.417304992675781,
          "hz": 567.8308811364784
        },
        {
          "acoustic_entropy": 8.150157928466797,
          "acoustic_entropy_side": 7.442974090576172,
          "hz": 680.1084783214808
        },
        {
          "acoustic_entropy": 8.59665584564209,
          "acoustic_entropy_side": 7.818915367126465,
          "hz": 802.3292461747484
        },
        {
          "acoustic_entropy": 8.042113304138184,
          "acoustic_entropy_side": 7.845329284667969,
          "hz": 935.3737400823702
        },
        {
          "acoustic_entropy": 7.816198348999023,
          "acoustic_entropy_side": 7.65401029586792,
          "hz": 1080.2004963696966
        },
        {
          "acoustic_entropy": 8.35928726196289,
          "acoustic_entropy_side": 7.489929676055908,
          "hz": 1237.8529382007157
        },
        {
          "acoustic_entropy": 7.092284202575684,
          "acoustic_entropy_side": 7.374029636383057,
          "hz": 1409.4668930556702
        },
        {
          "acoustic_entropy": 7.381781101226807,
          "acoustic_entropy_side": 7.31082820892334,
          "hz": 1596.2787759475705
        },
        {
          "acoustic_entropy": 7.442722797393799,
          "acoustic_entropy_side": 7.301407337188721,
          "hz": 1799.6344973346393
        },
        {
          "acoustic_entropy": 7.280333518981934,
          "acoustic_entropy_side": 7.306065082550049,
          "hz": 2020.9991599069049
        },
        {
          "acoustic_entropy": 7.327424049377441,
          "acoustic_entropy_side": 7.305395126342773,
          "hz": 2261.9676141086993
        },
        {
          "acoustic_entropy": 8.242259979248047,
          "acoustic_entropy_side": 7.342060089111328,
          "hz": 2524.2759484456974
        },
        {
          "acoustic_entropy": 7.353996276855469,
          "acoustic_entropy_side": 7.29880952835083,
          "hz": 2809.813997359896
        },
        {
          "acoustic_entropy": 7.386237144470215,
          "acoustic_entropy_side": 7.328526973724365,
          "hz": 3120.6389567871424
        },
        {
          "acoustic_entropy": 7.606726169586182,
          "acoustic_entropy_side": 7.2859320640563965,
          "hz": 3458.990205492291
        },
        {
          "acoustic_entropy": 7.360861778259277,
          "acoustic_entropy_side": 7.26003885269165,
          "hz": 3827.305438964164
        },
        {
          "acoustic_entropy": 7.239427089691162,
          "acoustic_entropy_side": 7.251029968261719,
          "hz": 4228.238232109126
        },
        {
          "acoustic_entropy": 7.21273946762085,
          "acoustic_entropy_side": 7.2447357177734375,
          "hz": 4664.6771572759235
        },
        {
          "acoustic_entropy": 7.313478469848633,
          "acoustic_entropy_side": 7.283500671386719,
          "hz": 5139.766595350093
        },
        {
          "acoustic_entropy": 7.4040021896362305,
          "acoustic_entropy_side": 7.278356075286865,
          "hz": 5656.929389854203
        },
        {
          "acoustic_entropy": 7.252457141876221,
          "acoustic_entropy_side": 7.278646469116211,
          "hz": 6219.891507268283
        },
        {
          "acoustic_entropy": 7.269527435302734,
          "acoustic_entropy_side": 7.2811055183410645,
          "hz": 6832.70888123896
        },
        {
          "acoustic_entropy": 7.260603904724121,
          "acoustic_entropy_side": 7.278329372406006,
          "hz": 7499.796634079867
        },
        {
          "acoustic_entropy": 7.261387348175049,
          "acoustic_entropy_side": 7.2784037590026855,
          "hz": 8225.96088609342
        },
        {
          "acoustic_entropy": 7.270884037017822,
          "acoustic_entropy_side": 7.278411865234375,
          "hz": 9016.43338188839
        },
        {
          "acoustic_entropy": 7.35183048248291,
          "acoustic_entropy_side": 7.278011322021484,
          "hz": 9876.909183162974
        },
        {
          "acoustic_entropy": 7.269960403442383,
          "acoustic_entropy_side": 7.278614044189453,
          "hz": 10813.587699516042
        },
        {
          "acoustic_entropy": 7.269932270050049,
          "acoustic_entropy_side": 7.278623580932617,
          "hz": 11833.21735289826
        },
        {
          "acoustic_entropy": 7.274511814117432,
          "acoustic_entropy_side": 7.278737545013428,
          "hz": 12943.144197493959
        },
        {
          "acoustic_entropy": 7.276736259460449,
          "acoustic_entropy_side": 7.278772354125977,
          "hz": 14151.364845322005
        },
        {
          "acoustic_entropy": 7.277581691741943,
          "acoustic_entropy_side": 7.278759002685547,
          "hz": 15466.58407886509
        },
        {
          "acoustic_entropy": 7.278059959411621,
          "acoustic_entropy_side": 7.278738975524902,
          "hz": 16898.27756580493
        },
        {
          "acoustic_entropy": 7.27870512008667,
          "acoustic_entropy_side": 7.278792858123779,
          "hz": 18456.760127700032
        },
        {
          "acoustic_entropy": 7.27878475189209,
          "acoustic_entropy_side": 7.278798580169678,
          "hz": 20153.260054456492
        },
        {
          "acoustic_entropy": 7.278799057006836,
          "acoustic_entropy_side": 7.2788004875183105,
          "hz": 22000.00000000001
        }
      ],
      "diff_acoustic_entropy": 3.427133560180664,
      "sn": 6
    },
    {
      "acoustic_entropy": 14.082032203674316,
      "acoustic_entropy_mono": 11.719891548156738,
      "band_eliminated_acoustic_entropies": [
        {
          "acoustic_entropy": 14.033975601196289,
          "acoustic_entropy_side": 14.059155464172363,
          "hz": 129.47220167065723
        },
        {
          "acoustic_entropy": 13.298558235168457,
          "acoustic_entropy_side": 13.766854286193848,
          "hz": 202.92927478742237
        },
        {
          "acoustic_entropy": 14.67556381225586,
          "acoustic_entropy_side": 14.606755256652832,
          "hz": 282.89161906338205
        },
        {
          "acoustic_entropy": 15.358358383178711,
          "acoustic_entropy_side": 14.332965850830078,
          "hz": 369.9353335868758
        },
        {
          "acoustic_entropy": 13.200190544128418,
          "acoustic_entropy_side": 14.081201553344727,
          "hz": 464.6875360973435
        },
        {
          "acoustic_entropy": 14.459421157836914,
          "acoustic_entropy_side": 14.161274909973145,
          "hz": 567.8308811364784
        },
        {
          "acoustic_entropy": 13.192625045776367,
          "acoustic_entropy_side": 13.489701271057129,
          "hz": 680.1084783214808
        },
        {
          "acoustic_entropy": 13.828817367553711,
          "acoustic_entropy_side": 13.607633590698242,
          "hz": 802.3292461747484
        },
        {
          "acoustic_entropy": 13.669500350952148,
          "acoustic_entropy_side": 13.861188888549805,
          "hz": 935.3737400823702
        },
        {
          "acoustic_entropy": 13.739153861999512,
          "acoustic_entropy_side": 13.882915496826172,
          "hz": 1080.2004963696966
        },
        {
          "acoustic_entropy": 14.03927230834961,
          "acoustic_entropy_side": 14.048334121704102,
          "hz": 1237.8529382007157
        },
        {
          "acoustic_entropy": 13.699528694152832,
          "acoustic_entropy_side": 13.903266906738281,
          "hz": 1409.4668930556702
        },
        {
          "acoustic_entropy": 14.00743293762207,
          "acoustic_entropy_side": 14.087846755981445,
          "hz": 1596.2787759475705
        },
        {
          "acoustic_entropy": 13.949861526489258,
          "acoustic_entropy_side": 14.210264205932617,
          "hz": 1799.6344973346393
        },
        {
          "acoustic_entropy": 13.722505569458008,
          "acoustic_entropy_side": 14.100639343261719,
          "hz": 2020.9991599069049
        },
        {
          "acoustic_entropy": 13.081937789916992,
          "acoustic_entropy_side": 13.892237663269043,
          "hz": 2261.9676141086993
        },
        {
          "acoustic_entropy": 14.286343574523926,
          "acoustic_entropy_side": 13.943304061889648,
          "hz": 2524.2759484456974
        },
        {
          "acoustic_entropy": 14.123714447021484,
          "acoustic_entropy_side": 14.056279182434082,
          "hz": 2809.813997359896
        },
        {
          "acoustic_entropy": 13.61173152923584,
          "acoustic_entropy_side": 14.072056770324707,
          "hz": 3120.6389567871424
        },
        {
          "acoustic_entropy": 13.73266887664795,
          "acoustic_entropy_side": 13.916757583618164,
          "hz": 3458.990205492291
        },
        {
          "acoustic_entropy": 13.669132232666016,
          "acoustic_entropy_side": 13.955204963684082,
          "hz": 3827.305438964164
        },
        {
          "acoustic_entropy": 13.984091758728027,
          "acoustic_entropy_side": 14.047255516052246,
          "hz": 4228.238232109126
        },
        {
          "acoustic_entropy": 14.05956745147705,
          "acoustic_entropy_side": 14.118289947509766,
          "hz": 4664.6771572759235
        },
        {
          "acoustic_entropy": 13.789155006408691,
          "acoustic_entropy_side": 14.055883407592773,
          "hz": 5139.766595350093
        },
        {
          "acoustic_entropy": 13.83349323272705,
          "acoustic_entropy_side": 14.073795318603516,
          "hz": 5656.929389854203
        },
        {
          "acoustic_entropy": 14.109175682067871,
          "acoustic_entropy_side": 14.09041690826416,
          "hz": 6219.891507268283
        },
        {
          "acoustic_entropy": 14.049077987670898,
          "acoustic_entropy_side": 14.088348388671875,
          "hz": 6832.70888123896
        },
        {
          "acoustic_entropy": 14.040092468261719,
          "acoustic_entropy_side": 14.086918830871582,
          "hz": 7499.796634079867
        },
        {
          "acoustic_entropy": 14.054315567016602,
          "acoustic_entropy_side": 14.080728530883789,
          "hz": 8225.96088609342
        },
        {
          "acoustic_entropy": 14.081193923950195,
          "acoustic_entropy_side": 14.082737922668457,
          "hz": 9016.43338188839
        },
        {
          "acoustic_entropy": 13.877887725830078,
          "acoustic_entropy_side": 14.084773063659668,
          "hz": 9876.909183162974
        },
        {
          "acoustic_entropy": 14.089960098266602,
          "acoustic_entropy_side": 14.0830078125,
          "hz": 10813.587699516042
        },
        {
          "acoustic_entropy": 14.059942245483398,
          "acoustic_entropy_side": 14.081619262695312,
          "hz": 11833.21735289826
        },
        {
          "acoustic_entropy": 14.086045265197754,
          "acoustic_entropy_side": 14.081991195678711,
          "hz": 12943.144197493959
        },
        {
          "acoustic_entropy": 14.078927040100098,
          "acoustic_entropy_side": 14.081794738769531,
          "hz": 14151.364845322005
        },
        {
          "acoustic_entropy": 14.079245567321777,
          "acoustic_entropy_side": 14.08186149597168,
          "hz": 15466.58407886509
        },
        {
          "acoustic_entropy": 14.079850196838379,
          "acoustic_entropy_side": 14.08176326751709,
          "hz": 16898.27756580493
        },
        {
          "acoustic_entropy": 14.081488609313965,
          "acoustic_entropy_side": 14.08195972442627,
          "hz": 18456.760127700032
        },
        {
          "acoustic_entropy": 14.08191967010498,
          "acoustic_entropy_side": 14.082022666931152,
          "hz": 20153.260054456492
        },
        {
          "acoustic_entropy": 14.082023620605469,
          "acoustic_entropy_side": 14.082029342651367,
          "hz": 22000.00000000001
        }
      ],
      "diff_acoustic_entropy": 4.615468502044678,
      "sn": 12
    },
    {
      "acoustic_entropy": 21.079158782958984,
      "acoustic_entropy_mono": 18.735671997070312,
      "band_eliminated_acoustic_entropies": [
        {
          "acoustic_entropy": 20.684659957885742,
          "acoustic_entropy_side": 21.20235252380371,
          "hz": 129.47220167065723
        },
        {
          "acoustic_entropy": 21.848918914794922,
          "acoustic_entropy_side": 21.421642303466797,
          "hz": 202.92927478742237
        },
        {
          "acoustic_entropy": 21.096900939941406,
          "acoustic_entropy_side": 21.783212661743164,
          "hz": 282.89161906338205
        },
        {
          "acoustic_entropy": 22.178699493408203,
          "acoustic_entropy_side": 20.820209503173828,
          "hz": 369.9353335868758
        },
        {
          "acoustic_entropy": 19.91924285888672,
          "acoustic_entropy_side": 21.014921188354492,
          "hz": 464.6875360973435
        },
        {
          "acoustic_entropy": 22.14114761352539,
          "acoustic_entropy_side": 21.521459579467773,
          "hz": 567.8308811364784
        },
        {
          "acoustic_entropy": 22.298221588134766,
          "acoustic_entropy_side": 21.853914260864258,
          "hz": 680.1084783214808
        },
        {
          "acoustic_entropy": 21.16484260559082,
          "acoustic_entropy_side": 21.729625701904297,
          "hz": 802.3292461747484
        },
        {
          "acoustic_entropy": 21.143274307250977,
          "acoustic_entropy_side": 21.850317001342773,
          "hz": 935.3737400823702
        },
        {
          "acoustic_entropy": 21.284700393676758,
          "acoustic_entropy_side": 21.666088104248047,
          "hz": 1080.2004963696966
        },
        {
          "acoustic_entropy": 21.812705993652344,
          "acoustic_entropy_side": 21.232446670532227,
          "hz": 1237.8529382007157
        },
        {
          "acoustic_entropy": 21.06928062438965,
          "acoustic_entropy_side": 21.411907196044922,
          "hz": 1409.4668930556702
        },
        {
          "acoustic_entropy": 21.55601692199707,
          "acoustic_entropy_side": 20.999086380004883,
          "hz": 1596.2787759475705
        },
        {
          "acoustic_entropy": 21.824426651000977,
          "acoustic_entropy_side": 21.39232635498047,
          "hz": 1799.6344973346393
        },
        {
          "acoustic_entropy": 21.221445083618164,
          "acoustic_entropy_side": 20.907917022705078,
          "hz": 2020.9991599069049
        },
        {
          "acoustic_entropy": 20.867830276489258,
          "acoustic_entropy_side": 21.60421371459961,
          "hz": 2261.9676141086993
        },
        {
          "acoustic_entropy": 20.913341522216797,
          "acoustic_entropy_side": 21.175695419311523,
          "hz": 2524.2759484456974
        },
        {
          "acoustic_entropy": 21.49739646911621,
          "acoustic_entropy_side": 21.057533264160156,
          "hz": 2809.813997359896
        },
        {
          "acoustic_entropy": 21.7091064453125,
          "acoustic_entropy_side": 21.360275268554688,
          "hz": 3120.6389567871424
        },
