{
  "acoustic_entropy": 194.7853240966797,
  "bands": [
    {
      "high_freq": 148.1999969482422,
      "loudness": -24.56605339050293,
      "loudness_range": 32.55445861816406,
      "mid_mean": -21.293163299560547,
      "mid_to_side_loudness": -19.718334197998047,
      "mid_to_side_loudness_range": 25.835063934326172,
      "side_mean": -44.510047912597656
    },
    {
      "high_freq": 392.3793640136719,
      "loudness": -26.3435001373291,
      "loudness_range": 13.571142196655273,
      "low_freq": 148.1999969482422,
      "mid_mean": -23.499832153320312,
      "mid_to_side_loudness": -10.062520980834961,
      "mid_to_side_loudness_range": 19.846965789794922,
      "side_mean": -33.271297454833984
    },
    {
      "high_freq": 794.6976318359375,
      "loudness": -24.510536193847656,
      "loudness_range": 12.365478515625,
      "low_freq": 392.3793640136719,
      "mid_mean": -21.78014373779297,
      "mid_to_side_loudness": -7.465113639831543,
      "mid_to_side_loudness_range": 10.262992858886719,
      "side_mean": -28.81586456298828
    },
    {
      "high_freq": 1457.5709228515625,
      "loudness": -28.675458908081055,
      "loudness_range": 22.044504165649414,
      "low_freq": 794.6976318359375,
      "mid_mean": -25.580699920654297,
      "mid_to_side_loudness": -11.46099853515625,
      "mid_to_side_loudness_range": 17.624004364013672,
      "side_mean": -37.65748977661133
    },
    {
      "high_freq": 2549.74365234375,
      "loudness": -27.436399459838867,
      "loudness_range": 18.952402114868164,
      "low_freq": 1457.5709228515625,
      "mid_mean": -24.442626953125,
      "mid_to_side_loudness": -10.654898643493652,
      "mid_to_side_loudness_range": 16.85456657409668,
      "side_mean": -35.38896942138672
    },
    {
      "high_freq": 4349.24462890625,
      "loudness": -28.53132438659668,
      "loudness_range": 14.425008773803711,
      "low_freq": 2549.74365234375,
      "mid_mean": -25.396963119506836,
      "mid_to_side_loudness": -11.221173286437988,
      "mid_to_side_loudness_range": 14.275494575500488,
      "side_mean": -37.0850830078125
    },
    {
      "high_freq": 7314.1640625,
      "loudness": -27.72457504272461,
      "loudness_range": 13.233564376831055,
      "low_freq": 4349.24462890625,
      "mid_mean": -24.3648624420166,
      "mid_to_side_loudness": -12.357759475708008,
      "mid_to_side_loudness_range": 11.781803131103516,
      "side_mean": -37.17035675048828
    },
    {
      "high_freq": 12199.2666015625,
      "loudness": -28.885038375854492,
      "loudness_range": 14.119064331054688,
      "low_freq": 7314.1640625,
      "mid_mean": -25.56241226196289,
      "mid_to_side_loudness": -12.891215324401855,
      "mid_to_side_loudness_range": 14.296577453613281,
      "side_mean": -38.555755615234375
    },
    {
      "loudness": -37.35881423950195,
      "loudness_range": 17.40585708618164,
      "low_freq": 12199.2666015625,
      "mid_mean": -34.039573669433594,
      "mid_to_side_loudness": -13.537910461425781,
      "mid_to_side_loudness_range": 17.224971771240234,
      "side_mean": -48.48128128051758
    }
  ],
  "bands_short": [
    {
      "high_freq": 148.1999969482422,
      "loudness": -27.85749053955078,
      "loudness_range": 40.74079132080078,
      "mid_mean": -26.465797424316406,
      "mid_to_side_loudness": -16.845548629760742,
      "mid_to_side_loudness_range": 29.30824851989746,
      "side_mean": -52.31303024291992
    },
    {
      "high_freq": 392.3793640136719,
      "loudness": -27.719709396362305,
      "loudness_range": 18.143688201904297,
      "low_freq": 148.1999969482422,
      "mid_mean": -25.105730056762695,
      "mid_to_side_loudness": -8.82133960723877,
      "mid_to_side_loudness_range": 21.891874313354492,
      "side_mean": -34.318782806396484
    },
    {
      "high_freq": 794.6976318359375,
      "loudness": -25.786575317382812,
      "loudness_range": 15.864263534545898,
      "low_freq": 392.3793640136719,
      "mid_mean": -23.261940002441406,
      "mid_to_side_loudness": -7.038315296173096,
      "mid_to_side_loudness_range": 13.752983093261719,
      "side_mean": -30.31158447265625
    },
    {
      "high_freq": 1457.5709228515625,
      "loudness": -31.692026138305664,
      "loudness_range": 28.382667541503906,
      "low_freq": 794.6976318359375,
      "mid_mean": -28.856441497802734,
      "mid_to_side_loudness": -9.07882022857666,
      "mid_to_side_loudness_range": 18.612796783447266,
      "side_mean": -39.15741729736328
    },
    {
      "high_freq": 2549.74365234375,
      "loudness": -30.585039138793945,
      "loudness_range": 26.16048812866211,
      "low_freq": 1457.5709228515625,
      "mid_mean": -27.833282470703125,
      "mid_to_side_loudness": -8.731865882873535,
      "mid_to_side_loudness_range": 16.43844985961914,
      "side_mean": -37.132869720458984
    },
    {
      "high_freq": 4349.24462890625,
      "loudness": -31.135313034057617,
      "loudness_range": 23.17601776123047,
      "low_freq": 2549.74365234375,
      "mid_mean": -28.17357635498047,
      "mid_to_side_loudness": -9.788148880004883,
      "mid_to_side_loudness_range": 16.125961303710938,
      "side_mean": -38.63456726074219
    },
    {
      "high_freq": 7314.1640625,
      "loudness": -32.691585540771484,
      "loudness_range": 27.60213279724121,
      "low_freq": 4349.24462890625,
      "mid_mean": -29.547208786010742,
      "mid_to_side_loudness": -10.484739303588867,
      "mid_to_side_loudness_range": 14.017181396484375,
      "side_mean": -40.85825729370117
    },
    {
      "high_freq": 12199.2666015625,
      "loudness": -32.847679138183594,
      "loudness_range": 26.156551361083984,
      "low_freq": 7314.1640625,
      "mid_mean": -29.787981033325195,
      "mid_to_side_loudness": -10.929678916931152,
      "mid_to_side_loudness_range": 16.95142364501953,
      "side_mean": -42.56108856201172
    },
    {
      "loudness": -41.541786193847656,
      "loudness_range": 27.740097045898438,
      "low_freq": 12199.2666015625,
      "mid_mean": -38.71903991699219,
      "mid_to_side_loudness": -10.651176452636719,
      "mid_to_side_loudness_range": 17.784223556518555,
      "side_mean": -52.666961669921875
    }
  ],
  "bandwidth": 478.3807373046875,
  "channels": 2,
  "covariance": [
    [
      131.9942626953125,
      60.88896179199219,
      24.526153564453125,
      14.932860374450684,
      -0.14393404126167297,
      5.823476791381836,
      -7.707568168640137,
      16.762086868286133,
      -14.119270324707031,
      9.372200012207031,
      -9.909253120422363,
      11.990579605102539,
      -9.488532066345215,
      3.60214900970459,
      -9.258698463439941,
      4.994589328765869,
      -14.829499244689941,
      14.340906143188477
    ],
    [
      60.88896179199219,
      81.44955444335938,
      18.334592819213867,
      35.193729400634766,
      7.984818935394287,
      14.91641902923584,
      11.492241859436035,
      31.263872146606445,
      4.1156816482543945,
      24.682151794433594,
      3.5035853385925293,
      23.669614791870117,
      3.9862263202667236,
      15.483892440795898,
      4.680952072143555,
      19.280746459960938,
      4.0663275718688965,
      26.424753189086914
    ],
    [
      24.526153564453125,
      18.334592819213867,
      30.49293327331543,
      20.76442527770996,
      10.25222396850586,
      9.982766151428223,
      7.744853496551514,
      12.200836181640625,
      8.201144218444824,
      13.960671424865723,
      7.795923233032227,
      14.75976276397705,
      4.373035907745361,
      9.313096046447754,
      5.093511581420898,
      11.212912559509277,
      2.1829893589019775,
      13.279155731201172
    ],
    [
      14.932860374450684,
      35.193729400634766,
      20.76442527770996,
      67.61306762695312,
      12.31466007232666,
      23.923263549804688,
      13.38893985748291,
      41.75773620605469,
      10.128239631652832,
      36.515071868896484,
      10.383729934692383,
      39.52526092529297,
      9.04533863067627,
      23.418636322021484,
      10.54851245880127,
      32.13147735595703,
      11.188596725463867,
      38.8874397277832
    ],
    [
      -0.14393404126167297,
      7.984818935394287,
      10.25222396850586,
      12.31466007232666,
      22.731895446777344,
      17.498916625976562,
      25.449520111083984,
      23.73201560974121,
      20.80266571044922,
      18.916385650634766,
      16.62851333618164,
      17.46949005126953,
      9.808026313781738,
      10.886801719665527,
      10.590810775756836,
      10.642374992370605,
      11.914773941040039,
      12.197834968566895
    ],
    [
      5.823476791381836,
      14.91641902923584,
      9.982766151428223,
      23.923263549804688,
      17.498916625976562,
      33.844486236572266,
      18.10288429260254,
      33.88970947265625,
      13.158811569213867,
      26.42469024658203,
      12.072931289672852,
      25.568023681640625,
      7.444581985473633,
      14.58095932006836,
      8.353171348571777,
      16.231388092041016,
      9.334637641906738,
      18.946569442749023
    ],
    [
      -7.707568168640137,
      11.492241859436035,
      7.744853496551514,
      13.38893985748291,
      25.449520111083984,
      18.10288429260254,
      61.366336822509766,
      44.850494384765625,
      35.8310661315918,
      24.832534790039062,
      27.852516174316406,
      22.529293060302734,
      14.582008361816406,
      10.721237182617188,
      15.723526954650879,
      11.409280776977539,
      21.84733772277832,
      14.110566139221191
    ],
    [
      16.762086868286133,
      31.263872146606445,
      12.200836181640625,
      41.75773620605469,
      23.73201560974121,
      33.88970947265625,
      44.850494384765625,
      84.24976348876953,
      21.82041358947754,
      48.977596282958984,
      19.05617332458496,
      46.68759536743164,
      7.8965911865234375,
      21.069055557250977,
      8.931849479675293,
      23.62652587890625,
      12.816068649291992,
      34.124900817871094
    ],
    [
      -14.119270324707031,
      4.1156816482543945,
      8.201144218444824,
      10.128239631652832,
      20.80266571044922,
      13.158811569213867,
      35.8310661315918,
      21.82041358947754,
      50.287357330322266,
      28.089576721191406,
      31.896577835083008,
      20.667491912841797,
      17.510534286499023,
      13.630544662475586,
      17.89596176147461,
      11.08133316040039,
      20.810714721679688,
      11.174264907836914
    ],
    [
      9.372200012207031,
      24.682151794433594,
      13.960671424865723,
      36.515071868896484,
      18.916385650634766,
      26.42469024658203,
      24.832534790039062,
      48.977596282958984,
      28.089576721191406,
      54.23363494873047,
      19.58873176574707,
      43.3662223815918,
      10.323636054992676,
      23.45541763305664,
      10.898218154907227,
      24.980602264404297,
      11.651378631591797,
      29.92192840576172
    ],
    [
      -9.909253120422363,
      3.5035853385925293,
      7.795923233032227,
      10.383729934692383,
      16.62851333618164,
      12.072931289672852,
      27.852516174316406,
      19.05617332458496,
      31.896577835083008,
      19.58873176574707,
      31.716121673583984,
      22.99213218688965,
      18.64449119567871,
      17.146839141845703,
      17.442384719848633,
      13.216231346130371,
      18.731000900268555,
      13.85551929473877
    ],
    [
      11.990579605102539,
      23.669614791870117,
      14.75976276397705,
      39.52526092529297,
      17.46949005126953,
      25.568023681640625,
      22.529293060302734,
      46.68759536743164,
      20.667491912841797,
      43.3662223815918,
      22.99213218688965,
      54.486976623535156,
      14.737220764160156,
      31.456113815307617,
      13.981951713562012,
      31.89812469482422,
      12.347180366516113,
      37.54999542236328
    ],
    [
      -9.488532066345215,
      3.9862263202667236,
      4.373035907745361,
      9.04533863067627,
      9.808026313781738,
      7.444581985473633,
      14.582008361816406,
      7.8965911865234375,
      17.510534286499023,
      10.323636054992676,
      18.64449119567871,
      14.737220764160156,
      28.663551330566406,
      24.385854721069336,
      25.243873596191406,
      23.74622344970703,
      23.660913467407227,
      22.232332229614258
    ],
    [
      3.60214900970459,
      15.483892440795898,
      9.313096046447754,
      23.418636322021484,
      10.886801719665527,
      14.58095932006836,
      10.721237182617188,
      21.069055557250977,
      13.630544662475586,
      23.45541763305664,
      17.146839141845703,
      31.456113815307617,
      24.385854721069336,
      41.88356399536133,
      22.044466018676758,
      39.87309646606445,
      18.386966705322266,
      40.37495803833008
    ],
    [
      -9.258698463439941,
      4.680952072143555,
      5.093511581420898,
      10.54851245880127,
      10.590810775756836,
      8.353171348571777,
      15.723526954650879,
      8.931849479675293,
      17.89596176147461,
      10.898218154907227,
      17.442384719848633,
      13.981951713562012,
      25.243873596191406,
      22.044466018676758,
      28.547595977783203,
      26.168628692626953,
      27.09004783630371,
      24.248645782470703
    ],
    [
      4.994589328765869,
      19.280746459960938,
      11.212912559509277,
      32.13147735595703,
      10.642374992370605,
      16.231388092041016,
      11.409280776977539,
      23.62652587890625,
      11.08133316040039,
      24.980602264404297,
      13.216231346130371,
      31.89812469482422,
      23.74622344970703,
      39.87309646606445,
      26.168628692626953,
      55.71010208129883,
      22.66539764404297,
      51.18490982055664
    ],
    [
      -14.829499244689941,
      4.0663275718688965,
      2.1829893589019775,
      11.188596725463867,
      11.914773941040039,
      9.334637641906738,
      21.84733772277832,
      12.816068649291992,
      20.810714721679688,
      11.651378631591797,
      18.731000900268555,
      12.347180366516113,
      23.660913467407227,
      18.386966705322266,
      27.09004783630371,
      22.66539764404297,
      41.31608200073242,
      26.567533493041992
    ],
    [
      14.340906143188477,
      26.424753189086914,
      13.279155731201172,
      38.8874397277832,
      12.197834968566895,
      18.946569442749023,
      14.110566139221191,
      34.124900817871094,
      11.174264907836914,
      29.92192840576172,
      13.85551929473877,
      37.54999542236328,
      22.232332229614258,
      40.37495803833008,
      24.248645782470703,
      51.18490982055664,
      26.567533493041992,
      64.85855865478516
    ]
  ],
  "covariance_short": [
    [
      249.1055908203125,
      123.75682830810547,
      28.611101150512695,
      18.5611629486084,
      -0.659331738948822,
      4.07506799697876,
      5.964075565338135,
      30.969404220581055,
      -7.680062294006348,
      14.659584045410156,
      -5.922639846801758,
      18.20625877380371,
      -9.829727172851562,
      5.08390998840332,
      -8.674126625061035,
      -0.8682651519775391,
      -6.671380519866943,
      10.823101997375488
    ],
    [
      123.75682830810547,
      150.48263549804688,
      30.323184967041016,
      58.088401794433594,
      12.20914363861084,
      22.32997703552246,
      23.856708526611328,
      51.615169525146484,
      14.675442695617676,
      39.7639274597168,
      12.886561393737793,
      44.96164321899414,
      13.76965045928955,
      31.81976890563965,
      9.218111991882324,
      34.57030487060547,
      13.826613426208496,
      51.42422866821289
    ],
    [
      28.611101150512695,
      30.323184967041016,
      49.27476119995117,
      30.597837448120117,
      16.272092819213867,
      12.086714744567871,
      17.780086517333984,
      17.22138214111328,
      16.329952239990234,
      16.99202537536621,
      13.499674797058105,
      16.582786560058594,
      9.033408164978027,
      12.046415328979492,
      7.619582176208496,
      13.496113777160645,
      10.674857139587402,
      17.7507381439209
    ],
    [
      18.5611629486084,
      58.088401794433594,
      30.597837448120117,
      80.00872802734375,
      16.032150268554688,
      27.83913230895996,
      21.146753311157227,
      42.304405212402344,
      16.66008758544922,
      37.808937072753906,
      14.15772533416748,
      39.57980728149414,
      9.649999618530273,
      25.19228744506836,
      9.978903770446777,
      32.06133270263672,
      12.891154289245605,
      39.02262878417969
    ],
    [
      -0.659331738948822,
      12.20914363861084,
      16.272092819213867,
      16.032150268554688,
      39.913082122802734,
      26.521448135375977,
      38.7784309387207,
      29.270166397094727,
      33.75826644897461,
      26.022449493408203,
      27.35175895690918,
      22.81521224975586,
      17.361635208129883,
      16.679075241088867,
      13.738009452819824,
      16.162052154541016,
      17.136884689331055,
      18.72193717956543
    ],
    [
      4.07506799697876,
      22.32997703552246,
      12.086714744567871,
      27.83913230895996,
      26.521448135375977,
      49.572242736816406,
      26.161226272583008,
      38.90643310546875,
      20.929203033447266,
      32.9738655090332,
      18.831003189086914,
      30.16429328918457,
      9.369698524475098,
      18.302507400512695,
      9.264244079589844,
      20.285465240478516,
      13.224024772644043,
      24.06391716003418
    ],
    [
      5.964075565338135,
      23.856708526611328,
      17.780086517333984,
      21.146753311157227,
      38.7784309387207,
      26.161226272583008,
      101.26559448242188,
      63.38743209838867,
      59.35475540161133,
      40.51296615600586,
      53.32410430908203,
      41.4323844909668,
      33.394447326660156,
      24.09921646118164,
      24.790626525878906,
      24.787376403808594,
      33.10508728027344,
      27.47796630859375
    ],
    [
      30.969404220581055,
      51.615169525146484,
      17.22138214111328,
      42.304405212402344,
      29.270166397094727,
      38.90643310546875,
      63.38743209838867,
      92.01981353759766,
      36.155147552490234,
      54.534053802490234,
      34.25325012207031,
      56.318359375,
      18.1956844329834,
      32.50422286987305,
      10.897440910339355,
      32.6106071472168,
      16.70292854309082,
      46.232757568359375
    ],
    [
      -7.680062294006348,
      14.675442695617676,
      16.329952239990234,
      16.66008758544922,
      33.75826644897461,
      20.929203033447266,
      59.35475540161133,
      36.155147552490234,
      82.05937957763672,
      49.31105041503906,
      59.36384582519531,
      41.416038513183594,
      41.7394905090332,
      31.525047302246094,
      31.43639373779297,
      28.403322219848633,
      34.40251159667969,
      29.25004768371582
    ],
    [
      14.659584045410156,
      39.7639274597168,
      16.99202537536621,
      37.808937072753906,
      26.022449493408203,
      32.9738655090332,
      40.51296615600586,
      54.534053802490234,
      49.31105041503906,
      67.91922760009766,
      38.835453033447266,
      56.88145065307617,
      25.12348175048828,
      37.49713134765625,
      18.21969985961914,
      36.26789474487305,
      20.4556884765625,
      43.0861930847168
    ],
    [
      -5.922639846801758,
      12.886561393737793,
      13.499674797058105,
      14.15772533416748,
      27.35175895690918,
      18.831003189086914,
      53.32410430908203,
      34.25325012207031,
      59.36384582519531,
      38.835453033447266,
      69.98145294189453,
      49.398983001708984,
      51.184242248535156,
      40.278324127197266,
      40.443626403808594,
      37.862945556640625,
      41.17161560058594,
      36.825870513916016
    ],
    [
      18.20625877380371,
      44.96164321899414,
      16.582786560058594,
      39.57980728149414,
      22.81521224975586,
      30.16429328918457,
      41.4323844909668,
      56.318359375,
      41.416038513183594,
      56.88145065307617,
      49.398983001708984,
      76.82013702392578,
      36.98862838745117,
      52.239173889160156,
      27.796443939208984,
      51.122737884521484,
      28.172866821289062,
      56.92995834350586
    ],
    [
      -9.829727172851562,
      13.76965045928955,
      9.033408164978027,
      9.649999618530273,
      17.361635208129883,
      9.369698524475098,
      33.394447326660156,
      18.1956844329834,
      41.7394905090332,
      25.12348175048828,
      51.184242248535156,
      36.98862838745117,
      87.56103515625,
      64.17462921142578,
      71.21988677978516,
      68.0763931274414,
      62.05457305908203,
      56.078330993652344
    ],
    [
      5.08390998840332,
      31.81976890563965,
      12.046415328979492,
      25.19228744506836,
      16.679075241088867,
      18.302507400512695,
      24.09921646118164,
      32.50422286987305,
      31.525047302246094,
      37.49713134765625,
      40.278324127197266,
      52.239173889160156,
      64.17462921142578,
      80.06491088867188,
      52.76314163208008,
      77.23892974853516,
      44.744964599609375,
      73.68231964111328
    ],
    [
      -8.674126625061035,
      9.218111991882324,
      7.619582176208496,
      9.978903770446777,
      13.738009452819824,
      9.264244079589844,
      24.790626525878906,
      10.897440910339355,
      31.43639373779297,
      18.21969985961914,
      40.443626403808594,
      27.796443939208984,
      71.21988677978516,
      52.76314163208008,
      84.21809387207031,
      67.32501983642578,
      74.17393493652344,
      52.84905242919922
    ],
    [
      -0.8682651519775391,
      34.57030487060547,
      13.496113777160645,
      32.06133270263672,
      16.162052154541016,
      20.285465240478516,
      24.787376403808594,
      32.6106071472168,
      28.403322219848633,
      36.26789474487305,
      37.862945556640625,
      51.122737884521484,
      68.0763931274414,
      77.23892974853516,
      67.32501983642578,
      104.29788970947266,
      60.960575103759766,
      90.66278839111328
    ],
    [
      -6.671380519866943,
      13.826613426208496,
      10.674857139587402,
      12.891154289245605,
      17.136884689331055,
      13.224024772644043,
      33.10508728027344,
      16.70292854309082,
      34.40251159667969,
      20.4556884765625,
      41.17161560058594,
      28.172866821289062,
      62.05457305908203,
      44.744964599609375,
      74.17393493652344,
      60.960575103759766,
      90.79022216796875,
      56.24132537841797
    ],
    [
      10.823101997375488,
      51.42422866821289,
      17.7507381439209,
      39.02262878417969,
      18.72193717956543,
      24.06391716003418,
      27.47796630859375,
      46.232757568359375,
      29.25004768371582,
      43.0861930847168,
      36.825870513916016,
      56.92995834350586,
      56.078330993652344,
      73.68231964111328,
      52.84905242919922,
      90.66278839111328,
      56.24132537841797,
      110.68775177001953
    ]
  ],
  "damage": -4.3485846519470215,
  "diff_bandwidth": 479.8222961425781,
  "dissonance": 9.037986322834735,
  "drr": 5.554434299468994,
  "dynamics": 3.627591133117676,
  "format": 1245190,
  "frames": 9316352,
  "loudness": -11.966586112976074,
  "loudness_range": 9.175773620605469,
  "loudness_range_short": 16.426286697387695,
  "lowpass_true_peak_15khz": 1.091739296913147,
  "mastering3_acoustic_entropies": [
    {
      "acoustic_entropy": 9.026004791259766,
      "acoustic_entropy_mono": 9.715067863464355,
      "band_eliminated_acoustic_entropies": [
        {
          "acoustic_entropy": 9.40756893157959,
          "acoustic_entropy_side": 9.025898933410645,
          "hz": 129.47220167065723
        },
        {
          "acoustic_entropy": 8.92372989654541,
          "acoustic_entropy_side": 8.976284980773926,
          "hz": 202.92927478742237
        },
        {
          "acoustic_entropy": 9.053333282470703,
          "acoustic_entropy_side": 8.929478645324707,
          "hz": 282.89161906338205
        },
        {
          "acoustic_entropy": 9.107497215270996,
          "acoustic_entropy_side": 9.013306617736816,
          "hz": 369.9353335868758
        },
        {
          "acoustic_entropy": 9.171466827392578,
          "acoustic_entropy_side": 8.979368209838867,
          "hz": 464.6875360973435
        },
        {
          "acoustic_entropy": 8.846802711486816,
          "acoustic_entropy_side": 8.97510051727295,
          "hz": 567.8308811364784
        },
        {
          "acoustic_entropy": 9.486004829406738,
          "acoustic_entropy_side": 8.95744800567627,
          "hz": 680.1084783214808
        },
        {
          "acoustic_entropy": 9.442264556884766,
          "acoustic_entropy_side": 9.136704444885254,
          "hz": 802.3292461747484
        },
        {
          "acoustic_entropy": 8.965576171875,
          "acoustic_entropy_side": 8.983312606811523,
          "hz": 935.3737400823702
        },
        {
          "acoustic_entropy": 9.231414794921875,
          "acoustic_entropy_side": 9.218392372131348,
          "hz": 1080.2004963696966
        },
        {
          "acoustic_entropy": 8.82378101348877,
          "acoustic_entropy_side": 9.046943664550781,
          "hz": 1237.8529382007157
        },
        {
          "acoustic_entropy": 9.165401458740234,
          "acoustic_entropy_side": 9.196623802185059,
          "hz": 1409.4668930556702
        },
        {
          "acoustic_entropy": 9.02266788482666,
          "acoustic_entropy_side": 9.162109375,
          "hz": 1596.2787759475705
        },
        {
          "acoustic_entropy": 9.02800178527832,
          "acoustic_entropy_side": 8.995338439941406,
          "hz": 1799.6344973346393
        },
        {
          "acoustic_entropy": 9.334864616394043,
          "acoustic_entropy_side": 9.08653736114502,
          "hz": 2020.9991599069049
        },
        {
          "acoustic_entropy": 9.136900901794434,
          "acoustic_entropy_side": 9.009221076965332,
          "hz": 2261.9676141086993
        },
        {
          "acoustic_entropy": 9.045816421508789,
          "acoustic_entropy_side": 8.974432945251465,
          "hz": 2524.2759484456974
        },
        {
          "acoustic_entropy": 9.030694007873535,
          "acoustic_entropy_side": 8.98299503326416,
          "hz": 2809.813997359896
        },
        {
          "acoustic_entropy": 9.060232162475586,
          "acoustic_entropy_side": 9.040069580078125,
          "hz": 3120.6389567871424
        },
        {
          "acoustic_entropy": 8.978065490722656,
          "acoustic_entropy_side": 8.998675346374512,
          "hz": 3458.990205492291
        },
        {
          "acoustic_entropy": 9.088435173034668,
          "acoustic_entropy_side": 9.095308303833008,
          "hz": 3827.305438964164
        },
        {
          "acoustic_entropy": 9.359624862670898,
          "acoustic_entropy_side": 9.118488311767578,
          "hz": 4228.238232109126
        },
        {
          "acoustic_entropy": 9.104914665222168,
          "acoustic_entropy_side": 9.039709091186523,
          "hz": 4664.6771572759235
        },
        {
          "acoustic_entropy": 8.970497131347656,
          "acoustic_entropy_side": 9.00509262084961,
          "hz": 5139.766595350093
        },
        {
          "acoustic_entropy": 8.996598243713379,
          "acoustic_entropy_side": 8.975878715515137,
          "hz": 5656.929389854203
        },
        {
          "acoustic_entropy": 9.050786018371582,
          "acoustic_entropy_side": 9.028277397155762,
          "hz": 6219.891507268283
        },
        {
          "acoustic_entropy": 9.100831031799316,
          "acoustic_entropy_side": 9.014888763427734,
          "hz": 6832.70888123896
        },
        {
          "acoustic_entropy": 9.048269271850586,
          "acoustic_entropy_side": 8.988362312316895,
          "hz": 7499.796634079867
        },
        {
          "acoustic_entropy": 8.973514556884766,
          "acoustic_entropy_side": 9.03255558013916,
          "hz": 8225.96088609342
        },
        {
          "acoustic_entropy": 9.086045265197754,
          "acoustic_entropy_side": 9.096314430236816,
          "hz": 9016.43338188839
        },
        {
          "acoustic_entropy": 9.12812328338623,
          "acoustic_entropy_side": 9.109845161437988,
          "hz": 9876.909183162974
        },
        {
          "acoustic_entropy": 9.097328186035156,
          "acoustic_entropy_side": 9.026309967041016,
          "hz": 10813.587699516042
        },
        {
          "acoustic_entropy": 9.022724151611328,
          "acoustic_entropy_side": 9.012438774108887,
          "hz": 11833.21735289826
        },
        {
          "acoustic_entropy": 8.950549125671387,
          "acoustic_entropy_side": 9.035456657409668,
          "hz": 12943.144197493959
        },
        {
          "acoustic_entropy": 8.53177261352539,
          "acoustic_entropy_side": 9.035140037536621,
          "hz": 14151.364845322005
        },
        {
          "acoustic_entropy": 8.323370933532715,
          "acoustic_entropy_side": 9.032181739807129,
          "hz": 15466.58407886509
        },
        {
          "acoustic_entropy": 8.695880889892578,
          "acoustic_entropy_side": 9.029250144958496,
          "hz": 16898.27756580493
        },
        {
          "acoustic_entropy": 8.890225410461426,
          "acoustic_entropy_side": 9.027321815490723,
          "hz": 18456.760127700032
        },
        {
          "acoustic_entropy": 8.985739707946777,
          "acoustic_entropy_side": 9.02629280090332,
          "hz": 20153.260054456492
        },
        {
          "acoustic_entropy": 9.026013374328613,
          "acoustic_entropy_side": 9.026009559631348,
          "hz": 22000.00000000001
        }
      ],
      "diff_acoustic_entropy": 11.583081245422363,
      "sn": 6
    },
    {
      "acoustic_entropy": 15.69899845123291,
      "acoustic_entropy_mono": 14.204139709472656,
      "band_eliminated_acoustic_entropies": [
        {
          "acoustic_entropy": 14.603065490722656,
          "acoustic_entropy_side": 15.700183868408203,
          "hz": 129.47220167065723
        },
        {
          "acoustic_entropy": 16.414682388305664,
          "acoustic_entropy_side": 15.718113899230957,
          "hz": 202.92927478742237
        },
        {
          "acoustic_entropy": 15.050921440124512,
          "acoustic_entropy_side": 15.510560989379883,
          "hz": 282.89161906338205
        },
        {
          "acoustic_entropy": 14.890889167785645,
          "acoustic_entropy_side": 15.148215293884277,
          "hz": 369.9353335868758
        },
        {
          "acoustic_entropy": 15.29429817199707,
          "acoustic_entropy_side": 15.453238487243652,
          "hz": 464.6875360973435
        },
        {
          "acoustic_entropy": 15.228313446044922,
          "acoustic_entropy_side": 15.702457427978516,
          "hz": 567.8308811364784
        },
        {
          "acoustic_entropy": 15.691650390625,
          "acoustic_entropy_side": 15.478673934936523,
          "hz": 680.1084783214808
        },
        {
          "acoustic_entropy": 16.4117431640625,
          "acoustic_entropy_side": 16.256258010864258,
          "hz": 802.3292461747484
        },
        {
          "acoustic_entropy": 15.559263229370117,
          "acoustic_entropy_side": 15.693830490112305,
          "hz": 935.3737400823702
        },
        {
          "acoustic_entropy": 16.381072998046875,
          "acoustic_entropy_side": 16.265064239501953,
          "hz": 1080.2004963696966
        },
        {
          "acoustic_entropy": 15.601752281188965,
          "acoustic_entropy_side": 16.09357452392578,
          "hz": 1237.8529382007157
        },
        {
          "acoustic_entropy": 15.647615432739258,
          "acoustic_entropy_side": 15.848687171936035,
          "hz": 1409.4668930556702
        },
        {
          "acoustic_entropy": 15.276083946228027,
          "acoustic_entropy_side": 15.343192100524902,
          "hz": 1596.2787759475705
        },
        {
          "acoustic_entropy": 15.789917945861816,
          "acoustic_entropy_side": 15.794391632080078,
          "hz": 1799.6344973346393
        },
        {
          "acoustic_entropy": 15.356669425964355,
          "acoustic_entropy_side": 15.463608741760254,
          "hz": 2020.9991599069049
        },
        {
          "acoustic_entropy": 15.434069633483887,
          "acoustic_entropy_side": 15.433615684509277,
          "hz": 2261.9676141086993
        },
        {
          "acoustic_entropy": 15.787967681884766,
          "acoustic_entropy_side": 15.4328031539917,
          "hz": 2524.2759484456974
        },
        {
          "acoustic_entropy": 15.581334114074707,
          "acoustic_entropy_side": 15.521485328674316,
          "hz": 2809.813997359896
        },
        {
          "acoustic_entropy": 15.90665340423584,
          "acoustic_entropy_side": 15.583144187927246,
          "hz": 3120.6389567871424
        },
        {
          "acoustic_entropy": 15.986859321594238,
          "acoustic_entropy_side": 15.661717414855957,
          "hz": 3458.990205492291
        },
        {
          "acoustic_entropy": 15.428337097167969,
          "acoustic_entropy_side": 15.630427360534668,
          "hz": 3827.305438964164
        },
        {
          "acoustic_entropy": 15.749120712280273,
          "acoustic_entropy_side": 15.679582595825195,
          "hz": 4228.238232109126
        },
        {
          "acoustic_entropy": 15.796868324279785,
          "acoustic_entropy_side": 15.670711517333984,
          "hz": 4664.6771572759235
        },
        {
          "acoustic_entropy": 15.65854263305664,
          "acoustic_entropy_side": 15.634743690490723,
          "hz": 5139.766595350093
        },
        {
          "acoustic_entropy": 15.667364120483398,
          "acoustic_entropy_side": 15.67929744720459,
          "hz": 5656.929389854203
        },
        {
          "acoustic_entropy": 15.678492546081543,
          "acoustic_entropy_side": 15.720088958740234,
          "hz": 6219.891507268283
        },
        {
          "acoustic_entropy": 15.68643569946289,
          "acoustic_entropy_side": 15.719558715820312,
          "hz": 6832.70888123896
        },
        {
          "acoustic_entropy": 15.717347145080566,
          "acoustic_entropy_side": 15.77735424041748,
          "hz": 7499.796634079867
        },
        {
          "acoustic_entropy": 15.626968383789062,
          "acoustic_entropy_side": 15.859941482543945,
          "hz": 8225.96088609342
        },
        {
          "acoustic_entropy": 15.837385177612305,
          "acoustic_entropy_side": 15.8680419921875,
          "hz": 9016.43338188839
        },
        {
          "acoustic_entropy": 15.698234558105469,
          "acoustic_entropy_side": 15.773947715759277,
          "hz": 9876.909183162974
        },
        {
          "acoustic_entropy": 15.817970275878906,
          "acoustic_entropy_side": 15.827773094177246,
          "hz": 10813.587699516042
        },
        {
          "acoustic_entropy": 15.730798721313477,
          "acoustic_entropy_side": 15.779434204101562,
          "hz": 11833.21735289826
        },
        {
          "acoustic_entropy": 15.7333984375,
          "acoustic_entropy_side": 15.75422191619873,
          "hz": 12943.144197493959
        },
        {
          "acoustic_entropy": 15.855558395385742,
          "acoustic_entropy_side": 15.75428295135498,
          "hz": 14151.364845322005
        },
        {
          "acoustic_entropy": 15.738495826721191,
          "acoustic_entropy_side": 15.733818054199219,
          "hz": 15466.58407886509
        },
        {
          "acoustic_entropy": 15.816032409667969,
          "acoustic_entropy_side": 15.711041450500488,
          "hz": 16898.27756580493
        },
        {
          "acoustic_entropy": 15.759443283081055,
          "acoustic_entropy_side": 15.692102432250977,
          "hz": 18456.760127700032
        },
        {
          "acoustic_entropy": 15.636393547058105,
          "acoustic_entropy_side": 15.684367179870605,
          "hz": 20153.260054456492
        },
        {
          "acoustic_entropy": 15.696527481079102,
          "acoustic_entropy_side": 15.698443412780762,
          "hz": 22000.00000000001
        }
      ],
      "diff_acoustic_entropy": 17.018333435058594,
      "sn": 12
    },
    {
      "acoustic_entropy": 22.9622802734375,
      "acoustic_entropy_mono": 20.315046310424805,
      "band_eliminated_acoustic_entropies": [
        {
          "acoustic_entropy": 21.965560913085938,
          "acoustic_entropy_side": 22.947608947753906,
          "hz": 129.47220167065723
        },
        {
          "acoustic_entropy": 23.082477569580078,
          "acoustic_entropy_side": 22.811967849731445,
          "hz": 202.92927478742237
        },
        {
          "acoustic_entropy": 22.01118278503418,
          "acoustic_entropy_side": 23.036237716674805,
          "hz": 282.89161906338205
        },
        {
          "acoustic_entropy": 21.84958267211914,
          "acoustic_entropy_side": 22.19775390625,
          "hz": 369.9353335868758
        },
        {
          "acoustic_entropy": 22.616296768188477,
          "acoustic_entropy_side": 22.53998565673828,
          "hz": 464.6875360973435
        },
        {
          "acoustic_entropy": 23.453105926513672,
          "acoustic_entropy_side": 23.11650276184082,
          "hz": 567.8308811364784
        },
        {
          "acoustic_entropy": 23.779592514038086,
          "acoustic_entropy_side": 23.716337203979492,
          "hz": 680.1084783214808
        },
        {
          "acoustic_entropy": 22.877906799316406,
          "acoustic_entropy_side": 23.514835357666016,
          "hz": 802.3292461747484
        },
        {
          "acoustic_entropy": 21.71165657043457,
          "acoustic_entropy_side": 21.95526123046875,
          "hz": 935.3737400823702
        },
        {
          "acoustic_entropy": 23.16844940185547,
          "acoustic_entropy_side": 23.017898559570312,
          "hz": 1080.2004963696966
        },
        {
          "acoustic_entropy": 22.93755531311035,
          "acoustic_entropy_side": 22.57284164428711,
          "hz": 1237.8529382007157
        },
        {
          "acoustic_entropy": 22.053285598754883,
          "acoustic_entropy_side": 22.15721893310547,
          "hz": 1409.4668930556702
        },
        {
          "acoustic_entropy": 22.700847625732422,
          "acoustic_entropy_side": 22.830366134643555,
          "hz": 1596.2787759475705
        },
        {
          "acoustic_entropy": 22.117473602294922,
          "acoustic_entropy_side": 22.29864501953125,
          "hz": 1799.6344973346393
        },
        {
          "acoustic_entropy": 22.276851654052734,
          "acoustic_entropy_side": 22.920055389404297,
          "hz": 2020.9991599069049
        },
        {
          "acoustic_entropy": 23.12786293029785,
          "acoustic_entropy_side": 22.84728240966797,
          "hz": 2261.9676141086993
        },
        {
          "acoustic_entropy": 22.597564697265625,
          "acoustic_entropy_side": 22.78704071044922,
          "hz": 2524.2759484456974
        },
        {
          "acoustic_entropy": 23.162687301635742,
          "acoustic_entropy_side": 23.031625747680664,
          "hz": 2809.813997359896
        },
        {
          "acoustic_entropy": 22.912982940673828,
