{
  "acoustic_entropy": 237.06105041503906,
  "bands": [
    {
      "high_freq": 148.1999969482422,
      "loudness": -22.931398391723633,
      "loudness_range": 8.180593490600586,
      "mid_mean": -21.953296661376953,
      "mid_to_side_loudness": -0.679168164730072,
      "mid_to_side_loudness_range": 2.8337695598602295,
      "side_mean": -22.612377166748047
    },
    {
      "high_freq": 392.3793640136719,
      "loudness": -20.61969566345215,
      "loudness_range": 8.895204544067383,
      "low_freq": 148.1999969482422,
      "mid_mean": -18.460779190063477,
      "mid_to_side_loudness": -4.465085506439209,
      "mid_to_side_loudness_range": 9.171546936035156,
      "side_mean": -22.94019889831543
    },
    {
      "high_freq": 794.6976318359375,
      "loudness": -23.513519287109375,
      "loudness_range": 13.690324783325195,
      "low_freq": 392.3793640136719,
      "mid_mean": -21.947519302368164,
      "mid_to_side_loudness": -3.4937658309936523,
      "mid_to_side_loudness_range": 14.29906940460205,
      "side_mean": -25.453271865844727
    },
    {
      "high_freq": 1457.5709228515625,
      "loudness": -27.685035705566406,
      "loudness_range": 17.017284393310547,
      "low_freq": 794.6976318359375,
      "mid_mean": -25.832361221313477,
      "mid_to_side_loudness": -4.146130561828613,
      "mid_to_side_loudness_range": 12.83713150024414,
      "side_mean": -29.99903106689453
    },
    {
      "high_freq": 2549.74365234375,
      "loudness": -27.85822868347168,
      "loudness_range": 18.04043197631836,
      "low_freq": 1457.5709228515625,
      "mid_mean": -25.641977310180664,
      "mid_to_side_loudness": -5.337165355682373,
      "mid_to_side_loudness_range": 13.198982238769531,
      "side_mean": -31.01256561279297
    },
    {
      "high_freq": 4349.24462890625,
      "loudness": -28.938438415527344,
      "loudness_range": 14.460142135620117,
      "low_freq": 2549.74365234375,
      "mid_mean": -26.6458740234375,
      "mid_to_side_loudness": -4.817256450653076,
      "mid_to_side_loudness_range": 8.683777809143066,
      "side_mean": -31.477577209472656
    },
    {
      "high_freq": 7314.1640625,
      "loudness": -30.326900482177734,
      "loudness_range": 13.214765548706055,
      "low_freq": 4349.24462890625,
      "mid_mean": -27.89444351196289,
      "mid_to_side_loudness": -4.980058670043945,
      "mid_to_side_loudness_range": 5.448530673980713,
      "side_mean": -32.89656066894531
    },
    {
      "high_freq": 12199.2666015625,
      "loudness": -34.857688903808594,
      "loudness_range": 9.278545379638672,
      "low_freq": 7314.1640625,
      "mid_mean": -32.644134521484375,
      "mid_to_side_loudness": -4.0928568840026855,
      "mid_to_side_loudness_range": 4.542243003845215,
      "side_mean": -36.75572204589844
    },
    {
      "loudness": -45.65156173706055,
      "loudness_range": 11.403865814208984,
      "low_freq": 12199.2666015625,
      "mid_mean": -44.40923309326172,
      "mid_to_side_loudness": -1.3398867845535278,
      "mid_to_side_loudness_range": 4.45849084854126,
      "side_mean": -45.75413513183594
    }
  ],
  "bands_short": [
    {
      "high_freq": 148.1999969482422,
      "loudness": -25.91181182861328,
      "loudness_range": 13.559455871582031,
      "mid_mean": -25.146448135375977,
      "mid_to_side_loudness": -0.6579166650772095,
      "mid_to_side_loudness_range": 8.449714660644531,
      "side_mean": -25.776473999023438
    },
    {
      "high_freq": 392.3793640136719,
      "loudness": -20.96352195739746,
      "loudness_range": 12.026369094848633,
      "low_freq": 148.1999969482422,
      "mid_mean": -19.426246643066406,
      "mid_to_side_loudness": -2.817023992538452,
      "mid_to_side_loudness_range": 10.641825675964355,
      "side_mean": -22.231910705566406
    },
    {
      "high_freq": 794.6976318359375,
      "loudness": -23.835819244384766,
      "loudness_range": 15.279373168945312,
      "low_freq": 392.3793640136719,
      "mid_mean": -22.374858856201172,
      "mid_to_side_loudness": -3.3046865463256836,
      "mid_to_side_loudness_range": 14.784708023071289,
      "side_mean": -25.69011116027832
    },
    {
      "high_freq": 1457.5709228515625,
      "loudness": -28.909914016723633,
      "loudness_range": 20.719083786010742,
      "low_freq": 794.6976318359375,
      "mid_mean": -27.257970809936523,
      "mid_to_side_loudness": -3.733379364013672,
      "mid_to_side_loudness_range": 13.946310043334961,
      "side_mean": -31.01228141784668
    },
    {
      "high_freq": 2549.74365234375,
      "loudness": -29.083803176879883,
      "loudness_range": 20.909557342529297,
      "low_freq": 1457.5709228515625,
      "mid_mean": -26.954315185546875,
      "mid_to_side_loudness": -5.202970027923584,
      "mid_to_side_loudness_range": 14.203507423400879,
      "side_mean": -32.186195373535156
    },
    {
      "high_freq": 4349.24462890625,
      "loudness": -29.806352615356445,
      "loudness_range": 17.130779266357422,
      "low_freq": 2549.74365234375,
      "mid_mean": -27.47841453552246,
      "mid_to_side_loudness": -5.081119537353516,
      "mid_to_side_loudness_range": 9.152894020080566,
      "side_mean": -32.57646560668945
    },
    {
      "high_freq": 7314.1640625,
      "loudness": -31.79136848449707,
      "loudness_range": 17.48613739013672,
      "low_freq": 4349.24462890625,
      "mid_mean": -29.325105667114258,
      "mid_to_side_loudness": -5.324947834014893,
      "mid_to_side_loudness_range": 7.028158187866211,
      "side_mean": -34.67289733886719
    },
    {
      "high_freq": 12199.2666015625,
      "loudness": -36.89102554321289,
      "loudness_range": 16.089801788330078,
      "low_freq": 7314.1640625,
      "mid_mean": -34.67592239379883,
      "mid_to_side_loudness": -4.263879776000977,
      "mid_to_side_loudness_range": 6.142051696777344,
      "side_mean": -38.96091079711914
    },
    {
      "loudness": -50.64323425292969,
      "loudness_range": 23.71500015258789,
      "low_freq": 12199.2666015625,
      "mid_mean": -49.24383544921875,
      "mid_to_side_loudness": -1.7499381303787231,
      "mid_to_side_loudness_range": 6.993147373199463,
      "side_mean": -51.08872604370117
    }
  ],
  "bandwidth": 584.0786743164062,
  "channels": 2,
  "covariance": [
    [
      8.533452033996582,
      8.723901748657227,
      -0.16209551692008972,
      -0.8260884284973145,
      -1.1705083847045898,
      -2.3910152912139893,
      -1.3062398433685303,
      -2.0197105407714844,
      0.04496367275714874,
      -1.091083288192749,
      0.2683189809322357,
      -0.8992836475372314,
      0.3655722737312317,
      -0.06544923782348633,
      -0.7083566784858704,
      -0.5438602566719055,
      -0.6106336712837219,
      -0.6020105481147766
    ],
    [
      8.723901748657227,
      9.977866172790527,
      -0.3485022187232971,
      -1.1575335264205933,
      -1.2287425994873047,
      -2.7338621616363525,
      -1.2438262701034546,
      -2.3058295249938965,
      0.39210638403892517,
      -1.1491930484771729,
      0.44820156693458557,
      -0.9676027894020081,
      0.5220374464988708,
      -0.06803442537784576,
      -1.0003793239593506,
      -0.7673692107200623,
      -0.9923591017723083,
      -0.9549735188484192
    ],
    [
      -0.16209551692008972,
      -0.3485022187232971,
      11.306220054626465,
      6.130588054656982,
      3.0823795795440674,
      1.7407124042510986,
      3.0390031337738037,
      1.2860019207000732,
      3.499565362930298,
      1.7474119663238525,
      2.742966413497925,
      2.477944850921631,
      1.953716516494751,
      2.7161693572998047,
      1.7127677202224731,
      2.641373872756958,
      2.4654383659362793,
      2.8542423248291016
    ],
    [
      -0.8260884284973145,
      -1.1575335264205933,
      6.130588054656982,
      11.162296295166016,
      1.0664911270141602,
      5.641208648681641,
      1.23539137840271,
      4.344173431396484,
      0.11554544419050217,
      2.754343271255493,
      -2.0593464374542236,
      0.14200428128242493,
      -2.4174997806549072,
      -1.1335444450378418,
      -0.3165312111377716,
      -0.29387322068214417,
      0.8875867128372192,
      0.7650426626205444
    ],
    [
      -1.1705083847045898,
      -1.2287425994873047,
      3.0823795795440674,
      1.0664911270141602,
      27.335206985473633,
      14.041027069091797,
      23.64142417907715,
      11.922741889953613,
      22.950807571411133,
      11.936284065246582,
      13.666671752929688,
      9.780210494995117,
      8.78814697265625,
      6.230819225311279,
      2.134570598602295,
      3.452296018600464,
      0.9132472276687622,
      1.6032809019088745
    ],
    [
      -2.3910152912139893,
      -2.7338621616363525,
      1.7407124042510986,
      5.641208648681641,
      14.041027069091797,
      24.930572509765625,
      9.68431282043457,
      15.933952331542969,
      4.391670227050781,
      10.50471305847168,
      -0.0258009172976017,
      5.392899513244629,
      -2.617093086242676,
      -1.1319831609725952,
      1.7032368183135986,
      0.9534657001495361,
      3.4866204261779785,
      3.0288474559783936
    ],
    [
      -1.3062398433685303,
      -1.2438262701034546,
      3.0390031337738037,
      1.23539137840271,
      23.64142417907715,
      9.68431282043457,
      38.78899002075195,
      19.008098602294922,
      30.424272537231445,
      14.418655395507812,
      18.073543548583984,
      11.447251319885254,
      12.105952262878418,
      7.925581932067871,
      1.366446852684021,
      3.0527985095977783,
      -0.6713748574256897,
      0.25267088413238525
    ],
    [
      -2.0197105407714844,
      -2.3058295249938965,
      1.2860019207000732,
      4.344173431396484,
      11.922741889953613,
      15.933952331542969,
      19.008098602294922,
      21.251659393310547,
      9.786498069763184,
      11.628040313720703,
      3.943045139312744,
      6.636394023895264,
      0.7180613875389099,
      0.7010255455970764,
      1.6105313301086426,
      1.29959237575531,
      2.533524990081787,
      2.3974969387054443
    ],
    [
      0.04496367275714874,
      0.39210638403892517,
      3.499565362930298,
      0.11554544419050217,
      22.950807571411133,
      4.391670227050781,
      30.424272537231445,
      9.786498069763184,
      43.1749153137207,
      17.413677215576172,
      28.58414077758789,
      15.14153003692627,
      21.073474884033203,
      13.505202293395996,
      3.2115204334259033,
      5.317959308624268,
      -0.63689124584198,
      0.5767377018928528
    ],
    [
      -1.091083288192749,
      -1.1491930484771729,
      1.7474119663238525,
      2.754343271255493,
      11.936284065246582,
      10.50471305847168,
      14.418655395507812,
      11.628040313720703,
      17.413677215576172,
      14.16525936126709,
      11.131333351135254,
      9.592777252197266,
      6.963295936584473,
      5.3483076095581055,
      2.7597081661224365,
      3.245678424835205,
      2.626859188079834,
      2.9709596633911133
    ],
    [
      0.2683189809322357,
      0.44820156693458557,
      2.742966413497925,
      -2.0593464374542236,
      13.666671752929688,
      -0.0258009172976017,
      18.073543548583984,
      3.943045139312744,
      28.58414077758789,
      11.131333351135254,
      27.356042861938477,
      16.068283081054688,
      20.426136016845703,
      15.232044219970703,
      6.6212663650512695,
      8.637792587280273,
      2.699352741241455,
      3.9233899116516113
    ],
    [
      -0.8992836475372314,
      -0.9676027894020081,
      2.477944850921631,
      0.14200428128242493,
      9.780210494995117,
      5.392899513244629,
      11.447251319885254,
      6.636394023895264,
      15.14153003692627,
      9.592777252197266,
      16.068283081054688,
      13.7730073928833,
      11.034205436706543,
      9.830306053161621,
      5.62897253036499,
      6.967808723449707,
      4.434396743774414,
      5.2494988441467285
    ],
    [
      0.3655722737312317,
      0.5220374464988708,
      1.953716516494751,
      -2.4174997806549072,
      8.78814697265625,
      -2.617093086242676,
      12.105952262878418,
      0.7180613875389099,
      21.073474884033203,
      6.963295936584473,
      20.426136016845703,
      11.034205436706543,
      21.420654296875,
      15.476580619812012,
      10.004480361938477,
      10.600156784057617,
      7.023062705993652,
      7.378677845001221
    ],
    [
      -0.06544923782348633,
      -0.06803442537784576,
      2.7161693572998047,
      -1.1335444450378418,
      6.230819225311279,
      -1.1319831609725952,
      7.925581932067871,
      0.7010255455970764,
      13.505202293395996,
      5.3483076095581055,
      15.232044219970703,
      9.830306053161621,
      15.476580619812012,
      13.753674507141113,
      8.164011001586914,
      10.17582893371582,
      6.536952495574951,
      7.935998439788818
    ],
    [
      -0.7083566784858704,
      -1.0003793239593506,
      1.7127677202224731,
      -0.3165312111377716,
      2.134570598602295,
      1.7032368183135986,
      1.366446852684021,
      1.6105313301086426,
      3.2115204334259033,
      2.7597081661224365,
      6.6212663650512695,
      5.62897253036499,
      10.004480361938477,
      8.164011001586914,
      13.080574989318848,
      10.955950736999512,
      12.904497146606445,
      11.808753967285156
    ],
    [
      -0.5438602566719055,
      -0.7673692107200623,
      2.641373872756958,
      -0.29387322068214417,
      3.452296018600464,
      0.9534657001495361,
      3.0527985095977783,
      1.29959237575531,
      5.317959308624268,
      3.245678424835205,
      8.637792587280273,
      6.967808723449707,
      10.600156784057617,
      10.17582893371582,
      10.955950736999512,
      11.888262748718262,
      10.605792999267578,
      11.952634811401367
    ],
    [
      -0.6106336712837219,
      -0.9923591017723083,
      2.4654383659362793,
      0.8875867128372192,
      0.9132472276687622,
      3.4866204261779785,
      -0.6713748574256897,
      2.533524990081787,
      -0.63689124584198,
      2.626859188079834,
      2.699352741241455,
      4.434396743774414,
      7.023062705993652,
      6.536952495574951,
      12.904497146606445,
      10.605792999267578,
      18.222719192504883,
      16.465225219726562
    ],
    [
      -0.6020105481147766,
      -0.9549735188484192,
      2.8542423248291016,
      0.7650426626205444,
      1.6032809019088745,
      3.0288474559783936,
      0.25267088413238525,
      2.3974969387054443,
      0.5767377018928528,
      2.9709596633911133,
      3.9233899116516113,
      5.2494988441467285,
      7.378677845001221,
      7.935998439788818,
      11.808753967285156,
      11.952634811401367,
      16.465225219726562,
      17.824798583984375
    ]
  ],
  "covariance_short": [
    [
      24.52276611328125,
      20.91742515563965,
      6.120338439941406,
      6.22396183013916,
      -0.08935073018074036,
      -0.919134795665741,
      -0.2305937111377716,
      -0.35106176137924194,
      0.8483875393867493,
      0.45899486541748047,
      1.1274092197418213,
      0.7134515643119812,
      1.7718760967254639,
      1.5391913652420044,
      1.5686992406845093,
      1.7623062133789062,
      2.530794858932495,
      2.3176698684692383
    ],
    [
      20.91742515563965,
      26.338945388793945,
      5.349117279052734,
      6.159244060516357,
      -0.25434502959251404,
      -1.2612452507019043,
      -0.13663321733474731,
      -0.6950495839118958,
      1.2104530334472656,
      0.37183061242103577,
      1.4206736087799072,
      0.6666311025619507,
      1.9523612260818481,
      1.4909685850143433,
      1.0791528224945068,
      1.3274844884872437,
      1.5795212984085083,
      1.4046783447265625
    ],
    [
      6.120338439941406,
      5.349117279052734,
      22.116077423095703,
      11.461082458496094,
      6.85577392578125,
      4.979464530944824,
      6.07758903503418,
      4.6977057456970215,
      5.691313743591309,
      5.055753707885742,
      5.092403411865234,
      6.25404691696167,
      6.331385612487793,
      7.796663284301758,
      8.749438285827637,
      9.829523086547852,
      12.16578197479248,
      12.354183197021484
    ],
    [
      6.22396183013916,
      6.159244060516357,
      11.461082458496094,
      15.092576026916504,
      3.3925063610076904,
      6.747215747833252,
      3.5404293537139893,
      6.198329925537109,
      2.234266519546509,
      4.338926792144775,
      -0.09323252737522125,
      2.2158775329589844,
      0.08586274087429047,
      1.39479660987854,
      2.656874179840088,
      2.8855607509613037,
      5.5943756103515625,
      5.6673150062561035
    ],
    [
      -0.08935073018074036,
      -0.25434502959251404,
      6.85577392578125,
      3.3925063610076904,
      34.307106018066406,
      18.07834815979004,
      29.56051254272461,
      16.853515625,
      28.426088333129883,
      16.477081298828125,
      16.859651565551758,
      13.623662948608398,
      13.496066093444824,
      10.46496295928955,
      7.213113307952881,
      7.738466739654541,
      6.312723636627197,
      6.069405555725098
    ],
    [
      -0.919134795665741,
      -1.2612452507019043,
      4.979464530944824,
      6.747215747833252,
      18.07834815979004,
      28.936660766601562,
      15.165094375610352,
      19.98436164855957,
      9.472583770751953,
      13.605755805969238,
      2.7616591453552246,
      8.046202659606934,
      0.057329364120960236,
      1.2219239473342896,
      3.9096131324768066,
      3.290731906890869,
      6.398128032684326,
      5.976400852203369
    ],
    [
      -0.2305937111377716,
      -0.13663321733474731,
      6.07758903503418,
      3.5404293537139893,
      29.56051254272461,
      15.165094375610352,
      53.44453048706055,
      29.72083282470703,
      39.44540023803711,
      22.661760330200195,
      23.182144165039062,
      17.864952087402344,
      18.58281707763672,
      13.662994384765625,
      7.669483661651611,
      8.418935775756836,
      6.192431926727295,
      6.0785722732543945
    ],
    [
      -0.35106176137924194,
      -0.6950495839118958,
      4.6977057456970215,
      6.198329925537109,
      16.853515625,
      19.98436164855957,
      29.72083282470703,
      32.54552459716797,
      17.352209091186523,
      18.54520606994629,
      8.141366958618164,
      11.803450584411621,
      4.980353355407715,
      5.113704681396484,
      5.771956443786621,
      5.696866512298584,
      8.505767822265625,
      8.44802188873291
    ],
    [
      0.8483875393867493,
      1.2104530334472656,
      5.691313743591309,
      2.234266519546509,
      28.426088333129883,
      9.472583770751953,
      39.44540023803711,
      17.352209091186523,
      54.686092376708984,
      26.77958869934082,
      35.84454345703125,
      23.487075805664062,
      30.35388946533203,
      21.78066062927246,
      11.429608345031738,
      12.411726951599121,
      6.81953239440918,
      6.453753471374512
    ],
    [
      0.45899486541748047,
      0.37183061242103577,
      5.055753707885742,
      4.338926792144775,
      16.477081298828125,
      13.605755805969238,
      22.661760330200195,
      18.54520606994629,
      26.77958869934082,
      24.55856704711914,
      17.943870544433594,
      17.698522567749023,
      14.270524024963379,
      13.315185546875,
      9.175141334533691,
      10.329656600952148,
      10.311017990112305,
      10.684796333312988
    ],
    [
      1.1274092197418213,
      1.4206736087799072,
      5.092403411865234,
      -0.09323252737522125,
      16.859651565551758,
      2.7616591453552246,
      23.182144165039062,
      8.141366958618164,
      35.84454345703125,
      17.943870544433594,
      36.818302154541016,
      25.672916412353516,
      31.14870834350586,
      26.08687973022461,
      16.730375289916992,
      18.672353744506836,
      11.781798362731934,
      11.787359237670898
    ],
    [
      0.7134515643119812,
      0.6666311025619507,
      6.25404691696167,
      2.2158775329589844,
      13.623662948608398,
      8.046202659606934,
      17.864952087402344,
      11.803450584411621,
      23.487075805664062,
      17.698522567749023,
      25.672916412353516,
      25.406997680664062,
      21.317041397094727,
      21.6158504486084,
      15.287271499633789,
      17.94074821472168,
      14.769743919372559,
      15.583824157714844
    ],
    [
      1.7718760967254639,
      1.9523612260818481,
      6.331385612487793,
      0.08586274087429047,
      13.496066093444824,
      0.057329364120960236,
      18.58281707763672,
      4.980353355407715,
      30.35388946533203,
      14.270524024963379,
      31.14870834350586,
      21.317041397094727,
      37.149044036865234,
      30.745027542114258,
      24.85965919494629,
      25.812894821166992,
      23.762720108032227,
      22.99414825439453
    ],
    [
      1.5391913652420044,
      1.4909685850143433,
      7.796663284301758,
      1.39479660987854,
      10.46496295928955,
      1.2219239473342896,
      13.662994384765625,
      5.113704681396484,
      21.78066062927246,
      13.315185546875,
      26.08687973022461,
      21.6158504486084,
      30.745027542114258,
      31.477384567260742,
      23.565242767333984,
      27.81658172607422,
      25.06184959411621,
      27.20037078857422
    ],
    [
      1.5686992406845093,
      1.0791528224945068,
      8.749438285827637,
      2.656874179840088,
      7.213113307952881,
      3.9096131324768066,
      7.669483661651611,
      5.771956443786621,
      11.429608345031738,
      9.175141334533691,
      16.730375289916992,
      15.287271499633789,
      24.85965919494629,
      23.565242767333984,
      32.348323822021484,
      30.543638229370117,
      37.77364730834961,
      35.7558479309082
    ],
    [
      1.7623062133789062,
      1.3274844884872437,
      9.829523086547852,
      2.8855607509613037,
      7.738466739654541,
      3.290731906890869,
      8.418935775756836,
      5.696866512298584,
      12.411726951599121,
      10.329656600952148,
      18.672353744506836,
      17.94074821472168,
      25.812894821166992,
      27.81658172607422,
      30.543638229370117,
      34.26444625854492,
      35.85791015625,
      38.54402542114258
    ],
    [
      2.530794858932495,
      1.5795212984085083,
      12.16578197479248,
      5.5943756103515625,
      6.312723636627197,
      6.398128032684326,
      6.192431926727295,
      8.505767822265625,
      6.81953239440918,
      10.311017990112305,
      11.781798362731934,
      14.769743919372559,
      23.762720108032227,
      25.06184959411621,
      37.77364730834961,
      35.85791015625,
      59.48111343383789,
      56.2366828918457
    ],
    [
      2.3176698684692383,
      1.4046783447265625,
      12.354183197021484,
      5.6673150062561035,
      6.069405555725098,
      5.976400852203369,
      6.0785722732543945,
      8.44802188873291,
      6.453753471374512,
      10.684796333312988,
      11.787359237670898,
      15.583824157714844,
      22.99414825439453,
      27.20037078857422,
      35.7558479309082,
      38.54402542114258,
      56.2366828918457,
      61.83422088623047
    ]
  ],
  "damage": -6.512055397033691,
  "diff_bandwidth": 620.1005249023438,
  "dissonance": 7.913872756259432,
  "drr": 7.569121837615967,
  "dynamics": 2.667497396469116,
  "format": 1245190,
  "frames": 21987264,
  "loudness": -11.814454078674316,
  "loudness_range": 6.7037353515625,
  "loudness_range_short": 9.861526489257812,
  "lowpass_true_peak_15khz": 0.199907124042511,
  "mastering3_acoustic_entropies": [
    {
      "acoustic_entropy": 9.437106132507324,
      "acoustic_entropy_mono": 9.115081787109375,
      "band_eliminated_acoustic_entropies": [
        {
          "acoustic_entropy": 9.512685775756836,
          "acoustic_entropy_side": 9.488724708557129,
          "hz": 129.47220167065723
        },
        {
          "acoustic_entropy": 9.445819854736328,
          "acoustic_entropy_side": 9.436744689941406,
          "hz": 202.92927478742237
        },
        {
          "acoustic_entropy": 8.753623962402344,
          "acoustic_entropy_side": 9.516551971435547,
          "hz": 282.89161906338205
        },
        {
          "acoustic_entropy": 9.770963668823242,
          "acoustic_entropy_side": 9.328973770141602,
          "hz": 369.9353335868758
        },
        {
          "acoustic_entropy": 8.984304428100586,
          "acoustic_entropy_side": 9.032389640808105,
          "hz": 464.6875360973435
        },
        {
          "acoustic_entropy": 8.755149841308594,
          "acoustic_entropy_side": 9.227871894836426,
          "hz": 567.8308811364784
        },
        {
          "acoustic_entropy": 8.874471664428711,
          "acoustic_entropy_side": 9.176229476928711,
          "hz": 680.1084783214808
        },
        {
          "acoustic_entropy": 8.263228416442871,
          "acoustic_entropy_side": 9.234060287475586,
          "hz": 802.3292461747484
        },
        {
          "acoustic_entropy": 8.970769882202148,
          "acoustic_entropy_side": 9.280198097229004,
          "hz": 935.3737400823702
        },
        {
          "acoustic_entropy": 9.21998119354248,
          "acoustic_entropy_side": 9.272777557373047,
          "hz": 1080.2004963696966
        },
        {
          "acoustic_entropy": 9.31008243560791,
          "acoustic_entropy_side": 9.377695083618164,
          "hz": 1237.8529382007157
        },
        {
          "acoustic_entropy": 9.481569290161133,
          "acoustic_entropy_side": 9.526796340942383,
          "hz": 1409.4668930556702
        },
        {
          "acoustic_entropy": 9.258914947509766,
          "acoustic_entropy_side": 9.324029922485352,
          "hz": 1596.2787759475705
        },
        {
          "acoustic_entropy": 9.106287002563477,
          "acoustic_entropy_side": 9.392129898071289,
          "hz": 1799.6344973346393
        },
        {
          "acoustic_entropy": 9.188873291015625,
          "acoustic_entropy_side": 9.41204833984375,
          "hz": 2020.9991599069049
        },
        {
          "acoustic_entropy": 9.254793167114258,
          "acoustic_entropy_side": 9.455498695373535,
          "hz": 2261.9676141086993
        },
        {
          "acoustic_entropy": 9.402956008911133,
          "acoustic_entropy_side": 9.425751686096191,
          "hz": 2524.2759484456974
        },
        {
          "acoustic_entropy": 9.307638168334961,
          "acoustic_entropy_side": 9.442955017089844,
          "hz": 2809.813997359896
        },
        {
          "acoustic_entropy": 9.13560676574707,
          "acoustic_entropy_side": 9.39427661895752,
          "hz": 3120.6389567871424
        },
        {
          "acoustic_entropy": 9.638068199157715,
          "acoustic_entropy_side": 9.487531661987305,
          "hz": 3458.990205492291
        },
        {
          "acoustic_entropy": 9.683038711547852,
          "acoustic_entropy_side": 9.463019371032715,
          "hz": 3827.305438964164
        },
        {
          "acoustic_entropy": 9.52669620513916,
          "acoustic_entropy_side": 9.493819236755371,
          "hz": 4228.238232109126
        },
        {
          "acoustic_entropy": 9.376185417175293,
          "acoustic_entropy_side": 9.488668441772461,
          "hz": 4664.6771572759235
        },
        {
          "acoustic_entropy": 9.287849426269531,
          "acoustic_entropy_side": 9.45177173614502,
          "hz": 5139.766595350093
        },
        {
          "acoustic_entropy": 9.601990699768066,
          "acoustic_entropy_side": 9.516266822814941,
          "hz": 5656.929389854203
        },
        {
          "acoustic_entropy": 9.677766799926758,
          "acoustic_entropy_side": 9.501982688903809,
          "hz": 6219.891507268283
        },
        {
          "acoustic_entropy": 9.641195297241211,
          "acoustic_entropy_side": 9.487285614013672,
          "hz": 6832.70888123896
        },
        {
          "acoustic_entropy": 9.645044326782227,
          "acoustic_entropy_side": 9.502028465270996,
          "hz": 7499.796634079867
        },
        {
          "acoustic_entropy": 9.763631820678711,
          "acoustic_entropy_side": 9.533689498901367,
          "hz": 8225.96088609342
        },
        {
          "acoustic_entropy": 9.696779251098633,
          "acoustic_entropy_side": 9.504246711730957,
          "hz": 9016.43338188839
        },
        {
          "acoustic_entropy": 9.513697624206543,
          "acoustic_entropy_side": 9.4552001953125,
          "hz": 9876.909183162974
        },
        {
          "acoustic_entropy": 9.48918628692627,
          "acoustic_entropy_side": 9.449494361877441,
          "hz": 10813.587699516042
        },
        {
          "acoustic_entropy": 9.507927894592285,
          "acoustic_entropy_side": 9.453507423400879,
          "hz": 11833.21735289826
        },
        {
          "acoustic_entropy": 9.516424179077148,
          "acoustic_entropy_side": 9.45535945892334,
          "hz": 12943.144197493959
        },
        {
          "acoustic_entropy": 9.4988374710083,
          "acoustic_entropy_side": 9.454456329345703,
          "hz": 14151.364845322005
        },
        {
          "acoustic_entropy": 9.471628189086914,
          "acoustic_entropy_side": 9.447068214416504,
          "hz": 15466.58407886509
        },
        {
          "acoustic_entropy": 9.438547134399414,
          "acoustic_entropy_side": 9.437799453735352,
          "hz": 16898.27756580493
        },
        {
          "acoustic_entropy": 9.437244415283203,
          "acoustic_entropy_side": 9.437180519104004,
          "hz": 18456.760127700032
        },
        {
          "acoustic_entropy": 9.43712043762207,
          "acoustic_entropy_side": 9.437113761901855,
          "hz": 20153.260054456492
        },
        {
          "acoustic_entropy": 9.43710708618164,
          "acoustic_entropy_side": 9.437106132507324,
          "hz": 22000.00000000001
        }
      ],
      "diff_acoustic_entropy": 7.500905513763428,
      "sn": 6
    },
    {
      "acoustic_entropy": 14.245760917663574,
      "acoustic_entropy_mono": 12.364165306091309,
      "band_eliminated_acoustic_entropies": [
        {
          "acoustic_entropy": 14.13249683380127,
          "acoustic_entropy_side": 14.114931106567383,
          "hz": 129.47220167065723
        },
        {
          "acoustic_entropy": 14.517528533935547,
          "acoustic_entropy_side": 13.951801300048828,
          "hz": 202.92927478742237
        },
        {
          "acoustic_entropy": 13.860353469848633,
          "acoustic_entropy_side": 14.35354232788086,
          "hz": 282.89161906338205
        },
        {
          "acoustic_entropy": 14.119309425354004,
          "acoustic_entropy_side": 14.103553771972656,
          "hz": 369.9353335868758
        },
        {
          "acoustic_entropy": 14.20475959777832,
          "acoustic_entropy_side": 13.779674530029297,
          "hz": 464.6875360973435
        },
        {
          "acoustic_entropy": 13.427132606506348,
          "acoustic_entropy_side": 14.365754127502441,
          "hz": 567.8308811364784
        },
        {
          "acoustic_entropy": 12.859624862670898,
          "acoustic_entropy_side": 14.082488059997559,
          "hz": 680.1084783214808
        },
        {
          "acoustic_entropy": 14.172198295593262,
          "acoustic_entropy_side": 14.706427574157715,
          "hz": 802.3292461747484
        },
        {
          "acoustic_entropy": 13.25311279296875,
          "acoustic_entropy_side": 14.096975326538086,
          "hz": 935.3737400823702
        },
        {
          "acoustic_entropy": 14.923283576965332,
          "acoustic_entropy_side": 14.393264770507812,
          "hz": 1080.2004963696966
        },
        {
          "acoustic_entropy": 14.050333023071289,
          "acoustic_entropy_side": 13.936050415039062,
          "hz": 1237.8529382007157
        },
        {
          "acoustic_entropy": 13.956674575805664,
          "acoustic_entropy_side": 14.139331817626953,
          "hz": 1409.4668930556702
        },
        {
          "acoustic_entropy": 14.300447463989258,
          "acoustic_entropy_side": 14.177178382873535,
          "hz": 1596.2787759475705
        },
        {
          "acoustic_entropy": 13.70403003692627,
          "acoustic_entropy_side": 14.245499610900879,
          "hz": 1799.6344973346393
        },
        {
          "acoustic_entropy": 13.877662658691406,
          "acoustic_entropy_side": 14.022614479064941,
          "hz": 2020.9991599069049
        },
        {
          "acoustic_entropy": 12.886604309082031,
          "acoustic_entropy_side": 14.087214469909668,
          "hz": 2261.9676141086993
        },
        {
          "acoustic_entropy": 14.157069206237793,
          "acoustic_entropy_side": 14.201519966125488,
          "hz": 2524.2759484456974
        },
        {
          "acoustic_entropy": 14.15362548828125,
          "acoustic_entropy_side": 14.279443740844727,
          "hz": 2809.813997359896
        },
        {
          "acoustic_entropy": 13.905842781066895,
          "acoustic_entropy_side": 14.103734016418457,
          "hz": 3120.6389567871424
        },
        {
          "acoustic_entropy": 14.01043701171875,
          "acoustic_entropy_side": 14.131577491760254,
          "hz": 3458.990205492291
        },
        {
          "acoustic_entropy": 13.867019653320312,
          "acoustic_entropy_side": 14.169285774230957,
          "hz": 3827.305438964164
        },
        {
          "acoustic_entropy": 14.091469764709473,
          "acoustic_entropy_side": 14.199396133422852,
          "hz": 4228.238232109126
        },
        {
          "acoustic_entropy": 14.186320304870605,
          "acoustic_entropy_side": 14.2473783493042,
          "hz": 4664.6771572759235
        },
        {
          "acoustic_entropy": 14.36855411529541,
          "acoustic_entropy_side": 14.290970802307129,
          "hz": 5139.766595350093
        },
        {
          "acoustic_entropy": 14.206313133239746,
          "acoustic_entropy_side": 14.208471298217773,
          "hz": 5656.929389854203
        },
        {
          "acoustic_entropy": 14.07239818572998,
          "acoustic_entropy_side": 14.151447296142578,
          "hz": 6219.891507268283
        },
        {
          "acoustic_entropy": 14.319772720336914,
          "acoustic_entropy_side": 14.274988174438477,
          "hz": 6832.70888123896
        },
        {
          "acoustic_entropy": 14.119568824768066,
          "acoustic_entropy_side": 14.219510078430176,
          "hz": 7499.796634079867
        },
        {
          "acoustic_entropy": 14.13670825958252,
          "acoustic_entropy_side": 14.248316764831543,
          "hz": 8225.96088609342
        },
        {
          "acoustic_entropy": 14.019689559936523,
          "acoustic_entropy_side": 14.179758071899414,
          "hz": 9016.43338188839
        },
        {
          "acoustic_entropy": 14.231735229492188,
          "acoustic_entropy_side": 14.233813285827637,
          "hz": 9876.909183162974
        },
        {
          "acoustic_entropy": 14.249565124511719,
          "acoustic_entropy_side": 14.246353149414062,
          "hz": 10813.587699516042
        },
        {
          "acoustic_entropy": 14.113865852355957,
          "acoustic_entropy_side": 14.118086814880371,
          "hz": 11833.21735289826
        },
        {
          "acoustic_entropy": 14.203932762145996,
          "acoustic_entropy_side": 14.15087890625,
          "hz": 12943.144197493959
        },
        {
          "acoustic_entropy": 14.178650856018066,
          "acoustic_entropy_side": 14.2234525680542,
          "hz": 14151.364845322005
        },
        {
          "acoustic_entropy": 14.124646186828613,
          "acoustic_entropy_side": 14.215835571289062,
          "hz": 15466.58407886509
        },
        {
          "acoustic_entropy": 14.252216339111328,
          "acoustic_entropy_side": 14.247173309326172,
          "hz": 16898.27756580493
        },
        {
          "acoustic_entropy": 14.246965408325195,
          "acoustic_entropy_side": 14.246145248413086,
          "hz": 18456.760127700032
        },
        {
          "acoustic_entropy": 14.245564460754395,
          "acoustic_entropy_side": 14.245603561401367,
          "hz": 20153.260054456492
        },
        {
          "acoustic_entropy": 14.245753288269043,
          "acoustic_entropy_side": 14.245756149291992,
          "hz": 22000.00000000001
        }
      ],
      "diff_acoustic_entropy": 13.12131118774414,
      "sn": 12
    },
    {
      "acoustic_entropy": 18.049890518188477,
      "acoustic_entropy_mono": 16.43790626525879,
      "band_eliminated_acoustic_entropies": [
        {
          "acoustic_entropy": 18.390729904174805,
          "acoustic_entropy_side": 18.451398849487305,
          "hz": 129.47220167065723
        },
        {
          "acoustic_entropy": 18.155269622802734,
          "acoustic_entropy_side": 17.90361976623535,
          "hz": 202.92927478742237
        },
        {
          "acoustic_entropy": 17.735254287719727,
          "acoustic_entropy_side": 17.953025817871094,
          "hz": 282.89161906338205
        },
        {
          "acoustic_entropy": 17.801128387451172,
          "acoustic_entropy_side": 17.713285446166992,
          "hz": 369.9353335868758
        },
        {
          "acoustic_entropy": 17.910783767700195,
          "acoustic_entropy_side": 17.848798751831055,
          "hz": 464.6875360973435
        },
        {
          "acoustic_entropy": 17.719100952148438,
          "acoustic_entropy_side": 18.121231079101562,
          "hz": 567.8308811364784
        },
        {
          "acoustic_entropy": 17.44422721862793,
          "acoustic_entropy_side": 18.03639030456543,
          "hz": 680.1084783214808
        },
        {
          "acoustic_entropy": 17.58102798461914,
          "acoustic_entropy_side": 18.898950576782227,
          "hz": 802.3292461747484
        },
        {
          "acoustic_entropy": 17.46085548400879,
          "acoustic_entropy_side": 18.567096710205078,
          "hz": 935.3737400823702
        },
        {
          "acoustic_entropy": 18.54672622680664,
          "acoustic_entropy_side": 18.003515243530273,
          "hz": 1080.2004963696966
        },
        {
          "acoustic_entropy": 17.926475524902344,
          "acoustic_entropy_side": 17.770383834838867,
          "hz": 1237.8529382007157
        },
        {
          "acoustic_entropy": 17.549301147460938,
          "acoustic_entropy_side": 18.191904067993164,
          "hz": 1409.4668930556702
        },
        {
          "acoustic_entropy": 18.745237350463867,
          "acoustic_entropy_side": 18.962482452392578,
          "hz": 1596.2787759475705
        },
        {
          "acoustic_entropy": 17.498458862304688,
          "acoustic_entropy_side": 18.70309829711914,
          "hz": 1799.6344973346393
        },
        {
          "acoustic_entropy": 17.74739646911621,
          "acoustic_entropy_side": 18.24380111694336,
          "hz": 2020.9991599069049
        },
        {
          "acoustic_entropy": 18.61087417602539,
          "acoustic_entropy_side": 18.392210006713867,
          "hz": 2261.9676141086993
        },
        {
          "acoustic_entropy": 17.84190559387207,
          "acoustic_entropy_side": 18.067035675048828,
          "hz": 2524.2759484456974
        },
        {
          "acoustic_entropy": 18.29747200012207,
