{
  "acoustic_entropy": 167.34661865234375,
  "bands": [
    {
      "high_freq": 148.1999969482422,
      "loudness": -30.546537399291992,
      "loudness_range": 10.573369979858398,
      "mid_mean": -26.86221694946289,
      "mid_to_side_loudness": -69.6348876953125,
      "mid_to_side_loudness_range": 33.63396072387695,
      "side_mean": -69.99998474121094
    },
    {
      "high_freq": 392.3793640136719,
      "loudness": -29.205108642578125,
      "loudness_range": 15.771659851074219,
      "low_freq": 148.1999969482422,
      "mid_mean": -25.50347900390625,
      "mid_to_side_loudness": -40.00301742553711,
      "mid_to_side_loudness_range": 52.30952453613281,
      "side_mean": -69.99995422363281
    },
    {
      "high_freq": 794.6976318359375,
      "loudness": -28.523666381835938,
      "loudness_range": 12.950950622558594,
      "low_freq": 392.3793640136719,
      "mid_mean": -24.822101593017578,
      "mid_to_side_loudness": -30.626502990722656,
      "mid_to_side_loudness_range": 38.66442108154297,
      "side_mean": -69.99996948242188
    },
    {
      "high_freq": 1457.5709228515625,
      "loudness": -32.67504119873047,
      "loudness_range": 21.71302032470703,
      "low_freq": 794.6976318359375,
      "mid_mean": -28.972333908081055,
      "mid_to_side_loudness": -27.62714385986328,
      "mid_to_side_loudness_range": 37.563594818115234,
      "side_mean": -69.99999237060547
    },
    {
      "high_freq": 2549.74365234375,
      "loudness": -35.551734924316406,
      "loudness_range": 25.442218780517578,
      "low_freq": 1457.5709228515625,
      "mid_mean": -31.84706687927246,
      "mid_to_side_loudness": -26.471050262451172,
      "mid_to_side_loudness_range": 35.87721252441406,
      "side_mean": -69.99995422363281
    },
    {
      "high_freq": 4349.24462890625,
      "loudness": -36.79296875,
      "loudness_range": 14.251985549926758,
      "low_freq": 2549.74365234375,
      "mid_mean": -33.090187072753906,
      "mid_to_side_loudness": -34.413639068603516,
      "mid_to_side_loudness_range": 47.464927673339844,
      "side_mean": -69.9968032836914
    },
    {
      "high_freq": 7314.1640625,
      "loudness": -34.853450775146484,
      "loudness_range": 8.52845573425293,
      "low_freq": 4349.24462890625,
      "mid_mean": -31.1572265625,
      "mid_to_side_loudness": -32.52968215942383,
      "mid_to_side_loudness_range": 45.06052780151367,
      "side_mean": -69.99459838867188
    },
    {
      "high_freq": 12199.2666015625,
      "loudness": -36.59962844848633,
      "loudness_range": 8.403324127197266,
      "low_freq": 7314.1640625,
      "mid_mean": -32.89710998535156,
      "mid_to_side_loudness": -36.52134323120117,
      "mid_to_side_loudness_range": 48.78529357910156,
      "side_mean": -69.99054718017578
    },
    {
      "loudness": -43.773094177246094,
      "loudness_range": 9.420726776123047,
      "low_freq": 12199.2666015625,
      "mid_mean": -40.07074737548828,
      "mid_to_side_loudness": -41.60524368286133,
      "mid_to_side_loudness_range": 22.034879684448242,
      "side_mean": -69.99720001220703
    }
  ],
  "bands_short": [
    {
      "high_freq": 148.1999969482422,
      "loudness": -35.35107421875,
      "loudness_range": 22.561298370361328,
      "mid_mean": -31.7056884765625,
      "mid_to_side_loudness": -66.25010681152344,
      "mid_to_side_loudness_range": 31.55913543701172,
      "side_mean": -69.99999237060547
    },
    {
      "high_freq": 392.3793640136719,
      "loudness": -29.25625991821289,
      "loudness_range": 15.977298736572266,
      "low_freq": 148.1999969482422,
      "mid_mean": -25.556371688842773,
      "mid_to_side_loudness": -40.57197570800781,
      "mid_to_side_loudness_range": 43.37400436401367,
      "side_mean": -69.99995422363281
    },
    {
      "high_freq": 794.6976318359375,
      "loudness": -29.843006134033203,
      "loudness_range": 17.96469497680664,
      "low_freq": 392.3793640136719,
      "mid_mean": -26.142919540405273,
      "mid_to_side_loudness": -29.494709014892578,
      "mid_to_side_loudness_range": 25.511693954467773,
      "side_mean": -69.99996948242188
    },
    {
      "high_freq": 1457.5709228515625,
      "loudness": -34.840362548828125,
      "loudness_range": 25.72210121154785,
      "low_freq": 794.6976318359375,
      "mid_mean": -31.14910888671875,
      "mid_to_side_loudness": -24.96181297302246,
      "mid_to_side_loudness_range": 35.934913635253906,
      "side_mean": -69.99999237060547
    },
    {
      "high_freq": 2549.74365234375,
      "loudness": -37.94487762451172,
      "loudness_range": 28.133996963500977,
      "low_freq": 1457.5709228515625,
      "mid_mean": -34.23906707763672,
      "mid_to_side_loudness": -22.03490447998047,
      "mid_to_side_loudness_range": 26.32842445373535,
      "side_mean": -69.99995422363281
    },
    {
      "high_freq": 4349.24462890625,
      "loudness": -37.97523498535156,
      "loudness_range": 16.735021591186523,
      "low_freq": 2549.74365234375,
      "mid_mean": -34.27333450317383,
      "mid_to_side_loudness": -22.484146118164062,
      "mid_to_side_loudness_range": 26.47905921936035,
      "side_mean": -69.99885559082031
    },
    {
      "high_freq": 7314.1640625,
      "loudness": -36.36656951904297,
      "loudness_range": 13.813739776611328,
      "low_freq": 4349.24462890625,
      "mid_mean": -32.663944244384766,
      "mid_to_side_loudness": -23.779569625854492,
      "mid_to_side_loudness_range": 29.870769500732422,
      "side_mean": -69.99805450439453
    },
    {
      "high_freq": 12199.2666015625,
      "loudness": -38.57006072998047,
      "loudness_range": 15.139860153198242,
      "low_freq": 7314.1640625,
      "mid_mean": -34.86743927001953,
      "mid_to_side_loudness": -27.958101272583008,
      "mid_to_side_loudness_range": 37.25318908691406,
      "side_mean": -69.99775695800781
    },
    {
      "loudness": -45.1776123046875,
      "loudness_range": 13.575462341308594,
      "low_freq": 12199.2666015625,
      "mid_mean": -41.46561050415039,
      "mid_to_side_loudness": -37.53169631958008,
      "mid_to_side_loudness_range": 26.62129783630371,
      "side_mean": -69.99894714355469
    }
  ],
  "bandwidth": 693.7620849609375,
  "channels": 2,
  "covariance": [
    [
      19.10694694519043,
      2.430863332847366e-06,
      -3.5454535484313965,
      -0.00030846812296658754,
      1.421295166015625,
      -0.0001359603920718655,
      1.2790801525115967,
      -4.261326466803439e-05,
      -0.1856386512517929,
      -0.00032393215224146843,
      -1.7907273769378662,
      0.002036236459389329,
      -1.4659916162490845,
      -0.0019507529214024544,
      -0.6824662685394287,
      0.006849685218185186,
      -0.48626911640167236,
      0.002210434293374419
    ],
    [
      2.430863332847366e-06,
      1.3756872085934901e-08,
      2.8274991564103402e-05,
      2.8818869068913955e-08,
      -2.51110723183956e-05,
      5.5150852773522274e-09,
      -2.2191854441189207e-05,
      2.684733728733346e-12,
      -4.570543751469813e-05,
      -3.890063826617052e-10,
      -1.744272231007926e-05,
      -3.879008758644886e-08,
      -9.222528206009883e-06,
      -6.57701093587093e-08,
      -1.7787115211831406e-05,
      -1.153579134438587e-07,
      -2.4038719857344404e-05,
      -3.4196720122281477e-08
    ],
    [
      -3.5454535484313965,
      2.8274991564103402e-05,
      28.85435676574707,
      0.00035127438604831696,
      9.947874069213867,
      0.00013674992078449577,
      16.574138641357422,
      -1.4891395039740019e-05,
      19.913785934448242,
      -9.457786654820666e-05,
      12.039392471313477,
      0.006214721594005823,
      4.764081001281738,
      0.009252768009901047,
      1.7899439334869385,
      0.02040228620171547,
      2.8459255695343018,
      0.005779693368822336
    ],
    [
      -0.00030846812296658754,
      2.8818869068913955e-08,
      0.00035127438604831696,
      3.7482820403056394e-07,
      5.293313734000549e-05,
      1.195525101138628e-07,
      1.6533987945877016e-05,
      9.880972706710622e-10,
      2.7486266844789498e-05,
      3.1335617434180563e-10,
      7.606356666656211e-05,
      -1.4383094537606667e-07,
      1.3704523553315084e-05,
      -2.411884736375214e-07,
      -0.00011352296860422939,
      -4.3379799308240763e-07,
      -0.000216807791730389,
      -1.2862332710028568e-07
    ],
    [
      1.421295166015625,
      -2.51110723183956e-05,
      9.947874069213867,
      5.293313734000549e-05,
      21.225400924682617,
      0.00011423063551774248,
      21.202802658081055,
      -3.623755037551746e-05,
      22.185823440551758,
      -0.0002809632569551468,
      9.29223346710205,
      0.0059348708018660545,
      1.7154051065444946,
      0.003096874337643385,
      0.5799392461776733,
      0.020089957863092422,
      1.4945498704910278,
      0.005366430152207613
    ],
    [
      -0.0001359603920718655,
      5.5150852773522274e-09,
      0.00013674992078449577,
      1.195525101138628e-07,
      0.00011423063551774248,
      1.7848282141130767e-07,
      7.121222733985633e-05,
      2.5731607955492564e-09,
      7.386879588011652e-05,
      3.7302974043029735e-09,
      5.7884466514224187e-05,
      -9.062434003226372e-08,
      3.742496846825816e-05,
      -1.4601040732031834e-07,
      1.1283246976745431e-06,
      -2.8645095540014154e-07,
      -6.27967165200971e-05,
      -8.509607596351998e-08
    ],
    [
      1.2790801525115967,
      -2.2191854441189207e-05,
      16.574138641357422,
      1.6533987945877016e-05,
      21.202802658081055,
      7.121222733985633e-05,
      59.009525299072266,
      -1.8297601855010726e-05,
      63.36568069458008,
      -0.0001274026435567066,
      25.240581512451172,
      -0.01269200537353754,
      5.326141357421875,
      -0.02420542947947979,
      3.017979621887207,
      -0.0372929573059082,
      6.096347332000732,
      -0.011660102754831314
    ],
    [
      -4.261326466803439e-05,
      2.684733728733346e-12,
      -1.4891395039740019e-05,
      9.880972706710622e-10,
      -3.623755037551746e-05,
      2.5731607955492564e-09,
      -1.8297601855010726e-05,
      3.9343650115597484e-08,
      -2.3699489247519523e-05,
      2.863499446448259e-07,
      -3.568248575902544e-05,
      6.685054358968046e-07,
      -5.170532676856965e-05,
      3.4145498375437455e-06,
      -5.8892532251775265e-05,
      4.989915964870306e-07,
      -5.8261088270228356e-05,
      2.739717963606836e-08
    ],
    [
      -0.1856386512517929,
      -4.570543751469813e-05,
      19.913785934448242,
      2.7486266844789498e-05,
      22.185823440551758,
      7.386879588011652e-05,
      63.36568069458008,
      -2.3699489247519523e-05,
      76.9013442993164,
      -0.00015913168317638338,
      32.940391540527344,
      -0.004647537600249052,
      8.22751522064209,
      -0.013575788587331772,
      5.2515177726745605,
      -0.01424541138112545,
      9.243017196655273,
      -0.004499753937125206
    ],
    [
      -0.00032393215224146843,
      -3.890063826617052e-10,
      -9.457786654820666e-05,
      3.1335617434180563e-10,
      -0.0002809632569551468,
      3.7302974043029735e-09,
      -0.0001274026435567066,
      2.863499446448259e-07,
      -0.00015913168317638338,
      2.1745743197243428e-06,
      -0.0002592602977529168,
      7.565372015960747e-06,
      -0.0003936376888304949,
      2.9857181289116852e-05,
      -0.00044966876157559454,
      1.0774736438179389e-05,
      -0.00044581620022654533,
      2.3724560378468595e-06
    ],
    [
      -1.7907273769378662,
      -1.744272231007926e-05,
      12.039392471313477,
      7.606356666656211e-05,
      9.29223346710205,
      5.7884466514224187e-05,
      25.240581512451172,
      -3.568248575902544e-05,
      32.940391540527344,
      -0.0002592602977529168,
      21.41634178161621,
      0.005063011776655912,
      8.789728164672852,
      0.002886117435991764,
      6.705251216888428,
      0.016351008787751198,
      8.443554878234863,
      0.004730017855763435
    ],
    [
      0.002036236459389329,
      -3.879008758644886e-08,
      0.006214721594005823,
      -1.4383094537606667e-07,
      0.0059348708018660545,
      -9.062434003226372e-08,
      -0.01269200537353754,
      6.685054358968046e-07,
      -0.004647537600249052,
      7.565372015960747e-06,
      0.005063011776655912,
      0.01085742749273777,
      0.004617469850927591,
      0.015454685315489769,
      0.002878635423257947,
      0.031128644943237305,
      0.002901581348851323,
      0.009632769040763378
    ],
    [
      -1.4659916162490845,
      -9.222528206009883e-06,
      4.764081001281738,
      1.3704523553315084e-05,
      1.7154051065444946,
      3.742496846825816e-05,
      5.326141357421875,
      -5.170532676856965e-05,
      8.22751522064209,
      -0.0003936376888304949,
      8.789728164672852,
      0.004617469850927591,
      8.866107940673828,
      0.00323775433935225,
      8.47987174987793,
      0.015311638824641705,
      8.101468086242676,
      0.004926624707877636
    ],
    [
      -0.0019507529214024544,
      -6.57701093587093e-08,
      0.009252768009901047,
      -2.411884736375214e-07,
      0.003096874337643385,
      -1.4601040732031834e-07,
      -0.02420542947947979,
      3.4145498375437455e-06,
      -0.013575788587331772,
      2.9857181289116852e-05,
      0.002886117435991764,
      0.015454685315489769,
      0.00323775433935225,
      0.02249845862388611,
      0.0003761515545193106,
      0.04448473080992699,
      -0.0006578441243618727,
      0.013705406337976456
    ],
    [
      -0.6824662685394287,
      -1.7787115211831406e-05,
      1.7899439334869385,
      -0.00011352296860422939,
      0.5799392461776733,
      1.1283246976745431e-06,
      3.017979621887207,
      -5.8892532251775265e-05,
      5.2515177726745605,
      -0.00044966876157559454,
      6.705251216888428,
      0.002878635423257947,
      8.47987174987793,
      0.0003761515545193106,
      9.864763259887695,
      0.010330316610634327,
      9.448532104492188,
      0.0035192042123526335
    ],
    [
      0.006849685218185186,
      -1.153579134438587e-07,
      0.02040228620171547,
      -4.3379799308240763e-07,
      0.020089957863092422,
      -2.8645095540014154e-07,
      -0.0372929573059082,
      4.989915964870306e-07,
      -0.01424541138112545,
      1.0774736438179389e-05,
      0.016351008787751198,
      0.031128644943237305,
      0.015311638824641705,
      0.04448473080992699,
      0.010330316610634327,
      0.09040012955665588,
      0.01021213736385107,
      0.027623958885669708
    ],
    [
      -0.48626911640167236,
      -2.4038719857344404e-05,
      2.8459255695343018,
      -0.000216807791730389,
      1.4945498704910278,
      -6.27967165200971e-05,
      6.096347332000732,
      -5.8261088270228356e-05,
      9.243017196655273,
      -0.00044581620022654533,
      8.443554878234863,
      0.002901581348851323,
      8.101468086242676,
      -0.0006578441243618727,
      9.448532104492188,
      0.01021213736385107,
      11.339847564697266,
      0.003392087761312723
    ],
    [
      0.002210434293374419,
      -3.4196720122281477e-08,
      0.005779693368822336,
      -1.2862332710028568e-07,
      0.005366430152207613,
      -8.509607596351998e-08,
      -0.011660102754831314,
      2.739717963606836e-08,
      -0.004499753937125206,
      2.3724560378468595e-06,
      0.004730017855763435,
      0.009632769040763378,
      0.004926624707877636,
      0.013705406337976456,
      0.0035192042123526335,
      0.027623958885669708,
      0.003392087761312723,
      0.008560222573578358
    ]
  ],
  "covariance_short": [
    [
      63.050960540771484,
      3.6983754398534074e-05,
      2.9490957260131836,
      -0.00046410365030169487,
      2.775160789489746,
      -0.0003362364077474922,
      3.867938280105591,
      -4.794813776243245e-06,
      2.3709044456481934,
      -0.0001348041696473956,
      0.13727577030658722,
      -8.731702109798789e-05,
      -1.0441697835922241,
      -0.004910042975097895,
      0.46906328201293945,
      -0.0015595719451084733,
      0.29725101590156555,
      -0.00016932956350501627
    ],
    [
      3.6983754398534074e-05,
      6.012045616898831e-08,
      2.0108307580812834e-05,
      1.0129667771252571e-07,
      -2.1645976175932446e-06,
      2.5027048877745983e-08,
      5.076024990557926e-06,
      2.954435862623228e-10,
      -2.3183345547295175e-05,
      -3.230218870164947e-10,
      -6.3449751905864105e-06,
      -1.0516796322690425e-08,
      4.023128894914407e-06,
      -1.8036466542525886e-08,
      1.2952466477145208e-06,
      -2.0968823122302638e-08,
      -9.208630217472091e-06,
      -9.862795025128435e-09
    ],
    [
      2.9490957260131836,
      2.0108307580812834e-05,
      30.30108642578125,
      0.00048537697875872254,
      14.336885452270508,
      0.0002313144796062261,
      15.957411766052246,
      -5.741695076721953e-06,
      16.747575759887695,
      -9.713212784845382e-05,
      11.04630184173584,
      -0.0014335336163640022,
      6.4790496826171875,
      -0.0025683538988232613,
      4.127880096435547,
      -0.0024798575323075056,
      2.882094383239746,
      -0.0011952418135479093
    ],
    [
      -0.00046410365030169487,
      1.0129667771252571e-07,
      0.00048537697875872254,
      2.4349740215257043e-06,
      0.00017670785018708557,
      8.554000032745535e-07,
      0.00018768060544971377,
      1.1515662201588839e-08,
      0.00020020909141749144,
      2.0313373205738117e-10,
      0.0002428170118946582,
      -5.037308170585675e-08,
      0.00022235432697925717,
      -8.84615261043109e-08,
      5.708452590624802e-05,
      -1.0350053969432338e-07,
      -0.00012361731205601245,
      -4.849606582979504e-08
    ],
    [
      2.775160789489746,
      -2.1645976175932446e-06,
      14.336885452270508,
      0.00017670785018708557,
      38.687747955322266,
      0.0002726445090956986,
      36.46902084350586,
      -2.0948025849065743e-05,
      34.93185806274414,
      -0.00033062766306102276,
      14.98403549194336,
      -0.003921825438737869,
      4.41531229019165,
      -0.010827722027897835,
      2.651336193084717,
      -0.008458804339170456,
      2.805548667907715,
      -0.0034402392338961363
    ],
    [
      -0.0003362364077474922,
      2.5027048877745983e-08,
      0.0002313144796062261,
      8.554000032745535e-07,
      0.0002726445090956986,
      1.4404220110009192e-06,
      0.00024473166558891535,
      2.7131836333182946e-08,
      0.0002106318570440635,
      3.38747607742107e-09,
      0.00017221420421265066,
      -3.210141485965323e-08,
      0.0001819817116484046,
      -5.954401061103454e-08,
      0.00012051585508743301,
      -7.134389079510584e-08,
      3.973770799348131e-05,
      -3.296684880638168e-08
    ],
    [
      3.867938280105591,
      5.076024990557926e-06,
      15.957411766052246,
      0.00018768060544971377,
      36.46902084350586,
      0.00024473166558891535,
      78.5461196899414,
      -1.3931054127169773e-05,
      76.11005401611328,
      -0.000314353674184531,
      32.3103141784668,
      -0.008014845661818981,
      9.711623191833496,
      -0.016715824604034424,
      6.543979167938232,
      -0.01693139038980007,
      6.929177761077881,
      -0.007529930677264929
    ],
    [
      -4.794813776243245e-06,
      2.954435862623228e-10,
      -5.741695076721953e-06,
      1.1515662201588839e-08,
      -2.0948025849065743e-05,
      2.7131836333182946e-08,
      -1.3931054127169773e-05,
      2.4065101911219244e-07,
      -5.329804480425082e-05,
      1.6140833167810342e-06,
      -4.496333349379711e-05,
      3.249752580813947e-06,
      -5.155256076250225e-05,
      1.1538195394678041e-05,
      -2.34052258747397e-05,
      2.8881254365842324e-06,
      -1.419149043613288e-06,
      3.05310436488071e-07
    ],
    [
      2.3709044456481934,
      -2.3183345547295175e-05,
      16.747575759887695,
      0.00020020909141749144,
      34.93185806274414,
      0.0002106318570440635,
      76.11005401611328,
      -5.329804480425082e-05,
      88.96778106689453,
      -0.0004686276661232114,
      41.51668167114258,
      -0.00540571566671133,
      15.206242561340332,
      -0.01297846157103777,
      11.417781829833984,
      -0.011099190451204777,
      11.493744850158691,
      -0.004733454901725054
    ],
    [
      -0.0001348041696473956,
      -3.230218870164947e-10,
      -9.713212784845382e-05,
      2.0313373205738117e-10,
      -0.00033062766306102276,
      3.38747607742107e-09,
      -0.000314353674184531,
      1.6140833167810342e-06,
      -0.0004686276661232114,
      1.443586097593652e-05,
      -0.0003859189455397427,
      3.741853652172722e-05,
      -0.0004503716772887856,
      0.0001306634076172486,
      -0.00036586003261618316,
      3.756285150302574e-05,
      -5.775005411123857e-05,
      7.248856945807347e-06
    ],
    [
      0.13727577030658722,
      -6.3449751905864105e-06,
      11.04630184173584,
      0.0002428170118946582,
      14.98403549194336,
      0.00017221420421265066,
      32.3103141784668,
      -4.496333349379711e-05,
      41.51668167114258,
      -0.0003859189455397427,
      30.723962783813477,
      0.0006835052627138793,
      17.488330841064453,
      -0.002641707193106413,
      15.353748321533203,
      0.0016545989783480763,
      13.837190628051758,
      0.0012480455916374922
    ],
    [
      -8.731702109798789e-05,
      -1.0516796322690425e-08,
      -0.0014335336163640022,
      -5.037308170585675e-08,
      -0.003921825438737869,
      -3.210141485965323e-08,
      -0.008014845661818981,
      3.249752580813947e-06,
      -0.00540571566671133,
      3.741853652172722e-05,
      0.0006835052627138793,
      0.010350978933274746,
      0.0051801190711557865,
      0.013451813720166683,
      0.005265870131552219,
      0.01898791454732418,
      0.004959099926054478,
      0.00994109082967043
    ],
    [
      -1.0441697835922241,
      4.023128894914407e-06,
      6.4790496826171875,
      0.00022235432697925717,
      4.41531229019165,
      0.0001819817116484046,
      9.711623191833496,
      -5.155256076250225e-05,
      15.206242561340332,
      -0.0004503716772887856,
      17.488330841064453,
      0.0051801190711557865,
      20.58488655090332,
      0.004508691374212503,
      21.038904190063477,
      0.011390641331672668,
      18.105321884155273,
      0.0059663462452590466
    ],
    [
      -0.004910042975097895,
      -1.8036466542525886e-08,
      -0.0025683538988232613,
      -8.84615261043109e-08,
      -0.010827722027897835,
      -5.954401061103454e-08,
      -0.016715824604034424,
      1.1538195394678041e-05,
      -0.01297846157103777,
      0.0001306634076172486,
      -0.002641707193106413,
      0.013451813720166683,
      0.004508691374212503,
      0.018866974860429764,
      0.0042282394133508205,
      0.025019127875566483,
      0.005827317479997873,
      0.012856502085924149
    ],
    [
      0.46906328201293945,
      1.2952466477145208e-06,
      4.127880096435547,
      5.708452590624802e-05,
      2.651336193084717,
      0.00012051585508743301,
      6.543979167938232,
      -2.34052258747397e-05,
      11.417781829833984,
      -0.00036586003261618316,
      15.353748321533203,
      0.005265870131552219,
      21.038904190063477,
      0.0042282394133508205,
      24.681180953979492,
      0.011432130821049213,
      21.45878791809082,
      0.006014473736286163
    ],
    [
      -0.0015595719451084733,
      -2.0968823122302638e-08,
      -0.0024798575323075056,
      -1.0350053969432338e-07,
      -0.008458804339170456,
      -7.134389079510584e-08,
      -0.01693139038980007,
      2.8881254365842324e-06,
      -0.011099190451204777,
      3.756285150302574e-05,
      0.0016545989783480763,
      0.01898791454732418,
      0.011390641331672668,
      0.025019127875566483,
      0.011432130821049213,
      0.03553493320941925,
      0.009997554123401642,
      0.01836857572197914
    ],
    [
      0.29725101590156555,
      -9.208630217472091e-06,
      2.882094383239746,
      -0.00012361731205601245,
      2.805548667907715,
      3.973770799348131e-05,
      6.929177761077881,
      -1.419149043613288e-06,
      11.493744850158691,
      -5.775005411123857e-05,
      13.837190628051758,
      0.004959099926054478,
      18.105321884155273,
      0.005827317479997873,
      21.45878791809082,
      0.009997554123401642,
      21.81999969482422,
      0.005029082763940096
    ],
    [
      -0.00016932956350501627,
      -9.862795025128435e-09,
      -0.0011952418135479093,
      -4.849606582979504e-08,
      -0.0034402392338961363,
      -3.296684880638168e-08,
      -0.007529930677264929,
      3.05310436488071e-07,
      -0.004733454901725054,
      7.248856945807347e-06,
      0.0012480455916374922,
      0.00994109082967043,
      0.0059663462452590466,
      0.012856502085924149,
      0.006014473736286163,
      0.01836857572197914,
      0.005029082763940096,
      0.009628436528146267
    ]
  ],
  "damage": -13.024935722351074,
  "diff_bandwidth": 703.365966796875,
  "dissonance": 8.463049256073523,
  "drr": 13.685372352600098,
  "dynamics": 3.3175888061523438,
  "format": 1245190,
  "frames": 15581120,
  "loudness": -18.012910842895508,
  "loudness_range": 8.726550102233887,
  "loudness_range_short": 12.156085968017578,
  "lowpass_true_peak_15khz": -1.482447624206543,
  "mastering3_acoustic_entropies": [
    {
      "acoustic_entropy": 10.419485092163086,
      "acoustic_entropy_mono": 10.419485092163086,
      "band_eliminated_acoustic_entropies": [
        {
          "acoustic_entropy": 10.41200065612793,
          "acoustic_entropy_side": 10.419485092163086,
          "hz": 129.47220167065723
        },
        {
          "acoustic_entropy": 10.353923797607422,
          "acoustic_entropy_side": 10.419485092163086,
          "hz": 202.92927478742237
        },
        {
          "acoustic_entropy": 10.259073257446289,
          "acoustic_entropy_side": 10.419485092163086,
          "hz": 282.89161906338205
        },
        {
          "acoustic_entropy": 11.1773681640625,
          "acoustic_entropy_side": 10.419485092163086,
          "hz": 369.9353335868758
        },
        {
          "acoustic_entropy": 9.861512184143066,
          "acoustic_entropy_side": 10.419485092163086,
          "hz": 464.6875360973435
        },
        {
          "acoustic_entropy": 10.416029930114746,
          "acoustic_entropy_side": 10.419485092163086,
          "hz": 567.8308811364784
        },
        {
          "acoustic_entropy": 9.45734691619873,
          "acoustic_entropy_side": 10.419485092163086,
          "hz": 680.1084783214808
        },
        {
          "acoustic_entropy": 10.347755432128906,
          "acoustic_entropy_side": 10.419485092163086,
          "hz": 802.3292461747484
        },
        {
          "acoustic_entropy": 9.815659523010254,
          "acoustic_entropy_side": 10.419485092163086,
          "hz": 935.3737400823702
        },
        {
          "acoustic_entropy": 10.104348182678223,
          "acoustic_entropy_side": 10.419485092163086,
          "hz": 1080.2004963696966
        },
        {
          "acoustic_entropy": 10.606532096862793,
          "acoustic_entropy_side": 10.419485092163086,
          "hz": 1237.8529382007157
        },
        {
          "acoustic_entropy": 10.163578033447266,
          "acoustic_entropy_side": 10.419485092163086,
          "hz": 1409.4668930556702
        },
        {
          "acoustic_entropy": 10.302306175231934,
          "acoustic_entropy_side": 10.419485092163086,
          "hz": 1596.2787759475705
        },
        {
          "acoustic_entropy": 10.689570426940918,
          "acoustic_entropy_side": 10.419485092163086,
          "hz": 1799.6344973346393
        },
        {
          "acoustic_entropy": 10.087455749511719,
          "acoustic_entropy_side": 10.419485092163086,
          "hz": 2020.9991599069049
        },
        {
          "acoustic_entropy": 10.367818832397461,
          "acoustic_entropy_side": 10.419485092163086,
          "hz": 2261.9676141086993
        },
        {
          "acoustic_entropy": 10.006595611572266,
          "acoustic_entropy_side": 10.419485092163086,
          "hz": 2524.2759484456974
        },
        {
          "acoustic_entropy": 10.327434539794922,
          "acoustic_entropy_side": 10.419485092163086,
          "hz": 2809.813997359896
        },
        {
          "acoustic_entropy": 10.241392135620117,
          "acoustic_entropy_side": 10.419485092163086,
          "hz": 3120.6389567871424
        },
        {
          "acoustic_entropy": 10.232824325561523,
          "acoustic_entropy_side": 10.419485092163086,
          "hz": 3458.990205492291
        },
        {
          "acoustic_entropy": 10.426424026489258,
          "acoustic_entropy_side": 10.419485092163086,
          "hz": 3827.305438964164
        },
        {
          "acoustic_entropy": 10.492070198059082,
          "acoustic_entropy_side": 10.419485092163086,
          "hz": 4228.238232109126
        },
        {
          "acoustic_entropy": 10.481027603149414,
          "acoustic_entropy_side": 10.419485092163086,
          "hz": 4664.6771572759235
        },
        {
          "acoustic_entropy": 10.397005081176758,
          "acoustic_entropy_side": 10.419485092163086,
          "hz": 5139.766595350093
        },
        {
          "acoustic_entropy": 10.409160614013672,
          "acoustic_entropy_side": 10.419485092163086,
          "hz": 5656.929389854203
        },
        {
          "acoustic_entropy": 10.409543991088867,
          "acoustic_entropy_side": 10.419485092163086,
          "hz": 6219.891507268283
        },
        {
          "acoustic_entropy": 10.33673095703125,
          "acoustic_entropy_side": 10.419485092163086,
          "hz": 6832.70888123896
        },
        {
          "acoustic_entropy": 10.203943252563477,
          "acoustic_entropy_side": 10.419485092163086,
          "hz": 7499.796634079867
        },
        {
          "acoustic_entropy": 10.341461181640625,
          "acoustic_entropy_side": 10.419485092163086,
          "hz": 8225.96088609342
        },
        {
          "acoustic_entropy": 10.377400398254395,
          "acoustic_entropy_side": 10.419485092163086,
          "hz": 9016.43338188839
        },
        {
          "acoustic_entropy": 10.38073444366455,
          "acoustic_entropy_side": 10.419485092163086,
          "hz": 9876.909183162974
        },
        {
          "acoustic_entropy": 10.388016700744629,
          "acoustic_entropy_side": 10.419485092163086,
          "hz": 10813.587699516042
        },
        {
          "acoustic_entropy": 10.39457893371582,
          "acoustic_entropy_side": 10.419485092163086,
          "hz": 11833.21735289826
        },
        {
          "acoustic_entropy": 10.406828880310059,
          "acoustic_entropy_side": 10.419485092163086,
          "hz": 12943.144197493959
        },
        {
          "acoustic_entropy": 10.413393020629883,
          "acoustic_entropy_side": 10.419485092163086,
          "hz": 14151.364845322005
        },
        {
          "acoustic_entropy": 10.416894912719727,
          "acoustic_entropy_side": 10.419485092163086,
          "hz": 15466.58407886509
        },
        {
          "acoustic_entropy": 10.418152809143066,
          "acoustic_entropy_side": 10.419485092163086,
          "hz": 16898.27756580493
        },
        {
          "acoustic_entropy": 10.37980842590332,
          "acoustic_entropy_side": 10.419485092163086,
          "hz": 18456.760127700032
        },
        {
          "acoustic_entropy": 10.413775444030762,
          "acoustic_entropy_side": 10.419485092163086,
          "hz": 20153.260054456492
        },
        {
          "acoustic_entropy": 10.37470531463623,
          "acoustic_entropy_side": 10.419485092163086,
          "hz": 22000.00000000001
        }
      ],
      "diff_acoustic_entropy": 11.469354629516602,
      "sn": 6
    },
    {
      "acoustic_entropy": 14.342062950134277,
      "acoustic_entropy_mono": 14.342062950134277,
      "band_eliminated_acoustic_entropies": [
        {
          "acoustic_entropy": 14.114980697631836,
          "acoustic_entropy_side": 14.342062950134277,
          "hz": 129.47220167065723
        },
        {
          "acoustic_entropy": 14.088231086730957,
          "acoustic_entropy_side": 14.342062950134277,
          "hz": 202.92927478742237
        },
        {
          "acoustic_entropy": 15.380318641662598,
          "acoustic_entropy_side": 14.342062950134277,
          "hz": 282.89161906338205
        },
        {
          "acoustic_entropy": 15.377884864807129,
          "acoustic_entropy_side": 14.342062950134277,
          "hz": 369.9353335868758
        },
        {
          "acoustic_entropy": 14.223533630371094,
          "acoustic_entropy_side": 14.342062950134277,
          "hz": 464.6875360973435
        },
        {
          "acoustic_entropy": 14.235712051391602,
          "acoustic_entropy_side": 14.342062950134277,
          "hz": 567.8308811364784
        },
        {
          "acoustic_entropy": 13.760954856872559,
          "acoustic_entropy_side": 14.342062950134277,
          "hz": 680.1084783214808
        },
        {
          "acoustic_entropy": 14.669882774353027,
          "acoustic_entropy_side": 14.342062950134277,
          "hz": 802.3292461747484
        },
        {
          "acoustic_entropy": 13.728181838989258,
          "acoustic_entropy_side": 14.342062950134277,
          "hz": 935.3737400823702
        },
        {
          "acoustic_entropy": 13.567770957946777,
          "acoustic_entropy_side": 14.342062950134277,
          "hz": 1080.2004963696966
        },
        {
          "acoustic_entropy": 13.900298118591309,
          "acoustic_entropy_side": 14.342062950134277,
          "hz": 1237.8529382007157
        },
        {
          "acoustic_entropy": 14.341626167297363,
          "acoustic_entropy_side": 14.342062950134277,
          "hz": 1409.4668930556702
        },
        {
          "acoustic_entropy": 14.595865249633789,
          "acoustic_entropy_side": 14.342062950134277,
          "hz": 1596.2787759475705
        },
        {
          "acoustic_entropy": 13.983742713928223,
          "acoustic_entropy_side": 14.342062950134277,
          "hz": 1799.6344973346393
        },
        {
          "acoustic_entropy": 14.361157417297363,
          "acoustic_entropy_side": 14.342062950134277,
          "hz": 2020.9991599069049
        },
        {
          "acoustic_entropy": 13.818114280700684,
          "acoustic_entropy_side": 14.342062950134277,
          "hz": 2261.9676141086993
        },
        {
          "acoustic_entropy": 14.23827075958252,
          "acoustic_entropy_side": 14.342062950134277,
          "hz": 2524.2759484456974
        },
        {
          "acoustic_entropy": 14.422971725463867,
          "acoustic_entropy_side": 14.342062950134277,
          "hz": 2809.813997359896
        },
        {
          "acoustic_entropy": 14.082147598266602,
          "acoustic_entropy_side": 14.342062950134277,
          "hz": 3120.6389567871424
        },
        {
          "acoustic_entropy": 13.964411735534668,
          "acoustic_entropy_side": 14.342062950134277,
          "hz": 3458.990205492291
        },
        {
          "acoustic_entropy": 13.996016502380371,
          "acoustic_entropy_side": 14.342062950134277,
          "hz": 3827.305438964164
        },
        {
          "acoustic_entropy": 14.399286270141602,
          "acoustic_entropy_side": 14.342062950134277,
          "hz": 4228.238232109126
        },
        {
          "acoustic_entropy": 14.337602615356445,
          "acoustic_entropy_side": 14.342062950134277,
          "hz": 4664.6771572759235
        },
        {
          "acoustic_entropy": 14.41765022277832,
          "acoustic_entropy_side": 14.342062950134277,
          "hz": 5139.766595350093
        },
        {
          "acoustic_entropy": 14.116996765136719,
          "acoustic_entropy_side": 14.342062950134277,
          "hz": 5656.929389854203
        },
        {
          "acoustic_entropy": 14.268660545349121,
          "acoustic_entropy_side": 14.342062950134277,
          "hz": 6219.891507268283
        },
        {
          "acoustic_entropy": 14.139524459838867,
          "acoustic_entropy_side": 14.342062950134277,
          "hz": 6832.70888123896
        },
        {
          "acoustic_entropy": 14.164220809936523,
          "acoustic_entropy_side": 14.342062950134277,
          "hz": 7499.796634079867
        },
        {
          "acoustic_entropy": 14.32811450958252,
          "acoustic_entropy_side": 14.342062950134277,
          "hz": 8225.96088609342
        },
        {
          "acoustic_entropy": 14.06609058380127,
          "acoustic_entropy_side": 14.342062950134277,
          "hz": 9016.43338188839
        },
        {
          "acoustic_entropy": 14.281004905700684,
          "acoustic_entropy_side": 14.342062950134277,
          "hz": 9876.909183162974
        },
        {
          "acoustic_entropy": 14.27840518951416,
          "acoustic_entropy_side": 14.342062950134277,
          "hz": 10813.587699516042
        },
        {
          "acoustic_entropy": 14.303120613098145,
          "acoustic_entropy_side": 14.342062950134277,
          "hz": 11833.21735289826
        },
        {
          "acoustic_entropy": 14.356644630432129,
          "acoustic_entropy_side": 14.342062950134277,
          "hz": 12943.144197493959
        },
        {
          "acoustic_entropy": 14.33814525604248,
          "acoustic_entropy_side": 14.342062950134277,
          "hz": 14151.364845322005
        },
        {
          "acoustic_entropy": 14.151360511779785,
          "acoustic_entropy_side": 14.342062950134277,
          "hz": 15466.58407886509
        },
        {
          "acoustic_entropy": 14.41325855255127,
          "acoustic_entropy_side": 14.342062950134277,
          "hz": 16898.27756580493
        },
        {
          "acoustic_entropy": 14.516861915588379,
          "acoustic_entropy_side": 14.342062950134277,
          "hz": 18456.760127700032
        },
        {
          "acoustic_entropy": 14.39657974243164,
          "acoustic_entropy_side": 14.342062950134277,
          "hz": 20153.260054456492
        },
        {
          "acoustic_entropy": 14.515483856201172,
          "acoustic_entropy_side": 14.342062950134277,
          "hz": 22000.00000000001
        }
      ],
      "diff_acoustic_entropy": 15.216772079467773,
      "sn": 12
    },
    {
      "acoustic_entropy": 17.964841842651367,
      "acoustic_entropy_mono": 17.9648380279541,
      "band_eliminated_acoustic_entropies": [
        {
          "acoustic_entropy": 17.50763511657715,
          "acoustic_entropy_side": 17.964841842651367,
          "hz": 129.47220167065723
        },
        {
          "acoustic_entropy": 18.229345321655273,
          "acoustic_entropy_side": 17.964841842651367,
          "hz": 202.92927478742237
        },
        {
          "acoustic_entropy": 18.2319393157959,
          "acoustic_entropy_side": 17.964841842651367,
          "hz": 282.89161906338205
        },
        {
          "acoustic_entropy": 18.40465545654297,
          "acoustic_entropy_side": 17.964841842651367,
          "hz": 369.9353335868758
        },
        {
          "acoustic_entropy": 18.757694244384766,
          "acoustic_entropy_side": 17.964841842651367,
          "hz": 464.6875360973435
        },
        {
          "acoustic_entropy": 17.9215145111084,
          "acoustic_entropy_side": 17.964841842651367,
          "hz": 567.8308811364784
        },
        {
