{
  "acoustic_entropy": 196.26644897460938,
  "bands": [
    {
      "high_freq": 148.1999969482422,
      "loudness": -46.44257354736328,
      "loudness_range": 30.90069580078125,
      "mid_mean": -43.61630630493164,
      "mid_to_side_loudness": -7.344155788421631,
      "mid_to_side_loudness_range": 8.043107986450195,
      "side_mean": -52.25156784057617
    },
    {
      "high_freq": 392.3793640136719,
      "loudness": -32.77207565307617,
      "loudness_range": 21.82975959777832,
      "low_freq": 148.1999969482422,
      "mid_mean": -30.369731903076172,
      "mid_to_side_loudness": -5.525141716003418,
      "mid_to_side_loudness_range": 7.433274269104004,
      "side_mean": -36.02223587036133
    },
    {
      "high_freq": 794.6976318359375,
      "loudness": -31.42363166809082,
      "loudness_range": 16.779176712036133,
      "low_freq": 392.3793640136719,
      "mid_mean": -29.06852149963379,
      "mid_to_side_loudness": -4.78564453125,
      "mid_to_side_loudness_range": 5.833035469055176,
      "side_mean": -33.837669372558594
    },
    {
      "high_freq": 1457.5709228515625,
      "loudness": -35.09136962890625,
      "loudness_range": 15.394296646118164,
      "low_freq": 794.6976318359375,
      "mid_mean": -33.445613861083984,
      "mid_to_side_loudness": -2.8037221431732178,
      "mid_to_side_loudness_range": 7.003537178039551,
      "side_mean": -36.23796844482422
    },
    {
      "high_freq": 2549.74365234375,
      "loudness": -34.4754753112793,
      "loudness_range": 17.549697875976562,
      "low_freq": 1457.5709228515625,
      "mid_mean": -34.39738082885742,
      "mid_to_side_loudness": 0.6990883946418762,
      "mid_to_side_loudness_range": 5.49626350402832,
      "side_mean": -33.37057876586914
    },
    {
      "high_freq": 4349.24462890625,
      "loudness": -39.77976608276367,
      "loudness_range": 18.04996681213379,
      "low_freq": 2549.74365234375,
      "mid_mean": -39.251678466796875,
      "mid_to_side_loudness": -0.010414859279990196,
      "mid_to_side_loudness_range": 4.283932209014893,
      "side_mean": -39.28597640991211
    },
    {
      "high_freq": 7314.1640625,
      "loudness": -49.1070556640625,
      "loudness_range": 24.301937103271484,
      "low_freq": 4349.24462890625,
      "mid_mean": -48.089500427246094,
      "mid_to_side_loudness": -2.8520195484161377,
      "mid_to_side_loudness_range": 4.9730963706970215,
      "side_mean": -51.536476135253906
    },
    {
      "high_freq": 12199.2666015625,
      "loudness": -59.366153717041016,
      "loudness_range": 19.31084442138672,
      "low_freq": 7314.1640625,
      "mid_mean": -57.588905334472656,
      "mid_to_side_loudness": -1.270450472831726,
      "mid_to_side_loudness_range": 2.00181245803833,
      "side_mean": -58.75553894042969
    },
    {
      "loudness": -63.53590774536133,
      "loudness_range": 9.056617736816406,
      "low_freq": 12199.2666015625,
      "mid_mean": -61.63854217529297,
      "mid_to_side_loudness": -0.8123915195465088,
      "mid_to_side_loudness_range": 1.1207458972930908,
      "side_mean": -62.33277893066406
    }
  ],
  "bands_short": [
    {
      "high_freq": 148.1999969482422,
      "loudness": -50.1450080871582,
      "loudness_range": 30.498239517211914,
      "mid_mean": -47.359649658203125,
      "mid_to_side_loudness": -9.109439849853516,
      "mid_to_side_loudness_range": 13.283228874206543,
      "side_mean": -56.85045623779297
    },
    {
      "high_freq": 392.3793640136719,
      "loudness": -34.1444091796875,
      "loudness_range": 25.546051025390625,
      "low_freq": 148.1999969482422,
      "mid_mean": -32.172080993652344,
      "mid_to_side_loudness": -5.264293193817139,
      "mid_to_side_loudness_range": 12.236733436584473,
      "side_mean": -37.51746368408203
    },
    {
      "high_freq": 794.6976318359375,
      "loudness": -31.947946548461914,
      "loudness_range": 18.672536849975586,
      "low_freq": 392.3793640136719,
      "mid_mean": -29.961145401000977,
      "mid_to_side_loudness": -4.465652942657471,
      "mid_to_side_loudness_range": 10.961467742919922,
      "side_mean": -34.34601974487305
    },
    {
      "high_freq": 1457.5709228515625,
      "loudness": -35.36065673828125,
      "loudness_range": 16.67334747314453,
      "low_freq": 794.6976318359375,
      "mid_mean": -33.91041564941406,
      "mid_to_side_loudness": -2.885364055633545,
      "mid_to_side_loudness_range": 10.741570472717285,
      "side_mean": -36.748722076416016
    },
    {
      "high_freq": 2549.74365234375,
      "loudness": -34.99736022949219,
      "loudness_range": 17.866792678833008,
      "low_freq": 1457.5709228515625,
      "mid_mean": -34.883792877197266,
      "mid_to_side_loudness": 0.38992419838905334,
      "mid_to_side_loudness_range": 8.560845375061035,
      "side_mean": -34.20186233520508
    },
    {
      "high_freq": 4349.24462890625,
      "loudness": -40.31159210205078,
      "loudness_range": 18.796127319335938,
      "low_freq": 2549.74365234375,
      "mid_mean": -39.76764678955078,
      "mid_to_side_loudness": -0.2710511088371277,
      "mid_to_side_loudness_range": 7.360756874084473,
      "side_mean": -39.98844528198242
    },
    {
      "high_freq": 7314.1640625,
      "loudness": -49.94681930541992,
      "loudness_range": 23.825164794921875,
      "low_freq": 4349.24462890625,
      "mid_mean": -49.793006896972656,
      "mid_to_side_loudness": -2.233916759490967,
      "mid_to_side_loudness_range": 6.503289222717285,
      "side_mean": -52.01887893676758
    },
    {
      "high_freq": 12199.2666015625,
      "loudness": -59.8433723449707,
      "loudness_range": 18.58780288696289,
      "low_freq": 7314.1640625,
      "mid_mean": -58.05520248413086,
      "mid_to_side_loudness": -1.1523689031600952,
      "mid_to_side_loudness_range": 3.1643924713134766,
      "side_mean": -59.1020393371582
    },
    {
      "loudness": -63.6568489074707,
      "loudness_range": 9.285041809082031,
      "low_freq": 12199.2666015625,
      "mid_mean": -61.75545883178711,
      "mid_to_side_loudness": -0.7621294856071472,
      "mid_to_side_loudness_range": 1.8412292003631592,
      "side_mean": -62.40461730957031
    }
  ],
  "bandwidth": 619.7423706054688,
  "channels": 2,
  "covariance": [
    [
      124.46039581298828,
      124.21031188964844,
      63.52006149291992,
      58.042152404785156,
      35.85760498046875,
      35.501365661621094,
      28.206899642944336,
      35.063472747802734,
      25.462060928344727,
      21.099735260009766,
      19.08598518371582,
      19.975927352905273,
      17.81375503540039,
      20.693756103515625,
      13.906655311584473,
      17.329669952392578,
      10.854453086853027,
      10.825149536132812
    ],
    [
      124.21031188964844,
      146.29495239257812,
      70.2847671508789,
      65.14549255371094,
      41.22597885131836,
      41.277671813964844,
      32.46775436401367,
      38.89390182495117,
      29.14763069152832,
      22.596696853637695,
      23.246614456176758,
      22.761547088623047,
      30.098955154418945,
      41.83868408203125,
      24.74291229248047,
      28.128427505493164,
      16.547786712646484,
      16.079151153564453
    ],
    [
      63.52006149291992,
      70.2847671508789,
      66.06381225585938,
      55.30630111694336,
      29.57380485534668,
      31.82362937927246,
      24.79815673828125,
      26.540231704711914,
      18.924226760864258,
      17.098665237426758,
      16.613786697387695,
      12.65373420715332,
      12.073474884033203,
      12.092042922973633,
      11.777275085449219,
      11.03563117980957,
      8.068273544311523,
      6.392829418182373
    ],
    [
      58.042152404785156,
      65.14549255371094,
      55.30630111694336,
      58.65011978149414,
      29.346221923828125,
      30.767200469970703,
      24.097402572631836,
      28.977657318115234,
      21.214054107666016,
      17.516624450683594,
      15.607946395874023,
      16.121959686279297,
      10.994481086730957,
      15.260605812072754,
      8.614421844482422,
      11.643224716186523,
      6.15522575378418,
      6.793616771697998
    ],
    [
      35.85760498046875,
      41.22597885131836,
      29.57380485534668,
      29.346221923828125,
      34.38113784790039,
      30.931142807006836,
      22.331823348999023,
      24.845117568969727,
      20.524715423583984,
      18.147974014282227,
      18.629230499267578,
      17.906410217285156,
      16.87582015991211,
      17.85730743408203,
      11.543232917785645,
      13.338786125183105,
      6.336397171020508,
      6.052279472351074
    ],
    [
      35.501365661621094,
      41.277671813964844,
      31.82362937927246,
      30.767200469970703,
      30.931142807006836,
      33.260562896728516,
      23.53457260131836,
      26.416227340698242,
      20.596708297729492,
      18.76920509338379,
      19.073413848876953,
      18.983627319335938,
      18.4746036529541,
      18.24966049194336,
      13.565576553344727,
      13.795519828796387,
      7.200985908508301,
      6.384883403778076
    ],
    [
      28.206899642944336,
      32.46775436401367,
      24.79815673828125,
      24.097402572631836,
      22.331823348999023,
      23.53457260131836,
      30.18701171875,
      28.240842819213867,
      24.112548828125,
      24.6453914642334,
      24.297813415527344,
      24.5021915435791,
      28.49417495727539,
      25.13532066345215,
      20.53815269470215,
      19.04971694946289,
      10.27857494354248,
      8.4904203414917
    ],
    [
      35.063472747802734,
      38.89390182495117,
      26.540231704711914,
      28.977657318115234,
      24.845117568969727,
      26.416227340698242,
      28.240842819213867,
      36.65887451171875,
      27.339754104614258,
      27.633834838867188,
      25.66390037536621,
      27.129955291748047,
      29.24001693725586,
      28.44127082824707,
      19.781137466430664,
      20.552391052246094,
      9.85106086730957,
      9.226608276367188
    ],
    [
      25.462060928344727,
      29.14763069152832,
      18.924226760864258,
      21.214054107666016,
      20.524715423583984,
      20.596708297729492,
      24.112548828125,
      27.339754104614258,
      31.956787109375,
      30.991657257080078,
      29.310644149780273,
      29.490894317626953,
      35.170204162597656,
      34.6972770690918,
      23.264785766601562,
      24.754302978515625,
      11.39923095703125,
      10.772629737854004
    ],
    [
      21.099735260009766,
      22.596696853637695,
      17.098665237426758,
      17.516624450683594,
      18.147974014282227,
      18.76920509338379,
      24.6453914642334,
      27.633834838867188,
      30.991657257080078,
      34.60484313964844,
      30.19966697692871,
      30.13848304748535,
      38.610904693603516,
      35.03273010253906,
      26.027080535888672,
      25.206451416015625,
      12.003097534179688,
      10.44771671295166
    ],
    [
      19.08598518371582,
      23.246614456176758,
      16.613786697387695,
      15.607946395874023,
      18.629230499267578,
      19.073413848876953,
      24.297813415527344,
      25.66390037536621,
      29.310644149780273,
      30.19966697692871,
      34.08549880981445,
      31.639415740966797,
      39.35554885864258,
      36.39389419555664,
      27.687320709228516,
      26.99565315246582,
      13.24612045288086,
      11.40884017944336
    ],
    [
      19.975927352905273,
      22.761547088623047,
      12.65373420715332,
      16.121959686279297,
      17.906410217285156,
      18.983627319335938,
      24.5021915435791,
      27.129955291748047,
      29.490894317626953,
      30.13848304748535,
      31.639415740966797,
      37.829795837402344,
      39.09050750732422,
      37.933448791503906,
      25.64056396484375,
      26.673646926879883,
      11.727858543395996,
      11.267719268798828
    ],
    [
      17.81375503540039,
      30.098955154418945,
      12.073474884033203,
      10.994481086730957,
      16.87582015991211,
      18.4746036529541,
      28.49417495727539,
      29.24001693725586,
      35.170204162597656,
      38.610904693603516,
      39.35554885864258,
      39.09050750732422,
      69.8616714477539,
      60.475154876708984,
      42.58863067626953,
      40.478370666503906,
      19.586854934692383,
      16.814117431640625
    ],
    [
      20.693756103515625,
      41.83868408203125,
      12.092042922973633,
      15.260605812072754,
      17.85730743408203,
      18.24966049194336,
      25.13532066345215,
      28.44127082824707,
      34.6972770690918,
      35.03273010253906,
      36.39389419555664,
      37.933448791503906,
      60.475154876708984,
      65.57241821289062,
      41.10160446166992,
      41.89566421508789,
      19.5272216796875,
      18.318126678466797
    ],
    [
      13.906655311584473,
      24.74291229248047,
      11.777275085449219,
      8.614421844482422,
      11.543232917785645,
      13.565576553344727,
      20.53815269470215,
      19.781137466430664,
      23.264785766601562,
      26.027080535888672,
      27.687320709228516,
      25.64056396484375,
      42.58863067626953,
      41.10160446166992,
      35.336421966552734,
      30.86724281311035,
      17.00699234008789,
      13.74670124053955
    ],
    [
      17.329669952392578,
      28.128427505493164,
      11.03563117980957,
      11.643224716186523,
      13.338786125183105,
      13.795519828796387,
      19.04971694946289,
      20.552391052246094,
      24.754302978515625,
      25.206451416015625,
      26.99565315246582,
      26.673646926879883,
      40.478370666503906,
      41.89566421508789,
      30.86724281311035,
      30.270753860473633,
      15.250444412231445,
      13.660794258117676
    ],
    [
      10.854453086853027,
      16.547786712646484,
      8.068273544311523,
      6.15522575378418,
      6.336397171020508,
      7.200985908508301,
      10.27857494354248,
      9.85106086730957,
      11.39923095703125,
      12.003097534179688,
      13.24612045288086,
      11.727858543395996,
      19.586854934692383,
      19.5272216796875,
      17.00699234008789,
      15.250444412231445,
      9.337671279907227,
      7.680274486541748
    ],
    [
      10.825149536132812,
      16.079151153564453,
      6.392829418182373,
      6.793616771697998,
      6.052279472351074,
      6.384883403778076,
      8.4904203414917,
      9.226608276367188,
      10.772629737854004,
      10.44771671295166,
      11.40884017944336,
      11.267719268798828,
      16.814117431640625,
      18.318126678466797,
      13.74670124053955,
      13.660794258117676,
      7.680274486541748,
      7.026241302490234
    ]
  ],
  "covariance_short": [
    [
      110.26685333251953,
      93.19556427001953,
      64.3229751586914,
      56.52174377441406,
      37.2730598449707,
      37.491886138916016,
      30.377201080322266,
      35.75009536743164,
      26.053478240966797,
      23.47112274169922,
      22.691486358642578,
      24.132579803466797,
      27.329708099365234,
      27.53822135925293,
      16.17017364501953,
      18.50836181640625,
      11.136345863342285,
      10.665934562683105
    ],
    [
      93.19556427001953,
      98.56999969482422,
      59.73956298828125,
      54.314449310302734,
      36.34450912475586,
      35.98391342163086,
      29.670015335083008,
      34.041873931884766,
      26.333576202392578,
      22.769569396972656,
      23.125638961791992,
      24.22262191772461,
      37.395484924316406,
      36.96117401123047,
      21.744544982910156,
      23.540050506591797,
      13.502238273620605,
      12.743956565856934
    ],
    [
      64.3229751586914,
      59.73956298828125,
      88.82571411132812,
      69.45568084716797,
      35.96030044555664,
      36.29435729980469,
      27.567602157592773,
      29.23063087463379,
      20.094310760498047,
      18.83942985534668,
      17.655065536499023,
      15.617469787597656,
      15.897601127624512,
      14.075831413269043,
      13.11931324005127,
      12.524325370788574,
      8.904953002929688,
      7.010623931884766
    ],
    [
      56.52174377441406,
      54.314449310302734,
      69.45568084716797,
      76.9375228881836,
      32.469146728515625,
      33.28098678588867,
      26.04958152770996,
      29.226768493652344,
      21.4168643951416,
      18.1322078704834,
      15.78662395477295,
      15.929132461547852,
      13.075871467590332,
      15.228543281555176,
      9.73176383972168,
      12.108154296875,
      6.881187915802002,
      6.910990238189697
    ],
    [
      37.2730598449707,
      36.34450912475586,
      35.96030044555664,
      32.469146728515625,
      48.496517181396484,
      36.966156005859375,
      26.971458435058594,
      27.036758422851562,
      20.5968017578125,
      20.892004013061523,
      21.1549129486084,
      21.369855880737305,
      20.088802337646484,
      19.115234375,
      12.924758911132812,
      13.8845853805542,
      7.179241180419922,
      6.524034023284912
    ],
    [
      37.491886138916016,
      35.98391342163086,
      36.29435729980469,
      33.28098678588867,
      36.966156005859375,
      41.801963806152344,
      24.83277130126953,
      26.726274490356445,
      18.916250228881836,
      18.648714065551758,
      18.706218719482422,
      19.112777709960938,
      17.100109100341797,
      16.478879928588867,
      12.059770584106445,
      12.32895565032959,
      6.666405200958252,
      5.937328815460205
    ],
    [
      30.377201080322266,
      29.670015335083008,
      27.567602157592773,
      26.04958152770996,
      26.971458435058594,
      24.83277130126953,
      35.59398651123047,
      28.72060203552246,
      24.20427703857422,
      25.50642967224121,
      25.12894630432129,
      26.707523345947266,
      28.744836807250977,
      25.58983612060547,
      19.80046272277832,
      18.915298461914062,
      9.712828636169434,
      8.24979019165039
    ],
    [
      35.75009536743164,
      34.041873931884766,
      29.23063087463379,
      29.226768493652344,
      27.036758422851562,
      26.726274490356445,
      28.72060203552246,
      40.64976119995117,
      26.11749839782715,
      27.10651206970215,
      25.551288604736328,
      26.925947189331055,
      28.096324920654297,
      27.125099182128906,
      19.38721466064453,
      19.914047241210938,
      9.443954467773438,
      8.724056243896484
    ],
    [
      26.053478240966797,
      26.333576202392578,
      20.094310760498047,
      21.4168643951416,
      20.5968017578125,
      18.916250228881836,
      24.20427703857422,
      26.11749839782715,
      34.215576171875,
      32.02930450439453,
      29.020254135131836,
      30.503305435180664,
      35.76253128051758,
      34.333656311035156,
      23.616134643554688,
      24.322235107421875,
      11.121798515319824,
      10.290773391723633
    ],
    [
      23.47112274169922,
      22.769569396972656,
      18.83942985534668,
      18.1322078704834,
      20.892004013061523,
      18.648714065551758,
      25.50642967224121,
      27.10651206970215,
      32.02930450439453,
      39.94286346435547,
      31.191917419433594,
      33.344215393066406,
      41.50645065307617,
      36.78474426269531,
      26.923686981201172,
      26.127666473388672,
      12.035528182983398,
      10.458078384399414
    ],
    [
      22.691486358642578,
      23.125638961791992,
      17.655065536499023,
      15.78662395477295,
      21.1549129486084,
      18.706218719482422,
      25.12894630432129,
      25.551288604736328,
      29.020254135131836,
      31.191917419433594,
      38.43784713745117,
      35.492427825927734,
      41.37067413330078,
      37.657649993896484,
      28.66632080078125,
      27.726160049438477,
      13.251215934753418,
      11.442000389099121
    ],
    [
      24.132579803466797,
      24.22262191772461,
      15.617469787597656,
      15.929132461547852,
      21.369855880737305,
      19.112777709960938,
      26.707523345947266,
      26.925947189331055,
      30.503305435180664,
      33.344215393066406,
      35.492427825927734,
      43.31037521362305,
      42.51707458496094,
      39.538169860839844,
      27.870954513549805,
      28.15692138671875,
      12.452621459960938,
      11.522117614746094
    ],
    [
      27.329708099365234,
      37.395484924316406,
      15.897601127624512,
      13.075871467590332,
      20.088802337646484,
      17.100109100341797,
      28.744836807250977,
      28.096324920654297,
      35.76253128051758,
      41.50645065307617,
      41.37067413330078,
      42.51707458496094,
      85.00077819824219,
      72.1312255859375,
      49.25069046020508,
      46.242679595947266,
      22.634000778198242,
      19.412431716918945
    ],
    [
      27.53822135925293,
      36.96117401123047,
      14.075831413269043,
      15.228543281555176,
      19.115234375,
      16.478879928588867,
      25.58983612060547,
      27.125099182128906,
      34.333656311035156,
      36.78474426269531,
      37.657649993896484,
      39.538169860839844,
      72.1312255859375,
      67.77318572998047,
      42.365848541259766,
      42.133811950683594,
      19.445009231567383,
      17.92471694946289
    ],
    [
      16.17017364501953,
      21.744544982910156,
      13.11931324005127,
      9.73176383972168,
      12.924758911132812,
      12.059770584106445,
      19.80046272277832,
      19.38721466064453,
      23.616134643554688,
      26.923686981201172,
      28.66632080078125,
      27.870954513549805,
      49.25069046020508,
      42.365848541259766,
      36.0531005859375,
      31.625978469848633,
      16.739593505859375,
      13.675372123718262
    ],
    [
      18.50836181640625,
      23.540050506591797,
      12.524325370788574,
      12.108154296875,
      13.8845853805542,
      12.32895565032959,
      18.915298461914062,
      19.914047241210938,
      24.322235107421875,
      26.127666473388672,
      27.726160049438477,
      28.15692138671875,
      46.242679595947266,
      42.133811950683594,
      31.625978469848633,
      30.923486709594727,
      15.050211906433105,
      13.382400512695312
    ],
    [
      11.136345863342285,
      13.502238273620605,
      8.904953002929688,
      6.881187915802002,
      7.179241180419922,
      6.666405200958252,
      9.712828636169434,
      9.443954467773438,
      11.121798515319824,
      12.035528182983398,
      13.251215934753418,
      12.452621459960938,
      22.634000778198242,
      19.445009231567383,
      16.739593505859375,
      15.050211906433105,
      9.330168724060059,
      7.625025749206543
    ],
    [
      10.665934562683105,
      12.743956565856934,
      7.010623931884766,
      6.910990238189697,
      6.524034023284912,
      5.937328815460205,
      8.24979019165039,
      8.724056243896484,
      10.290773391723633,
      10.458078384399414,
      11.442000389099121,
      11.522117614746094,
      19.412431716918945,
      17.92471694946289,
      13.675372123718262,
      13.382400512695312,
      7.625025749206543,
      7.034679412841797
    ]
  ],
  "damage": -13.288543701171875,
  "diff_bandwidth": 655.0504150390625,
  "dissonance": 6.663896796723796,
  "drr": 2.0639541149139404,
  "dynamics": 4.958740711212158,
  "format": 1245190,
  "frames": 2728896,
  "loudness": -22.06968116760254,
  "loudness_range": 15.228876113891602,
  "loudness_range_short": 16.373708724975586,
  "lowpass_true_peak_15khz": 0.07583588361740112,
  "mastering3_acoustic_entropies": [
    {
      "acoustic_entropy": 5.667753219604492,
      "acoustic_entropy_mono": 5.636202335357666,
      "band_eliminated_acoustic_entropies": [
        {
          "acoustic_entropy": 5.726871967315674,
          "acoustic_entropy_side": 5.672432899475098,
          "hz": 129.47220167065723
        },
        {
          "acoustic_entropy": 5.6396026611328125,
          "acoustic_entropy_side": 5.772866249084473,
          "hz": 202.92927478742237
        },
        {
          "acoustic_entropy": 5.754385948181152,
          "acoustic_entropy_side": 5.75159215927124,
          "hz": 282.89161906338205
        },
        {
          "acoustic_entropy": 5.446332931518555,
          "acoustic_entropy_side": 5.82039213180542,
          "hz": 369.9353335868758
        },
        {
          "acoustic_entropy": 5.706457138061523,
          "acoustic_entropy_side": 5.716408729553223,
          "hz": 464.6875360973435
        },
        {
          "acoustic_entropy": 6.130287170410156,
          "acoustic_entropy_side": 6.058034420013428,
          "hz": 567.8308811364784
        },
        {
          "acoustic_entropy": 5.185415744781494,
          "acoustic_entropy_side": 5.686418533325195,
          "hz": 680.1084783214808
        },
        {
          "acoustic_entropy": 5.978529930114746,
          "acoustic_entropy_side": 5.666721820831299,
          "hz": 802.3292461747484
        },
        {
          "acoustic_entropy": 5.6521406173706055,
          "acoustic_entropy_side": 5.460547924041748,
          "hz": 935.3737400823702
        },
        {
          "acoustic_entropy": 5.693587779998779,
          "acoustic_entropy_side": 5.780292510986328,
          "hz": 1080.2004963696966
        },
        {
          "acoustic_entropy": 5.705377578735352,
          "acoustic_entropy_side": 5.613022804260254,
          "hz": 1237.8529382007157
        },
        {
          "acoustic_entropy": 6.022100448608398,
          "acoustic_entropy_side": 5.914743423461914,
          "hz": 1409.4668930556702
        },
        {
          "acoustic_entropy": 5.516269683837891,
          "acoustic_entropy_side": 5.5614914894104,
          "hz": 1596.2787759475705
        },
        {
          "acoustic_entropy": 6.068863868713379,
          "acoustic_entropy_side": 5.995064735412598,
          "hz": 1799.6344973346393
        },
        {
          "acoustic_entropy": 5.973964691162109,
          "acoustic_entropy_side": 6.001635551452637,
          "hz": 2020.9991599069049
        },
        {
          "acoustic_entropy": 5.651620388031006,
          "acoustic_entropy_side": 5.709229946136475,
          "hz": 2261.9676141086993
        },
        {
          "acoustic_entropy": 5.805795669555664,
          "acoustic_entropy_side": 5.934878349304199,
          "hz": 2524.2759484456974
        },
        {
          "acoustic_entropy": 5.796868801116943,
          "acoustic_entropy_side": 5.773580074310303,
          "hz": 2809.813997359896
        },
        {
          "acoustic_entropy": 5.614198207855225,
          "acoustic_entropy_side": 5.618291854858398,
          "hz": 3120.6389567871424
        },
        {
          "acoustic_entropy": 5.523229598999023,
          "acoustic_entropy_side": 5.528421878814697,
          "hz": 3458.990205492291
        },
        {
          "acoustic_entropy": 5.604950428009033,
          "acoustic_entropy_side": 5.621740818023682,
          "hz": 3827.305438964164
        },
        {
          "acoustic_entropy": 5.750980377197266,
          "acoustic_entropy_side": 5.7027268409729,
          "hz": 4228.238232109126
        },
        {
          "acoustic_entropy": 5.707448959350586,
          "acoustic_entropy_side": 5.701415538787842,
          "hz": 4664.6771572759235
        },
        {
          "acoustic_entropy": 5.693885803222656,
          "acoustic_entropy_side": 5.673550605773926,
          "hz": 5139.766595350093
        },
        {
          "acoustic_entropy": 5.721685886383057,
          "acoustic_entropy_side": 5.697843551635742,
          "hz": 5656.929389854203
        },
        {
          "acoustic_entropy": 5.648253440856934,
          "acoustic_entropy_side": 5.655364990234375,
          "hz": 6219.891507268283
        },
        {
          "acoustic_entropy": 5.637913227081299,
          "acoustic_entropy_side": 5.651185989379883,
          "hz": 6832.70888123896
        },
        {
          "acoustic_entropy": 5.685811996459961,
          "acoustic_entropy_side": 5.67976713180542,
          "hz": 7499.796634079867
        },
        {
          "acoustic_entropy": 5.678512096405029,
          "acoustic_entropy_side": 5.673229217529297,
          "hz": 8225.96088609342
        },
        {
          "acoustic_entropy": 5.672416687011719,
          "acoustic_entropy_side": 5.669829368591309,
          "hz": 9016.43338188839
        },
        {
          "acoustic_entropy": 5.676924228668213,
          "acoustic_entropy_side": 5.67106819152832,
          "hz": 9876.909183162974
        },
        {
          "acoustic_entropy": 5.672764778137207,
          "acoustic_entropy_side": 5.669503688812256,
          "hz": 10813.587699516042
        },
        {
          "acoustic_entropy": 5.671884536743164,
          "acoustic_entropy_side": 5.669586181640625,
          "hz": 11833.21735289826
        },
        {
          "acoustic_entropy": 5.669646739959717,
          "acoustic_entropy_side": 5.668511390686035,
          "hz": 12943.144197493959
        },
        {
          "acoustic_entropy": 5.668579578399658,
          "acoustic_entropy_side": 5.667980194091797,
          "hz": 14151.364845322005
        },
        {
          "acoustic_entropy": 5.667994976043701,
          "acoustic_entropy_side": 5.6678290367126465,
          "hz": 15466.58407886509
        },
        {
          "acoustic_entropy": 5.667898178100586,
          "acoustic_entropy_side": 5.667802333831787,
          "hz": 16898.27756580493
        },
        {
          "acoustic_entropy": 5.667783260345459,
          "acoustic_entropy_side": 5.667758464813232,
          "hz": 18456.760127700032
        },
        {
          "acoustic_entropy": 5.667760848999023,
          "acoustic_entropy_side": 5.667757034301758,
          "hz": 20153.260054456492
        },
        {
          "acoustic_entropy": 5.667754173278809,
          "acoustic_entropy_side": 5.667753219604492,
          "hz": 22000.00000000001
        }
      ],
      "diff_acoustic_entropy": 4.183552265167236,
      "sn": 6
    },
    {
      "acoustic_entropy": 9.734980583190918,
      "acoustic_entropy_mono": 9.482222557067871,
      "band_eliminated_acoustic_entropies": [
        {
          "acoustic_entropy": 9.757675170898438,
          "acoustic_entropy_side": 9.72511100769043,
          "hz": 129.47220167065723
        },
        {
          "acoustic_entropy": 10.013151168823242,
          "acoustic_entropy_side": 9.354894638061523,
          "hz": 202.92927478742237
        },
        {
          "acoustic_entropy": 9.976924896240234,
          "acoustic_entropy_side": 9.73460578918457,
          "hz": 282.89161906338205
        },
        {
          "acoustic_entropy": 9.529325485229492,
          "acoustic_entropy_side": 10.184296607971191,
          "hz": 369.9353335868758
        },
        {
          "acoustic_entropy": 9.965200424194336,
          "acoustic_entropy_side": 9.811352729797363,
          "hz": 464.6875360973435
        },
        {
          "acoustic_entropy": 9.830788612365723,
          "acoustic_entropy_side": 10.420997619628906,
          "hz": 567.8308811364784
        },
        {
          "acoustic_entropy": 9.335349082946777,
          "acoustic_entropy_side": 9.287525177001953,
          "hz": 680.1084783214808
        },
        {
          "acoustic_entropy": 9.972184181213379,
          "acoustic_entropy_side": 9.78076457977295,
          "hz": 802.3292461747484
        },
        {
          "acoustic_entropy": 10.003042221069336,
          "acoustic_entropy_side": 9.365744590759277,
          "hz": 935.3737400823702
        },
        {
          "acoustic_entropy": 10.29730224609375,
          "acoustic_entropy_side": 10.271469116210938,
          "hz": 1080.2004963696966
        },
        {
          "acoustic_entropy": 10.295246124267578,
          "acoustic_entropy_side": 9.780193328857422,
          "hz": 1237.8529382007157
        },
        {
          "acoustic_entropy": 9.431344985961914,
          "acoustic_entropy_side": 9.746898651123047,
          "hz": 1409.4668930556702
        },
        {
          "acoustic_entropy": 9.213200569152832,
          "acoustic_entropy_side": 9.66998291015625,
          "hz": 1596.2787759475705
        },
        {
          "acoustic_entropy": 9.513288497924805,
          "acoustic_entropy_side": 9.885348320007324,
          "hz": 1799.6344973346393
        },
        {
          "acoustic_entropy": 9.770119667053223,
          "acoustic_entropy_side": 9.35997200012207,
          "hz": 2020.9991599069049
        },
        {
          "acoustic_entropy": 10.11543083190918,
          "acoustic_entropy_side": 10.40898323059082,
          "hz": 2261.9676141086993
        },
        {
          "acoustic_entropy": 10.637481689453125,
          "acoustic_entropy_side": 10.314430236816406,
          "hz": 2524.2759484456974
        },
        {
          "acoustic_entropy": 9.368206024169922,
          "acoustic_entropy_side": 9.421966552734375,
          "hz": 2809.813997359896
        },
        {
          "acoustic_entropy": 9.766303062438965,
          "acoustic_entropy_side": 9.90717887878418,
          "hz": 3120.6389567871424
        },
        {
          "acoustic_entropy": 9.28389835357666,
          "acoustic_entropy_side": 9.585342407226562,
          "hz": 3458.990205492291
        },
        {
          "acoustic_entropy": 9.794334411621094,
          "acoustic_entropy_side": 9.793529510498047,
          "hz": 3827.305438964164
        },
        {
          "acoustic_entropy": 9.776939392089844,
          "acoustic_entropy_side": 9.751572608947754,
          "hz": 4228.238232109126
        },
        {
          "acoustic_entropy": 9.89609146118164,
          "acoustic_entropy_side": 9.799144744873047,
          "hz": 4664.6771572759235
        },
        {
          "acoustic_entropy": 9.795607566833496,
          "acoustic_entropy_side": 9.744380950927734,
          "hz": 5139.766595350093
        },
        {
          "acoustic_entropy": 9.724649429321289,
          "acoustic_entropy_side": 9.71908187866211,
          "hz": 5656.929389854203
        },
        {
          "acoustic_entropy": 9.750967979431152,
          "acoustic_entropy_side": 9.739383697509766,
          "hz": 6219.891507268283
        },
        {
          "acoustic_entropy": 9.596561431884766,
          "acoustic_entropy_side": 9.6853666305542,
          "hz": 6832.70888123896
        },
        {
          "acoustic_entropy": 9.685829162597656,
          "acoustic_entropy_side": 9.72634220123291,
          "hz": 7499.796634079867
        },
        {
          "acoustic_entropy": 9.712756156921387,
          "acoustic_entropy_side": 9.73533821105957,
          "hz": 8225.96088609342
        },
        {
          "acoustic_entropy": 9.707231521606445,
          "acoustic_entropy_side": 9.73484992980957,
          "hz": 9016.43338188839
        },
        {
          "acoustic_entropy": 9.704734802246094,
          "acoustic_entropy_side": 9.737312316894531,
          "hz": 9876.909183162974
        },
        {
          "acoustic_entropy": 9.719046592712402,
          "acoustic_entropy_side": 9.736954689025879,
          "hz": 10813.587699516042
        },
        {
          "acoustic_entropy": 9.732470512390137,
          "acoustic_entropy_side": 9.736406326293945,
          "hz": 11833.21735289826
        },
        {
          "acoustic_entropy": 9.736454963684082,
          "acoustic_entropy_side": 9.737361907958984,
          "hz": 12943.144197493959
        },
        {
          "acoustic_entropy": 9.73734188079834,
          "acoustic_entropy_side": 9.736170768737793,
          "hz": 14151.364845322005
        },
        {
          "acoustic_entropy": 9.736754417419434,
          "acoustic_entropy_side": 9.735733985900879,
          "hz": 15466.58407886509
        },
        {
          "acoustic_entropy": 9.736007690429688,
          "acoustic_entropy_side": 9.735434532165527,
          "hz": 16898.27756580493
        },
        {
          "acoustic_entropy": 9.735223770141602,
          "acoustic_entropy_side": 9.735055923461914,
          "hz": 18456.760127700032
        },
        {
          "acoustic_entropy": 9.735084533691406,
          "acoustic_entropy_side": 9.735020637512207,
          "hz": 20153.260054456492
        },
        {
          "acoustic_entropy": 9.734984397888184,
          "acoustic_entropy_side": 9.734981536865234,
          "hz": 22000.00000000001
        }
      ],
      "diff_acoustic_entropy": 8.088349342346191,
      "sn": 12
    },
    {
      "acoustic_entropy": 16.928497314453125,
      "acoustic_entropy_mono": 15.674463272094727,
      "band_eliminated_acoustic_entropies": [
        {
          "acoustic_entropy": 16.92203140258789,
          "acoustic_entropy_side": 16.971141815185547,
          "hz": 129.47220167065723
        },
        {
          "acoustic_entropy": 15.919445037841797,
          "acoustic_entropy_side": 16.883577346801758,
          "hz": 202.92927478742237
        },
        {
          "acoustic_entropy": 16.997987747192383,
          "acoustic_entropy_side": 17.20873260498047,
          "hz": 282.89161906338205
        },
        {
          "acoustic_entropy": 17.08916473388672,
          "acoustic_entropy_side": 17.184663772583008,
          "hz": 369.9353335868758
        },
        {
          "acoustic_entropy": 16.806211471557617,
          "acoustic_entropy_side": 16.769859313964844,
          "hz": 464.6875360973435
        },
        {
          "acoustic_entropy": 16.797405242919922,
          "acoustic_entropy_side": 16.97857666015625,
          "hz": 567.8308811364784
        },
        {
          "acoustic_entropy": 16.299476623535156,
          "acoustic_entropy_side": 16.998550415039062,
          "hz": 680.1084783214808
        },
        {
          "acoustic_entropy": 16.45658302307129,
          "acoustic_entropy_side": 16.634214401245117,
          "hz": 802.3292461747484
        },
        {
          "acoustic_entropy": 16.159019470214844,
          "acoustic_entropy_side": 16.425277709960938,
          "hz": 935.3737400823702
        },
        {
          "acoustic_entropy": 17.03365135192871,
          "acoustic_entropy_side": 17.62691307067871,
          "hz": 1080.2004963696966
        },
        {
          "acoustic_entropy": 16.803958892822266,
          "acoustic_entropy_side": 17.218759536743164,
          "hz": 1237.8529382007157
        },
        {
          "acoustic_entropy": 17.070096969604492,
          "acoustic_entropy_side": 16.85604476928711,
          "hz": 1409.4668930556702
        },
        {
          "acoustic_entropy": 16.886350631713867,
          "acoustic_entropy_side": 16.731477737426758,
          "hz": 1596.2787759475705
        },
        {
          "acoustic_entropy": 16.099266052246094,
          "acoustic_entropy_side": 16.24919319152832,
          "hz": 1799.6344973346393
        },
        {
          "acoustic_entropy": 16.45696449279785,
          "acoustic_entropy_side": 17.21991729736328,
          "hz": 2020.9991599069049
        },
        {
          "acoustic_entropy": 16.61931610107422,
          "acoustic_entropy_side": 17.205284118652344,
          "hz": 2261.9676141086993
        },
        {
          "acoustic_entropy": 16.629066467285156,
          "acoustic_entropy_side": 17.03201675415039,
          "hz": 2524.2759484456974
        },
        {
          "acoustic_entropy": 16.6596622467041,
          "acoustic_entropy_side": 16.87994956970215,
          "hz": 2809.813997359896
        },
        {
          "acoustic_entropy": 16.751253128051758,
          "acoustic_entropy_side": 17.023984909057617,
          "hz": 3120.6389567871424
        },
        {
