{
  "acoustic_entropy": 118.37446594238281,
  "bands": [
    {
      "high_freq": 148.1999969482422,
      "loudness": -39.598968505859375,
      "loudness_range": 15.385520935058594,
      "mid_mean": -36.06974792480469,
      "mid_to_side_loudness": -16.435710906982422,
      "mid_to_side_loudness_range": 13.20844841003418,
      "side_mean": -52.845603942871094
    },
    {
      "high_freq": 392.3793640136719,
      "loudness": -29.536394119262695,
      "loudness_range": 11.845464706420898,
      "low_freq": 148.1999969482422,
      "mid_mean": -26.178144454956055,
      "mid_to_side_loudness": -12.738326072692871,
      "mid_to_side_loudness_range": 12.362138748168945,
      "side_mean": -39.06929016113281
    },
    {
      "high_freq": 794.6976318359375,
      "loudness": -32.382293701171875,
      "loudness_range": 19.396841049194336,
      "low_freq": 392.3793640136719,
      "mid_mean": -29.162446975708008,
      "mid_to_side_loudness": -13.159241676330566,
      "mid_to_side_loudness_range": 18.34781837463379,
      "side_mean": -42.31581497192383
    },
    {
      "high_freq": 1457.5709228515625,
      "loudness": -45.73610305786133,
      "loudness_range": 23.17644500732422,
      "low_freq": 794.6976318359375,
      "mid_mean": -42.51384353637695,
      "mid_to_side_loudness": -11.852724075317383,
      "mid_to_side_loudness_range": 15.077112197875977,
      "side_mean": -54.184226989746094
    },
    {
      "high_freq": 2549.74365234375,
      "loudness": -47.19034194946289,
      "loudness_range": 29.10776138305664,
      "low_freq": 1457.5709228515625,
      "mid_mean": -44.142765045166016,
      "mid_to_side_loudness": -10.85205364227295,
      "mid_to_side_loudness_range": 15.023219108581543,
      "side_mean": -54.37641525268555
    },
    {
      "high_freq": 4349.24462890625,
      "loudness": -52.505393981933594,
      "loudness_range": 26.251548767089844,
      "low_freq": 2549.74365234375,
      "mid_mean": -49.21381378173828,
      "mid_to_side_loudness": -12.178549766540527,
      "mid_to_side_loudness_range": 16.67605209350586,
      "side_mean": -59.597503662109375
    },
    {
      "high_freq": 7314.1640625,
      "loudness": -63.01948165893555,
      "loudness_range": 24.77499008178711,
      "low_freq": 4349.24462890625,
      "mid_mean": -59.420249938964844,
      "mid_to_side_loudness": -13.492392539978027,
      "mid_to_side_loudness_range": 19.235191345214844,
      "side_mean": -66.0286865234375
    },
    {
      "high_freq": 12199.2666015625,
      "loudness": -69.04157257080078,
      "loudness_range": 22.394908905029297,
      "low_freq": 7314.1640625,
      "mid_mean": -63.771636962890625,
      "mid_to_side_loudness": -14.701396942138672,
      "mid_to_side_loudness_range": 20.785568237304688,
      "side_mean": -68.65267181396484
    },
    {
      "loudness": -76.23139190673828,
      "loudness_range": 12.8642578125,
      "low_freq": 12199.2666015625,
      "mid_mean": -67.97395324707031,
      "mid_to_side_loudness": -5.2127685546875,
      "mid_to_side_loudness_range": 11.077449798583984,
      "side_mean": -69.40144348144531
    }
  ],
  "bands_short": [
    {
      "high_freq": 148.1999969482422,
      "loudness": -44.6816520690918,
      "loudness_range": 24.054513931274414,
      "mid_mean": -41.20071792602539,
      "mid_to_side_loudness": -17.93215560913086,
      "mid_to_side_loudness_range": 21.406530380249023,
      "side_mean": -58.812461853027344
    },
    {
      "high_freq": 392.3793640136719,
      "loudness": -30.26687240600586,
      "loudness_range": 12.565610885620117,
      "low_freq": 148.1999969482422,
      "mid_mean": -26.95939064025879,
      "mid_to_side_loudness": -12.434794425964355,
      "mid_to_side_loudness_range": 13.0953369140625,
      "side_mean": -39.52006530761719
    },
    {
      "high_freq": 794.6976318359375,
      "loudness": -32.56344985961914,
      "loudness_range": 20.127798080444336,
      "low_freq": 392.3793640136719,
      "mid_mean": -29.39202308654785,
      "mid_to_side_loudness": -13.253325462341309,
      "mid_to_side_loudness_range": 20.357099533081055,
      "side_mean": -42.633827209472656
    },
    {
      "high_freq": 1457.5709228515625,
      "loudness": -45.7822380065918,
      "loudness_range": 24.625164031982422,
      "low_freq": 794.6976318359375,
      "mid_mean": -42.71492004394531,
      "mid_to_side_loudness": -11.126687049865723,
      "mid_to_side_loudness_range": 16.221654891967773,
      "side_mean": -53.689971923828125
    },
    {
      "high_freq": 2549.74365234375,
      "loudness": -48.18634033203125,
      "loudness_range": 30.647003173828125,
      "low_freq": 1457.5709228515625,
      "mid_mean": -45.43631362915039,
      "mid_to_side_loudness": -10.067577362060547,
      "mid_to_side_loudness_range": 15.865053176879883,
      "side_mean": -54.845184326171875
    },
    {
      "high_freq": 4349.24462890625,
      "loudness": -53.83185577392578,
      "loudness_range": 29.308837890625,
      "low_freq": 2549.74365234375,
      "mid_mean": -51.448482513427734,
      "mid_to_side_loudness": -10.94038200378418,
      "mid_to_side_loudness_range": 15.892204284667969,
      "side_mean": -59.87848663330078
    },
    {
      "high_freq": 7314.1640625,
      "loudness": -62.65077590942383,
      "loudness_range": 26.846817016601562,
      "low_freq": 4349.24462890625,
      "mid_mean": -61.140499114990234,
      "mid_to_side_loudness": -11.138386726379395,
      "mid_to_side_loudness_range": 17.55973243713379,
      "side_mean": -65.9946060180664
    },
    {
      "high_freq": 12199.2666015625,
      "loudness": -69.9372787475586,
      "loudness_range": 25.412822723388672,
      "low_freq": 7314.1640625,
      "mid_mean": -65.73902130126953,
      "mid_to_side_loudness": -11.289373397827148,
      "mid_to_side_loudness_range": 18.99866485595703,
      "side_mean": -68.68465423583984
    },
    {
      "loudness": -77.50100708007812,
      "loudness_range": 13.474319458007812,
      "low_freq": 12199.2666015625,
      "mid_mean": -68.41844177246094,
      "mid_to_side_loudness": -3.251573324203491,
      "mid_to_side_loudness_range": 7.16455078125,
      "side_mean": -69.40274810791016
    }
  ],
  "bandwidth": 454.4893798828125,
  "channels": 2,
  "covariance": [
    [
      28.048995971679688,
      17.039974212646484,
      3.0866456031799316,
      5.750752925872803,
      0.7184513807296753,
      5.394394874572754,
      8.197824478149414,
      12.437650680541992,
      10.002237319946289,
      14.231217384338379,
      9.39997673034668,
      12.320842742919922,
      8.749340057373047,
      6.216552257537842,
      3.7494373321533203,
      1.5424878597259521,
      1.346861481666565,
      0.42908182740211487
    ],
    [
      17.039974212646484,
      36.66623306274414,
      0.134285107254982,
      7.7532267570495605,
      -0.14251568913459778,
      8.271363258361816,
      5.243443012237549,
      18.67558479309082,
      6.179177761077881,
      18.550474166870117,
      6.670994281768799,
      17.20565414428711,
      8.334115982055664,
      9.140869140625,
      3.0551843643188477,
      2.060483694076538,
      1.0309370756149292,
      0.7603511810302734
    ],
    [
      3.0866456031799316,
      0.134285107254982,
      18.32538604736328,
      14.384241104125977,
      5.957849025726318,
      10.57788372039795,
      14.942399978637695,
      16.810306549072266,
      17.286527633666992,
      19.634828567504883,
      19.233022689819336,
      16.78843879699707,
      13.717789649963379,
      7.6384148597717285,
      8.243592262268066,
      2.8254590034484863,
      2.651721239089966,
      0.599021852016449
    ],
    [
      5.750752925872803,
      7.7532267570495605,
      14.384241104125977,
      28.49707794189453,
      11.820018768310547,
      27.555355072021484,
      24.8594970703125,
      38.86582565307617,
      28.5176944732666,
      41.89826583862305,
      27.695213317871094,
      38.05078125,
      21.00506591796875,
      20.649232864379883,
      10.330260276794434,
      6.836034297943115,
      3.91510272026062,
      1.683361530303955
    ],
    [
      0.7184513807296753,
      -0.14251568913459778,
      5.957849025726318,
      11.820018768310547,
      44.1077995300293,
      44.450958251953125,
      34.763084411621094,
      36.11300277709961,
      41.509769439697266,
      39.33005142211914,
      33.51850509643555,
      29.369970321655273,
      28.124650955200195,
      14.06556510925293,
      17.253271102905273,
      4.964852333068848,
      6.363847732543945,
      0.9513447284698486
    ],
    [
      5.394394874572754,
      8.271363258361816,
      10.57788372039795,
      27.555355072021484,
      44.450958251953125,
      82.21695709228516,
      54.76067352294922,
      76.61647033691406,
      67.705810546875,
      81.44336700439453,
      54.43028259277344,
      66.75028228759766,
      41.79433059692383,
      34.59916687011719,
      21.45897102355957,
      11.078927040100098,
      8.199163436889648,
      2.5815532207489014
    ],
    [
      8.197824478149414,
      5.243443012237549,
      14.942399978637695,
      24.8594970703125,
      34.763084411621094,
      54.76067352294922,
      63.29998779296875,
      70.4169692993164,
      69.36029815673828,
      74.3680419921875,
      62.27448272705078,
      61.72105026245117,
      47.468589782714844,
      31.312652587890625,
      28.159954071044922,
      10.717814445495605,
      10.043456077575684,
      2.2928671836853027
    ],
    [
      12.437650680541992,
      18.67558479309082,
      16.810306549072266,
      38.86582565307617,
      36.11300277709961,
      76.61647033691406,
      70.4169692993164,
      106.86096954345703,
      82.25949096679688,
      109.65835571289062,
      72.0896224975586,
      93.92730712890625,
      57.18672561645508,
      49.78007125854492,
      29.808900833129883,
      16.63134002685547,
      11.235906600952148,
      3.949707508087158
    ],
    [
      10.002237319946289,
      6.179177761077881,
      17.286527633666992,
      28.5176944732666,
      41.509769439697266,
      67.705810546875,
      69.36029815673828,
      82.25949096679688,
      100.66475677490234,
      99.92449188232422,
      78.1099624633789,
      75.77114868164062,
      61.036155700683594,
      38.7277946472168,
      36.25274658203125,
      13.775973320007324,
      13.10055923461914,
      2.933710813522339
    ],
    [
      14.231217384338379,
      18.550474166870117,
      19.634828567504883,
      41.89826583862305,
      39.33005142211914,
      81.44336700439453,
      74.3680419921875,
      109.65835571289062,
      99.92449188232422,
      128.42344665527344,
      81.54629516601562,
      102.50006866455078,
      64.75228881835938,
      54.431495666503906,
      34.84516143798828,
      19.450927734375,
      13.191526412963867,
      4.498406887054443
    ],
    [
      9.39997673034668,
      6.670994281768799,
      19.233022689819336,
      27.695213317871094,
      33.51850509643555,
      54.43028259277344,
      62.27448272705078,
      72.0896224975586,
      78.1099624633789,
      81.54629516601562,
      78.31900787353516,
      71.28904724121094,
      55.6297721862793,
      35.913848876953125,
      33.28326416015625,
      13.096776962280273,
      11.75833797454834,
      2.828921318054199
    ],
    [
      12.320842742919922,
      17.20565414428711,
      16.78843879699707,
      38.05078125,
      29.369970321655273,
      66.75028228759766,
      61.72105026245117,
      93.92730712890625,
      75.77114868164062,
      102.50006866455078,
      71.28904724121094,
      93.69111633300781,
      53.779624938964844,
      50.739112854003906,
      27.788875579833984,
      18.202287673950195,
      10.774389266967773,
      4.2878289222717285
    ],
    [
      8.749340057373047,
      8.334115982055664,
      13.717789649963379,
      21.00506591796875,
      28.124650955200195,
      41.79433059692383,
      47.468589782714844,
      57.18672561645508,
      61.036155700683594,
      64.75228881835938,
      55.6297721862793,
      53.779624938964844,
      54.51634979248047,
      30.270626068115234,
      34.08871841430664,
      11.126669883728027,
      12.06036376953125,
      2.4174067974090576
    ],
    [
      6.216552257537842,
      9.140869140625,
      7.6384148597717285,
      20.649232864379883,
      14.06556510925293,
      34.59916687011719,
      31.312652587890625,
      49.78007125854492,
      38.7277946472168,
      54.431495666503906,
      35.913848876953125,
      50.739112854003906,
      30.270626068115234,
      31.522144317626953,
      15.843857765197754,
      11.893302917480469,
      6.368143558502197,
      2.8402843475341797
    ],
    [
      3.7494373321533203,
      3.0551843643188477,
      8.243592262268066,
      10.330260276794434,
      17.253271102905273,
      21.45897102355957,
      28.159954071044922,
      29.808900833129883,
      36.25274658203125,
      34.84516143798828,
      33.28326416015625,
      27.788875579833984,
      34.08871841430664,
      15.843857765197754,
      27.60073471069336,
      6.854249477386475,
      9.878803253173828,
      1.3733007907867432
    ],
    [
      1.5424878597259521,
      2.060483694076538,
      2.8254590034484863,
      6.836034297943115,
      4.964852333068848,
      11.078927040100098,
      10.717814445495605,
      16.63134002685547,
      13.775973320007324,
      19.450927734375,
      13.096776962280273,
      18.202287673950195,
      11.126669883728027,
      11.893302917480469,
      6.854249477386475,
      5.846477031707764,
      2.8484010696411133,
      1.3503968715667725
    ],
    [
      1.346861481666565,
      1.0309370756149292,
      2.651721239089966,
      3.91510272026062,
      6.363847732543945,
      8.199163436889648,
      10.043456077575684,
      11.235906600952148,
      13.10055923461914,
      13.191526412963867,
      11.75833797454834,
      10.774389266967773,
      12.06036376953125,
      6.368143558502197,
      9.878803253173828,
      2.8484010696411133,
      4.615472793579102,
      0.6222017407417297
    ],
    [
      0.42908182740211487,
      0.7603511810302734,
      0.599021852016449,
      1.683361530303955,
      0.9513447284698486,
      2.5815532207489014,
      2.2928671836853027,
      3.949707508087158,
      2.933710813522339,
      4.498406887054443,
      2.828921318054199,
      4.2878289222717285,
      2.4174067974090576,
      2.8402843475341797,
      1.3733007907867432,
      1.3503968715667725,
      0.6222017407417297,
      0.3819974362850189
    ]
  ],
  "covariance_short": [
    [
      61.186767578125,
      30.407791137695312,
      4.96103572845459,
      8.039408683776855,
      5.808165550231934,
      11.331507682800293,
      16.471464157104492,
      18.9066104888916,
      18.760751724243164,
      19.836057662963867,
      19.826358795166016,
      17.32817268371582,
      14.258642196655273,
      8.936964988708496,
      3.639768123626709,
      1.9109909534454346,
      0.6982020139694214,
      0.4445221424102783
    ],
    [
      30.407791137695312,
      58.87032699584961,
      -2.479842185974121,
      4.9982686042785645,
      -0.7639034390449524,
      6.47675895690918,
      5.524110794067383,
      13.362625122070312,
      6.2841796875,
      12.124335289001465,
      11.566031455993652,
      12.274821281433105,
      6.771582126617432,
      7.070168972015381,
      1.1073615550994873,
      1.2971512079238892,
      0.36234429478645325,
      0.4225226938724518
    ],
    [
      4.96103572845459,
      -2.479842185974121,
      22.26820182800293,
      16.21221351623535,
      7.164583206176758,
      9.931597709655762,
      16.44961929321289,
      17.1163330078125,
      18.410140991210938,
      18.78840446472168,
      24.17960548400879,
      16.909019470214844,
      14.948955535888672,
      7.74100923538208,
      6.859357833862305,
      2.6777141094207764,
      1.9577254056930542,
      0.5585275888442993
    ],
    [
      8.039408683776855,
      4.9982686042785645,
      16.21221351623535,
      31.529438018798828,
      10.40785026550293,
      25.731433868408203,
      25.823129653930664,
      38.247764587402344,
      29.893356323242188,
      40.60344314575195,
      33.979469299316406,
      37.05480194091797,
      22.89065933227539,
      20.320344924926758,
      9.53296184539795,
      6.470060348510742,
      3.069284200668335,
      1.619558572769165
    ],
    [
      5.808165550231934,
      -0.7639034390449524,
      7.164583206176758,
      10.40785026550293,
      48.05097198486328,
      43.348548889160156,
      38.27216720581055,
      36.798404693603516,
      46.006805419921875,
      40.45840835571289,
      38.950382232666016,
      29.7440242767334,
      27.6595401763916,
      14.11080551147461,
      12.551740646362305,
      4.759317398071289,
      3.9253361225128174,
      0.8967133164405823
    ],
    [
      11.331507682800293,
      6.47675895690918,
      9.931597709655762,
      25.731433868408203,
      43.348548889160156,
      84.71564483642578,
      59.162132263183594,
      79.75636291503906,
      70.91387176513672,
      81.36045837402344,
      60.207740783691406,
      66.18077087402344,
      43.995758056640625,
      34.752315521240234,
      18.281835556030273,
      10.693036079406738,
      5.903684139251709,
      2.5242156982421875
    ],
    [
      16.471464157104492,
      5.524110794067383,
      16.44961929321289,
      25.823129653930664,
      38.27216720581055,
      59.162132263183594,
      71.8976058959961,
      76.2352523803711,
      77.27333068847656,
      79.83988952636719,
      72.12952423095703,
      66.43529510498047,
      51.61027908325195,
      34.2711296081543,
      23.576068878173828,
      11.511873245239258,
      7.523451328277588,
      2.5167441368103027
    ],
    [
      18.9066104888916,
      13.362625122070312,
      17.1163330078125,
      38.247764587402344,
      36.798404693603516,
      79.75636291503906,
      76.2352523803711,
      115.75286865234375,
      88.7862548828125,
      113.82581329345703,
      87.61561584472656,
      96.7511978149414,
      62.039695739746094,
      51.84323501586914,
      27.13109588623047,
      17.00724983215332,
      9.117452621459961,
      4.125270843505859
    ],
    [
      18.760751724243164,
      6.2841796875,
      18.410140991210938,
      29.893356323242188,
      46.006805419921875,
      70.91387176513672,
      77.27333068847656,
      88.7862548828125,
      112.36811065673828,
      105.67603302001953,
      90.4693374633789,
      81.81629943847656,
      66.3048324584961,
      42.67903518676758,
      30.414247512817383,
      14.757935523986816,
      9.620869636535645,
      3.1586520671844482
    ],
    [
      19.836057662963867,
      12.124335289001465,
      18.78840446472168,
      40.60344314575195,
      40.45840835571289,
      81.36045837402344,
      79.83988952636719,
      113.82581329345703,
      105.67603302001953,
      132.04806518554688,
      96.23027038574219,
      103.90576171875,
      68.95326232910156,
      56.0041618347168,
      30.696186065673828,
      19.43168830871582,
      10.129563331604004,
      4.5662431716918945
    ],
    [
      19.826358795166016,
      11.566031455993652,
      24.17960548400879,
      33.979469299316406,
      38.950382232666016,
      60.207740783691406,
      72.12952423095703,
      87.61561584472656,
      90.4693374633789,
      96.23027038574219,
      102.9111328125,
      82.90721893310547,
      69.66768646240234,
      42.41135787963867,
      33.39131164550781,
      14.87883472442627,
      10.638769149780273,
      3.3466544151306152
    ],
    [
      17.32817268371582,
      12.274821281433105,
      16.909019470214844,
      37.05480194091797,
      29.7440242767334,
      66.18077087402344,
      66.43529510498047,
      96.7511978149414,
      81.81629943847656,
      103.90576171875,
      82.90721893310547,
      95.45639038085938,
      60.09759521484375,
      52.05778884887695,
      26.687637329101562,
      18.10452651977539,
      8.84411907196045,
      4.330893516540527
    ],
    [
      14.258642196655273,
      6.771582126617432,
      14.948955535888672,
      22.89065933227539,
      27.6595401763916,
      43.995758056640625,
      51.61027908325195,
      62.039695739746094,
      66.3048324584961,
      68.95326232910156,
      69.66768646240234,
      60.09759521484375,
      65.59554290771484,
      35.50697708129883,
      35.39232635498047,
      12.80066204071045,
      11.466078758239746,
      2.7082741260528564
    ],
    [
      8.936964988708496,
      7.070168972015381,
      7.74100923538208,
      20.320344924926758,
      14.11080551147461,
      34.752315521240234,
      34.2711296081543,
      51.84323501586914,
      42.67903518676758,
      56.0041618347168,
      42.41135787963867,
      52.05778884887695,
      35.50697708129883,
      32.97117614746094,
      17.07954978942871,
      11.986547470092773,
      5.797781467437744,
      2.9079740047454834
    ],
    [
      3.639768123626709,
      1.1073615550994873,
      6.859357833862305,
      9.53296184539795,
      12.551740646362305,
      18.281835556030273,
      23.576068878173828,
      27.13109588623047,
      30.414247512817383,
      30.696186065673828,
      33.39131164550781,
      26.687637329101562,
      35.39232635498047,
      17.07954978942871,
      28.75747299194336,
      7.739083766937256,
      10.43557071685791,
      1.4945437908172607
    ],
    [
      1.9109909534454346,
      1.2971512079238892,
      2.6777141094207764,
      6.470060348510742,
      4.759317398071289,
      10.693036079406738,
      11.511873245239258,
      17.00724983215332,
      14.757935523986816,
      19.43168830871582,
      14.87883472442627,
      18.10452651977539,
      12.80066204071045,
      11.986547470092773,
      7.739083766937256,
      5.865641117095947,
      2.78739070892334,
      1.3768243789672852
    ],
    [
      0.6982020139694214,
      0.36234429478645325,
      1.9577254056930542,
      3.069284200668335,
      3.9253361225128174,
      5.903684139251709,
      7.523451328277588,
      9.117452621459961,
      9.620869636535645,
      10.129563331604004,
      10.638769149780273,
      8.84411907196045,
      11.466078758239746,
      5.797781467437744,
      10.43557071685791,
      2.78739070892334,
      5.126184463500977,
      0.5962822437286377
    ],
    [
      0.4445221424102783,
      0.4225226938724518,
      0.5585275888442993,
      1.619558572769165,
      0.8967133164405823,
      2.5242156982421875,
      2.5167441368103027,
      4.125270843505859,
      3.1586520671844482,
      4.5662431716918945,
      3.3466544151306152,
      4.330893516540527,
      2.7082741260528564,
      2.9079740047454834,
      1.4945437908172607,
      1.3768243789672852,
      0.5962822437286377,
      0.4132686257362366
    ]
  ],
  "damage": -12.779253959655762,
  "diff_bandwidth": 460.3084411621094,
  "dissonance": 3.442451864944971,
  "drr": 3.071225643157959,
  "dynamics": 4.051513671875,
  "format": 1245190,
  "frames": 12236800,
  "loudness": -22.61383056640625,
  "loudness_range": 10.978553771972656,
  "loudness_range_short": 13.173385620117188,
  "lowpass_true_peak_15khz": -4.847464084625244,
  "mastering3_acoustic_entropies": [
    {
      "acoustic_entropy": 7.260702610015869,
      "acoustic_entropy_mono": 6.7342634201049805,
      "band_eliminated_acoustic_entropies": [
        {
          "acoustic_entropy": 7.160184860229492,
          "acoustic_entropy_side": 7.260673522949219,
          "hz": 129.47220167065723
        },
        {
          "acoustic_entropy": 7.104674816131592,
          "acoustic_entropy_side": 7.258810997009277,
          "hz": 202.92927478742237
        },
        {
          "acoustic_entropy": 7.610805034637451,
          "acoustic_entropy_side": 7.260197639465332,
          "hz": 282.89161906338205
        },
        {
          "acoustic_entropy": 6.964351654052734,
          "acoustic_entropy_side": 7.216835975646973,
          "hz": 369.9353335868758
        },
        {
          "acoustic_entropy": 7.044607639312744,
          "acoustic_entropy_side": 7.284158706665039,
          "hz": 464.6875360973435
        },
        {
          "acoustic_entropy": 6.8897705078125,
          "acoustic_entropy_side": 7.195718765258789,
          "hz": 567.8308811364784
        },
        {
          "acoustic_entropy": 6.537530422210693,
          "acoustic_entropy_side": 7.243649959564209,
          "hz": 680.1084783214808
        },
        {
          "acoustic_entropy": 7.278247356414795,
          "acoustic_entropy_side": 7.255918025970459,
          "hz": 802.3292461747484
        },
        {
          "acoustic_entropy": 7.185089111328125,
          "acoustic_entropy_side": 7.2670464515686035,
          "hz": 935.3737400823702
        },
        {
          "acoustic_entropy": 7.244372367858887,
          "acoustic_entropy_side": 7.2592339515686035,
          "hz": 1080.2004963696966
        },
        {
          "acoustic_entropy": 7.337958335876465,
          "acoustic_entropy_side": 7.252466678619385,
          "hz": 1237.8529382007157
        },
        {
          "acoustic_entropy": 7.494412899017334,
          "acoustic_entropy_side": 7.259852886199951,
          "hz": 1409.4668930556702
        },
        {
          "acoustic_entropy": 7.145862579345703,
          "acoustic_entropy_side": 7.254632949829102,
          "hz": 1596.2787759475705
        },
        {
          "acoustic_entropy": 7.212611198425293,
          "acoustic_entropy_side": 7.250279903411865,
          "hz": 1799.6344973346393
        },
        {
          "acoustic_entropy": 7.233841896057129,
          "acoustic_entropy_side": 7.2448577880859375,
          "hz": 2020.9991599069049
        },
        {
          "acoustic_entropy": 7.264861583709717,
          "acoustic_entropy_side": 7.242156505584717,
          "hz": 2261.9676141086993
        },
        {
          "acoustic_entropy": 7.2821879386901855,
          "acoustic_entropy_side": 7.241800308227539,
          "hz": 2524.2759484456974
        },
        {
          "acoustic_entropy": 7.2460737228393555,
          "acoustic_entropy_side": 7.2505011558532715,
          "hz": 2809.813997359896
        },
        {
          "acoustic_entropy": 7.277533531188965,
          "acoustic_entropy_side": 7.258337497711182,
          "hz": 3120.6389567871424
        },
        {
          "acoustic_entropy": 7.254411220550537,
          "acoustic_entropy_side": 7.256320953369141,
          "hz": 3458.990205492291
        },
        {
          "acoustic_entropy": 7.25861930847168,
          "acoustic_entropy_side": 7.259720802307129,
          "hz": 3827.305438964164
        },
        {
          "acoustic_entropy": 7.255624294281006,
          "acoustic_entropy_side": 7.259521007537842,
          "hz": 4228.238232109126
        },
        {
          "acoustic_entropy": 7.2596211433410645,
          "acoustic_entropy_side": 7.260281085968018,
          "hz": 4664.6771572759235
        },
        {
          "acoustic_entropy": 7.2611260414123535,
          "acoustic_entropy_side": 7.260575771331787,
          "hz": 5139.766595350093
        },
        {
          "acoustic_entropy": 7.261149883270264,
          "acoustic_entropy_side": 7.260673522949219,
          "hz": 5656.929389854203
        },
        {
          "acoustic_entropy": 7.260845184326172,
          "acoustic_entropy_side": 7.260685920715332,
          "hz": 6219.891507268283
        },
        {
          "acoustic_entropy": 7.261131286621094,
          "acoustic_entropy_side": 7.260693073272705,
          "hz": 6832.70888123896
        },
        {
          "acoustic_entropy": 7.260781764984131,
          "acoustic_entropy_side": 7.2606987953186035,
          "hz": 7499.796634079867
        },
        {
          "acoustic_entropy": 7.260744571685791,
          "acoustic_entropy_side": 7.26069974899292,
          "hz": 8225.96088609342
        },
        {
          "acoustic_entropy": 7.260781288146973,
          "acoustic_entropy_side": 7.260700702667236,
          "hz": 9016.43338188839
        },
        {
          "acoustic_entropy": 7.260865211486816,
          "acoustic_entropy_side": 7.260703086853027,
          "hz": 9876.909183162974
        },
        {
          "acoustic_entropy": 7.260752201080322,
          "acoustic_entropy_side": 7.260702133178711,
          "hz": 10813.587699516042
        },
        {
          "acoustic_entropy": 7.260735511779785,
          "acoustic_entropy_side": 7.260702133178711,
          "hz": 11833.21735289826
        },
        {
          "acoustic_entropy": 7.260721206665039,
          "acoustic_entropy_side": 7.260702133178711,
          "hz": 12943.144197493959
        },
        {
          "acoustic_entropy": 7.260708808898926,
          "acoustic_entropy_side": 7.260703086853027,
          "hz": 14151.364845322005
        },
        {
          "acoustic_entropy": 7.260705471038818,
          "acoustic_entropy_side": 7.260702610015869,
          "hz": 15466.58407886509
        },
        {
          "acoustic_entropy": 7.260702610015869,
          "acoustic_entropy_side": 7.260702610015869,
          "hz": 16898.27756580493
        },
        {
          "acoustic_entropy": 7.260702610015869,
          "acoustic_entropy_side": 7.260702610015869,
          "hz": 18456.760127700032
        },
        {
          "acoustic_entropy": 7.260702610015869,
          "acoustic_entropy_side": 7.260702610015869,
          "hz": 20153.260054456492
        },
        {
          "acoustic_entropy": 7.260702610015869,
          "acoustic_entropy_side": 7.260702610015869,
          "hz": 22000.00000000001
        }
      ],
      "diff_acoustic_entropy": 4.772276401519775,
      "sn": 6
    },
    {
      "acoustic_entropy": 11.084630966186523,
      "acoustic_entropy_mono": 9.454800605773926,
      "band_eliminated_acoustic_entropies": [
        {
          "acoustic_entropy": 10.45238208770752,
          "acoustic_entropy_side": 11.083905220031738,
          "hz": 129.47220167065723
        },
        {
          "acoustic_entropy": 10.591666221618652,
          "acoustic_entropy_side": 11.070148468017578,
          "hz": 202.92927478742237
        },
        {
          "acoustic_entropy": 11.514470100402832,
          "acoustic_entropy_side": 11.195453643798828,
          "hz": 282.89161906338205
        },
        {
          "acoustic_entropy": 10.168853759765625,
          "acoustic_entropy_side": 10.718255043029785,
          "hz": 369.9353335868758
        },
        {
          "acoustic_entropy": 10.308023452758789,
          "acoustic_entropy_side": 10.9908447265625,
          "hz": 464.6875360973435
        },
        {
          "acoustic_entropy": 10.612454414367676,
          "acoustic_entropy_side": 10.943770408630371,
          "hz": 567.8308811364784
        },
        {
          "acoustic_entropy": 9.714656829833984,
          "acoustic_entropy_side": 10.908222198486328,
          "hz": 680.1084783214808
        },
        {
          "acoustic_entropy": 10.936491012573242,
          "acoustic_entropy_side": 11.133325576782227,
          "hz": 802.3292461747484
        },
        {
          "acoustic_entropy": 10.664233207702637,
          "acoustic_entropy_side": 11.095369338989258,
          "hz": 935.3737400823702
        },
        {
          "acoustic_entropy": 11.175941467285156,
          "acoustic_entropy_side": 11.129050254821777,
          "hz": 1080.2004963696966
        },
        {
          "acoustic_entropy": 11.162681579589844,
          "acoustic_entropy_side": 11.107759475708008,
          "hz": 1237.8529382007157
        },
        {
          "acoustic_entropy": 11.601136207580566,
          "acoustic_entropy_side": 11.110729217529297,
          "hz": 1409.4668930556702
        },
        {
          "acoustic_entropy": 11.542147636413574,
          "acoustic_entropy_side": 11.081049919128418,
          "hz": 1596.2787759475705
        },
        {
          "acoustic_entropy": 11.02316665649414,
          "acoustic_entropy_side": 11.155031204223633,
          "hz": 1799.6344973346393
        },
        {
          "acoustic_entropy": 11.051302909851074,
          "acoustic_entropy_side": 11.103968620300293,
          "hz": 2020.9991599069049
        },
        {
          "acoustic_entropy": 11.139671325683594,
          "acoustic_entropy_side": 11.16693115234375,
          "hz": 2261.9676141086993
        },
        {
          "acoustic_entropy": 11.113359451293945,
          "acoustic_entropy_side": 11.089255332946777,
          "hz": 2524.2759484456974
        },
        {
          "acoustic_entropy": 10.678863525390625,
          "acoustic_entropy_side": 10.984172821044922,
          "hz": 2809.813997359896
        },
        {
          "acoustic_entropy": 11.013818740844727,
          "acoustic_entropy_side": 11.061800956726074,
          "hz": 3120.6389567871424
        },
        {
          "acoustic_entropy": 11.079307556152344,
          "acoustic_entropy_side": 11.084186553955078,
          "hz": 3458.990205492291
        },
        {
          "acoustic_entropy": 11.048301696777344,
          "acoustic_entropy_side": 11.065455436706543,
          "hz": 3827.305438964164
        },
        {
          "acoustic_entropy": 11.081032752990723,
          "acoustic_entropy_side": 11.086292266845703,
          "hz": 4228.238232109126
        },
        {
          "acoustic_entropy": 11.04458999633789,
          "acoustic_entropy_side": 11.07976245880127,
          "hz": 4664.6771572759235
        },
        {
          "acoustic_entropy": 11.084917068481445,
          "acoustic_entropy_side": 11.08477783203125,
          "hz": 5139.766595350093
        },
        {
          "acoustic_entropy": 11.073722839355469,
          "acoustic_entropy_side": 11.08466625213623,
          "hz": 5656.929389854203
        },
        {
          "acoustic_entropy": 11.083783149719238,
          "acoustic_entropy_side": 11.085124969482422,
          "hz": 6219.891507268283
        },
        {
          "acoustic_entropy": 11.079495429992676,
          "acoustic_entropy_side": 11.085102081298828,
          "hz": 6832.70888123896
        },
        {
          "acoustic_entropy": 11.084320068359375,
          "acoustic_entropy_side": 11.08482837677002,
          "hz": 7499.796634079867
        },
        {
          "acoustic_entropy": 11.084342956542969,
          "acoustic_entropy_side": 11.084827423095703,
          "hz": 8225.96088609342
        },
        {
          "acoustic_entropy": 11.084657669067383,
          "acoustic_entropy_side": 11.084779739379883,
          "hz": 9016.43338188839
        },
        {
          "acoustic_entropy": 11.083112716674805,
          "acoustic_entropy_side": 11.084672927856445,
          "hz": 9876.909183162974
        },
        {
          "acoustic_entropy": 11.083980560302734,
          "acoustic_entropy_side": 11.084676742553711,
          "hz": 10813.587699516042
        },
        {
          "acoustic_entropy": 11.084376335144043,
          "acoustic_entropy_side": 11.084651947021484,
          "hz": 11833.21735289826
        },
        {
          "acoustic_entropy": 11.084823608398438,
          "acoustic_entropy_side": 11.084644317626953,
          "hz": 12943.144197493959
        },
        {
          "acoustic_entropy": 11.084723472595215,
          "acoustic_entropy_side": 11.084636688232422,
          "hz": 14151.364845322005
        },
        {
          "acoustic_entropy": 11.084677696228027,
          "acoustic_entropy_side": 11.084632873535156,
          "hz": 15466.58407886509
        },
        {
          "acoustic_entropy": 11.084640502929688,
          "acoustic_entropy_side": 11.08463191986084,
          "hz": 16898.27756580493
        },
        {
          "acoustic_entropy": 11.084633827209473,
          "acoustic_entropy_side": 11.08463191986084,
          "hz": 18456.760127700032
        },
        {
          "acoustic_entropy": 11.084632873535156,
          "acoustic_entropy_side": 11.084630966186523,
          "hz": 20153.260054456492
        },
        {
          "acoustic_entropy": 11.084630966186523,
          "acoustic_entropy_side": 11.084630966186523,
          "hz": 22000.00000000001
        }
      ],
      "diff_acoustic_entropy": 6.373752593994141,
      "sn": 12
    },
    {
      "acoustic_entropy": 16.54860496520996,
      "acoustic_entropy_mono": 14.006196022033691,
      "band_eliminated_acoustic_entropies": [
        {
          "acoustic_entropy": 15.53188705444336,
          "acoustic_entropy_side": 16.5430965423584,
          "hz": 129.47220167065723
        },
        {
          "acoustic_entropy": 16.36711311340332,
          "acoustic_entropy_side": 16.145057678222656,
          "hz": 202.92927478742237
        },
        {
          "acoustic_entropy": 17.3967342376709,
          "acoustic_entropy_side": 17.136064529418945,
          "hz": 282.89161906338205
        },
        {
          "acoustic_entropy": 16.8737850189209,
          "acoustic_entropy_side": 16.309555053710938,
          "hz": 369.9353335868758
        },
        {
          "acoustic_entropy": 17.336149215698242,
          "acoustic_entropy_side": 17.02785301208496,
          "hz": 464.6875360973435
        },
        {
          "acoustic_entropy": 16.30327033996582,
          "acoustic_entropy_side": 16.15802001953125,
          "hz": 567.8308811364784
        },
        {
          "acoustic_entropy": 15.430316925048828,
          "acoustic_entropy_side": 16.394983291625977,
          "hz": 680.1084783214808
        },
        {
          "acoustic_entropy": 16.990488052368164,
          "acoustic_entropy_side": 16.575233459472656,
          "hz": 802.3292461747484
        },
        {
          "acoustic_entropy": 16.675636291503906,
          "acoustic_entropy_side": 16.580860137939453,
          "hz": 935.3737400823702
        },
        {
          "acoustic_entropy": 16.122112274169922,
          "acoustic_entropy_side": 16.625751495361328,
          "hz": 1080.2004963696966
        },
        {
          "acoustic_entropy": 16.789566040039062,
          "acoustic_entropy_side": 16.74128532409668,
          "hz": 1237.8529382007157
        },
        {
          "acoustic_entropy": 16.333232879638672,
          "acoustic_entropy_side": 16.607229232788086,
          "hz": 1409.4668930556702
        },
        {
          "acoustic_entropy": 16.7752685546875,
          "acoustic_entropy_side": 16.51641273498535,
          "hz": 1596.2787759475705
        },
        {
          "acoustic_entropy": 17.350421905517578,
          "acoustic_entropy_side": 16.054378509521484,
          "hz": 1799.6344973346393
        },
        {
          "acoustic_entropy": 16.31190299987793,
          "acoustic_entropy_side": 16.49650001525879,
          "hz": 2020.9991599069049
        },
        {
          "acoustic_entropy": 16.086973190307617,
          "acoustic_entropy_side": 16.16301918029785,
          "hz": 2261.9676141086993
        },
        {
          "acoustic_entropy": 16.222797393798828,
          "acoustic_entropy_side": 16.404035568237305,
          "hz": 2524.2759484456974
        },
        {
          "acoustic_entropy": 16.264062881469727,
          "acoustic_entropy_side": 16.4454402923584,
          "hz": 2809.813997359896
        },
        {
          "acoustic_entropy": 16.42596435546875,
          "acoustic_entropy_side": 16.634889602661133,
          "hz": 3120.6389567871424
        },
        {
