{
  "acoustic_entropy": 222.99301147460938,
  "bands": [
    {
      "high_freq": 148.1999969482422,
      "loudness": -20.391143798828125,
      "loudness_range": 9.444219589233398,
      "mid_mean": -16.92624855041504,
      "mid_to_side_loudness": -14.516609191894531,
      "mid_to_side_loudness_range": 12.829256057739258,
      "side_mean": -31.39572525024414
    },
    {
      "high_freq": 392.3793640136719,
      "loudness": -15.992913246154785,
      "loudness_range": 6.674452781677246,
      "low_freq": 148.1999969482422,
      "mid_mean": -12.962865829467773,
      "mid_to_side_loudness": -8.636213302612305,
      "mid_to_side_loudness_range": 8.257342338562012,
      "side_mean": -21.588411331176758
    },
    {
      "high_freq": 794.6976318359375,
      "loudness": -15.762855529785156,
      "loudness_range": 8.731651306152344,
      "low_freq": 392.3793640136719,
      "mid_mean": -12.696493148803711,
      "mid_to_side_loudness": -9.266629219055176,
      "mid_to_side_loudness_range": 11.455224990844727,
      "side_mean": -22.18242645263672
    },
    {
      "high_freq": 1457.5709228515625,
      "loudness": -17.720802307128906,
      "loudness_range": 11.164505004882812,
      "low_freq": 794.6976318359375,
      "mid_mean": -15.118610382080078,
      "mid_to_side_loudness": -7.1301445960998535,
      "mid_to_side_loudness_range": 12.385902404785156,
      "side_mean": -22.188945770263672
    },
    {
      "high_freq": 2549.74365234375,
      "loudness": -19.029996871948242,
      "loudness_range": 8.782617568969727,
      "low_freq": 1457.5709228515625,
      "mid_mean": -16.18526840209961,
      "mid_to_side_loudness": -7.307060718536377,
      "mid_to_side_loudness_range": 8.225545883178711,
      "side_mean": -23.59113883972168
    },
    {
      "high_freq": 4349.24462890625,
      "loudness": -20.26677894592285,
      "loudness_range": 8.082000732421875,
      "low_freq": 2549.74365234375,
      "mid_mean": -17.46626091003418,
      "mid_to_side_loudness": -6.883146286010742,
      "mid_to_side_loudness_range": 7.0606536865234375,
      "side_mean": -24.446382522583008
    },
    {
      "high_freq": 7314.1640625,
      "loudness": -25.191326141357422,
      "loudness_range": 10.754112243652344,
      "low_freq": 4349.24462890625,
      "mid_mean": -22.512441635131836,
      "mid_to_side_loudness": -6.340773105621338,
      "mid_to_side_loudness_range": 6.80996036529541,
      "side_mean": -28.859947204589844
    },
    {
      "high_freq": 12199.2666015625,
      "loudness": -27.812849044799805,
      "loudness_range": 9.003837585449219,
      "low_freq": 7314.1640625,
      "mid_mean": -25.456737518310547,
      "mid_to_side_loudness": -5.156031131744385,
      "mid_to_side_loudness_range": 8.241470336914062,
      "side_mean": -30.58163833618164
    },
    {
      "loudness": -34.1649284362793,
      "loudness_range": 9.418571472167969,
      "low_freq": 12199.2666015625,
      "mid_mean": -32.04304504394531,
      "mid_to_side_loudness": -4.20109224319458,
      "mid_to_side_loudness_range": 7.354290962219238,
      "side_mean": -36.19998550415039
    }
  ],
  "bands_short": [
    {
      "high_freq": 148.1999969482422,
      "loudness": -25.357364654541016,
      "loudness_range": 15.697288513183594,
      "mid_mean": -22.178447723388672,
      "mid_to_side_loudness": -13.341485977172852,
      "mid_to_side_loudness_range": 20.39771842956543,
      "side_mean": -35.49805450439453
    },
    {
      "high_freq": 392.3793640136719,
      "loudness": -15.84269905090332,
      "loudness_range": 8.05890941619873,
      "low_freq": 148.1999969482422,
      "mid_mean": -12.78996467590332,
      "mid_to_side_loudness": -9.527362823486328,
      "mid_to_side_loudness_range": 11.523921012878418,
      "side_mean": -22.020376205444336
    },
    {
      "high_freq": 794.6976318359375,
      "loudness": -16.51369285583496,
      "loudness_range": 12.238293647766113,
      "low_freq": 392.3793640136719,
      "mid_mean": -13.713099479675293,
      "mid_to_side_loudness": -8.513705253601074,
      "mid_to_side_loudness_range": 15.176624298095703,
      "side_mean": -22.41147232055664
    },
    {
      "high_freq": 1457.5709228515625,
      "loudness": -18.195524215698242,
      "loudness_range": 13.171256065368652,
      "low_freq": 794.6976318359375,
      "mid_mean": -15.853910446166992,
      "mid_to_side_loudness": -6.541097164154053,
      "mid_to_side_loudness_range": 15.588335037231445,
      "side_mean": -22.326589584350586
    },
    {
      "high_freq": 2549.74365234375,
      "loudness": -19.602224349975586,
      "loudness_range": 11.391037940979004,
      "low_freq": 1457.5709228515625,
      "mid_mean": -16.927818298339844,
      "mid_to_side_loudness": -7.006572246551514,
      "mid_to_side_loudness_range": 10.764846801757812,
      "side_mean": -23.964630126953125
    },
    {
      "high_freq": 4349.24462890625,
      "loudness": -20.68748664855957,
      "loudness_range": 10.609609603881836,
      "low_freq": 2549.74365234375,
      "mid_mean": -18.06261444091797,
      "mid_to_side_loudness": -6.490665435791016,
      "mid_to_side_loudness_range": 9.566346168518066,
      "side_mean": -24.614784240722656
    },
    {
      "high_freq": 7314.1640625,
      "loudness": -25.814212799072266,
      "loudness_range": 12.361454010009766,
      "low_freq": 4349.24462890625,
      "mid_mean": -23.272218704223633,
      "mid_to_side_loudness": -6.083793640136719,
      "mid_to_side_loudness_range": 9.080693244934082,
      "side_mean": -29.40238380432129
    },
    {
      "high_freq": 12199.2666015625,
      "loudness": -29.139461517333984,
      "loudness_range": 13.767601013183594,
      "low_freq": 7314.1640625,
      "mid_mean": -26.878398895263672,
      "mid_to_side_loudness": -5.167935371398926,
      "mid_to_side_loudness_range": 10.15900707244873,
      "side_mean": -32.05843734741211
    },
    {
      "loudness": -37.13235855102539,
      "loudness_range": 18.692533493041992,
      "low_freq": 12199.2666015625,
      "mid_mean": -35.105323791503906,
      "mid_to_side_loudness": -4.400155544281006,
      "mid_to_side_loudness_range": 10.316157341003418,
      "side_mean": -39.50198745727539
    }
  ],
  "bandwidth": 739.2220458984375,
  "channels": 2,
  "covariance": [
    [
      12.922744750976562,
      8.576738357543945,
      -1.4157220125198364,
      0.2964872419834137,
      -3.317420244216919,
      -1.4498590230941772,
      -3.880826473236084,
      -0.880814254283905,
      -2.6988399028778076,
      -1.4061640501022339,
      -1.5212825536727905,
      -0.577159583568573,
      -0.994376540184021,
      -0.3851173222064972,
      -0.632068932056427,
      0.09975962340831757,
      0.01423343550413847,
      0.28641337156295776
    ],
    [
      8.576738357543945,
      23.451879501342773,
      -0.7827826142311096,
      2.2223381996154785,
      -1.4852032661437988,
      0.9695625305175781,
      -2.311737298965454,
      0.7576061487197876,
      0.4054257571697235,
      1.5381513833999634,
      1.2283915281295776,
      2.3730738162994385,
      1.042980432510376,
      1.1368132829666138,
      0.9350232481956482,
      1.9065932035446167,
      2.78974986076355,
      2.499903917312622
    ],
    [
      -1.4157220125198364,
      -0.7827826142311096,
      7.498979091644287,
      3.4751389026641846,
      0.5019647479057312,
      1.1992489099502563,
      -1.5535227060317993,
      -0.15157513320446014,
      0.18292169272899628,
      1.0490734577178955,
      1.6786115169525146,
      0.8647706508636475,
      0.8902437090873718,
      -0.016347074881196022,
      1.5708194971084595,
      0.25524601340293884,
      1.1090869903564453,
      1.059802770614624
    ],
    [
      0.2964872419834137,
      2.2223381996154785,
      3.4751389026641846,
      9.711895942687988,
      1.8083738088607788,
      3.065822124481201,
      1.8776575326919556,
      1.6237825155258179,
      2.1818058490753174,
      3.92478346824646,
      2.786078691482544,
      3.6787161827087402,
      2.236727714538574,
      2.2859435081481934,
      2.2814276218414307,
      1.7340009212493896,
      1.943108081817627,
      1.914730429649353
    ],
    [
      -3.317420244216919,
      -1.4852032661437988,
      0.5019647479057312,
      1.8083738088607788,
      15.423857688903809,
      5.322241306304932,
      9.373781204223633,
      2.147900104522705,
      5.433509826660156,
      3.360456943511963,
      2.792811393737793,
      1.8960930109024048,
      0.7612062692642212,
      0.4762662351131439,
      1.2634302377700806,
      0.1132020577788353,
      -0.14737634360790253,
      0.05487040802836418
    ],
    [
      -1.4498590230941772,
      0.9695625305175781,
      1.1992489099502563,
      3.065822124481201,
      5.322241306304932,
      10.310694694519043,
      3.7814371585845947,
      5.237680912017822,
      3.9381606578826904,
      7.103461742401123,
      3.3898825645446777,
      5.221107006072998,
      3.738288402557373,
      4.227970600128174,
      3.5837769508361816,
      3.482732057571411,
      3.153717279434204,
      2.8365747928619385
    ],
    [
      -3.880826473236084,
      -2.311737298965454,
      -1.5535227060317993,
      1.8776575326919556,
      9.373781204223633,
      3.7814371585845947,
      22.519554138183594,
      5.150708198547363,
      9.128472328186035,
      5.369910717010498,
      3.775639772415161,
      3.5685319900512695,
      1.7754579782485962,
      1.6644936800003052,
      1.1816731691360474,
      0.671115517616272,
      0.48007285594940186,
      -0.20046472549438477
    ],
    [
      -0.880814254283905,
      0.7576061487197876,
      -0.15157513320446014,
      1.6237825155258179,
      2.147900104522705,
      5.237680912017822,
      5.150708198547363,
      10.64892578125,
      5.284576416015625,
      8.709846496582031,
      4.261935710906982,
      6.932944297790527,
      4.821830749511719,
      5.818845272064209,
      3.7754170894622803,
      5.536383628845215,
      4.3899641036987305,
      3.7331838607788086
    ],
    [
      -2.6988399028778076,
      0.4054257571697235,
      0.18292169272899628,
      2.1818058490753174,
      5.433509826660156,
      3.9381606578826904,
      9.128472328186035,
      5.284576416015625,
      14.140290260314941,
      8.810760498046875,
      8.349236488342285,
      6.724082946777344,
      7.3867034912109375,
      5.8055644035339355,
      4.88466739654541,
      4.17162561416626,
      4.5156779289245605,
      2.736384391784668
    ],
    [
      -1.4061640501022339,
      1.5381513833999634,
      1.0490734577178955,
      3.92478346824646,
      3.360456943511963,
      7.103461742401123,
      5.369910717010498,
      8.709846496582031,
      8.810760498046875,
      13.639981269836426,
      6.884833812713623,
      9.67668628692627,
      7.476496696472168,
      8.300868034362793,
      5.5112833976745605,
      7.052061557769775,
      5.672728538513184,
      4.964080810546875
    ],
    [
      -1.5212825536727905,
      1.2283915281295776,
      1.6786115169525146,
      2.786078691482544,
      2.792811393737793,
      3.3898825645446777,
      3.775639772415161,
      4.261935710906982,
      8.349236488342285,
      6.884833812713623,
      11.422351837158203,
      7.251989841461182,
      9.381013870239258,
      6.252852916717529,
      5.80837869644165,
      4.751710414886475,
      4.983866214752197,
      3.4037516117095947
    ],
    [
      -0.577159583568573,
      2.3730738162994385,
      0.8647706508636475,
      3.6787161827087402,
      1.8960930109024048,
      5.221107006072998,
      3.5685319900512695,
      6.932944297790527,
      6.724082946777344,
      9.67668628692627,
      7.251989841461182,
      9.940535545349121,
      7.395721435546875,
      8.610180854797363,
      5.184380054473877,
      7.111837387084961,
      5.383872032165527,
      5.113133907318115
    ],
    [
      -0.994376540184021,
      1.042980432510376,
      0.8902437090873718,
      2.236727714538574,
      0.7612062692642212,
      3.738288402557373,
      1.7754579782485962,
      4.821830749511719,
      7.3867034912109375,
      7.476496696472168,
      9.381013870239258,
      7.395721435546875,
      14.957529067993164,
      9.839944839477539,
      8.988787651062012,
      8.300128936767578,
      7.5981526374816895,
      5.595353603363037
    ],
    [
      -0.3851173222064972,
      1.1368132829666138,
      -0.016347074881196022,
      2.2859435081481934,
      0.4762662351131439,
      4.227970600128174,
      1.6644936800003052,
      5.818845272064209,
      5.8055644035339355,
      8.300868034362793,
      6.252852916717529,
      8.610180854797363,
      9.839944839477539,
      12.373442649841309,
      6.852309226989746,
      10.353700637817383,
      6.134087085723877,
      6.883426666259766
    ],
    [
      -0.632068932056427,
      0.9350232481956482,
      1.5708194971084595,
      2.2814276218414307,
      1.2634302377700806,
      3.5837769508361816,
      1.1816731691360474,
      3.7754170894622803,
      4.88466739654541,
      5.5112833976745605,
      5.80837869644165,
      5.184380054473877,
      8.988787651062012,
      6.852309226989746,
      12.404052734375,
      7.129024505615234,
      11.144529342651367,
      5.513668537139893
    ],
    [
      0.09975962340831757,
      1.9065932035446167,
      0.25524601340293884,
      1.7340009212493896,
      0.1132020577788353,
      3.482732057571411,
      0.671115517616272,
      5.536383628845215,
      4.17162561416626,
      7.052061557769775,
      4.751710414886475,
      7.111837387084961,
      8.300128936767578,
      10.353700637817383,
      7.129024505615234,
      12.187239646911621,
      7.273437023162842,
      8.881062507629395
    ],
    [
      0.01423343550413847,
      2.78974986076355,
      1.1090869903564453,
      1.943108081817627,
      -0.14737634360790253,
      3.153717279434204,
      0.48007285594940186,
      4.3899641036987305,
      4.5156779289245605,
      5.672728538513184,
      4.983866214752197,
      5.383872032165527,
      7.5981526374816895,
      6.134087085723877,
      11.144529342651367,
      7.273437023162842,
      15.206186294555664,
      7.99214506149292
    ],
    [
      0.28641337156295776,
      2.499903917312622,
      1.059802770614624,
      1.914730429649353,
      0.05487040802836418,
      2.8365747928619385,
      -0.20046472549438477,
      3.7331838607788086,
      2.736384391784668,
      4.964080810546875,
      3.4037516117095947,
      5.113133907318115,
      5.595353603363037,
      6.883426666259766,
      5.513668537139893,
      8.881062507629395,
      7.99214506149292,
      10.086523056030273
    ]
  ],
  "covariance_short": [
    [
      33.05868148803711,
      13.62917709350586,
      3.5163254737854004,
      1.5487935543060303,
      -3.986042022705078,
      -1.8434948921203613,
      -5.359161376953125,
      -1.7855890989303589,
      -2.876162052154541,
      -1.3593246936798096,
      -1.0334376096725464,
      0.1670144647359848,
      -0.6031686663627625,
      0.6013559103012085,
      0.7276632189750671,
      1.697277545928955,
      4.327055931091309,
      5.604219913482666
    ],
    [
      13.62917709350586,
      41.257415771484375,
      2.268505573272705,
      3.329211950302124,
      -1.4333539009094238,
      0.5690973997116089,
      -2.8963167667388916,
      -0.1301739513874054,
      0.30351510643959045,
      1.2553212642669678,
      1.4938706159591675,
      2.6459991931915283,
      1.9592148065567017,
      2.265177011489868,
      1.5296865701675415,
      3.091430425643921,
      4.5527777671813965,
      5.522471904754639
    ],
    [
      3.5163254737854004,
      2.268505573272705,
      11.439231872558594,
      2.8426339626312256,
      0.24690158665180206,
      0.6751364469528198,
      -3.5995521545410156,
      -0.42924410104751587,
      -0.3629523515701294,
      0.8114164471626282,
      1.5204620361328125,
      1.1214958429336548,
      0.5911303758621216,
      0.541393518447876,
      1.7831348180770874,
      0.9955939054489136,
      3.181830644607544,
      3.034350872039795
    ],
    [
      1.5487935543060303,
      3.329211950302124,
      2.8426339626312256,
      12.75871753692627,
      -0.4448692798614502,
      2.4481730461120605,
      -0.4648994207382202,
      1.3001924753189087,
      0.23652969300746918,
      2.062530279159546,
      1.120543360710144,
      2.638370990753174,
      1.2676846981048584,
      1.9975086450576782,
      1.8389636278152466,
      2.2342848777770996,
      2.6875534057617188,
      3.4884915351867676
    ],
    [
      -3.986042022705078,
      -1.4333539009094238,
      0.24690158665180206,
      -0.4448692798614502,
      25.18425178527832,
      5.3964128494262695,
      10.874246597290039,
      2.2978570461273193,
      8.83953857421875,
      3.7220101356506348,
      6.548579692840576,
      2.8573365211486816,
      3.6764466762542725,
      2.0505282878875732,
      3.497300863265991,
      2.8237438201904297,
      1.8336644172668457,
      2.6641011238098145
    ],
    [
      -1.8434948921203613,
      0.5690973997116089,
      0.6751364469528198,
      2.4481730461120605,
      5.3964128494262695,
      13.315393447875977,
      2.7378318309783936,
      5.041663646697998,
      4.316034317016602,
      7.25271463394165,
      3.889538049697876,
      5.8203125,
      4.319429874420166,
      4.8603386878967285,
      3.8318426609039307,
      4.213164329528809,
      3.3742568492889404,
      3.3899176120758057
    ],
    [
      -5.359161376953125,
      -2.8963167667388916,
      -3.5995521545410156,
      -0.4648994207382202,
      10.874246597290039,
      2.7378318309783936,
      29.696781158447266,
      5.324993133544922,
      12.077549934387207,
      4.575725078582764,
      5.9871063232421875,
      3.138899087905884,
      4.061794757843018,
      2.17952823638916,
      2.721116065979004,
      2.453575611114502,
      0.4352048635482788,
      0.8420100808143616
    ],
    [
      -1.7855890989303589,
      -0.1301739513874054,
      -0.42924410104751587,
      1.3001924753189087,
      2.2978570461273193,
      5.041663646697998,
      5.324993133544922,
      12.957694053649902,
      5.218816757202148,
      8.199886322021484,
      4.2820024490356445,
      7.036623001098633,
      4.876017093658447,
      6.336256504058838,
      4.042205810546875,
      6.436410903930664,
      4.567368507385254,
      4.798658847808838
    ],
    [
      -2.876162052154541,
      0.30351510643959045,
      -0.3629523515701294,
      0.23652969300746918,
      8.83953857421875,
      4.316034317016602,
      12.077549934387207,
      5.218816757202148,
      21.21131134033203,
      10.020960807800293,
      12.401949882507324,
      7.844841480255127,
      10.777315139770508,
      7.535818099975586,
      7.4597601890563965,
      6.729366779327393,
      6.33978271484375,
      5.31463098526001
    ],
    [
      -1.3593246936798096,
      1.2553212642669678,
      0.8114164471626282,
      2.062530279159546,
      3.7220101356506348,
      7.25271463394165,
      4.575725078582764,
      8.199886322021484,
      10.020960807800293,
      15.47068977355957,
      7.849946022033691,
      10.468316078186035,
      8.352946281433105,
      9.456414222717285,
      6.135613918304443,
      8.570218086242676,
      6.144332408905029,
      6.438279628753662
    ],
    [
      -1.0334376096725464,
      1.4938706159591675,
      1.5204620361328125,
      1.120543360710144,
      6.548579692840576,
      3.889538049697876,
      5.9871063232421875,
      4.2820024490356445,
      12.401949882507324,
      7.849946022033691,
      18.42045021057129,
      9.614707946777344,
      14.636369705200195,
      9.204469680786133,
      10.640631675720215,
      8.877729415893555,
      9.293121337890625,
      7.613844394683838
    ],
    [
      0.1670144647359848,
      2.6459991931915283,
      1.1214958429336548,
      2.638370990753174,
      2.8573365211486816,
      5.8203125,
      3.138899087905884,
      7.036623001098633,
      7.844841480255127,
      10.468316078186035,
      9.614707946777344,
      13.17387580871582,
      9.684207916259766,
      11.471665382385254,
      7.570994853973389,
      10.954800605773926,
      8.299823760986328,
      9.376363754272461
    ],
    [
      -0.6031686663627625,
      1.9592148065567017,
      0.5911303758621216,
      1.2676846981048584,
      3.6764466762542725,
      4.319429874420166,
      4.061794757843018,
      4.876017093658447,
      10.777315139770508,
      8.352946281433105,
      14.636369705200195,
      9.684207916259766,
      23.087308883666992,
      14.55117416381836,
      16.59720802307129,
      15.232632637023926,
      15.05595874786377,
      12.884851455688477
    ],
    [
      0.6013559103012085,
      2.265177011489868,
      0.541393518447876,
      1.9975086450576782,
      2.0505282878875732,
      4.8603386878967285,
      2.17952823638916,
      6.336256504058838,
      7.535818099975586,
      9.456414222717285,
      9.204469680786133,
      11.471665382385254,
      14.55117416381836,
      19.272214889526367,
      12.6895170211792,
      19.11392593383789,
      13.397510528564453,
      17.053735733032227
    ],
    [
      0.7276632189750671,
      1.5296865701675415,
      1.7831348180770874,
      1.8389636278152466,
      3.497300863265991,
      3.8318426609039307,
      2.721116065979004,
      4.042205810546875,
      7.4597601890563965,
      6.135613918304443,
      10.640631675720215,
      7.570994853973389,
      16.59720802307129,
      12.6895170211792,
      25.587318420410156,
      17.919992446899414,
      26.090803146362305,
      19.199691772460938
    ],
    [
      1.697277545928955,
      3.091430425643921,
      0.9955939054489136,
      2.2342848777770996,
      2.8237438201904297,
      4.213164329528809,
      2.453575611114502,
      6.436410903930664,
      6.729366779327393,
      8.570218086242676,
      8.877729415893555,
      10.954800605773926,
      15.232632637023926,
      19.11392593383789,
      17.919992446899414,
      27.685834884643555,
      21.41248893737793,
      27.264299392700195
    ],
    [
      4.327055931091309,
      4.5527777671813965,
      3.181830644607544,
      2.6875534057617188,
      1.8336644172668457,
      3.3742568492889404,
      0.4352048635482788,
      4.567368507385254,
      6.33978271484375,
      6.144332408905029,
      9.293121337890625,
      8.299823760986328,
      15.05595874786377,
      13.397510528564453,
      26.090803146362305,
      21.41248893737793,
      42.06634521484375,
      32.074405670166016
    ],
    [
      5.604219913482666,
      5.522471904754639,
      3.034350872039795,
      3.4884915351867676,
      2.6641011238098145,
      3.3899176120758057,
      0.8420100808143616,
      4.798658847808838,
      5.31463098526001,
      6.438279628753662,
      7.613844394683838,
      9.376363754272461,
      12.884851455688477,
      17.053735733032227,
      19.199691772460938,
      27.264299392700195,
      32.074405670166016,
      41.856327056884766
    ]
  ],
  "damage": -1.0903936624526978,
  "diff_bandwidth": 751.4889526367188,
  "dissonance": 9.234950273681966,
  "drr": -2.2450194358825684,
  "dynamics": 1.5568773746490479,
  "format": 1245190,
  "frames": 13985728,
  "loudness": -5.88213586807251,
  "loudness_range": 2.763936996459961,
  "loudness_range_short": 5.1936936378479,
  "lowpass_true_peak_15khz": 1.1353626251220703,
  "mastering3_acoustic_entropies": [
    {
      "acoustic_entropy": 7.459742069244385,
      "acoustic_entropy_mono": 7.8521409034729,
      "band_eliminated_acoustic_entropies": [
        {
          "acoustic_entropy": 7.472437381744385,
          "acoustic_entropy_side": 7.459771156311035,
          "hz": 129.47220167065723
        },
        {
          "acoustic_entropy": 7.511427402496338,
          "acoustic_entropy_side": 7.464422225952148,
          "hz": 202.92927478742237
        },
        {
          "acoustic_entropy": 7.403609752655029,
          "acoustic_entropy_side": 7.477939605712891,
          "hz": 282.89161906338205
        },
        {
          "acoustic_entropy": 7.250595569610596,
          "acoustic_entropy_side": 7.4577178955078125,
          "hz": 369.9353335868758
        },
        {
          "acoustic_entropy": 7.1572113037109375,
          "acoustic_entropy_side": 7.40587854385376,
          "hz": 464.6875360973435
        },
        {
          "acoustic_entropy": 7.76533842086792,
          "acoustic_entropy_side": 7.530094146728516,
          "hz": 567.8308811364784
        },
        {
          "acoustic_entropy": 6.657676696777344,
          "acoustic_entropy_side": 7.429638385772705,
          "hz": 680.1084783214808
        },
        {
          "acoustic_entropy": 8.323811531066895,
          "acoustic_entropy_side": 7.450605869293213,
          "hz": 802.3292461747484
        },
        {
          "acoustic_entropy": 7.8966827392578125,
          "acoustic_entropy_side": 7.290782928466797,
          "hz": 935.3737400823702
        },
        {
          "acoustic_entropy": 7.153703689575195,
          "acoustic_entropy_side": 7.653010368347168,
          "hz": 1080.2004963696966
        },
        {
          "acoustic_entropy": 7.466582298278809,
          "acoustic_entropy_side": 7.432372093200684,
          "hz": 1237.8529382007157
        },
        {
          "acoustic_entropy": 7.6161370277404785,
          "acoustic_entropy_side": 7.478115081787109,
          "hz": 1409.4668930556702
        },
        {
          "acoustic_entropy": 7.7884979248046875,
          "acoustic_entropy_side": 7.463177680969238,
          "hz": 1596.2787759475705
        },
        {
          "acoustic_entropy": 7.7111968994140625,
          "acoustic_entropy_side": 7.516096115112305,
          "hz": 1799.6344973346393
        },
        {
          "acoustic_entropy": 7.564662933349609,
          "acoustic_entropy_side": 7.469192981719971,
          "hz": 2020.9991599069049
        },
        {
          "acoustic_entropy": 7.286853313446045,
          "acoustic_entropy_side": 7.286361217498779,
          "hz": 2261.9676141086993
        },
        {
          "acoustic_entropy": 7.615165710449219,
          "acoustic_entropy_side": 7.283815383911133,
          "hz": 2524.2759484456974
        },
        {
          "acoustic_entropy": 7.096661567687988,
          "acoustic_entropy_side": 7.3107590675354,
          "hz": 2809.813997359896
        },
        {
          "acoustic_entropy": 7.278872966766357,
          "acoustic_entropy_side": 7.394650936126709,
          "hz": 3120.6389567871424
        },
        {
          "acoustic_entropy": 7.207842826843262,
          "acoustic_entropy_side": 7.407271862030029,
          "hz": 3458.990205492291
        },
        {
          "acoustic_entropy": 7.356171131134033,
          "acoustic_entropy_side": 7.410288333892822,
          "hz": 3827.305438964164
        },
        {
          "acoustic_entropy": 7.36256742477417,
          "acoustic_entropy_side": 7.417783260345459,
          "hz": 4228.238232109126
        },
        {
          "acoustic_entropy": 7.267670631408691,
          "acoustic_entropy_side": 7.406181335449219,
          "hz": 4664.6771572759235
        },
        {
          "acoustic_entropy": 7.255786895751953,
          "acoustic_entropy_side": 7.416119575500488,
          "hz": 5139.766595350093
        },
        {
          "acoustic_entropy": 7.303714275360107,
          "acoustic_entropy_side": 7.420097351074219,
          "hz": 5656.929389854203
        },
        {
          "acoustic_entropy": 7.247811794281006,
          "acoustic_entropy_side": 7.42683219909668,
          "hz": 6219.891507268283
        },
        {
          "acoustic_entropy": 7.246909141540527,
          "acoustic_entropy_side": 7.444286823272705,
          "hz": 6832.70888123896
        },
        {
          "acoustic_entropy": 7.384403228759766,
          "acoustic_entropy_side": 7.442263603210449,
          "hz": 7499.796634079867
        },
        {
          "acoustic_entropy": 7.388701438903809,
          "acoustic_entropy_side": 7.4209184646606445,
          "hz": 8225.96088609342
        },
        {
          "acoustic_entropy": 7.405010223388672,
          "acoustic_entropy_side": 7.4274678230285645,
          "hz": 9016.43338188839
        },
        {
          "acoustic_entropy": 7.457915782928467,
          "acoustic_entropy_side": 7.44734001159668,
          "hz": 9876.909183162974
        },
        {
          "acoustic_entropy": 7.578979015350342,
          "acoustic_entropy_side": 7.461972713470459,
          "hz": 10813.587699516042
        },
        {
          "acoustic_entropy": 7.306957244873047,
          "acoustic_entropy_side": 7.435338020324707,
          "hz": 11833.21735289826
        },
        {
          "acoustic_entropy": 7.399024963378906,
          "acoustic_entropy_side": 7.441534519195557,
          "hz": 12943.144197493959
        },
        {
          "acoustic_entropy": 7.4318108558654785,
          "acoustic_entropy_side": 7.457427978515625,
          "hz": 14151.364845322005
        },
        {
          "acoustic_entropy": 7.461963176727295,
          "acoustic_entropy_side": 7.463161468505859,
          "hz": 15466.58407886509
        },
        {
          "acoustic_entropy": 7.437123775482178,
          "acoustic_entropy_side": 7.461379528045654,
          "hz": 16898.27756580493
        },
        {
          "acoustic_entropy": 7.458686351776123,
          "acoustic_entropy_side": 7.459315299987793,
          "hz": 18456.760127700032
        },
        {
          "acoustic_entropy": 7.459055423736572,
          "acoustic_entropy_side": 7.459372043609619,
          "hz": 20153.260054456492
        },
        {
          "acoustic_entropy": 7.459740161895752,
          "acoustic_entropy_side": 7.459741592407227,
          "hz": 22000.00000000001
        }
      ],
      "diff_acoustic_entropy": 6.326415061950684,
      "sn": 6
    },
    {
      "acoustic_entropy": 11.313445091247559,
      "acoustic_entropy_mono": 11.777963638305664,
      "band_eliminated_acoustic_entropies": [
        {
          "acoustic_entropy": 11.297608375549316,
          "acoustic_entropy_side": 11.314104080200195,
          "hz": 129.47220167065723
        },
        {
          "acoustic_entropy": 11.086734771728516,
          "acoustic_entropy_side": 11.353385925292969,
          "hz": 202.92927478742237
        },
        {
          "acoustic_entropy": 11.343889236450195,
          "acoustic_entropy_side": 11.295668601989746,
          "hz": 282.89161906338205
        },
        {
          "acoustic_entropy": 11.34937572479248,
          "acoustic_entropy_side": 11.164615631103516,
          "hz": 369.9353335868758
        },
        {
          "acoustic_entropy": 11.197969436645508,
          "acoustic_entropy_side": 11.434091567993164,
          "hz": 464.6875360973435
        },
        {
          "acoustic_entropy": 9.981518745422363,
          "acoustic_entropy_side": 10.87314224243164,
          "hz": 567.8308811364784
        },
        {
          "acoustic_entropy": 11.028987884521484,
          "acoustic_entropy_side": 10.937288284301758,
          "hz": 680.1084783214808
        },
        {
          "acoustic_entropy": 11.153380393981934,
          "acoustic_entropy_side": 11.30380916595459,
          "hz": 802.3292461747484
        },
        {
          "acoustic_entropy": 10.921234130859375,
          "acoustic_entropy_side": 11.162639617919922,
          "hz": 935.3737400823702
        },
        {
          "acoustic_entropy": 10.450139999389648,
          "acoustic_entropy_side": 11.715055465698242,
          "hz": 1080.2004963696966
        },
        {
          "acoustic_entropy": 10.814624786376953,
          "acoustic_entropy_side": 11.450953483581543,
          "hz": 1237.8529382007157
        },
        {
          "acoustic_entropy": 11.480606079101562,
          "acoustic_entropy_side": 11.288040161132812,
          "hz": 1409.4668930556702
        },
        {
          "acoustic_entropy": 11.301419258117676,
          "acoustic_entropy_side": 11.48863697052002,
          "hz": 1596.2787759475705
        },
        {
          "acoustic_entropy": 11.429763793945312,
          "acoustic_entropy_side": 11.582951545715332,
          "hz": 1799.6344973346393
        },
        {
          "acoustic_entropy": 11.343896865844727,
          "acoustic_entropy_side": 11.516111373901367,
          "hz": 2020.9991599069049
        },
        {
          "acoustic_entropy": 10.969908714294434,
          "acoustic_entropy_side": 11.4621000289917,
          "hz": 2261.9676141086993
        },
        {
          "acoustic_entropy": 11.574469566345215,
          "acoustic_entropy_side": 11.377068519592285,
          "hz": 2524.2759484456974
        },
        {
          "acoustic_entropy": 11.106111526489258,
          "acoustic_entropy_side": 11.104110717773438,
          "hz": 2809.813997359896
        },
        {
          "acoustic_entropy": 11.250332832336426,
          "acoustic_entropy_side": 11.428106307983398,
          "hz": 3120.6389567871424
        },
        {
          "acoustic_entropy": 11.081504821777344,
          "acoustic_entropy_side": 11.296717643737793,
          "hz": 3458.990205492291
        },
        {
          "acoustic_entropy": 11.385557174682617,
          "acoustic_entropy_side": 11.34566593170166,
          "hz": 3827.305438964164
        },
        {
          "acoustic_entropy": 11.078812599182129,
          "acoustic_entropy_side": 11.22959041595459,
          "hz": 4228.238232109126
        },
        {
          "acoustic_entropy": 10.932258605957031,
          "acoustic_entropy_side": 10.997857093811035,
          "hz": 4664.6771572759235
        },
        {
          "acoustic_entropy": 11.055330276489258,
          "acoustic_entropy_side": 11.08511734008789,
          "hz": 5139.766595350093
        },
        {
          "acoustic_entropy": 11.302785873413086,
          "acoustic_entropy_side": 11.199831008911133,
          "hz": 5656.929389854203
        },
        {
          "acoustic_entropy": 10.850471496582031,
          "acoustic_entropy_side": 11.093024253845215,
          "hz": 6219.891507268283
        },
        {
          "acoustic_entropy": 11.291777610778809,
          "acoustic_entropy_side": 11.334071159362793,
          "hz": 6832.70888123896
        },
        {
          "acoustic_entropy": 11.545576095581055,
          "acoustic_entropy_side": 11.335548400878906,
          "hz": 7499.796634079867
        },
        {
          "acoustic_entropy": 11.272258758544922,
          "acoustic_entropy_side": 11.173861503601074,
          "hz": 8225.96088609342
        },
        {
          "acoustic_entropy": 11.228598594665527,
          "acoustic_entropy_side": 11.077756881713867,
          "hz": 9016.43338188839
        },
        {
          "acoustic_entropy": 10.864550590515137,
          "acoustic_entropy_side": 11.099555015563965,
          "hz": 9876.909183162974
        },
        {
          "acoustic_entropy": 10.62279987335205,
          "acoustic_entropy_side": 11.23304271697998,
          "hz": 10813.587699516042
        },
        {
          "acoustic_entropy": 10.789005279541016,
          "acoustic_entropy_side": 11.171001434326172,
          "hz": 11833.21735289826
        },
        {
          "acoustic_entropy": 10.744383811950684,
          "acoustic_entropy_side": 11.171279907226562,
          "hz": 12943.144197493959
        },
        {
          "acoustic_entropy": 10.985072135925293,
          "acoustic_entropy_side": 11.177764892578125,
          "hz": 14151.364845322005
        },
        {
          "acoustic_entropy": 10.922859191894531,
          "acoustic_entropy_side": 11.30700969696045,
          "hz": 15466.58407886509
        },
        {
          "acoustic_entropy": 11.0521821975708,
          "acoustic_entropy_side": 11.309280395507812,
          "hz": 16898.27756580493
        },
        {
          "acoustic_entropy": 11.260396957397461,
          "acoustic_entropy_side": 11.314651489257812,
          "hz": 18456.760127700032
        },
        {
          "acoustic_entropy": 11.316162109375,
          "acoustic_entropy_side": 11.319376945495605,
          "hz": 20153.260054456492
        },
        {
          "acoustic_entropy": 11.31350326538086,
          "acoustic_entropy_side": 11.313563346862793,
          "hz": 22000.00000000001
        }
      ],
      "diff_acoustic_entropy": 10.490559577941895,
      "sn": 12
    },
    {
      "acoustic_entropy": 15.581808090209961,
      "acoustic_entropy_mono": 14.097278594970703,
      "band_eliminated_acoustic_entropies": [
        {
          "acoustic_entropy": 15.516093254089355,
          "acoustic_entropy_side": 15.516593933105469,
          "hz": 129.47220167065723
        },
        {
          "acoustic_entropy": 16.480960845947266,
          "acoustic_entropy_side": 15.654850959777832,
          "hz": 202.92927478742237
        },
        {
          "acoustic_entropy": 15.951258659362793,
          "acoustic_entropy_side": 15.726774215698242,
          "hz": 282.89161906338205
        },
        {
          "acoustic_entropy": 15.078926086425781,
          "acoustic_entropy_side": 15.488897323608398,
          "hz": 369.9353335868758
        },
        {
          "acoustic_entropy": 16.128658294677734,
          "acoustic_entropy_side": 15.208271980285645,
          "hz": 464.6875360973435
        },
        {
          "acoustic_entropy": 14.857192993164062,
          "acoustic_entropy_side": 15.406359672546387,
          "hz": 567.8308811364784
        },
        {
          "acoustic_entropy": 15.102700233459473,
          "acoustic_entropy_side": 15.756697654724121,
          "hz": 680.1084783214808
        },
        {
          "acoustic_entropy": 15.03679084777832,
          "acoustic_entropy_side": 15.580954551696777,
          "hz": 802.3292461747484
        },
        {
          "acoustic_entropy": 15.307616233825684,
          "acoustic_entropy_side": 15.355427742004395,
          "hz": 935.3737400823702
        },
        {
          "acoustic_entropy": 15.175238609313965,
          "acoustic_entropy_side": 15.865921020507812,
          "hz": 1080.2004963696966
        },
        {
          "acoustic_entropy": 15.685016632080078,
          "acoustic_entropy_side": 15.034956932067871,
          "hz": 1237.8529382007157
        },
        {
          "acoustic_entropy": 14.871598243713379,
          "acoustic_entropy_side": 15.53589153289795,
          "hz": 1409.4668930556702
        },
        {
          "acoustic_entropy": 15.841171264648438,
          "acoustic_entropy_side": 15.646073341369629,
          "hz": 1596.2787759475705
        },
        {
          "acoustic_entropy": 14.895096778869629,
          "acoustic_entropy_side": 15.315165519714355,
          "hz": 1799.6344973346393
        },
        {
          "acoustic_entropy": 15.437838554382324,
          "acoustic_entropy_side": 15.493149757385254,
          "hz": 2020.9991599069049
        },
        {
          "acoustic_entropy": 15.541478157043457,
          "acoustic_entropy_side": 15.477416038513184,
          "hz": 2261.9676141086993
        },
        {
          "acoustic_entropy": 15.481331825256348,
          "acoustic_entropy_side": 15.396200180053711,
          "hz": 2524.2759484456974
        },
        {
          "acoustic_entropy": 15.105659484863281,
          "acoustic_entropy_side": 15.515951156616211,
