{
  "acoustic_entropy": 90.97675323486328,
  "bands": [
    {
      "high_freq": 148.1999969482422,
      "loudness": -38.07592010498047,
      "loudness_range": 40.49762725830078,
      "mid_mean": -52.16635513305664,
      "mid_to_side_loudness": -15.33531665802002,
      "mid_to_side_loudness_range": 30.518728256225586,
      "side_mean": -69.32450866699219
    },
    {
      "high_freq": 392.3793640136719,
      "loudness": -21.250192642211914,
      "loudness_range": 24.02987289428711,
      "low_freq": 148.1999969482422,
      "mid_mean": -22.22366714477539,
      "mid_to_side_loudness": -7.598989486694336,
      "mid_to_side_loudness_range": 18.31919288635254,
      "side_mean": -68.70849609375
    },
    {
      "high_freq": 794.6976318359375,
      "loudness": -26.149381637573242,
      "loudness_range": 24.08917999267578,
      "low_freq": 392.3793640136719,
      "mid_mean": -25.355281829833984,
      "mid_to_side_loudness": -4.647342681884766,
      "mid_to_side_loudness_range": 18.7938232421875,
      "side_mean": -65.7415542602539
    },
    {
      "high_freq": 1457.5709228515625,
      "loudness": -36.41423797607422,
      "loudness_range": 24.13408088684082,
      "low_freq": 794.6976318359375,
      "mid_mean": -50.532649993896484,
      "mid_to_side_loudness": -3.0836446285247803,
      "mid_to_side_loudness_range": 23.942684173583984,
      "side_mean": -66.1683578491211
    },
    {
      "high_freq": 2549.74365234375,
      "loudness": -42.60468292236328,
      "loudness_range": 27.177400588989258,
      "low_freq": 1457.5709228515625,
      "mid_mean": -54.62470626831055,
      "mid_to_side_loudness": -4.8463568687438965,
      "mid_to_side_loudness_range": 20.581464767456055,
      "side_mean": -66.84302520751953
    },
    {
      "high_freq": 4349.24462890625,
      "loudness": -48.300865173339844,
      "loudness_range": 28.461063385009766,
      "low_freq": 2549.74365234375,
      "mid_mean": -58.79210662841797,
      "mid_to_side_loudness": -5.609138488769531,
      "mid_to_side_loudness_range": 29.52853775024414,
      "side_mean": -67.21281433105469
    },
    {
      "high_freq": 7314.1640625,
      "loudness": -54.6539192199707,
      "loudness_range": 29.896278381347656,
      "low_freq": 4349.24462890625,
      "mid_mean": -62.55754470825195,
      "mid_to_side_loudness": -6.125002384185791,
      "mid_to_side_loudness_range": 23.499582290649414,
      "side_mean": -69.25166320800781
    },
    {
      "high_freq": 12199.2666015625,
      "loudness": -46.21326446533203,
      "loudness_range": 26.469215393066406,
      "low_freq": 7314.1640625,
      "mid_mean": -62.086360931396484,
      "mid_to_side_loudness": -4.811489582061768,
      "mid_to_side_loudness_range": 26.48615074157715,
      "side_mean": -69.8280258178711
    },
    {
      "loudness": -55.90644836425781,
      "loudness_range": 26.55109405517578,
      "low_freq": 12199.2666015625,
      "mid_mean": -64.00300598144531,
      "mid_to_side_loudness": -3.5973598957061768,
      "mid_to_side_loudness_range": 19.599971771240234,
      "side_mean": -68.90801239013672
    }
  ],
  "bands_short": [
    {
      "high_freq": 148.1999969482422,
      "loudness": -45.55629348754883,
      "loudness_range": 44.436702728271484,
      "mid_mean": -57.865333557128906,
      "mid_to_side_loudness": -14.363779067993164,
      "mid_to_side_loudness_range": 33.96164321899414,
      "side_mean": -69.60785675048828
    },
    {
      "high_freq": 392.3793640136719,
      "loudness": -20.54587173461914,
      "loudness_range": 25.958576202392578,
      "low_freq": 148.1999969482422,
      "mid_mean": -26.096084594726562,
      "mid_to_side_loudness": -7.328427791595459,
      "mid_to_side_loudness_range": 19.727895736694336,
      "side_mean": -69.15397644042969
    },
    {
      "high_freq": 794.6976318359375,
      "loudness": -25.654096603393555,
      "loudness_range": 26.27657699584961,
      "low_freq": 392.3793640136719,
      "mid_mean": -27.06987953186035,
      "mid_to_side_loudness": -2.937904119491577,
      "mid_to_side_loudness_range": 15.340852737426758,
      "side_mean": -66.16854095458984
    },
    {
      "high_freq": 1457.5709228515625,
      "loudness": -36.51722717285156,
      "loudness_range": 27.89209747314453,
      "low_freq": 794.6976318359375,
      "mid_mean": -53.48403549194336,
      "mid_to_side_loudness": -1.9675997495651245,
      "mid_to_side_loudness_range": 12.181227684020996,
      "side_mean": -66.52210998535156
    },
    {
      "high_freq": 2549.74365234375,
      "loudness": -43.772377014160156,
      "loudness_range": 32.22844314575195,
      "low_freq": 1457.5709228515625,
      "mid_mean": -57.91945266723633,
      "mid_to_side_loudness": -2.603924512863159,
      "mid_to_side_loudness_range": 11.937575340270996,
      "side_mean": -67.17053985595703
    },
    {
      "high_freq": 4349.24462890625,
      "loudness": -50.48360061645508,
      "loudness_range": 32.045284271240234,
      "low_freq": 2549.74365234375,
      "mid_mean": -61.82991027832031,
      "mid_to_side_loudness": -2.1684863567352295,
      "mid_to_side_loudness_range": 16.866064071655273,
      "side_mean": -67.52072143554688
    },
    {
      "high_freq": 7314.1640625,
      "loudness": -57.635807037353516,
      "loudness_range": 29.487716674804688,
      "low_freq": 4349.24462890625,
      "mid_mean": -65.06580352783203,
      "mid_to_side_loudness": -3.0551278591156006,
      "mid_to_side_loudness_range": 11.678997039794922,
      "side_mean": -69.42906951904297
    },
    {
      "high_freq": 12199.2666015625,
      "loudness": -47.98870086669922,
      "loudness_range": 31.816694259643555,
      "low_freq": 7314.1640625,
      "mid_mean": -64.5818099975586,
      "mid_to_side_loudness": -1.227823257446289,
      "mid_to_side_loudness_range": 6.323526382446289,
      "side_mean": -69.88287353515625
    },
    {
      "loudness": -69.53413391113281,
      "loudness_range": 29.313064575195312,
      "low_freq": 12199.2666015625,
      "mid_mean": -65.7621841430664,
      "mid_to_side_loudness": -2.551236629486084,
      "mid_to_side_loudness_range": 12.626212120056152,
      "side_mean": -68.92496490478516
    }
  ],
  "bandwidth": 396.3728332519531,
  "channels": 2,
  "covariance": [
    [
      389.5823974609375,
      3.261479377746582,
      116.46542358398438,
      2.2331948280334473,
      46.46586990356445,
      -17.179014205932617,
      265.5240783691406,
      -15.698368072509766,
      175.62954711914062,
      -11.773374557495117,
      141.95933532714844,
      -7.8785223960876465,
      122.02006530761719,
      2.3210434913635254,
      146.9733428955078,
      1.0692944526672363,
      92.97824096679688,
      -0.0560397133231163
    ],
    [
      3.261479377746582,
      8.949907302856445,
      -20.62517547607422,
      14.164981842041016,
      5.12770938873291,
      29.1677303314209,
      14.312430381774902,
      26.070449829101562,
      14.829800605773926,
      22.428895950317383,
      13.053117752075195,
      21.321836471557617,
      4.894503593444824,
      8.722882270812988,
      -3.778519868850708,
      2.2653751373291016,
      -2.5874667167663574,
      0.7427001595497131
    ],
    [
      116.46542358398438,
      -20.62517547607422,
      218.5921173095703,
      -38.734535217285156,
      77.50572204589844,
      -126.22134399414062,
      106.62503814697266,
      -111.13034057617188,
      70.1689224243164,
      -90.88139343261719,
      43.91316223144531,
      -82.78555297851562,
      41.985992431640625,
      -23.002256393432617,
      72.05961608886719,
      -5.327382564544678,
      41.761436462402344,
      -4.2939605712890625
    ],
    [
      2.2331948280334473,
      14.164981842041016,
      -38.734535217285156,
      27.470592498779297,
      5.3755316734313965,
      52.50770568847656,
      23.179052352905273,
      48.12935256958008,
      26.178579330444336,
      40.03749465942383,
      21.148874282836914,
      37.17678451538086,
      6.593863010406494,
      13.84444808959961,
      -7.982221603393555,
      3.149038791656494,
      -5.142297744750977,
      1.210829496383667
    ],
    [
      46.46586990356445,
      5.12770938873291,
      77.50572204589844,
      5.3755316734313965,
      138.7613067626953,
      -3.887394428253174,
      111.8934555053711,
      -7.026816368103027,
      93.64629364013672,
      -2.0242714881896973,
      49.9846076965332,
      2.303994655609131,
      15.946965217590332,
      6.4368414878845215,
      -5.710855960845947,
      2.077155828475952,
      -9.377996444702148,
      -1.755125641822815
    ],
    [
      -17.179014205932617,
      29.1677303314209,
      -126.22134399414062,
      52.50770568847656,
      -3.887394428253174,
      159.9290771484375,
      64.0103759765625,
      141.12509155273438,
      71.49925994873047,
      117.33467864990234,
      55.05439376831055,
      106.51284790039062,
      6.860916614532471,
      30.620452880859375,
      -29.04292869567871,
      6.637151718139648,
      -15.781489372253418,
      5.223683834075928
    ],
    [
      265.5240783691406,
      14.312430381774902,
      106.62503814697266,
      23.179052352905273,
      111.8934555053711,
      64.0103759765625,
      353.49530029296875,
      56.601539611816406,
      285.0459289550781,
      47.428321838378906,
      204.5633544921875,
      44.25725555419922,
      127.9410400390625,
      14.518476486206055,
      126.02770233154297,
      3.403404951095581,
      80.20246887207031,
      2.5227274894714355
    ],
    [
      -15.698368072509766,
      26.070449829101562,
      -111.13034057617188,
      48.12935256958008,
      -7.026816368103027,
      141.12509155273438,
      56.601539611816406,
      128.03814697265625,
      63.785919189453125,
      104.81167602539062,
      48.23310089111328,
      94.22351837158203,
      5.640793800354004,
      27.01271629333496,
      -26.08702850341797,
      5.9514665603637695,
      -13.899249076843262,
      5.019618988037109
    ],
    [
      175.62954711914062,
      14.829800605773926,
      70.1689224243164,
      26.178579330444336,
      93.64629364013672,
      71.49925994873047,
      285.0459289550781,
      63.785919189453125,
      264.20733642578125,
      54.31840515136719,
      194.5487518310547,
      49.75318908691406,
      119.35145568847656,
      16.4537296295166,
      106.70893096923828,
      3.886279344558716,
      67.5137710571289,
      2.5811777114868164
    ],
    [
      -11.773374557495117,
      22.428895950317383,
      -90.88139343261719,
      40.03749465942383,
      -2.0242714881896973,
      117.33467864990234,
      47.428321838378906,
      104.81167602539062,
      54.31840515136719,
      88.43954467773438,
      41.33045959472656,
      79.38641357421875,
      6.594568252563477,
      24.04664421081543,
      -21.215213775634766,
      5.388309955596924,
      -11.775996208190918,
      3.797969102859497
    ],
    [
      141.95933532714844,
      13.053117752075195,
      43.91316223144531,
      21.148874282836914,
      49.9846076965332,
      55.05439376831055,
      204.5633544921875,
      48.23310089111328,
      194.5487518310547,
      41.33045959472656,
      179.9507293701172,
      39.8859748840332,
      124.61737060546875,
      14.490553855895996,
      120.69528198242188,
      3.5690951347351074,
      78.95338439941406,
      1.5318918228149414
    ],
    [
      -7.8785223960876465,
      21.321836471557617,
      -82.78555297851562,
      37.17678451538086,
      2.303994655609131,
      106.51284790039062,
      44.25725555419922,
      94.22351837158203,
      49.75318908691406,
      79.38641357421875,
      39.8859748840332,
      73.8470230102539,
      8.23736572265625,
      23.49321937561035,
      -18.14937973022461,
      5.6221923828125,
      -10.580926895141602,
      3.135141372680664
    ],
    [
      122.02006530761719,
      4.894503593444824,
      41.985992431640625,
      6.593863010406494,
      15.946965217590332,
      6.860916614532471,
      127.9410400390625,
      5.640793800354004,
      119.35145568847656,
      6.594568252563477,
      124.61737060546875,
      8.23736572265625,
      114.52143859863281,
      7.361507892608643,
      123.08967590332031,
      2.4505112171173096,
      81.0816421508789,
      -0.7504106163978577
    ],
    [
      2.3210434913635254,
      8.722882270812988,
      -23.002256393432617,
      13.84444808959961,
      6.4368414878845215,
      30.620452880859375,
      14.518476486206055,
      27.01271629333496,
      16.4537296295166,
      24.04664421081543,
      14.490553855895996,
      23.49321937561035,
      7.361507892608643,
      11.236233711242676,
      -3.5812883377075195,
      3.33436918258667,
      -3.4069769382476807,
      0.1525879204273224
    ],
    [
      146.9733428955078,
      -3.778519868850708,
      72.05961608886719,
      -7.982221603393555,
      -5.710855960845947,
      -29.04292869567871,
      126.02770233154297,
      -26.08702850341797,
      106.70893096923828,
      -21.215213775634766,
      120.69528198242188,
      -18.14937973022461,
      123.08967590332031,
      -3.5812883377075195,
      171.202392578125,
      -0.08657576143741608,
      113.62854766845703,
      -1.1451771259307861
    ],
    [
      1.0692944526672363,
      2.2653751373291016,
      -5.327382564544678,
      3.149038791656494,
      2.077155828475952,
      6.637151718139648,
      3.403404951095581,
      5.9514665603637695,
      3.886279344558716,
      5.388309955596924,
      3.5690951347351074,
      5.6221923828125,
      2.4505112171173096,
      3.33436918258667,
      -0.08657576143741608,
      1.711166262626648,
      -0.6678813695907593,
      0.017603646963834763
    ],
    [
      92.97824096679688,
      -2.5874667167663574,
      41.761436462402344,
      -5.142297744750977,
      -9.377996444702148,
      -15.781489372253418,
      80.20246887207031,
      -13.899249076843262,
      67.5137710571289,
      -11.775996208190918,
      78.95338439941406,
      -10.580926895141602,
      81.0816421508789,
      -3.4069769382476807,
      113.62854766845703,
      -0.6678813695907593,
      80.97409057617188,
      0.09433883428573608
    ],
    [
      -0.0560397133231163,
      0.7427001595497131,
      -4.2939605712890625,
      1.210829496383667,
      -1.755125641822815,
      5.223683834075928,
      2.5227274894714355,
      5.019618988037109,
      2.5811777114868164,
      3.797969102859497,
      1.5318918228149414,
      3.135141372680664,
      -0.7504106163978577,
      0.1525879204273224,
      -1.1451771259307861,
      0.017603646963834763,
      0.09433883428573608,
      0.8965751528739929
    ]
  ],
  "covariance_short": [
    [
      269.9856262207031,
      2.7730114459991455,
      191.4525146484375,
      3.5087742805480957,
      92.44281768798828,
      -8.700787544250488,
      205.9729766845703,
      -7.901623249053955,
      113.35066223144531,
      -5.7674384117126465,
      71.76648712158203,
      -3.3510489463806152,
      51.61637878417969,
      2.3925933837890625,
      57.427791595458984,
      0.8714258670806885,
      31.420753479003906,
      0.18376818299293518
    ],
    [
      2.7730114459991455,
      4.527239799499512,
      -12.157430648803711,
      7.557969093322754,
      5.075869560241699,
      17.523685455322266,
      10.291289329528809,
      15.745015144348145,
      10.255014419555664,
      13.443526268005371,
      9.272882461547852,
      12.757913589477539,
      3.72658634185791,
      4.982791900634766,
      -1.2160292863845825,
      1.207308292388916,
      -0.7184563875198364,
      0.5309142470359802
    ],
    [
      191.4525146484375,
      -12.157430648803711,
      370.315185546875,
      -30.9444522857666,
      153.31771850585938,
      -166.02037048339844,
      155.70205688476562,
      -151.1825714111328,
      80.86090087890625,
      -120.18048858642578,
      32.280757904052734,
      -103.54767608642578,
      39.43958282470703,
      -20.024559020996094,
      64.70843505859375,
      -3.4634807109832764,
      25.331167221069336,
      -7.174808979034424
    ],
    [
      3.5087742805480957,
      7.557969093322754,
      -30.9444522857666,
      14.584578514099121,
      9.563875198364258,
      36.75574493408203,
      20.696392059326172,
      32.6275520324707,
      20.856210708618164,
      27.424514770507812,
      18.377437591552734,
      25.78705596923828,
      6.464876651763916,
      9.221502304077148,
      -2.9603164196014404,
      2.1782443523406982,
      -1.6502255201339722,
      1.0353471040725708
    ],
    [
      92.44281768798828,
      5.075869560241699,
      153.31771850585938,
      9.563875198364258,
      223.82135009765625,
      7.247430801391602,
      179.19056701660156,
      0.6933612823486328,
      142.801513671875,
      4.848259925842285,
      69.1226577758789,
      8.707193374633789,
      15.029369354248047,
      8.146512031555176,
      -12.682226181030273,
      2.1752383708953857,
      -16.66697883605957,
      -1.4298903942108154
    ],
    [
      -8.700787544250488,
      17.523685455322266,
      -166.02037048339844,
      36.75574493408203,
      7.247430801391602,
      144.63526916503906,
      70.79878234863281,
      127.00213623046875,
      74.8433609008789,
      104.51553344726562,
      61.967262268066406,
      94.73787689208984,
      11.95565128326416,
      23.89238929748535,
      -17.335783004760742,
      4.638705253601074,
      -7.156528472900391,
      5.041988849639893
    ],
    [
      205.9729766845703,
      10.291289329528809,
      155.70205688476562,
      20.696392059326172,
      179.19056701660156,
      70.79878234863281,
      350.2039489746094,
      64.5005874633789,
      264.8574523925781,
      52.22086715698242,
      170.5005340576172,
      47.995399475097656,
      91.26653289794922,
      13.573861122131348,
      84.95433807373047,
      2.7492904663085938,
      49.2456169128418,
      2.7215373516082764
    ],
    [
      -7.901623249053955,
      15.745015144348145,
      -151.1825714111328,
      32.6275520324707,
      0.6933612823486328,
      127.00213623046875,
      64.5005874633789,
      117.02577209472656,
      67.10808563232422,
      93.91962432861328,
      54.37226104736328,
      83.7709732055664,
      10.214863777160645,
      20.982194900512695,
      -15.737637519836426,
      4.090290546417236,
      -6.253023624420166,
      4.83735466003418
    ],
    [
      113.35066223144531,
      10.255014419555664,
      80.86090087890625,
      20.856210708618164,
      142.801513671875,
      74.8433609008789,
      264.8574523925781,
      67.10808563232422,
      240.28729248046875,
      56.328617095947266,
      158.71324157714844,
      50.91807174682617,
      82.72366333007812,
      14.885400772094727,
      68.24591827392578,
      3.1704537868499756,
      40.527076721191406,
      2.7873878479003906
    ],
    [
      -5.7674384117126465,
      13.443526268005371,
      -120.18048858642578,
      27.424514770507812,
      4.848259925842285,
      104.51553344726562,
      52.22086715698242,
      93.91962432861328,
      56.328617095947266,
      78.39256286621094,
      45.39585494995117,
      69.78893280029297,
      10.162732124328613,
      18.73863983154297,
      -12.509055137634277,
      3.8292505741119385,
      -5.3533406257629395,
      3.661219596862793
    ],
    [
      71.76648712158203,
      9.272882461547852,
      32.280757904052734,
      18.377437591552734,
      69.1226577758789,
      61.967262268066406,
      170.5005340576172,
      54.37226104736328,
      158.71324157714844,
      45.39585494995117,
      144.91004943847656,
      42.89573287963867,
      87.75962829589844,
      13.140156745910645,
      80.92274475097656,
      2.864513874053955,
      50.419471740722656,
      1.7629603147506714
    ],
    [
      -3.3510489463806152,
      12.757913589477539,
      -103.54767608642578,
      25.78705596923828,
      8.707193374633789,
      94.73787689208984,
      47.995399475097656,
      83.7709732055664,
      50.91807174682617,
      69.78893280029297,
      42.89573287963867,
      64.88023376464844,
      10.774596214294434,
      18.161975860595703,
      -10.560322761535645,
      3.901806116104126,
      -4.9189772605896,
      2.954784870147705
    ],
    [
      51.61637878417969,
      3.72658634185791,
      39.43958282470703,
      6.464876651763916,
      15.029369354248047,
      11.95565128326416,
      91.26653289794922,
      10.214863777160645,
      82.72366333007812,
      10.162732124328613,
      87.75962829589844,
      10.774596214294434,
      79.73772430419922,
      6.925212383270264,
      85.7245101928711,
      2.0404157638549805,
      52.97511672973633,
      -0.5406851768493652
    ],
    [
      2.3925933837890625,
      4.982791900634766,
      -20.024559020996094,
      9.221502304077148,
      8.146512031555176,
      23.89238929748535,
      13.573861122131348,
      20.982194900512695,
      14.885400772094727,
      18.73863983154297,
      13.140156745910645,
      18.161975860595703,
      6.925212383270264,
      8.381576538085938,
      -1.3825956583023071,
      2.3553574085235596,
      -1.5924453735351562,
      0.14251011610031128
    ],
    [
      57.427791595458984,
      -1.2160292863845825,
      64.70843505859375,
      -2.9603164196014404,
      -12.682226181030273,
      -17.335783004760742,
      84.95433807373047,
      -15.737637519836426,
      68.24591827392578,
      -12.509055137634277,
      80.92274475097656,
      -10.560322761535645,
      85.7245101928711,
      -1.3825956583023071,
      126.29376983642578,
      0.336555540561676,
      78.42476654052734,
      -0.9228770136833191
    ],
    [
      0.8714258670806885,
      1.207308292388916,
      -3.4634807109832764,
      2.1782443523406982,
      2.1752383708953857,
      4.638705253601074,
      2.7492904663085938,
      4.090290546417236,
      3.1704537868499756,
      3.8292505741119385,
      2.864513874053955,
      3.901806116104126,
      2.0404157638549805,
      2.3553574085235596,
      0.336555540561676,
      1.3229584693908691,
      -0.26362043619155884,
      0.01959889754652977
    ],
    [
      31.420753479003906,
      -0.7184563875198364,
      25.331167221069336,
      -1.6502255201339722,
      -16.66697883605957,
      -7.156528472900391,
      49.2456169128418,
      -6.253023624420166,
      40.527076721191406,
      -5.3533406257629395,
      50.419471740722656,
      -4.9189772605896,
      52.97511672973633,
      -1.5924453735351562,
      78.42476654052734,
      -0.26362043619155884,
      54.14535140991211,
      0.2701032757759094
    ],
    [
      0.18376818299293518,
      0.5309142470359802,
      -7.174808979034424,
      1.0353471040725708,
      -1.4298903942108154,
      5.041988849639893,
      2.7215373516082764,
      4.83735466003418,
      2.7873878479003906,
      3.661219596862793,
      1.7629603147506714,
      2.954784870147705,
      -0.5406851768493652,
      0.14251011610031128,
      -0.9228770136833191,
      0.01959889754652977,
      0.2701032757759094,
      0.9018754959106445
    ]
  ],
  "damage": -7.348595142364502,
  "diff_bandwidth": 388.33380126953125,
  "dissonance": 2.284197961211925,
  "drr": -1.173445701599121,
  "dynamics": 7.121919631958008,
  "format": 1245190,
  "frames": 3544000,
  "loudness": -13.750344276428223,
  "loudness_range": 20.191516876220703,
  "loudness_range_short": 24.109939575195312,
  "lowpass_true_peak_15khz": -0.492238849401474,
  "mastering3_acoustic_entropies": [
    {
      "acoustic_entropy": 6.696242809295654,
      "acoustic_entropy_mono": 6.871603012084961,
      "band_eliminated_acoustic_entropies": [
        {
          "acoustic_entropy": 6.804985523223877,
          "acoustic_entropy_side": 6.696242809295654,
          "hz": 129.47220167065723
        },
        {
          "acoustic_entropy": 6.827200412750244,
          "acoustic_entropy_side": 6.696241855621338,
          "hz": 202.92927478742237
        },
        {
          "acoustic_entropy": 7.107172012329102,
          "acoustic_entropy_side": 6.696223735809326,
          "hz": 282.89161906338205
        },
        {
          "acoustic_entropy": 6.6055588722229,
          "acoustic_entropy_side": 6.696068286895752,
          "hz": 369.9353335868758
        },
        {
          "acoustic_entropy": 6.666832447052002,
          "acoustic_entropy_side": 6.565422058105469,
          "hz": 464.6875360973435
        },
        {
          "acoustic_entropy": 6.62684965133667,
          "acoustic_entropy_side": 6.527402877807617,
          "hz": 567.8308811364784
        },
        {
          "acoustic_entropy": 6.534516334533691,
          "acoustic_entropy_side": 6.6087965965271,
          "hz": 680.1084783214808
        },
        {
          "acoustic_entropy": 6.4732465744018555,
          "acoustic_entropy_side": 6.687549591064453,
          "hz": 802.3292461747484
        },
        {
          "acoustic_entropy": 6.690033912658691,
          "acoustic_entropy_side": 6.667490482330322,
          "hz": 935.3737400823702
        },
        {
          "acoustic_entropy": 6.460145950317383,
          "acoustic_entropy_side": 6.674253940582275,
          "hz": 1080.2004963696966
        },
        {
          "acoustic_entropy": 6.5359649658203125,
          "acoustic_entropy_side": 6.6822991371154785,
          "hz": 1237.8529382007157
        },
        {
          "acoustic_entropy": 6.624115467071533,
          "acoustic_entropy_side": 6.684337615966797,
          "hz": 1409.4668930556702
        },
        {
          "acoustic_entropy": 6.477787017822266,
          "acoustic_entropy_side": 6.658135890960693,
          "hz": 1596.2787759475705
        },
        {
          "acoustic_entropy": 6.626702785491943,
          "acoustic_entropy_side": 6.6934661865234375,
          "hz": 1799.6344973346393
        },
        {
          "acoustic_entropy": 6.79195499420166,
          "acoustic_entropy_side": 6.6944050788879395,
          "hz": 2020.9991599069049
        },
        {
          "acoustic_entropy": 6.8449602127075195,
          "acoustic_entropy_side": 6.695290565490723,
          "hz": 2261.9676141086993
        },
        {
          "acoustic_entropy": 6.8282084465026855,
          "acoustic_entropy_side": 6.689243316650391,
          "hz": 2524.2759484456974
        },
        {
          "acoustic_entropy": 6.692673683166504,
          "acoustic_entropy_side": 6.6827874183654785,
          "hz": 2809.813997359896
        },
        {
          "acoustic_entropy": 6.709017276763916,
          "acoustic_entropy_side": 6.673851013183594,
          "hz": 3120.6389567871424
        },
        {
          "acoustic_entropy": 6.742031097412109,
          "acoustic_entropy_side": 6.689251899719238,
          "hz": 3458.990205492291
        },
        {
          "acoustic_entropy": 6.735624313354492,
          "acoustic_entropy_side": 6.69440221786499,
          "hz": 3827.305438964164
        },
        {
          "acoustic_entropy": 6.759067535400391,
          "acoustic_entropy_side": 6.6957855224609375,
          "hz": 4228.238232109126
        },
        {
          "acoustic_entropy": 6.747035026550293,
          "acoustic_entropy_side": 6.696167945861816,
          "hz": 4664.6771572759235
        },
        {
          "acoustic_entropy": 6.726074695587158,
          "acoustic_entropy_side": 6.696201324462891,
          "hz": 5139.766595350093
        },
        {
          "acoustic_entropy": 6.74029541015625,
          "acoustic_entropy_side": 6.6962151527404785,
          "hz": 5656.929389854203
        },
        {
          "acoustic_entropy": 6.718142032623291,
          "acoustic_entropy_side": 6.6962409019470215,
          "hz": 6219.891507268283
        },
        {
          "acoustic_entropy": 6.718432903289795,
          "acoustic_entropy_side": 6.6962432861328125,
          "hz": 6832.70888123896
        },
        {
          "acoustic_entropy": 6.723949432373047,
          "acoustic_entropy_side": 6.696242332458496,
          "hz": 7499.796634079867
        },
        {
          "acoustic_entropy": 6.727433204650879,
          "acoustic_entropy_side": 6.6962409019470215,
          "hz": 8225.96088609342
        },
        {
          "acoustic_entropy": 6.732411861419678,
          "acoustic_entropy_side": 6.6962432861328125,
          "hz": 9016.43338188839
        },
        {
          "acoustic_entropy": 6.702956676483154,
          "acoustic_entropy_side": 6.696242809295654,
          "hz": 9876.909183162974
        },
        {
          "acoustic_entropy": 6.672904968261719,
          "acoustic_entropy_side": 6.696242809295654,
          "hz": 10813.587699516042
        },
        {
          "acoustic_entropy": 6.665571212768555,
          "acoustic_entropy_side": 6.696242809295654,
          "hz": 11833.21735289826
        },
        {
          "acoustic_entropy": 6.72213888168335,
          "acoustic_entropy_side": 6.696242809295654,
          "hz": 12943.144197493959
        },
        {
          "acoustic_entropy": 6.714349746704102,
          "acoustic_entropy_side": 6.696242809295654,
          "hz": 14151.364845322005
        },
        {
          "acoustic_entropy": 6.702855587005615,
          "acoustic_entropy_side": 6.696242809295654,
          "hz": 15466.58407886509
        },
        {
          "acoustic_entropy": 6.699296474456787,
          "acoustic_entropy_side": 6.696242809295654,
          "hz": 16898.27756580493
        },
        {
          "acoustic_entropy": 6.699830532073975,
          "acoustic_entropy_side": 6.696242809295654,
          "hz": 18456.760127700032
        },
        {
          "acoustic_entropy": 6.697192192077637,
          "acoustic_entropy_side": 6.696242809295654,
          "hz": 20153.260054456492
        },
        {
          "acoustic_entropy": 6.69642448425293,
          "acoustic_entropy_side": 6.696242809295654,
          "hz": 22000.00000000001
        }
      ],
      "diff_acoustic_entropy": 3.8355562686920166,
      "sn": 6
    },
    {
      "acoustic_entropy": 9.968456268310547,
      "acoustic_entropy_mono": 9.585636138916016,
      "band_eliminated_acoustic_entropies": [
        {
          "acoustic_entropy": 10.059438705444336,
          "acoustic_entropy_side": 9.968456268310547,
          "hz": 129.47220167065723
        },
        {
          "acoustic_entropy": 10.047666549682617,
          "acoustic_entropy_side": 9.968442916870117,
          "hz": 202.92927478742237
        },
        {
          "acoustic_entropy": 10.148738861083984,
          "acoustic_entropy_side": 9.968433380126953,
          "hz": 282.89161906338205
        },
        {
          "acoustic_entropy": 9.695590019226074,
          "acoustic_entropy_side": 9.969311714172363,
          "hz": 369.9353335868758
        },
        {
          "acoustic_entropy": 10.077472686767578,
          "acoustic_entropy_side": 10.163843154907227,
          "hz": 464.6875360973435
        },
        {
          "acoustic_entropy": 9.19390869140625,
          "acoustic_entropy_side": 9.836665153503418,
          "hz": 567.8308811364784
        },
        {
          "acoustic_entropy": 9.713189125061035,
          "acoustic_entropy_side": 9.770036697387695,
          "hz": 680.1084783214808
        },
        {
          "acoustic_entropy": 10.13664436340332,
          "acoustic_entropy_side": 9.952252388000488,
          "hz": 802.3292461747484
        },
        {
          "acoustic_entropy": 9.522172927856445,
          "acoustic_entropy_side": 9.924485206604004,
          "hz": 935.3737400823702
        },
        {
          "acoustic_entropy": 9.788276672363281,
          "acoustic_entropy_side": 9.872925758361816,
          "hz": 1080.2004963696966
        },
        {
          "acoustic_entropy": 9.959884643554688,
          "acoustic_entropy_side": 10.021305084228516,
          "hz": 1237.8529382007157
        },
        {
          "acoustic_entropy": 9.187803268432617,
          "acoustic_entropy_side": 10.029560089111328,
          "hz": 1409.4668930556702
        },
        {
          "acoustic_entropy": 9.783263206481934,
          "acoustic_entropy_side": 9.762030601501465,
          "hz": 1596.2787759475705
        },
        {
          "acoustic_entropy": 9.927992820739746,
          "acoustic_entropy_side": 10.0200777053833,
          "hz": 1799.6344973346393
        },
        {
          "acoustic_entropy": 10.013908386230469,
          "acoustic_entropy_side": 9.94495964050293,
          "hz": 2020.9991599069049
        },
        {
          "acoustic_entropy": 9.673267364501953,
          "acoustic_entropy_side": 9.984955787658691,
          "hz": 2261.9676141086993
        },
        {
          "acoustic_entropy": 10.07938003540039,
          "acoustic_entropy_side": 9.920369148254395,
          "hz": 2524.2759484456974
        },
        {
          "acoustic_entropy": 9.896376609802246,
          "acoustic_entropy_side": 9.959110260009766,
          "hz": 2809.813997359896
        },
        {
          "acoustic_entropy": 9.974692344665527,
          "acoustic_entropy_side": 9.955962181091309,
          "hz": 3120.6389567871424
        },
        {
          "acoustic_entropy": 10.055835723876953,
          "acoustic_entropy_side": 9.958883285522461,
          "hz": 3458.990205492291
        },
        {
          "acoustic_entropy": 9.970288276672363,
          "acoustic_entropy_side": 9.972566604614258,
          "hz": 3827.305438964164
        },
        {
          "acoustic_entropy": 10.000353813171387,
          "acoustic_entropy_side": 9.967022895812988,
          "hz": 4228.238232109126
        },
        {
          "acoustic_entropy": 10.034955978393555,
          "acoustic_entropy_side": 9.96711540222168,
          "hz": 4664.6771572759235
        },
        {
          "acoustic_entropy": 10.018474578857422,
          "acoustic_entropy_side": 9.96838092803955,
          "hz": 5139.766595350093
        },
        {
          "acoustic_entropy": 10.020539283752441,
          "acoustic_entropy_side": 9.96861457824707,
          "hz": 5656.929389854203
        },
        {
          "acoustic_entropy": 10.013486862182617,
          "acoustic_entropy_side": 9.968404769897461,
          "hz": 6219.891507268283
        },
        {
          "acoustic_entropy": 9.965660095214844,
          "acoustic_entropy_side": 9.96843433380127,
          "hz": 6832.70888123896
        },
        {
          "acoustic_entropy": 9.978498458862305,
          "acoustic_entropy_side": 9.968465805053711,
          "hz": 7499.796634079867
        },
        {
          "acoustic_entropy": 9.986858367919922,
          "acoustic_entropy_side": 9.968460083007812,
          "hz": 8225.96088609342
        },
        {
          "acoustic_entropy": 9.99223804473877,
          "acoustic_entropy_side": 9.968462944030762,
          "hz": 9016.43338188839
        },
        {
          "acoustic_entropy": 9.935273170471191,
          "acoustic_entropy_side": 9.968456268310547,
          "hz": 9876.909183162974
        },
        {
          "acoustic_entropy": 9.916801452636719,
          "acoustic_entropy_side": 9.968456268310547,
          "hz": 10813.587699516042
        },
        {
          "acoustic_entropy": 9.894756317138672,
          "acoustic_entropy_side": 9.968456268310547,
          "hz": 11833.21735289826
        },
        {
          "acoustic_entropy": 9.941936492919922,
          "acoustic_entropy_side": 9.968456268310547,
          "hz": 12943.144197493959
        },
        {
          "acoustic_entropy": 9.922006607055664,
          "acoustic_entropy_side": 9.968456268310547,
          "hz": 14151.364845322005
        },
        {
          "acoustic_entropy": 9.936760902404785,
          "acoustic_entropy_side": 9.968456268310547,
          "hz": 15466.58407886509
        },
        {
          "acoustic_entropy": 9.949139595031738,
          "acoustic_entropy_side": 9.968456268310547,
          "hz": 16898.27756580493
        },
        {
          "acoustic_entropy": 9.959747314453125,
          "acoustic_entropy_side": 9.968456268310547,
          "hz": 18456.760127700032
        },
        {
          "acoustic_entropy": 9.966180801391602,
          "acoustic_entropy_side": 9.968457221984863,
          "hz": 20153.260054456492
        },
        {
          "acoustic_entropy": 9.96795654296875,
          "acoustic_entropy_side": 9.968460083007812,
          "hz": 22000.00000000001
        }
      ],
      "diff_acoustic_entropy": 6.128299236297607,
      "sn": 12
    },
    {
      "acoustic_entropy": 16.219432830810547,
      "acoustic_entropy_mono": 15.356207847595215,
      "band_eliminated_acoustic_entropies": [
        {
          "acoustic_entropy": 15.843727111816406,
          "acoustic_entropy_side": 16.21942901611328,
          "hz": 129.47220167065723
        },
        {
          "acoustic_entropy": 17.265634536743164,
          "acoustic_entropy_side": 16.219451904296875,
          "hz": 202.92927478742237
        },
        {
          "acoustic_entropy": 16.750255584716797,
          "acoustic_entropy_side": 16.219175338745117,
          "hz": 282.89161906338205
        },
        {
          "acoustic_entropy": 16.766223907470703,
          "acoustic_entropy_side": 16.2233943939209,
          "hz": 369.9353335868758
        },
        {
          "acoustic_entropy": 17.409448623657227,
          "acoustic_entropy_side": 16.735912322998047,
          "hz": 464.6875360973435
        },
        {
          "acoustic_entropy": 16.724319458007812,
          "acoustic_entropy_side": 16.684425354003906,
          "hz": 567.8308811364784
        },
        {
          "acoustic_entropy": 16.85228729248047,
          "acoustic_entropy_side": 16.3437557220459,
          "hz": 680.1084783214808
        },
        {
          "acoustic_entropy": 16.55494499206543,
          "acoustic_entropy_side": 16.445587158203125,
          "hz": 802.3292461747484
        },
        {
          "acoustic_entropy": 16.53732681274414,
          "acoustic_entropy_side": 16.20539665222168,
          "hz": 935.3737400823702
        },
        {
          "acoustic_entropy": 17.433412551879883,
          "acoustic_entropy_side": 16.576065063476562,
          "hz": 1080.2004963696966
        },
        {
          "acoustic_entropy": 16.33467674255371,
          "acoustic_entropy_side": 15.973005294799805,
          "hz": 1237.8529382007157
        },
        {
          "acoustic_entropy": 16.92943572998047,
          "acoustic_entropy_side": 16.774063110351562,
          "hz": 1409.4668930556702
        },
        {
          "acoustic_entropy": 16.729097366333008,
          "acoustic_entropy_side": 16.306316375732422,
          "hz": 1596.2787759475705
        },
        {
          "acoustic_entropy": 16.65154266357422,
          "acoustic_entropy_side": 15.98403263092041,
          "hz": 1799.6344973346393
        },
        {
          "acoustic_entropy": 16.041412353515625,
          "acoustic_entropy_side": 16.206300735473633,
          "hz": 2020.9991599069049
        },
        {
          "acoustic_entropy": 16.216588973999023,
          "acoustic_entropy_side": 16.108835220336914,
          "hz": 2261.9676141086993
        },
        {
          "acoustic_entropy": 16.35820960998535,
          "acoustic_entropy_side": 16.273746490478516,
          "hz": 2524.2759484456974
        },
        {
          "acoustic_entropy": 16.37929344177246,
          "acoustic_entropy_side": 16.354774475097656,
          "hz": 2809.813997359896
        },
        {
