{
  "acoustic_entropy": 212.3017120361328,
  "bands": [
    {
      "high_freq": 148.1999969482422,
      "loudness": -62.769386291503906,
      "loudness_range": 13.198047637939453,
      "mid_mean": -60.8258056640625,
      "mid_to_side_loudness": -2.0229008197784424,
      "mid_to_side_loudness_range": 5.675596237182617,
      "side_mean": -62.291831970214844
    },
    {
      "high_freq": 392.3793640136719,
      "loudness": -42.7022590637207,
      "loudness_range": 30.658260345458984,
      "low_freq": 148.1999969482422,
      "mid_mean": -40.7844352722168,
      "mid_to_side_loudness": -9.360227584838867,
      "mid_to_side_loudness_range": 22.623899459838867,
      "side_mean": -52.30043029785156
    },
    {
      "high_freq": 794.6976318359375,
      "loudness": -36.461395263671875,
      "loudness_range": 11.482597351074219,
      "low_freq": 392.3793640136719,
      "mid_mean": -34.84257125854492,
      "mid_to_side_loudness": -3.264025926589966,
      "mid_to_side_loudness_range": 11.453377723693848,
      "side_mean": -38.242881774902344
    },
    {
      "high_freq": 1457.5709228515625,
      "loudness": -29.159671783447266,
      "loudness_range": 16.747516632080078,
      "low_freq": 794.6976318359375,
      "mid_mean": -27.459503173828125,
      "mid_to_side_loudness": -3.423381805419922,
      "mid_to_side_loudness_range": 11.085856437683105,
      "side_mean": -31.007471084594727
    },
    {
      "high_freq": 2549.74365234375,
      "loudness": -30.73621940612793,
      "loudness_range": 12.115152359008789,
      "low_freq": 1457.5709228515625,
      "mid_mean": -28.988075256347656,
      "mid_to_side_loudness": -3.5149624347686768,
      "mid_to_side_loudness_range": 10.333264350891113,
      "side_mean": -32.67252731323242
    },
    {
      "high_freq": 4349.24462890625,
      "loudness": -35.07936477661133,
      "loudness_range": 13.43610954284668,
      "low_freq": 2549.74365234375,
      "mid_mean": -32.894493103027344,
      "mid_to_side_loudness": -5.646164894104004,
      "mid_to_side_loudness_range": 13.485252380371094,
      "side_mean": -38.77842712402344
    },
    {
      "high_freq": 7314.1640625,
      "loudness": -41.98518371582031,
      "loudness_range": 13.227035522460938,
      "low_freq": 4349.24462890625,
      "mid_mean": -40.08588409423828,
      "mid_to_side_loudness": -4.090254306793213,
      "mid_to_side_loudness_range": 10.976611137390137,
      "side_mean": -44.354984283447266
    },
    {
      "high_freq": 12199.2666015625,
      "loudness": -45.752010345458984,
      "loudness_range": 14.541511535644531,
      "low_freq": 7314.1640625,
      "mid_mean": -43.66349411010742,
      "mid_to_side_loudness": -4.7722578048706055,
      "mid_to_side_loudness_range": 12.168661117553711,
      "side_mean": -48.744258880615234
    },
    {
      "loudness": -56.71805953979492,
      "loudness_range": 13.744857788085938,
      "low_freq": 12199.2666015625,
      "mid_mean": -54.95503616333008,
      "mid_to_side_loudness": -3.729720115661621,
      "mid_to_side_loudness_range": 9.675804138183594,
      "side_mean": -58.42081069946289
    }
  ],
  "bands_short": [
    {
      "high_freq": 148.1999969482422,
      "loudness": -64.234130859375,
      "loudness_range": 12.983879089355469,
      "mid_mean": -62.04697799682617,
      "mid_to_side_loudness": -2.6103920936584473,
      "mid_to_side_loudness_range": 11.694313049316406,
      "side_mean": -63.717159271240234
    },
    {
      "high_freq": 392.3793640136719,
      "loudness": -46.77468490600586,
      "loudness_range": 34.781005859375,
      "low_freq": 148.1999969482422,
      "mid_mean": -47.288604736328125,
      "mid_to_side_loudness": -7.441712379455566,
      "mid_to_side_loudness_range": 24.00633430480957,
      "side_mean": -55.705650329589844
    },
    {
      "high_freq": 794.6976318359375,
      "loudness": -40.1126823425293,
      "loudness_range": 19.461292266845703,
      "low_freq": 392.3793640136719,
      "mid_mean": -38.294921875,
      "mid_to_side_loudness": -5.395484447479248,
      "mid_to_side_loudness_range": 20.584264755249023,
      "side_mean": -44.2560920715332
    },
    {
      "high_freq": 1457.5709228515625,
      "loudness": -30.147558212280273,
      "loudness_range": 20.275501251220703,
      "low_freq": 794.6976318359375,
      "mid_mean": -28.635955810546875,
      "mid_to_side_loudness": -3.2611520290374756,
      "mid_to_side_loudness_range": 13.639809608459473,
      "side_mean": -32.128562927246094
    },
    {
      "high_freq": 2549.74365234375,
      "loudness": -34.202850341796875,
      "loudness_range": 21.569929122924805,
      "low_freq": 1457.5709228515625,
      "mid_mean": -32.30832290649414,
      "mid_to_side_loudness": -4.987215995788574,
      "mid_to_side_loudness_range": 16.848819732666016,
      "side_mean": -37.650978088378906
    },
    {
      "high_freq": 4349.24462890625,
      "loudness": -38.379756927490234,
      "loudness_range": 24.24555778503418,
      "low_freq": 2549.74365234375,
      "mid_mean": -36.0234489440918,
      "mid_to_side_loudness": -8.0224609375,
      "mid_to_side_loudness_range": 20.335308074951172,
      "side_mean": -44.67442321777344
    },
    {
      "high_freq": 7314.1640625,
      "loudness": -46.4891471862793,
      "loudness_range": 25.740032196044922,
      "low_freq": 4349.24462890625,
      "mid_mean": -44.2126350402832,
      "mid_to_side_loudness": -7.085371971130371,
      "mid_to_side_loudness_range": 18.24106216430664,
      "side_mean": -52.37751007080078
    },
    {
      "high_freq": 12199.2666015625,
      "loudness": -50.315956115722656,
      "loudness_range": 25.739219665527344,
      "low_freq": 7314.1640625,
      "mid_mean": -47.90888214111328,
      "mid_to_side_loudness": -7.938926696777344,
      "mid_to_side_loudness_range": 17.933361053466797,
      "side_mean": -56.59642791748047
    },
    {
      "loudness": -60.74345397949219,
      "loudness_range": 23.250675201416016,
      "low_freq": 12199.2666015625,
      "mid_mean": -57.95942306518555,
      "mid_to_side_loudness": -5.777949333190918,
      "mid_to_side_loudness_range": 14.375897407531738,
      "side_mean": -63.069671630859375
    }
  ],
  "bandwidth": 1119.025390625,
  "channels": 2,
  "covariance": [
    [
      13.72846794128418,
      15.086767196655273,
      16.746803283691406,
      37.9730110168457,
      2.7537128925323486,
      8.453083992004395,
      -1.573364496231079,
      3.9435088634490967,
      -0.10632176697254181,
      5.578446388244629,
      -4.0031208992004395,
      4.885375022888184,
      -0.4708242118358612,
      5.342568397521973,
      -2.320070505142212,
      5.110767841339111,
      2.3057453632354736,
      6.393429756164551
    ],
    [
      15.086767196655273,
      18.854570388793945,
      19.968217849731445,
      46.72932815551758,
      3.022545337677002,
      10.434368133544922,
      -1.8432328701019287,
      5.559940814971924,
      -0.06411425024271011,
      7.203166961669922,
      -5.2845048904418945,
      6.200568675994873,
      -0.9786620140075684,
      6.689816474914551,
      -3.628446102142334,
      6.5660786628723145,
      0.8233470916748047,
      6.9617919921875
    ],
    [
      16.746803283691406,
      19.968217849731445,
      107.9670639038086,
      76.6589584350586,
      21.160552978515625,
      29.846769332885742,
      -11.831840515136719,
      -16.00613784790039,
      1.0755064487457275,
      -3.370201826095581,
      0.8949227929115295,
      -1.0101490020751953,
      3.1987617015838623,
      -2.30930233001709,
      -0.472801148891449,
      -1.1132868528366089,
      -0.6781975030899048,
      -2.315110445022583
    ],
    [
      37.9730110168457,
      46.72932815551758,
      76.6589584350586,
      151.77816772460938,
      10.344101905822754,
      38.51199722290039,
      -16.6615047454834,
      1.920494794845581,
      -7.167279243469238,
      11.666418075561523,
      -22.39533805847168,
      10.4071683883667,
      -11.356792449951172,
      9.127711296081543,
      -21.20505142211914,
      8.73524284362793,
      -7.3365983963012695,
      10.40047836303711
    ],
    [
      2.7537128925323486,
      3.022545337677002,
      21.160552978515625,
      10.344101905822754,
      20.242996215820312,
      16.600910186767578,
      -0.09996055066585541,
      -3.6122875213623047,
      4.609379291534424,
      0.9109847545623779,
      8.402853965759277,
      2.1005523204803467,
      5.788964748382568,
      2.0686662197113037,
      7.651362419128418,
      3.4348199367523193,
      4.8577117919921875,
      1.7949789762496948
    ],
    [
      8.453083992004395,
      10.434368133544922,
      29.846769332885742,
      38.51199722290039,
      16.600910186767578,
      36.45143127441406,
      -11.633808135986328,
      -7.813055515289307,
      1.18904447555542,
      4.831462860107422,
      -3.9689159393310547,
      4.347947120666504,
      -0.7445801496505737,
      4.427156448364258,
      -4.094147205352783,
      4.097109794616699,
      -3.8133773803710938,
      1.7266672849655151
    ],
    [
      -1.573364496231079,
      -1.8432328701019287,
      -11.831840515136719,
      -16.6615047454834,
      -0.09996055066585541,
      -11.633808135986328,
      36.76179504394531,
      24.175996780395508,
      12.536746978759766,
      9.239423751831055,
      14.975727081298828,
      8.012605667114258,
      11.573525428771973,
      8.601994514465332,
      14.197224617004395,
      11.7339448928833,
      14.796098709106445,
      10.718379020690918
    ],
    [
      3.9435088634490967,
      5.559940814971924,
      -16.00613784790039,
      1.920494794845581,
      -3.6122875213623047,
      -7.813055515289307,
      24.175996780395508,
      33.02760696411133,
      7.691913604736328,
      14.927979469299316,
      5.870635509490967,
      12.538681030273438,
      6.499972820281982,
      13.945769309997559,
      9.219381332397461,
      17.03892707824707,
      9.896062850952148,
      14.506640434265137
    ],
    [
      -0.10632176697254181,
      -0.06411425024271011,
      1.0755064487457275,
      -7.167279243469238,
      4.609379291534424,
      1.18904447555542,
      12.536746978759766,
      7.691913604736328,
      22.524913787841797,
      13.8604736328125,
      17.840444564819336,
      9.759442329406738,
      17.610383987426758,
      12.580987930297852,
      17.345579147338867,
      13.143939971923828,
      15.407479286193848,
      10.842260360717773
    ],
    [
      5.578446388244629,
      7.203166961669922,
      -3.370201826095581,
      11.666418075561523,
      0.9109847545623779,
      4.831462860107422,
      9.239423751831055,
      14.927979469299316,
      13.8604736328125,
      25.046058654785156,
      6.009519577026367,
      17.59697914123535,
      10.668076515197754,
      21.807098388671875,
      9.730250358581543,
      21.598926544189453,
      10.211776733398438,
      17.073505401611328
    ],
    [
      -4.0031208992004395,
      -5.2845048904418945,
      0.8949227929115295,
      -22.39533805847168,
      8.402853965759277,
      -3.9689159393310547,
      14.975727081298828,
      5.870635509490967,
      17.840444564819336,
      6.009519577026367,
      29.736557006835938,
      8.656298637390137,
      20.975412368774414,
      9.827651977539062,
      24.736202239990234,
      11.393198013305664,
      20.0002384185791,
      9.386819839477539
    ],
    [
      4.885375022888184,
      6.200568675994873,
      -1.0101490020751953,
      10.4071683883667,
      2.1005523204803467,
      4.347947120666504,
      8.012605667114258,
      12.538681030273438,
      9.759442329406738,
      17.59697914123535,
      8.656298637390137,
      19.798555374145508,
      11.773720741271973,
      21.77756690979004,
      11.74564266204834,
      21.793411254882812,
      11.095515251159668,
      16.94310188293457
    ],
    [
      -0.4708242118358612,
      -0.9786620140075684,
      3.1987617015838623,
      -11.356792449951172,
      5.788964748382568,
      -0.7445801496505737,
      11.573525428771973,
      6.499972820281982,
      17.610383987426758,
      10.668076515197754,
      20.975412368774414,
      11.773720741271973,
      26.410247802734375,
      16.95283317565918,
      23.206647872924805,
      17.357423782348633,
      19.74911117553711,
      13.465174674987793
    ],
    [
      5.342568397521973,
      6.689816474914551,
      -2.30930233001709,
      9.127711296081543,
      2.0686662197113037,
      4.427156448364258,
      8.601994514465332,
      13.945769309997559,
      12.580987930297852,
      21.807098388671875,
      9.827651977539062,
      21.77756690979004,
      16.95283317565918,
      29.732633590698242,
      16.56815528869629,
      29.36591339111328,
      15.045759201049805,
      22.424633026123047
    ],
    [
      -2.320070505142212,
      -3.628446102142334,
      -0.472801148891449,
      -21.20505142211914,
      7.651362419128418,
      -4.094147205352783,
      14.197224617004395,
      9.219381332397461,
      17.345579147338867,
      9.730250358581543,
      24.736202239990234,
      11.74564266204834,
      23.206647872924805,
      16.56815528869629,
      33.9285774230957,
      20.922876358032227,
      25.36676788330078,
      16.29942512512207
    ],
    [
      5.110767841339111,
      6.5660786628723145,
      -1.1132868528366089,
      8.73524284362793,
      3.4348199367523193,
      4.097109794616699,
      11.7339448928833,
      17.03892707824707,
      13.143939971923828,
      21.598926544189453,
      11.393198013305664,
      21.793411254882812,
      17.357423782348633,
      29.36591339111328,
      20.922876358032227,
      36.315093994140625,
      20.043378829956055,
      26.716217041015625
    ],
    [
      2.3057453632354736,
      0.8233470916748047,
      -0.6781975030899048,
      -7.3365983963012695,
      4.8577117919921875,
      -3.8133773803710938,
      14.796098709106445,
      9.896062850952148,
      15.407479286193848,
      10.211776733398438,
      20.0002384185791,
      11.095515251159668,
      19.74911117553711,
      15.045759201049805,
      25.36676788330078,
      20.043378829956055,
      31.18244743347168,
      20.995563507080078
    ],
    [
      6.393429756164551,
      6.9617919921875,
      -2.315110445022583,
      10.40047836303711,
      1.7949789762496948,
      1.7266672849655151,
      10.718379020690918,
      14.506640434265137,
      10.842260360717773,
      17.073505401611328,
      9.386819839477539,
      16.94310188293457,
      13.465174674987793,
      22.424633026123047,
      16.29942512512207,
      26.716217041015625,
      20.995563507080078,
      25.176528930664062
    ]
  ],
  "covariance_short": [
    [
      12.481982231140137,
      10.782295227050781,
      14.306903839111328,
      24.112524032592773,
      1.2432562112808228,
      7.727666854858398,
      0.316986620426178,
      3.717006206512451,
      1.3813380002975464,
      6.9313178062438965,
      -2.435798168182373,
      5.69195556640625,
      -0.013749760575592518,
      10.078507423400879,
      -2.2261171340942383,
      6.907990455627441,
      1.0678507089614868,
      3.65665602684021
    ],
    [
      10.782295227050781,
      16.93315315246582,
      19.383644104003906,
      32.377906799316406,
      0.6190891861915588,
      9.52493667602539,
      0.8625189065933228,
      6.024178504943848,
      1.7910453081130981,
      9.338042259216309,
      -4.03337287902832,
      7.341183185577393,
      -0.9921911358833313,
      11.410627365112305,
      -4.117128849029541,
      7.645435810089111,
      -0.8244383931159973,
      3.999807596206665
    ],
    [
      14.306903839111328,
      19.383644104003906,
      178.2058868408203,
      109.84745025634766,
      29.055936813354492,
      67.25016021728516,
      -16.85770606994629,
      -23.47603988647461,
      11.434078216552734,
      11.628326416015625,
      1.0888429880142212,
      3.7367563247680664,
      11.838834762573242,
      9.092926025390625,
      -5.39031457901001,
      -3.2669906616210938,
      -3.0130741596221924,
      -5.153003692626953
    ],
    [
      24.112524032592773,
      32.377906799316406,
      109.84745025634766,
      140.92848205566406,
      3.8748011589050293,
      47.270408630371094,
      -12.215615272521973,
      2.145759105682373,
      -5.7631425857543945,
      19.47871208190918,
      -26.702253341674805,
      11.93297290802002,
      -17.599260330200195,
      22.60202407836914,
      -29.45924949645996,
      11.977038383483887,
      -14.247432708740234,
      5.5305376052856445
    ],
    [
      1.2432562112808228,
      0.6190891861915588,
      29.055936813354492,
      3.8748011589050293,
      54.04784393310547,
      31.344755172729492,
      4.9226908683776855,
      -4.903690338134766,
      22.06598472595215,
      7.245092868804932,
      33.02197265625,
      10.96219539642334,
      29.455825805664062,
      11.801078796386719,
      28.914342880249023,
      8.190402030944824,
      17.727703094482422,
      3.1091225147247314
    ],
    [
      7.727666854858398,
      9.52493667602539,
      67.25016021728516,
      47.270408630371094,
      31.344755172729492,
      69.83866882324219,
      -13.828262329101562,
      -15.478490829467773,
      13.899158477783203,
      20.375951766967773,
      4.013749122619629,
      14.186037063598633,
      13.295475959777832,
      20.283220291137695,
      -2.8491482734680176,
      7.060662269592285,
      -1.161669373512268,
      1.4416402578353882
    ],
    [
      0.316986620426178,
      0.8625189065933228,
      -16.85770606994629,
      -12.215615272521973,
      4.9226908683776855,
      -13.828262329101562,
      53.53360366821289,
      36.761512756347656,
      22.982057571411133,
      16.438596725463867,
      29.868453979492188,
      24.071895599365234,
      26.401308059692383,
      22.871400833129883,
      29.76073455810547,
      25.09662437438965,
      24.115686416625977,
      17.760677337646484
    ],
    [
      3.717006206512451,
      6.024178504943848,
      -23.47603988647461,
      2.145759105682373,
      -4.903690338134766,
      -15.478490829467773,
      36.761512756347656,
      51.354068756103516,
      14.543874740600586,
      24.633180618286133,
      13.34918212890625,
      29.592924118041992,
      13.54882526397705,
      30.01646614074707,
      18.665925979614258,
      30.684083938598633,
      14.93106460571289,
      20.98134994506836
    ],
    [
      1.3813380002975464,
      1.7910453081130981,
      11.434078216552734,
      -5.7631425857543945,
      22.06598472595215,
      13.899158477783203,
      22.982057571411133,
      14.543874740600586,
      58.780479431152344,
      36.71624755859375,
      51.280677795410156,
      37.30549240112305,
      54.04341125488281,
      40.336788177490234,
      47.97581100463867,
      31.646421432495117,
      34.51087188720703,
      20.18697738647461
    ],
    [
      6.9313178062438965,
      9.338042259216309,
      11.628326416015625,
      19.47871208190918,
      7.245092868804932,
      20.375951766967773,
      16.438596725463867,
      24.633180618286133,
      36.71624755859375,
      59.792232513427734,
      22.90011215209961,
      50.56050109863281,
      32.40676498413086,
      57.46287155151367,
      24.64548110961914,
      42.94511032104492,
      19.004756927490234,
      26.31806755065918
    ],
    [
      -2.435798168182373,
      -4.03337287902832,
      1.0888429880142212,
      -26.702253341674805,
      33.02197265625,
      4.013749122619629,
      29.868453979492188,
      13.34918212890625,
      51.280677795410156,
      22.90011215209961,
      80.75968170166016,
      37.99045944213867,
      68.44342041015625,
      35.9730224609375,
      68.52191162109375,
      33.10261917114258,
      47.549827575683594,
      21.6062068939209
    ],
    [
      5.69195556640625,
      7.341183185577393,
      3.7367563247680664,
      11.93297290802002,
      10.96219539642334,
      14.186037063598633,
      24.071895599365234,
      29.592924118041992,
      37.30549240112305,
      50.56050109863281,
      37.99045944213867,
      62.73940658569336,
      43.2493896484375,
      63.68709945678711,
      39.53010559082031,
      52.395660400390625,
      29.23076820373535,
      33.09408950805664
    ],
    [
      -0.013749760575592518,
      -0.9921911358833313,
      11.838834762573242,
      -17.599260330200195,
      29.455825805664062,
      13.295475959777832,
      26.401308059692383,
      13.54882526397705,
      54.04341125488281,
      32.40676498413086,
      68.44342041015625,
      43.2493896484375,
      80.24726867675781,
      50.32596206665039,
      68.03917694091797,
      39.88296890258789,
      48.55583190917969,
      25.4110107421875
    ],
    [
      10.078507423400879,
      11.410627365112305,
      9.092926025390625,
      22.60202407836914,
      11.801078796386719,
      20.283220291137695,
      22.871400833129883,
      30.01646614074707,
      40.336788177490234,
      57.46287155151367,
      35.9730224609375,
      63.68709945678711,
      50.32596206665039,
      84.77368927001953,
      41.45195388793945,
      65.3857650756836,
      37.46894836425781,
      39.87568283081055
    ],
    [
      -2.2261171340942383,
      -4.117128849029541,
      -5.39031457901001,
      -29.45924949645996,
      28.914342880249023,
      -2.8491482734680176,
      29.76073455810547,
      18.665925979614258,
      47.97581100463867,
      24.64548110961914,
      68.52191162109375,
      39.53010559082031,
      68.03917694091797,
      41.45195388793945,
      82.60183715820312,
      44.50937271118164,
      55.34962463378906,
      29.187463760375977
    ],
    [
      6.907990455627441,
      7.645435810089111,
      -3.2669906616210938,
      11.977038383483887,
      8.190402030944824,
      7.060662269592285,
      25.09662437438965,
      30.684083938598633,
      31.646421432495117,
      42.94511032104492,
      33.10261917114258,
      52.395660400390625,
      39.88296890258789,
      65.3857650756836,
      44.50937271118164,
      65.7798843383789,
      38.033077239990234,
      42.37675476074219
    ],
    [
      1.0678507089614868,
      -0.8244383931159973,
      -3.0130741596221924,
      -14.247432708740234,
      17.727703094482422,
      -1.161669373512268,
      24.115686416625977,
      14.93106460571289,
      34.51087188720703,
      19.004756927490234,
      47.549827575683594,
      29.23076820373535,
      48.55583190917969,
      37.46894836425781,
      55.34962463378906,
      38.033077239990234,
      50.50299072265625,
      27.749401092529297
    ],
    [
      3.65665602684021,
      3.999807596206665,
      -5.153003692626953,
      5.5305376052856445,
      3.1091225147247314,
      1.4416402578353882,
      17.760677337646484,
      20.98134994506836,
      20.18697738647461,
      26.31806755065918,
      21.6062068939209,
      33.09408950805664,
      25.4110107421875,
      39.87568283081055,
      29.187463760375977,
      42.37675476074219,
      27.749401092529297,
      32.837406158447266
    ]
  ],
  "damage": -13.279982566833496,
  "diff_bandwidth": 1117.50732421875,
  "dissonance": 9.361127736167328,
  "drr": 5.58961820602417,
  "dynamics": 3.8006348609924316,
  "format": 1245190,
  "frames": 9924544,
  "loudness": -20.908340454101562,
  "loudness_range": 9.156651496887207,
  "loudness_range_short": 15.089550971984863,
  "lowpass_true_peak_15khz": -0.7244824767112732,
  "mastering3_acoustic_entropies": [
    {
      "acoustic_entropy": 9.154009819030762,
      "acoustic_entropy_mono": 8.109050750732422,
      "band_eliminated_acoustic_entropies": [
        {
          "acoustic_entropy": 9.153983116149902,
          "acoustic_entropy_side": 9.15399169921875,
          "hz": 129.47220167065723
        },
        {
          "acoustic_entropy": 9.121826171875,
          "acoustic_entropy_side": 9.140110969543457,
          "hz": 202.92927478742237
        },
        {
          "acoustic_entropy": 8.495865821838379,
          "acoustic_entropy_side": 8.81458854675293,
          "hz": 282.89161906338205
        },
        {
          "acoustic_entropy": 8.714674949645996,
          "acoustic_entropy_side": 8.976456642150879,
          "hz": 369.9353335868758
        },
        {
          "acoustic_entropy": 9.0946683883667,
          "acoustic_entropy_side": 9.094006538391113,
          "hz": 464.6875360973435
        },
        {
          "acoustic_entropy": 8.652437210083008,
          "acoustic_entropy_side": 8.93669319152832,
          "hz": 567.8308811364784
        },
        {
          "acoustic_entropy": 8.881959915161133,
          "acoustic_entropy_side": 9.02215576171875,
          "hz": 680.1084783214808
        },
        {
          "acoustic_entropy": 9.114035606384277,
          "acoustic_entropy_side": 9.136818885803223,
          "hz": 802.3292461747484
        },
        {
          "acoustic_entropy": 8.42313003540039,
          "acoustic_entropy_side": 8.899916648864746,
          "hz": 935.3737400823702
        },
        {
          "acoustic_entropy": 9.201728820800781,
          "acoustic_entropy_side": 8.962214469909668,
          "hz": 1080.2004963696966
        },
        {
          "acoustic_entropy": 9.078191757202148,
          "acoustic_entropy_side": 9.350723266601562,
          "hz": 1237.8529382007157
        },
        {
          "acoustic_entropy": 9.430752754211426,
          "acoustic_entropy_side": 9.89964771270752,
          "hz": 1409.4668930556702
        },
        {
          "acoustic_entropy": 9.233531951904297,
          "acoustic_entropy_side": 8.923416137695312,
          "hz": 1596.2787759475705
        },
        {
          "acoustic_entropy": 8.860660552978516,
          "acoustic_entropy_side": 9.402155876159668,
          "hz": 1799.6344973346393
        },
        {
          "acoustic_entropy": 8.823318481445312,
          "acoustic_entropy_side": 8.984204292297363,
          "hz": 2020.9991599069049
        },
        {
          "acoustic_entropy": 9.258275985717773,
          "acoustic_entropy_side": 9.263812065124512,
          "hz": 2261.9676141086993
        },
        {
          "acoustic_entropy": 8.796164512634277,
          "acoustic_entropy_side": 9.175604820251465,
          "hz": 2524.2759484456974
        },
        {
          "acoustic_entropy": 8.89234733581543,
          "acoustic_entropy_side": 9.172420501708984,
          "hz": 2809.813997359896
        },
        {
          "acoustic_entropy": 8.957662582397461,
          "acoustic_entropy_side": 9.174234390258789,
          "hz": 3120.6389567871424
        },
        {
          "acoustic_entropy": 9.122319221496582,
          "acoustic_entropy_side": 9.226290702819824,
          "hz": 3458.990205492291
        },
        {
          "acoustic_entropy": 9.13582706451416,
          "acoustic_entropy_side": 9.230568885803223,
          "hz": 3827.305438964164
        },
        {
          "acoustic_entropy": 9.199898719787598,
          "acoustic_entropy_side": 9.20409870147705,
          "hz": 4228.238232109126
        },
        {
          "acoustic_entropy": 9.200541496276855,
          "acoustic_entropy_side": 9.175156593322754,
          "hz": 4664.6771572759235
        },
        {
          "acoustic_entropy": 9.16431999206543,
          "acoustic_entropy_side": 9.163959503173828,
          "hz": 5139.766595350093
        },
        {
          "acoustic_entropy": 9.176379203796387,
          "acoustic_entropy_side": 9.190001487731934,
          "hz": 5656.929389854203
        },
        {
          "acoustic_entropy": 9.195283889770508,
          "acoustic_entropy_side": 9.180334091186523,
          "hz": 6219.891507268283
        },
        {
          "acoustic_entropy": 9.1781587600708,
          "acoustic_entropy_side": 9.159980773925781,
          "hz": 6832.70888123896
        },
        {
          "acoustic_entropy": 9.178810119628906,
          "acoustic_entropy_side": 9.157962799072266,
          "hz": 7499.796634079867
        },
        {
          "acoustic_entropy": 9.172030448913574,
          "acoustic_entropy_side": 9.170744895935059,
          "hz": 8225.96088609342
        },
        {
          "acoustic_entropy": 9.189329147338867,
          "acoustic_entropy_side": 9.164850234985352,
          "hz": 9016.43338188839
        },
        {
          "acoustic_entropy": 9.176741600036621,
          "acoustic_entropy_side": 9.157632827758789,
          "hz": 9876.909183162974
        },
        {
          "acoustic_entropy": 9.185452461242676,
          "acoustic_entropy_side": 9.155546188354492,
          "hz": 10813.587699516042
        },
        {
          "acoustic_entropy": 9.144774436950684,
          "acoustic_entropy_side": 9.155953407287598,
          "hz": 11833.21735289826
        },
        {
          "acoustic_entropy": 9.15591812133789,
          "acoustic_entropy_side": 9.154549598693848,
          "hz": 12943.144197493959
        },
        {
          "acoustic_entropy": 9.154840469360352,
          "acoustic_entropy_side": 9.154376029968262,
          "hz": 14151.364845322005
        },
        {
          "acoustic_entropy": 9.154729843139648,
          "acoustic_entropy_side": 9.154370307922363,
          "hz": 15466.58407886509
        },
        {
          "acoustic_entropy": 9.154153823852539,
          "acoustic_entropy_side": 9.154091835021973,
          "hz": 16898.27756580493
        },
        {
          "acoustic_entropy": 9.1539888381958,
          "acoustic_entropy_side": 9.154047012329102,
          "hz": 18456.760127700032
        },
        {
          "acoustic_entropy": 9.154006004333496,
          "acoustic_entropy_side": 9.154013633728027,
          "hz": 20153.260054456492
        },
        {
          "acoustic_entropy": 9.154008865356445,
          "acoustic_entropy_side": 9.154009819030762,
          "hz": 22000.00000000001
        }
      ],
      "diff_acoustic_entropy": 9.244216918945312,
      "sn": 6
    },
    {
      "acoustic_entropy": 15.147238731384277,
      "acoustic_entropy_mono": 12.826001167297363,
      "band_eliminated_acoustic_entropies": [
        {
          "acoustic_entropy": 15.147242546081543,
          "acoustic_entropy_side": 15.14725112915039,
          "hz": 129.47220167065723
        },
        {
          "acoustic_entropy": 15.139508247375488,
          "acoustic_entropy_side": 15.144593238830566,
          "hz": 202.92927478742237
        },
        {
          "acoustic_entropy": 14.655405044555664,
          "acoustic_entropy_side": 15.124283790588379,
          "hz": 282.89161906338205
        },
        {
          "acoustic_entropy": 14.500015258789062,
          "acoustic_entropy_side": 15.135734558105469,
          "hz": 369.9353335868758
        },
        {
          "acoustic_entropy": 14.897238731384277,
          "acoustic_entropy_side": 15.167802810668945,
          "hz": 464.6875360973435
        },
        {
          "acoustic_entropy": 15.03964900970459,
          "acoustic_entropy_side": 15.095332145690918,
          "hz": 567.8308811364784
        },
        {
          "acoustic_entropy": 14.691671371459961,
          "acoustic_entropy_side": 15.11070442199707,
          "hz": 680.1084783214808
        },
        {
          "acoustic_entropy": 15.235755920410156,
          "acoustic_entropy_side": 15.025860786437988,
          "hz": 802.3292461747484
        },
        {
          "acoustic_entropy": 14.300860404968262,
          "acoustic_entropy_side": 14.7172212600708,
          "hz": 935.3737400823702
        },
        {
          "acoustic_entropy": 15.231183052062988,
          "acoustic_entropy_side": 15.486967086791992,
          "hz": 1080.2004963696966
        },
        {
          "acoustic_entropy": 13.077422142028809,
          "acoustic_entropy_side": 14.7886962890625,
          "hz": 1237.8529382007157
        },
        {
          "acoustic_entropy": 15.331632614135742,
          "acoustic_entropy_side": 15.42202091217041,
          "hz": 1409.4668930556702
        },
        {
          "acoustic_entropy": 14.752765655517578,
          "acoustic_entropy_side": 14.975744247436523,
          "hz": 1596.2787759475705
        },
        {
          "acoustic_entropy": 14.302270889282227,
          "acoustic_entropy_side": 15.687474250793457,
          "hz": 1799.6344973346393
        },
        {
          "acoustic_entropy": 14.256963729858398,
          "acoustic_entropy_side": 14.30766773223877,
          "hz": 2020.9991599069049
        },
        {
          "acoustic_entropy": 15.318184852600098,
          "acoustic_entropy_side": 15.225293159484863,
          "hz": 2261.9676141086993
        },
        {
          "acoustic_entropy": 15.13075065612793,
          "acoustic_entropy_side": 15.037405014038086,
          "hz": 2524.2759484456974
        },
        {
          "acoustic_entropy": 14.659333229064941,
          "acoustic_entropy_side": 15.06879997253418,
          "hz": 2809.813997359896
        },
        {
          "acoustic_entropy": 14.518136978149414,
          "acoustic_entropy_side": 15.213251113891602,
          "hz": 3120.6389567871424
        },
        {
          "acoustic_entropy": 15.17442512512207,
          "acoustic_entropy_side": 15.26076889038086,
          "hz": 3458.990205492291
        },
        {
          "acoustic_entropy": 15.22693157196045,
          "acoustic_entropy_side": 15.095599174499512,
          "hz": 3827.305438964164
        },
        {
          "acoustic_entropy": 14.98982048034668,
          "acoustic_entropy_side": 15.06723403930664,
          "hz": 4228.238232109126
        },
        {
          "acoustic_entropy": 15.301008224487305,
          "acoustic_entropy_side": 15.154735565185547,
          "hz": 4664.6771572759235
        },
        {
          "acoustic_entropy": 15.021429061889648,
          "acoustic_entropy_side": 15.103902816772461,
          "hz": 5139.766595350093
        },
        {
          "acoustic_entropy": 15.205177307128906,
          "acoustic_entropy_side": 15.089733123779297,
          "hz": 5656.929389854203
        },
        {
          "acoustic_entropy": 15.177872657775879,
          "acoustic_entropy_side": 15.14340591430664,
          "hz": 6219.891507268283
        },
        {
          "acoustic_entropy": 15.252557754516602,
          "acoustic_entropy_side": 15.136524200439453,
          "hz": 6832.70888123896
        },
        {
          "acoustic_entropy": 15.222320556640625,
          "acoustic_entropy_side": 15.136259078979492,
          "hz": 7499.796634079867
        },
        {
          "acoustic_entropy": 15.040778160095215,
          "acoustic_entropy_side": 15.10244083404541,
          "hz": 8225.96088609342
        },
        {
          "acoustic_entropy": 15.016669273376465,
          "acoustic_entropy_side": 15.114884376525879,
          "hz": 9016.43338188839
        },
        {
          "acoustic_entropy": 15.025620460510254,
          "acoustic_entropy_side": 15.137861251831055,
          "hz": 9876.909183162974
        },
        {
          "acoustic_entropy": 15.033580780029297,
          "acoustic_entropy_side": 15.137913703918457,
          "hz": 10813.587699516042
        },
        {
          "acoustic_entropy": 15.105568885803223,
          "acoustic_entropy_side": 15.14364242553711,
          "hz": 11833.21735289826
        },
        {
          "acoustic_entropy": 15.156109809875488,
          "acoustic_entropy_side": 15.146265983581543,
          "hz": 12943.144197493959
        },
        {
          "acoustic_entropy": 15.141632080078125,
          "acoustic_entropy_side": 15.145923614501953,
          "hz": 14151.364845322005
        },
        {
          "acoustic_entropy": 15.14364242553711,
          "acoustic_entropy_side": 15.145983695983887,
          "hz": 15466.58407886509
        },
        {
          "acoustic_entropy": 15.147723197937012,
          "acoustic_entropy_side": 15.147082328796387,
          "hz": 16898.27756580493
        },
        {
          "acoustic_entropy": 15.1469087600708,
          "acoustic_entropy_side": 15.147171020507812,
          "hz": 18456.760127700032
        },
        {
          "acoustic_entropy": 15.147007942199707,
          "acoustic_entropy_side": 15.147174835205078,
          "hz": 20153.260054456492
        },
        {
          "acoustic_entropy": 15.147232055664062,
          "acoustic_entropy_side": 15.147236824035645,
          "hz": 22000.00000000001
        }
      ],
      "diff_acoustic_entropy": 15.137591361999512,
      "sn": 12
    },
    {
      "acoustic_entropy": 22.548795700073242,
      "acoustic_entropy_mono": 19.172462463378906,
      "band_eliminated_acoustic_entropies": [
        {
          "acoustic_entropy": 22.548782348632812,
          "acoustic_entropy_side": 22.549081802368164,
          "hz": 129.47220167065723
        },
        {
          "acoustic_entropy": 22.58036994934082,
          "acoustic_entropy_side": 22.578977584838867,
          "hz": 202.92927478742237
        },
        {
          "acoustic_entropy": 22.13524627685547,
          "acoustic_entropy_side": 22.5422306060791,
          "hz": 282.89161906338205
        },
        {
          "acoustic_entropy": 22.65950584411621,
          "acoustic_entropy_side": 22.527372360229492,
          "hz": 369.9353335868758
        },
        {
          "acoustic_entropy": 22.556339263916016,
          "acoustic_entropy_side": 22.547016143798828,
          "hz": 464.6875360973435
        },
        {
          "acoustic_entropy": 22.27094841003418,
          "acoustic_entropy_side": 22.519193649291992,
          "hz": 567.8308811364784
        },
        {
          "acoustic_entropy": 22.865020751953125,
          "acoustic_entropy_side": 23.2996826171875,
          "hz": 680.1084783214808
        },
        {
          "acoustic_entropy": 23.62688446044922,
          "acoustic_entropy_side": 23.034339904785156,
          "hz": 802.3292461747484
        },
        {
          "acoustic_entropy": 22.44902801513672,
          "acoustic_entropy_side": 22.83032989501953,
          "hz": 935.3737400823702
        },
        {
          "acoustic_entropy": 23.169525146484375,
          "acoustic_entropy_side": 23.53744125366211,
          "hz": 1080.2004963696966
        },
        {
          "acoustic_entropy": 22.644176483154297,
          "acoustic_entropy_side": 22.484724044799805,
          "hz": 1237.8529382007157
        },
        {
          "acoustic_entropy": 23.024436950683594,
          "acoustic_entropy_side": 23.177120208740234,
          "hz": 1409.4668930556702
        },
        {
          "acoustic_entropy": 22.55622673034668,
          "acoustic_entropy_side": 22.754898071289062,
          "hz": 1596.2787759475705
        },
        {
          "acoustic_entropy": 22.37058448791504,
          "acoustic_entropy_side": 23.09085464477539,
          "hz": 1799.6344973346393
        },
        {
          "acoustic_entropy": 22.26327133178711,
          "acoustic_entropy_side": 22.3831844329834,
          "hz": 2020.9991599069049
        },
        {
          "acoustic_entropy": 23.70244789123535,
          "acoustic_entropy_side": 22.91573143005371,
          "hz": 2261.9676141086993
        },
        {
          "acoustic_entropy": 22.207435607910156,
          "acoustic_entropy_side": 22.546611785888672,
          "hz": 2524.2759484456974
        },
        {
          "acoustic_entropy": 22.73680305480957,
          "acoustic_entropy_side": 22.48090362548828,
          "hz": 2809.813997359896
        },
        {
