{
  "acoustic_entropy": 235.06967163085938,
  "bands": [
    {
      "high_freq": 148.1999969482422,
      "loudness": -20.207801818847656,
      "loudness_range": 8.76228141784668,
      "mid_mean": -16.554737091064453,
      "mid_to_side_loudness": -24.074949264526367,
      "mid_to_side_loudness_range": 29.313941955566406,
      "side_mean": -41.93026351928711
    },
    {
      "high_freq": 392.3793640136719,
      "loudness": -20.813207626342773,
      "loudness_range": 7.4207916259765625,
      "low_freq": 148.1999969482422,
      "mid_mean": -17.600618362426758,
      "mid_to_side_loudness": -10.304245948791504,
      "mid_to_side_loudness_range": 11.623364448547363,
      "side_mean": -28.092548370361328
    },
    {
      "high_freq": 794.6976318359375,
      "loudness": -22.66284942626953,
      "loudness_range": 8.988029479980469,
      "low_freq": 392.3793640136719,
      "mid_mean": -19.953670501708984,
      "mid_to_side_loudness": -7.0679826736450195,
      "mid_to_side_loudness_range": 11.281128883361816,
      "side_mean": -27.17152976989746
    },
    {
      "high_freq": 1457.5709228515625,
      "loudness": -21.028261184692383,
      "loudness_range": 12.867419242858887,
      "low_freq": 794.6976318359375,
      "mid_mean": -18.09636116027832,
      "mid_to_side_loudness": -8.117733001708984,
      "mid_to_side_loudness_range": 10.412503242492676,
      "side_mean": -26.342382431030273
    },
    {
      "high_freq": 2549.74365234375,
      "loudness": -22.292558670043945,
      "loudness_range": 14.14453411102295,
      "low_freq": 1457.5709228515625,
      "mid_mean": -19.653642654418945,
      "mid_to_side_loudness": -6.5277018547058105,
      "mid_to_side_loudness_range": 9.608994483947754,
      "side_mean": -26.245283126831055
    },
    {
      "high_freq": 4349.24462890625,
      "loudness": -21.6644287109375,
      "loudness_range": 14.082006454467773,
      "low_freq": 2549.74365234375,
      "mid_mean": -19.129669189453125,
      "mid_to_side_loudness": -6.239099025726318,
      "mid_to_side_loudness_range": 10.363448143005371,
      "side_mean": -25.445533752441406
    },
    {
      "high_freq": 7314.1640625,
      "loudness": -23.886049270629883,
      "loudness_range": 10.521123886108398,
      "low_freq": 4349.24462890625,
      "mid_mean": -21.240009307861328,
      "mid_to_side_loudness": -6.250978469848633,
      "mid_to_side_loudness_range": 7.843473434448242,
      "side_mean": -27.54547882080078
    },
    {
      "high_freq": 12199.2666015625,
      "loudness": -25.947002410888672,
      "loudness_range": 9.087579727172852,
      "low_freq": 7314.1640625,
      "mid_mean": -23.172513961791992,
      "mid_to_side_loudness": -6.768474102020264,
      "mid_to_side_loudness_range": 6.67293643951416,
      "side_mean": -29.991806030273438
    },
    {
      "loudness": -33.60275650024414,
      "loudness_range": 7.134698867797852,
      "low_freq": 12199.2666015625,
      "mid_mean": -31.310806274414062,
      "mid_to_side_loudness": -4.636725902557373,
      "mid_to_side_loudness_range": 6.47186279296875,
      "side_mean": -35.968963623046875
    }
  ],
  "bands_short": [
    {
      "high_freq": 148.1999969482422,
      "loudness": -22.516197204589844,
      "loudness_range": 16.119937896728516,
      "mid_mean": -18.896272659301758,
      "mid_to_side_loudness": -25.990333557128906,
      "mid_to_side_loudness_range": 34.776519775390625,
      "side_mean": -47.690345764160156
    },
    {
      "high_freq": 392.3793640136719,
      "loudness": -20.745508193969727,
      "loudness_range": 10.51016902923584,
      "low_freq": 148.1999969482422,
      "mid_mean": -17.572559356689453,
      "mid_to_side_loudness": -11.110801696777344,
      "mid_to_side_loudness_range": 16.157455444335938,
      "side_mean": -28.944419860839844
    },
    {
      "high_freq": 794.6976318359375,
      "loudness": -23.8319149017334,
      "loudness_range": 12.38467788696289,
      "low_freq": 392.3793640136719,
      "mid_mean": -21.331321716308594,
      "mid_to_side_loudness": -6.8858232498168945,
      "mid_to_side_loudness_range": 15.246832847595215,
      "side_mean": -28.42378807067871
    },
    {
      "high_freq": 1457.5709228515625,
      "loudness": -21.70375633239746,
      "loudness_range": 16.282669067382812,
      "low_freq": 794.6976318359375,
      "mid_mean": -18.992122650146484,
      "mid_to_side_loudness": -7.536844253540039,
      "mid_to_side_loudness_range": 13.239374160766602,
      "side_mean": -26.766517639160156
    },
    {
      "high_freq": 2549.74365234375,
      "loudness": -23.15734100341797,
      "loudness_range": 16.589458465576172,
      "low_freq": 1457.5709228515625,
      "mid_mean": -20.744104385375977,
      "mid_to_side_loudness": -6.125930309295654,
      "mid_to_side_loudness_range": 12.235967636108398,
      "side_mean": -26.90184783935547
    },
    {
      "high_freq": 4349.24462890625,
      "loudness": -22.598703384399414,
      "loudness_range": 16.928247451782227,
      "low_freq": 2549.74365234375,
      "mid_mean": -20.3137149810791,
      "mid_to_side_loudness": -5.635570049285889,
      "mid_to_side_loudness_range": 12.311332702636719,
      "side_mean": -26.05756187438965
    },
    {
      "high_freq": 7314.1640625,
      "loudness": -24.76738739013672,
      "loudness_range": 13.602743148803711,
      "low_freq": 4349.24462890625,
      "mid_mean": -22.225040435791016,
      "mid_to_side_loudness": -6.1478424072265625,
      "mid_to_side_loudness_range": 9.61268424987793,
      "side_mean": -28.442527770996094
    },
    {
      "high_freq": 12199.2666015625,
      "loudness": -27.181900024414062,
      "loudness_range": 14.138826370239258,
      "low_freq": 7314.1640625,
      "mid_mean": -24.53354263305664,
      "mid_to_side_loudness": -6.5152130126953125,
      "mid_to_side_loudness_range": 8.733976364135742,
      "side_mean": -31.09190559387207
    },
    {
      "loudness": -35.15422821044922,
      "loudness_range": 15.101585388183594,
      "low_freq": 12199.2666015625,
      "mid_mean": -32.95050048828125,
      "mid_to_side_loudness": -4.719882488250732,
      "mid_to_side_loudness_range": 9.581432342529297,
      "side_mean": -37.69172286987305
    }
  ],
  "bandwidth": 813.9498901367188,
  "channels": 2,
  "covariance": [
    [
      20.888505935668945,
      -1.7880167961120605,
      3.1788811683654785,
      0.3525679111480713,
      3.2260069847106934,
      -0.702713131904602,
      4.325779914855957,
      4.6317458152771,
      4.75892972946167,
      3.5307161808013916,
      6.05975341796875,
      4.143893241882324,
      7.181426525115967,
      7.811319828033447,
      7.704458236694336,
      7.030556678771973,
      5.599029541015625,
      5.814439296722412
    ],
    [
      -1.7880167961120605,
      51.15422821044922,
      4.771951675415039,
      7.9295244216918945,
      -0.848760724067688,
      6.426012992858887,
      -2.222776412963867,
      1.6424877643585205,
      1.0510393381118774,
      2.1250932216644287,
      1.2376097440719604,
      1.38913893699646,
      1.9115391969680786,
      1.8676601648330688,
      -0.018381012603640556,
      0.853107750415802,
      -1.4597471952438354,
      -1.8281797170639038
    ],
    [
      3.1788811683654785,
      4.771951675415039,
      8.28250503540039,
      7.430332660675049,
      3.773205041885376,
      4.55193567276001,
      2.4325809478759766,
      3.081310987472534,
      3.729163646697998,
      3.9860167503356934,
      4.32489538192749,
      3.194991111755371,
      4.357213497161865,
      3.749098539352417,
      2.596498966217041,
      2.1531856060028076,
      2.0180675983428955,
      2.8348991870880127
    ],
    [
      0.3525679111480713,
      7.9295244216918945,
      7.430332660675049,
      21.540624618530273,
      4.9180169105529785,
      12.019887924194336,
      4.3236212730407715,
      10.90443229675293,
      9.560596466064453,
      13.964456558227539,
      9.981767654418945,
      12.894349098205566,
      7.1247968673706055,
      5.904234409332275,
      3.7249724864959717,
      3.945753812789917,
      3.4764835834503174,
      5.862936973571777
    ],
    [
      3.2260069847106934,
      -0.848760724067688,
      3.773205041885376,
      4.9180169105529785,
      11.331049919128418,
      8.459686279296875,
      5.265407085418701,
      5.401600360870361,
      5.5434770584106445,
      5.5748701095581055,
      7.339500904083252,
      6.082907199859619,
      5.03666353225708,
      2.8310983180999756,
      3.1165425777435303,
      2.694103479385376,
      2.901594877243042,
      4.306609630584717
    ],
    [
      -0.702713131904602,
      6.426012992858887,
      4.55193567276001,
      12.019887924194336,
      8.459686279296875,
      21.432174682617188,
      5.202208518981934,
      11.900459289550781,
      7.774205684661865,
      13.708344459533691,
      6.710720062255859,
      11.649666786193848,
      3.6954855918884277,
      2.8291594982147217,
      1.0887658596038818,
      2.255079984664917,
      1.5156152248382568,
      4.091350555419922
    ],
    [
      4.325779914855957,
      -2.222776412963867,
      2.4325809478759766,
      4.3236212730407715,
      5.265407085418701,
      5.202208518981934,
      21.1862735748291,
      16.4882755279541,
      12.248823165893555,
      11.889798164367676,
      10.553491592407227,
      10.771526336669922,
      7.1680989265441895,
      5.067921161651611,
      6.085134029388428,
      5.7006731033325195,
      6.564625263214111,
      7.512606143951416
    ],
    [
      4.6317458152771,
      1.6424877643585205,
      3.081310987472534,
      10.90443229675293,
      5.401600360870361,
      11.900459289550781,
      16.4882755279541,
      26.087169647216797,
      14.577546119689941,
      22.152132034301758,
      13.421856880187988,
      20.02517318725586,
      8.989580154418945,
      8.203737258911133,
      7.410061359405518,
      8.078755378723145,
      6.690009593963623,
      8.02017593383789
    ],
    [
      4.75892972946167,
      1.0510393381118774,
      3.729163646697998,
      9.560596466064453,
      5.5434770584106445,
      7.774205684661865,
      12.248823165893555,
      14.577546119689941,
      24.53835105895996,
      19.902179718017578,
      13.782926559448242,
      14.993022918701172,
      9.387529373168945,
      7.368596076965332,
      5.948018550872803,
      5.9094953536987305,
      5.98916482925415,
      7.517806053161621
    ],
    [
      3.5307161808013916,
      2.1250932216644287,
      3.9860167503356934,
      13.964456558227539,
      5.5748701095581055,
      13.708344459533691,
      11.889798164367676,
      22.152132034301758,
      19.902179718017578,
      28.532608032226562,
      14.639228820800781,
      22.573001861572266,
      9.674420356750488,
      10.197168350219727,
      6.375848293304443,
      7.5415496826171875,
      5.729488849639893,
      7.754144191741943
    ],
    [
      6.05975341796875,
      1.2376097440719604,
      4.32489538192749,
      9.981767654418945,
      7.339500904083252,
      6.710720062255859,
      10.553491592407227,
      13.421856880187988,
      13.782926559448242,
      14.639228820800781,
      26.105939865112305,
      19.42731475830078,
      15.358102798461914,
      10.429465293884277,
      9.782538414001465,
      7.9973368644714355,
      7.622609615325928,
      8.325942039489746
    ],
    [
      4.143893241882324,
      1.38913893699646,
      3.194991111755371,
      12.894349098205566,
      6.082907199859619,
      11.649666786193848,
      10.771526336669922,
      20.02517318725586,
      14.993022918701172,
      22.573001861572266,
      19.42731475830078,
      28.91228675842285,
      12.635407447814941,
      13.394864082336426,
      9.094708442687988,
      10.40886116027832,
      6.927944660186768,
      8.62022876739502
    ],
    [
      7.181426525115967,
      1.9115391969680786,
      4.357213497161865,
      7.1247968673706055,
      5.03666353225708,
      3.6954855918884277,
      7.1680989265441895,
      8.989580154418945,
      9.387529373168945,
      9.674420356750488,
      15.358102798461914,
      12.635407447814941,
      15.928007125854492,
      11.144951820373535,
      10.931294441223145,
      8.861472129821777,
      7.520383358001709,
      8.356532096862793
    ],
    [
      7.811319828033447,
      1.8676601648330688,
      3.749098539352417,
      5.904234409332275,
      2.8310983180999756,
      2.8291594982147217,
      5.067921161651611,
      8.203737258911133,
      7.368596076965332,
      10.197168350219727,
      10.429465293884277,
      13.394864082336426,
      11.144951820373535,
      14.889863014221191,
      7.8602614402771,
      10.321044921875,
      5.242582321166992,
      8.368449211120605
    ],
    [
      7.704458236694336,
      -0.018381012603640556,
      2.596498966217041,
      3.7249724864959717,
      3.1165425777435303,
      1.0887658596038818,
      6.085134029388428,
      7.410061359405518,
      5.948018550872803,
      6.375848293304443,
      9.782538414001465,
      9.094708442687988,
      10.931294441223145,
      7.8602614402771,
      13.868968963623047,
      9.281974792480469,
      10.500609397888184,
      9.197839736938477
    ],
    [
      7.030556678771973,
      0.853107750415802,
      2.1531856060028076,
      3.945753812789917,
      2.694103479385376,
      2.255079984664917,
      5.7006731033325195,
      8.078755378723145,
      5.9094953536987305,
      7.5415496826171875,
      7.9973368644714355,
      10.40886116027832,
      8.861472129821777,
      10.321044921875,
      9.281974792480469,
      11.96618938446045,
      6.959672451019287,
      10.261861801147461
    ],
    [
      5.599029541015625,
      -1.4597471952438354,
      2.0180675983428955,
      3.4764835834503174,
      2.901594877243042,
      1.5156152248382568,
      6.564625263214111,
      6.690009593963623,
      5.98916482925415,
      5.729488849639893,
      7.622609615325928,
      6.927944660186768,
      7.520383358001709,
      5.242582321166992,
      10.500609397888184,
      6.959672451019287,
      11.351839065551758,
      9.491599082946777
    ],
    [
      5.814439296722412,
      -1.8281797170639038,
      2.8348991870880127,
      5.862936973571777,
      4.306609630584717,
      4.091350555419922,
      7.512606143951416,
      8.02017593383789,
      7.517806053161621,
      7.754144191741943,
      8.325942039489746,
      8.62022876739502,
      8.356532096862793,
      8.368449211120605,
      9.197839736938477,
      10.261861801147461,
      9.491599082946777,
      15.268580436706543
    ]
  ],
  "covariance_short": [
    [
      38.88652420043945,
      0.1664274036884308,
      6.017353534698486,
      0.7803483605384827,
      5.33659029006958,
      1.8924310207366943,
      5.912054061889648,
      5.31295919418335,
      7.0925116539001465,
      5.798469066619873,
      7.026000022888184,
      5.266843795776367,
      7.358973979949951,
      7.835926532745361,
      4.557032585144043,
      6.091344833374023,
      3.2137718200683594,
      5.182516098022461
    ],
    [
      0.1664274036884308,
      50.512027740478516,
      6.786340236663818,
      6.626353740692139,
      0.6692630052566528,
      2.1296274662017822,
      -1.859304428100586,
      -1.3925925493240356,
      -2.2704176902770996,
      -3.5329976081848145,
      0.3300357162952423,
      -2.7667343616485596,
      2.3691980838775635,
      1.4117491245269775,
      2.021231174468994,
      1.194279670715332,
      1.279444932937622,
      0.12308330833911896
    ],
    [
      6.017353534698486,
      6.786340236663818,
      18.33320426940918,
      10.449986457824707,
      8.218082427978516,
      7.1073784828186035,
      6.637576580047607,
      6.175121784210205,
      7.955875396728516,
      6.334847450256348,
      7.384753227233887,
      4.852055549621582,
      7.540135383605957,
      6.549256324768066,
      4.713351249694824,
      4.841180801391602,
      4.789956569671631,
      5.9946370124816895
    ],
    [
      0.7803483605384827,
      6.626353740692139,
      10.449986457824707,
      34.28255844116211,
      7.718986988067627,
      19.21552276611328,
      9.220425605773926,
      18.905391693115234,
      13.96340274810791,
      19.9637451171875,
      13.513554573059082,
      18.97298240661621,
      10.265021324157715,
      10.152413368225098,
      7.6397833824157715,
      7.944380283355713,
      6.958796501159668,
      9.764142990112305
    ],
    [
      5.33659029006958,
      0.6692630052566528,
      8.218082427978516,
      7.718986988067627,
      24.12115478515625,
      13.134442329406738,
      12.287860870361328,
      10.401874542236328,
      10.87767505645752,
      9.471325874328613,
      13.545058250427246,
      10.535833358764648,
      11.657099723815918,
      8.863508224487305,
      8.61226749420166,
      9.209118843078613,
      7.645362854003906,
      9.695185661315918
    ],
    [
      1.8924310207366943,
      2.1296274662017822,
      7.1073784828186035,
      19.21552276611328,
      13.134442329406738,
      32.432918548583984,
      11.306586265563965,
      20.58189582824707,
      13.029239654541016,
      19.6492919921875,
      11.437841415405273,
      17.64445686340332,
      7.535815238952637,
      7.4699835777282715,
      5.235939025878906,
      7.499464988708496,
      4.736544132232666,
      8.334257125854492
    ],
    [
      5.912054061889648,
      -1.859304428100586,
      6.637576580047607,
      9.220425605773926,
      12.287860870361328,
      11.306586265563965,
      36.992271423339844,
      24.48365020751953,
      20.90219497680664,
      18.192087173461914,
      18.01873016357422,
      15.833321571350098,
      13.003718376159668,
      9.921158790588379,
      10.288106918334961,
      11.134163856506348,
      11.238740921020508,
      13.45120906829834
    ],
    [
      5.31295919418335,
      -1.3925925493240356,
      6.175121784210205,
      18.905391693115234,
      10.401874542236328,
      20.58189582824707,
      24.48365020751953,
      38.51605224609375,
      21.37042236328125,
      29.43760108947754,
      18.621593475341797,
      26.05715560913086,
      13.014179229736328,
      13.14285659790039,
      10.764922142028809,
      13.15207576751709,
      10.483683586120605,
      13.679296493530273
    ],
    [
      7.0925116539001465,
      -2.2704176902770996,
      7.955875396728516,
      13.96340274810791,
      10.87767505645752,
      13.029239654541016,
      20.90219497680664,
      21.37042236328125,
      37.346893310546875,
      26.57278823852539,
      21.153804779052734,
      20.308183670043945,
      15.62308406829834,
      13.509126663208008,
      10.646310806274414,
      11.151541709899902,
      11.422184944152832,
      14.016311645507812
    ],
    [
      5.798469066619873,
      -3.5329976081848145,
      6.334847450256348,
      19.9637451171875,
      9.471325874328613,
      19.6492919921875,
      18.192087173461914,
      29.43760108947754,
      26.57278823852539,
      38.37501907348633,
      19.356739044189453,
      27.9580020904541,
      13.38110637664795,
      15.522058486938477,
      10.182049751281738,
      12.3075532913208,
      9.942133903503418,
      13.543737411499023
    ],
    [
      7.026000022888184,
      0.3300357162952423,
      7.384753227233887,
      13.513554573059082,
      13.545058250427246,
      11.437841415405273,
      18.01873016357422,
      18.621593475341797,
      21.153804779052734,
      19.356739044189453,
      37.466983795166016,
      26.20891571044922,
      23.617300033569336,
      17.596250534057617,
      14.520759582519531,
      14.217974662780762,
      12.560050010681152,
      14.308028221130371
    ],
    [
      5.266843795776367,
      -2.7667343616485596,
      4.852055549621582,
      18.97298240661621,
      10.535833358764648,
      17.64445686340332,
      15.833321571350098,
      26.05715560913086,
      20.308183670043945,
      27.9580020904541,
      26.20891571044922,
      39.314109802246094,
      18.198299407958984,
      20.60824203491211,
      14.137760162353516,
      17.504047393798828,
      12.086254119873047,
      15.873979568481445
    ],
    [
      7.358973979949951,
      2.3691980838775635,
      7.540135383605957,
      10.265021324157715,
      11.657099723815918,
      7.535815238952637,
      13.003718376159668,
      13.014179229736328,
      15.62308406829834,
      13.38110637664795,
      23.617300033569336,
      18.198299407958984,
      26.96709442138672,
      19.359174728393555,
      19.44965362548828,
      16.63818359375,
      15.917956352233887,
      16.56051254272461
    ],
    [
      7.835926532745361,
      1.4117491245269775,
      6.549256324768066,
      10.152413368225098,
      8.863508224487305,
      7.4699835777282715,
      9.921158790588379,
      13.14285659790039,
      13.509126663208008,
      15.522058486938477,
      17.596250534057617,
      20.60824203491211,
      19.359174728393555,
      26.11456298828125,
      14.996596336364746,
      19.44536781311035,
      12.748618125915527,
      18.553068161010742
    ],
    [
      4.557032585144043,
      2.021231174468994,
      4.713351249694824,
      7.6397833824157715,
      8.61226749420166,
      5.235939025878906,
      10.288106918334961,
      10.764922142028809,
      10.646310806274414,
      10.182049751281738,
      14.520759582519531,
      14.137760162353516,
      19.44965362548828,
      14.996596336364746,
      27.586910247802734,
      19.358007431030273,
      24.200815200805664,
      20.603431701660156
    ],
    [
      6.091344833374023,
      1.194279670715332,
      4.841180801391602,
      7.944380283355713,
      9.209118843078613,
      7.499464988708496,
      11.134163856506348,
      13.15207576751709,
      11.151541709899902,
      12.3075532913208,
      14.217974662780762,
      17.504047393798828,
      16.63818359375,
      19.44536781311035,
      19.358007431030273,
      26.24199867248535,
      16.877208709716797,
      22.958438873291016
    ],
    [
      3.2137718200683594,
      1.279444932937622,
      4.789956569671631,
      6.958796501159668,
      7.645362854003906,
      4.736544132232666,
      11.238740921020508,
      10.483683586120605,
      11.422184944152832,
      9.942133903503418,
      12.560050010681152,
      12.086254119873047,
      15.917956352233887,
      12.748618125915527,
      24.200815200805664,
      16.877208709716797,
      29.676895141601562,
      24.505165100097656
    ],
    [
      5.182516098022461,
      0.12308330833911896,
      5.9946370124816895,
      9.764142990112305,
      9.695185661315918,
      8.334257125854492,
      13.45120906829834,
      13.679296493530273,
      14.016311645507812,
      13.543737411499023,
      14.308028221130371,
      15.873979568481445,
      16.56051254272461,
      18.553068161010742,
      20.603431701660156,
      22.958438873291016,
      24.505165100097656,
      33.673213958740234
    ]
  ],
  "damage": -6.1655168533325195,
  "diff_bandwidth": 824.9111938476562,
  "dissonance": 10.607013338198074,
  "drr": 4.135002613067627,
  "dynamics": 2.4625208377838135,
  "format": 1245190,
  "frames": 9449408,
  "loudness": -8.813870429992676,
  "loudness_range": 5.597141265869141,
  "loudness_range_short": 8.050832748413086,
  "lowpass_true_peak_15khz": 0.7637577652931213,
  "mastering3_acoustic_entropies": [
    {
      "acoustic_entropy": 6.577342510223389,
      "acoustic_entropy_mono": 6.9672064781188965,
      "band_eliminated_acoustic_entropies": [
        {
          "acoustic_entropy": 6.569231986999512,
          "acoustic_entropy_side": 6.577343940734863,
          "hz": 129.47220167065723
        },
        {
          "acoustic_entropy": 6.573142051696777,
          "acoustic_entropy_side": 6.578845977783203,
          "hz": 202.92927478742237
        },
        {
          "acoustic_entropy": 6.615967273712158,
          "acoustic_entropy_side": 6.5662736892700195,
          "hz": 282.89161906338205
        },
        {
          "acoustic_entropy": 6.911622524261475,
          "acoustic_entropy_side": 6.570921421051025,
          "hz": 369.9353335868758
        },
        {
          "acoustic_entropy": 6.325603485107422,
          "acoustic_entropy_side": 6.51413106918335,
          "hz": 464.6875360973435
        },
        {
          "acoustic_entropy": 6.704718112945557,
          "acoustic_entropy_side": 6.532329559326172,
          "hz": 567.8308811364784
        },
        {
          "acoustic_entropy": 6.4659929275512695,
          "acoustic_entropy_side": 6.556241035461426,
          "hz": 680.1084783214808
        },
        {
          "acoustic_entropy": 6.374373912811279,
          "acoustic_entropy_side": 6.347391128540039,
          "hz": 802.3292461747484
        },
        {
          "acoustic_entropy": 6.817852973937988,
          "acoustic_entropy_side": 6.810715198516846,
          "hz": 935.3737400823702
        },
        {
          "acoustic_entropy": 6.7827911376953125,
          "acoustic_entropy_side": 6.406676769256592,
          "hz": 1080.2004963696966
        },
        {
          "acoustic_entropy": 6.819521903991699,
          "acoustic_entropy_side": 6.486327171325684,
          "hz": 1237.8529382007157
        },
        {
          "acoustic_entropy": 7.355812072753906,
          "acoustic_entropy_side": 6.288331031799316,
          "hz": 1409.4668930556702
        },
        {
          "acoustic_entropy": 6.622038841247559,
          "acoustic_entropy_side": 6.489642143249512,
          "hz": 1596.2787759475705
        },
        {
          "acoustic_entropy": 6.88574743270874,
          "acoustic_entropy_side": 6.576633453369141,
          "hz": 1799.6344973346393
        },
        {
          "acoustic_entropy": 6.679315567016602,
          "acoustic_entropy_side": 6.64652681350708,
          "hz": 2020.9991599069049
        },
        {
          "acoustic_entropy": 6.741754531860352,
          "acoustic_entropy_side": 6.63351583480835,
          "hz": 2261.9676141086993
        },
        {
          "acoustic_entropy": 6.762080669403076,
          "acoustic_entropy_side": 6.351886749267578,
          "hz": 2524.2759484456974
        },
        {
          "acoustic_entropy": 6.723426818847656,
          "acoustic_entropy_side": 6.354804992675781,
          "hz": 2809.813997359896
        },
        {
          "acoustic_entropy": 6.5070414543151855,
          "acoustic_entropy_side": 6.405100345611572,
          "hz": 3120.6389567871424
        },
        {
          "acoustic_entropy": 6.423318862915039,
          "acoustic_entropy_side": 6.6934003829956055,
          "hz": 3458.990205492291
        },
        {
          "acoustic_entropy": 5.754282474517822,
          "acoustic_entropy_side": 6.36251974105835,
          "hz": 3827.305438964164
        },
        {
          "acoustic_entropy": 6.374015808105469,
          "acoustic_entropy_side": 6.458441734313965,
          "hz": 4228.238232109126
        },
        {
          "acoustic_entropy": 6.537679195404053,
          "acoustic_entropy_side": 6.497386932373047,
          "hz": 4664.6771572759235
        },
        {
          "acoustic_entropy": 6.569887638092041,
          "acoustic_entropy_side": 6.635742664337158,
          "hz": 5139.766595350093
        },
        {
          "acoustic_entropy": 6.491667747497559,
          "acoustic_entropy_side": 6.595790386199951,
          "hz": 5656.929389854203
        },
        {
          "acoustic_entropy": 6.441908359527588,
          "acoustic_entropy_side": 6.574239730834961,
          "hz": 6219.891507268283
        },
        {
          "acoustic_entropy": 6.344615936279297,
          "acoustic_entropy_side": 6.402306079864502,
          "hz": 6832.70888123896
        },
        {
          "acoustic_entropy": 6.155598163604736,
          "acoustic_entropy_side": 6.333196640014648,
          "hz": 7499.796634079867
        },
        {
          "acoustic_entropy": 6.478134632110596,
          "acoustic_entropy_side": 6.532999515533447,
          "hz": 8225.96088609342
        },
        {
          "acoustic_entropy": 6.400540351867676,
          "acoustic_entropy_side": 6.59739351272583,
          "hz": 9016.43338188839
        },
        {
          "acoustic_entropy": 6.490902423858643,
          "acoustic_entropy_side": 6.576228141784668,
          "hz": 9876.909183162974
        },
        {
          "acoustic_entropy": 6.429558277130127,
          "acoustic_entropy_side": 6.514652252197266,
          "hz": 10813.587699516042
        },
        {
          "acoustic_entropy": 6.502230167388916,
          "acoustic_entropy_side": 6.588967800140381,
          "hz": 11833.21735289826
        },
        {
          "acoustic_entropy": 6.496824741363525,
          "acoustic_entropy_side": 6.603070259094238,
          "hz": 12943.144197493959
        },
        {
          "acoustic_entropy": 6.569301605224609,
          "acoustic_entropy_side": 6.567458152770996,
          "hz": 14151.364845322005
        },
        {
          "acoustic_entropy": 6.56083345413208,
          "acoustic_entropy_side": 6.5779242515563965,
          "hz": 15466.58407886509
        },
        {
          "acoustic_entropy": 6.579337120056152,
          "acoustic_entropy_side": 6.583528995513916,
          "hz": 16898.27756580493
        },
        {
          "acoustic_entropy": 6.573360919952393,
          "acoustic_entropy_side": 6.577261447906494,
          "hz": 18456.760127700032
        },
        {
          "acoustic_entropy": 6.576684474945068,
          "acoustic_entropy_side": 6.577033519744873,
          "hz": 20153.260054456492
        },
        {
          "acoustic_entropy": 6.577042579650879,
          "acoustic_entropy_side": 6.5769805908203125,
          "hz": 22000.00000000001
        }
      ],
      "diff_acoustic_entropy": 5.006696701049805,
      "sn": 6
    },
    {
      "acoustic_entropy": 11.14262580871582,
      "acoustic_entropy_mono": 10.675837516784668,
      "band_eliminated_acoustic_entropies": [
        {
          "acoustic_entropy": 10.804083824157715,
          "acoustic_entropy_side": 11.142585754394531,
          "hz": 129.47220167065723
        },
        {
          "acoustic_entropy": 10.563257217407227,
          "acoustic_entropy_side": 11.1771879196167,
          "hz": 202.92927478742237
        },
        {
          "acoustic_entropy": 11.329023361206055,
          "acoustic_entropy_side": 11.144984245300293,
          "hz": 282.89161906338205
        },
        {
          "acoustic_entropy": 11.396011352539062,
          "acoustic_entropy_side": 11.101333618164062,
          "hz": 369.9353335868758
        },
        {
          "acoustic_entropy": 10.833136558532715,
          "acoustic_entropy_side": 11.149035453796387,
          "hz": 464.6875360973435
        },
        {
          "acoustic_entropy": 10.986494064331055,
          "acoustic_entropy_side": 10.930976867675781,
          "hz": 567.8308811364784
        },
        {
          "acoustic_entropy": 10.705094337463379,
          "acoustic_entropy_side": 10.981851577758789,
          "hz": 680.1084783214808
        },
        {
          "acoustic_entropy": 10.930806159973145,
          "acoustic_entropy_side": 10.970446586608887,
          "hz": 802.3292461747484
        },
        {
          "acoustic_entropy": 10.353164672851562,
          "acoustic_entropy_side": 11.519437789916992,
          "hz": 935.3737400823702
        },
        {
          "acoustic_entropy": 12.059090614318848,
          "acoustic_entropy_side": 11.67597484588623,
          "hz": 1080.2004963696966
        },
        {
          "acoustic_entropy": 11.418331146240234,
          "acoustic_entropy_side": 11.091146469116211,
          "hz": 1237.8529382007157
        },
        {
          "acoustic_entropy": 11.701444625854492,
          "acoustic_entropy_side": 11.142720222473145,
          "hz": 1409.4668930556702
        },
        {
          "acoustic_entropy": 10.499340057373047,
          "acoustic_entropy_side": 10.998424530029297,
          "hz": 1596.2787759475705
        },
        {
          "acoustic_entropy": 10.883206367492676,
          "acoustic_entropy_side": 11.612410545349121,
          "hz": 1799.6344973346393
        },
        {
          "acoustic_entropy": 10.50610065460205,
          "acoustic_entropy_side": 11.577764511108398,
          "hz": 2020.9991599069049
        },
        {
          "acoustic_entropy": 11.361783981323242,
          "acoustic_entropy_side": 11.042226791381836,
          "hz": 2261.9676141086993
        },
        {
          "acoustic_entropy": 11.785367012023926,
          "acoustic_entropy_side": 11.278657913208008,
          "hz": 2524.2759484456974
        },
        {
          "acoustic_entropy": 11.202291488647461,
          "acoustic_entropy_side": 11.264087677001953,
          "hz": 2809.813997359896
        },
        {
          "acoustic_entropy": 11.328707695007324,
          "acoustic_entropy_side": 11.36534309387207,
          "hz": 3120.6389567871424
        },
        {
          "acoustic_entropy": 10.681034088134766,
          "acoustic_entropy_side": 11.21158504486084,
          "hz": 3458.990205492291
        },
        {
          "acoustic_entropy": 11.18533706665039,
          "acoustic_entropy_side": 11.486891746520996,
          "hz": 3827.305438964164
        },
        {
          "acoustic_entropy": 11.418000221252441,
          "acoustic_entropy_side": 11.178956031799316,
          "hz": 4228.238232109126
        },
        {
          "acoustic_entropy": 10.973861694335938,
          "acoustic_entropy_side": 11.189130783081055,
          "hz": 4664.6771572759235
        },
        {
          "acoustic_entropy": 11.037757873535156,
          "acoustic_entropy_side": 10.947358131408691,
          "hz": 5139.766595350093
        },
        {
          "acoustic_entropy": 11.240281105041504,
          "acoustic_entropy_side": 11.120499610900879,
          "hz": 5656.929389854203
        },
        {
          "acoustic_entropy": 11.22215747833252,
          "acoustic_entropy_side": 11.342315673828125,
          "hz": 6219.891507268283
        },
        {
          "acoustic_entropy": 11.376277923583984,
          "acoustic_entropy_side": 11.364654541015625,
          "hz": 6832.70888123896
        },
        {
          "acoustic_entropy": 11.19930648803711,
          "acoustic_entropy_side": 11.191649436950684,
          "hz": 7499.796634079867
        },
        {
          "acoustic_entropy": 10.9559907913208,
          "acoustic_entropy_side": 11.106562614440918,
          "hz": 8225.96088609342
        },
        {
          "acoustic_entropy": 11.03398609161377,
          "acoustic_entropy_side": 10.843612670898438,
          "hz": 9016.43338188839
        },
        {
          "acoustic_entropy": 10.697599411010742,
          "acoustic_entropy_side": 10.93023681640625,
          "hz": 9876.909183162974
        },
        {
          "acoustic_entropy": 10.94511890411377,
          "acoustic_entropy_side": 11.135883331298828,
          "hz": 10813.587699516042
        },
        {
          "acoustic_entropy": 11.017309188842773,
          "acoustic_entropy_side": 11.252898216247559,
          "hz": 11833.21735289826
        },
        {
          "acoustic_entropy": 11.222469329833984,
          "acoustic_entropy_side": 11.114795684814453,
          "hz": 12943.144197493959
        },
        {
          "acoustic_entropy": 11.435160636901855,
          "acoustic_entropy_side": 11.292009353637695,
          "hz": 14151.364845322005
        },
        {
          "acoustic_entropy": 10.84043025970459,
          "acoustic_entropy_side": 11.153961181640625,
          "hz": 15466.58407886509
        },
        {
          "acoustic_entropy": 10.986910820007324,
          "acoustic_entropy_side": 11.263328552246094,
          "hz": 16898.27756580493
        },
        {
          "acoustic_entropy": 10.993854522705078,
          "acoustic_entropy_side": 11.232670783996582,
          "hz": 18456.760127700032
        },
        {
          "acoustic_entropy": 11.155011177062988,
          "acoustic_entropy_side": 11.163280487060547,
          "hz": 20153.260054456492
        },
        {
          "acoustic_entropy": 11.140665054321289,
          "acoustic_entropy_side": 11.140005111694336,
          "hz": 22000.00000000001
        }
      ],
      "diff_acoustic_entropy": 8.70495891571045,
      "sn": 12
    },
    {
      "acoustic_entropy": 17.023330688476562,
      "acoustic_entropy_mono": 13.395085334777832,
      "band_eliminated_acoustic_entropies": [
        {
          "acoustic_entropy": 16.918718338012695,
          "acoustic_entropy_side": 17.028127670288086,
          "hz": 129.47220167065723
        },
        {
          "acoustic_entropy": 17.491451263427734,
          "acoustic_entropy_side": 17.527061462402344,
          "hz": 202.92927478742237
        },
        {
          "acoustic_entropy": 17.231807708740234,
          "acoustic_entropy_side": 16.960784912109375,
          "hz": 282.89161906338205
        },
        {
          "acoustic_entropy": 18.10332679748535,
          "acoustic_entropy_side": 17.577709197998047,
          "hz": 369.9353335868758
        },
        {
          "acoustic_entropy": 17.516387939453125,
          "acoustic_entropy_side": 17.58967399597168,
          "hz": 464.6875360973435
        },
        {
          "acoustic_entropy": 17.18838119506836,
          "acoustic_entropy_side": 17.33505630493164,
          "hz": 567.8308811364784
        },
        {
          "acoustic_entropy": 17.32295036315918,
          "acoustic_entropy_side": 16.95867919921875,
          "hz": 680.1084783214808
        },
        {
          "acoustic_entropy": 17.956022262573242,
          "acoustic_entropy_side": 17.70140838623047,
          "hz": 802.3292461747484
        },
        {
          "acoustic_entropy": 16.668020248413086,
          "acoustic_entropy_side": 16.62701416015625,
          "hz": 935.3737400823702
        },
        {
          "acoustic_entropy": 16.691415786743164,
          "acoustic_entropy_side": 17.01875877380371,
          "hz": 1080.2004963696966
        },
        {
          "acoustic_entropy": 17.480621337890625,
          "acoustic_entropy_side": 17.080915451049805,
          "hz": 1237.8529382007157
        },
        {
          "acoustic_entropy": 17.440073013305664,
          "acoustic_entropy_side": 16.986845016479492,
          "hz": 1409.4668930556702
        },
        {
          "acoustic_entropy": 16.81495475769043,
          "acoustic_entropy_side": 16.216474533081055,
          "hz": 1596.2787759475705
        },
        {
          "acoustic_entropy": 16.88147735595703,
          "acoustic_entropy_side": 17.76404571533203,
          "hz": 1799.6344973346393
        },
        {
          "acoustic_entropy": 17.009401321411133,
          "acoustic_entropy_side": 17.078378677368164,
          "hz": 2020.9991599069049
        },
        {
          "acoustic_entropy": 17.437419891357422,
          "acoustic_entropy_side": 17.21654510498047,
          "hz": 2261.9676141086993
        },
        {
          "acoustic_entropy": 16.85805892944336,
          "acoustic_entropy_side": 17.14354133605957,
          "hz": 2524.2759484456974
        },
        {
          "acoustic_entropy": 16.8555965423584,
          "acoustic_entropy_side": 16.740522384643555,
          "hz": 2809.813997359896
        },
        {
          "acoustic_entropy": 17.142724990844727,
