{
  "acoustic_entropy": 154.18174743652344,
  "bands": [
    {
      "high_freq": 148.1999969482422,
      "loudness": -38.935306549072266,
      "loudness_range": 21.126256942749023,
      "mid_mean": -35.268333435058594,
      "mid_to_side_loudness": -68.84741973876953,
      "mid_to_side_loudness_range": 28.23998260498047,
      "side_mean": -69.99996185302734
    },
    {
      "high_freq": 392.3793640136719,
      "loudness": -36.719966888427734,
      "loudness_range": 20.013961791992188,
      "low_freq": 148.1999969482422,
      "mid_mean": -33.01588821411133,
      "mid_to_side_loudness": -41.73634338378906,
      "mid_to_side_loudness_range": 57.044246673583984,
      "side_mean": -69.99993896484375
    },
    {
      "high_freq": 794.6976318359375,
      "loudness": -33.289859771728516,
      "loudness_range": 18.456642150878906,
      "low_freq": 392.3793640136719,
      "mid_mean": -29.600872039794922,
      "mid_to_side_loudness": -30.700942993164062,
      "mid_to_side_loudness_range": 40.02467727661133,
      "side_mean": -69.99996948242188
    },
    {
      "high_freq": 1457.5709228515625,
      "loudness": -38.98659133911133,
      "loudness_range": 26.93128776550293,
      "low_freq": 794.6976318359375,
      "mid_mean": -35.344818115234375,
      "mid_to_side_loudness": -30.565183639526367,
      "mid_to_side_loudness_range": 53.41703796386719,
      "side_mean": -70
    },
    {
      "high_freq": 2549.74365234375,
      "loudness": -43.79946517944336,
      "loudness_range": 34.08434295654297,
      "low_freq": 1457.5709228515625,
      "mid_mean": -40.14175033569336,
      "mid_to_side_loudness": -31.374494552612305,
      "mid_to_side_loudness_range": 44.52024841308594,
      "side_mean": -69.99999237060547
    },
    {
      "high_freq": 4349.24462890625,
      "loudness": -49.56256103515625,
      "loudness_range": 25.965606689453125,
      "low_freq": 2549.74365234375,
      "mid_mean": -45.881813049316406,
      "mid_to_side_loudness": -33.215091705322266,
      "mid_to_side_loudness_range": 44.65093231201172,
      "side_mean": -69.99811553955078
    },
    {
      "high_freq": 7314.1640625,
      "loudness": -51.51549530029297,
      "loudness_range": 14.614128112792969,
      "low_freq": 4349.24462890625,
      "mid_mean": -48.391117095947266,
      "mid_to_side_loudness": -36.89085388183594,
      "mid_to_side_loudness_range": 38.08741760253906,
      "side_mean": -69.99933624267578
    },
    {
      "high_freq": 12199.2666015625,
      "loudness": -56.580501556396484,
      "loudness_range": 13.162906646728516,
      "low_freq": 7314.1640625,
      "mid_mean": -52.806427001953125,
      "mid_to_side_loudness": -36.01694869995117,
      "mid_to_side_loudness_range": 44.333499908447266,
      "side_mean": -69.99988555908203
    },
    {
      "loudness": -65.62194061279297,
      "loudness_range": 11.624141693115234,
      "low_freq": 12199.2666015625,
      "mid_mean": -61.1756477355957,
      "mid_to_side_loudness": -38.93540573120117,
      "mid_to_side_loudness_range": 49.92410659790039,
      "side_mean": -69.99996948242188
    }
  ],
  "bands_short": [
    {
      "high_freq": 148.1999969482422,
      "loudness": -43.543121337890625,
      "loudness_range": 27.65515899658203,
      "mid_mean": -40.139068603515625,
      "mid_to_side_loudness": -71.22895812988281,
      "mid_to_side_loudness_range": 25.766929626464844,
      "side_mean": -69.9999771118164
    },
    {
      "high_freq": 392.3793640136719,
      "loudness": -36.658565521240234,
      "loudness_range": 19.850868225097656,
      "low_freq": 148.1999969482422,
      "mid_mean": -32.96467208862305,
      "mid_to_side_loudness": -65.58712768554688,
      "mid_to_side_loudness_range": 36.92921447753906,
      "side_mean": -69.99993133544922
    },
    {
      "high_freq": 794.6976318359375,
      "loudness": -34.163150787353516,
      "loudness_range": 21.35308265686035,
      "low_freq": 392.3793640136719,
      "mid_mean": -30.477378845214844,
      "mid_to_side_loudness": -28.312541961669922,
      "mid_to_side_loudness_range": 37.3321533203125,
      "side_mean": -69.99996948242188
    },
    {
      "high_freq": 1457.5709228515625,
      "loudness": -40.199485778808594,
      "loudness_range": 28.94335174560547,
      "low_freq": 794.6976318359375,
      "mid_mean": -36.57888412475586,
      "mid_to_side_loudness": -23.297155380249023,
      "mid_to_side_loudness_range": 29.138442993164062,
      "side_mean": -70
    },
    {
      "high_freq": 2549.74365234375,
      "loudness": -45.66653060913086,
      "loudness_range": 35.704429626464844,
      "low_freq": 1457.5709228515625,
      "mid_mean": -42.00712203979492,
      "mid_to_side_loudness": -22.419090270996094,
      "mid_to_side_loudness_range": 31.284770965576172,
      "side_mean": -69.99999237060547
    },
    {
      "high_freq": 4349.24462890625,
      "loudness": -50.782344818115234,
      "loudness_range": 27.22311782836914,
      "low_freq": 2549.74365234375,
      "mid_mean": -47.1597785949707,
      "mid_to_side_loudness": -23.528480529785156,
      "mid_to_side_loudness_range": 39.67990493774414,
      "side_mean": -69.9993667602539
    },
    {
      "high_freq": 7314.1640625,
      "loudness": -52.61518478393555,
      "loudness_range": 15.665721893310547,
      "low_freq": 4349.24462890625,
      "mid_mean": -49.45952224731445,
      "mid_to_side_loudness": -27.538156509399414,
      "mid_to_side_loudness_range": 34.18292236328125,
      "side_mean": -69.99960327148438
    },
    {
      "high_freq": 12199.2666015625,
      "loudness": -57.76726150512695,
      "loudness_range": 14.712276458740234,
      "low_freq": 7314.1640625,
      "mid_mean": -53.94392013549805,
      "mid_to_side_loudness": -24.506704330444336,
      "mid_to_side_loudness_range": 35.22842025756836,
      "side_mean": -69.9999008178711
    },
    {
      "loudness": -66.7371597290039,
      "loudness_range": 12.052902221679688,
      "low_freq": 12199.2666015625,
      "mid_mean": -62.107666015625,
      "mid_to_side_loudness": -26.87363052368164,
      "mid_to_side_loudness_range": 34.8980712890625,
      "side_mean": -69.99996948242188
    }
  ],
  "bandwidth": 667.7383422851562,
  "channels": 2,
  "covariance": [
    [
      56.864131927490234,
      0.00042397365905344486,
      8.691483497619629,
      -8.737084135646e-05,
      5.2809600830078125,
      -0.0001765610941220075,
      4.288054943084717,
      -6.421898888220312e-07,
      4.71187686920166,
      2.6331611024943413e-06,
      6.2772932052612305,
      0.0045987702906131744,
      8.69611930847168,
      0.0009685353725217283,
      7.056264400482178,
      -4.430759508977644e-05,
      6.014627933502197,
      -5.568553024204448e-05
    ],
    [
      0.00042397365905344486,
      3.5108564588881563e-07,
      -4.1511015297146514e-05,
      9.630626296441847e-10,
      -0.00020217422570567578,
      -9.1658303169595e-10,
      -0.0002446818689350039,
      7.648775710022981e-12,
      -0.00021527904027607292,
      -1.1550131684412435e-10,
      -9.446321928407997e-05,
      -6.49982823119899e-08,
      3.033583561773412e-05,
      -2.294885703690852e-08,
      5.239390884526074e-05,
      -3.844562890265024e-09,
      3.989146716776304e-05,
      -9.373165577031273e-10
    ],
    [
      8.691483497619629,
      -4.1511015297146514e-05,
      47.152259826660156,
      0.0007144309347495437,
      13.862430572509766,
      -0.0002830281446222216,
      13.576977729797363,
      -3.4181314276793273e-06,
      12.274100303649902,
      -4.360783350421116e-05,
      14.634420394897461,
      -0.005136351566761732,
      5.722115993499756,
      -0.0027822768315672874,
      3.2785351276397705,
      -0.0007667051395401359,
      3.216970920562744,
      -0.0002542420697864145
    ],
    [
      -8.737084135646e-05,
      9.630626296441847e-10,
      0.0007144309347495437,
      5.175564865567139e-07,
      0.0003130391123704612,
      1.1080189210588287e-08,
      0.000231442681979388,
      2.51235809933803e-10,
      0.00016195014177355915,
      1.221591161559843e-10,
      0.00039127221680246294,
      -1.0981032971812965e-07,
      -3.8395246519939974e-05,
      -3.89618222129684e-08,
      -0.00011662117321975529,
      -6.572328015153062e-09,
      -3.5540688259061426e-05,
      -1.6551180426205292e-09
    ],
    [
      5.2809600830078125,
      -0.00020217422570567578,
      13.862430572509766,
      0.0003130391123704612,
      41.29951095581055,
      0.0002895981597248465,
      33.33562088012695,
      -1.8113100850314368e-06,
      36.62160873413086,
      -2.0886154743493535e-05,
      22.982192993164062,
      0.006605682894587517,
      8.90235710144043,
      0.0004451221611816436,
      5.005367279052734,
      -0.0005097892717458308,
      3.7998485565185547,
      -0.000249644392170012
    ],
    [
      -0.0001765610941220075,
      -9.1658303169595e-10,
      -0.0002830281446222216,
      1.1080189210588287e-08,
      0.0002895981597248465,
      3.9965092923921475e-07,
      0.00036091197398491204,
      6.256313245245337e-10,
      0.0002520289272069931,
      1.5611968384732222e-09,
      0.00032732056570239365,
      -3.41890746824447e-08,
      7.962854579091072e-05,
      -1.3071661086883068e-08,
      7.877141615608707e-05,
      -2.200672977181739e-09,
      8.370348950847983e-06,
      -6.707446820186647e-10
    ],
    [
      4.288054943084717,
      -0.0002446818689350039,
      13.576977729797363,
      0.000231442681979388,
      33.33562088012695,
      0.00036091197398491204,
      88.75932312011719,
      2.8577776447491487e-06,
      95.74163055419922,
      2.8646141799981706e-05,
      61.15454864501953,
      0.02470117062330246,
      27.58488655090332,
      0.0060071493498981,
      17.177282333374023,
      0.00013512578152585775,
      11.131271362304688,
      -0.00014965177979320288
    ],
    [
      -6.421898888220312e-07,
      7.648775710022981e-12,
      -3.4181314276793273e-06,
      2.51235809933803e-10,
      -1.8113100850314368e-06,
      6.256313245245337e-10,
      2.8577776447491487e-06,
      1.3022256606376459e-09,
      3.854565420624567e-06,
      3.7013336839919475e-09,
      6.180196578497998e-06,
      8.831640485595926e-08,
      -4.265320058038924e-06,
      4.317421797850329e-08,
      -1.254183462151559e-05,
      1.1365214547254254e-08,
      -4.587089279084466e-06,
      3.5014842136860125e-09
    ],
    [
      4.71187686920166,
      -0.00021527904027607292,
      12.274100303649902,
      0.00016195014177355915,
      36.62160873413086,
      0.0002520289272069931,
      95.74163055419922,
      3.854565420624567e-06,
      131.26931762695312,
      6.591567216673866e-05,
      83.77310180664062,
      0.037671130150556564,
      36.39809036254883,
      0.009884275496006012,
      21.682106018066406,
      0.0005650247912853956,
      14.098237037658691,
      -9.001400758279487e-05
    ],
    [
      2.6331611024943413e-06,
      -1.1550131684412435e-10,
      -4.360783350421116e-05,
      1.221591161559843e-10,
      -2.0886154743493535e-05,
      1.5611968384732222e-09,
      2.8646141799981706e-05,
      3.7013336839919475e-09,
      6.591567216673866e-05,
      4.935538200356859e-08,
      8.951892959885299e-05,
      1.3181464964873157e-05,
      5.294402944855392e-05,
      4.643086867872626e-06,
      1.148290448327316e-05,
      7.35059586531861e-07,
      2.0886120182694867e-05,
      1.7125746865076508e-07
    ],
    [
      6.2772932052612305,
      -9.446321928407997e-05,
      14.634420394897461,
      0.00039127221680246294,
      22.982192993164062,
      0.00032732056570239365,
      61.15454864501953,
      6.180196578497998e-06,
      83.77310180664062,
      8.951892959885299e-05,
      78.64125061035156,
      0.03880522772669792,
      36.44572830200195,
      0.011059992015361786,
      23.411258697509766,
      0.0009904411854222417,
      15.423084259033203,
      6.430462235584855e-05
    ],
    [
      0.0045987702906131744,
      -6.49982823119899e-08,
      -0.005136351566761732,
      -1.0981032971812965e-07,
      0.006605682894587517,
      -3.41890746824447e-08,
      0.02470117062330246,
      8.831640485595926e-08,
      0.037671130150556564,
      1.3181464964873157e-05,
      0.03880522772669792,
      0.007272328715771437,
      0.02857149764895439,
      0.0022171416785568,
      0.016253745183348656,
      0.00024209482944570482,
      0.014079068787395954,
      3.2228042982751504e-05
    ],
    [
      8.69611930847168,
      3.033583561773412e-05,
      5.722115993499756,
      -3.8395246519939974e-05,
      8.90235710144043,
      7.962854579091072e-05,
      27.58488655090332,
      -4.265320058038924e-06,
      36.39809036254883,
      5.294402944855392e-05,
      36.44572830200195,
      0.02857149764895439,
      34.96286392211914,
      0.008772408589720726,
      26.589101791381836,
      0.0010368952061980963,
      15.82528305053711,
      0.00016419471648987383
    ],
    [
      0.0009685353725217283,
      -2.294885703690852e-08,
      -0.0027822768315672874,
      -3.89618222129684e-08,
      0.0004451221611816436,
      -1.3071661086883068e-08,
      0.0060071493498981,
      4.317421797850329e-08,
      0.009884275496006012,
      4.643086867872626e-06,
      0.011059992015361786,
      0.0022171416785568,
      0.008772408589720726,
      0.0007036339375190437,
      0.005253971554338932,
      8.61841908772476e-05,
      0.004428166896104813,
      1.4471896065515466e-05
    ],
    [
      7.056264400482178,
      5.239390884526074e-05,
      3.2785351276397705,
      -0.00011662117321975529,
      5.005367279052734,
      7.877141615608707e-05,
      17.177282333374023,
      -1.254183462151559e-05,
      21.682106018066406,
      1.148290448327316e-05,
      23.411258697509766,
      0.016253745183348656,
      26.589101791381836,
      0.005253971554338932,
      26.006345748901367,
      0.0006842375732958317,
      16.026466369628906,
      0.00013548163406085223
    ],
    [
      -4.430759508977644e-05,
      -3.844562890265024e-09,
      -0.0007667051395401359,
      -6.572328015153062e-09,
      -0.0005097892717458308,
      -2.200672977181739e-09,
      0.00013512578152585775,
      1.1365214547254254e-08,
      0.0005650247912853956,
      7.35059586531861e-07,
      0.0009904411854222417,
      0.00024209482944570482,
      0.0010368952061980963,
      8.61841908772476e-05,
      0.0006842375732958317,
      1.3923092410550453e-05,
      0.0005380441434681416,
      3.3160661132569658e-06
    ],
    [
      6.014627933502197,
      3.989146716776304e-05,
      3.216970920562744,
      -3.5540688259061426e-05,
      3.7998485565185547,
      8.370348950847983e-06,
      11.131271362304688,
      -4.587089279084466e-06,
      14.098237037658691,
      2.0886120182694867e-05,
      15.423084259033203,
      0.014079068787395954,
      15.82528305053711,
      0.004428166896104813,
      16.026466369628906,
      0.0005380441434681416,
      13.447917938232422,
      9.359671093989164e-05
    ],
    [
      -5.568553024204448e-05,
      -9.373165577031273e-10,
      -0.0002542420697864145,
      -1.6551180426205292e-09,
      -0.000249644392170012,
      -6.707446820186647e-10,
      -0.00014965177979320288,
      3.5014842136860125e-09,
      -9.001400758279487e-05,
      1.7125746865076508e-07,
      6.430462235584855e-05,
      3.2228042982751504e-05,
      0.00016419471648987383,
      1.4471896065515466e-05,
      0.00013548163406085223,
      3.3160661132569658e-06,
      9.359671093989164e-05,
      1.0070936014017207e-06
    ]
  ],
  "covariance_short": [
    [
      93.55987548828125,
      0.000493556319270283,
      21.3442440032959,
      -0.00031030381796881557,
      8.864838600158691,
      -0.00022651979816146195,
      7.521717071533203,
      -4.666863333113724e-06,
      7.603013038635254,
      -2.5484587240498513e-05,
      7.694538116455078,
      0.003390016034245491,
      9.586130142211914,
      0.00018755831115413457,
      8.162293434143066,
      -0.0004927613772451878,
      5.48484992980957,
      -0.0002880182582885027
    ],
    [
      0.000493556319270283,
      5.685703285962518e-07,
      8.940336556406692e-05,
      1.0205985745415092e-07,
      -0.00017631874652579427,
      -6.464153656793314e-10,
      -0.00020755070727318525,
      1.8653970729198832e-11,
      -0.00018594939319882542,
      -7.139928231980619e-11,
      -7.20846073818393e-05,
      -7.530031709279683e-09,
      2.4223911168519408e-05,
      -5.645345524385448e-09,
      4.0403727325610816e-05,
      -1.7854150380358647e-09,
      2.84844445559429e-05,
      -6.096058102755819e-10
    ],
    [
      21.3442440032959,
      8.940336556406692e-05,
      45.84288024902344,
      0.000824351969640702,
      15.557333946228027,
      -0.00023754584253765643,
      11.764071464538574,
      -4.8333163249481e-06,
      9.777833938598633,
      -2.4729040887905285e-05,
      11.899922370910645,
      -0.0010152518516406417,
      7.0704345703125,
      -0.0008734258590266109,
      4.551841735839844,
      -0.00029424563399516046,
      4.099615573883057,
      -0.00010072010627482086
    ],
    [
      -0.00031030381796881557,
      1.0205985745415092e-07,
      0.000824351969640702,
      1.6969245280051837e-06,
      0.0003461794403847307,
      5.6395588643454175e-08,
      0.00019729911582544446,
      1.9472996548586252e-09,
      0.00015006354078650475,
      3.2457445064970614e-10,
      0.00041617508395574987,
      -2.1543097972198666e-08,
      -3.658272180473432e-05,
      -1.5822894994244052e-08,
      -8.933587378123775e-05,
      -4.851677726236403e-09,
      -1.883800359792076e-05,
      -1.5471431913383071e-09
    ],
    [
      8.864838600158691,
      -0.00017631874652579427,
      15.557333946228027,
      0.0003461794403847307,
      53.600730895996094,
      0.0003411686047911644,
      43.24039840698242,
      -5.37409903245134e-07,
      45.191993713378906,
      -1.8400558474240825e-05,
      29.059551239013672,
      0.0037168024573475122,
      10.916991233825684,
      0.0005000922828912735,
      5.879791736602783,
      -0.00038428991683758795,
      4.366771697998047,
      -0.000257119070738554
    ],
    [
      -0.00022651979816146195,
      -6.464153656793314e-10,
      -0.00023754584253765643,
      5.6395588643454175e-08,
      0.0003411686047911644,
      9.670254712546011e-07,
      0.0004175944486632943,
      1.9842958387528142e-09,
      0.0002996711409650743,
      2.2884785177978983e-09,
      0.00038591527845710516,
      3.6687570315052653e-08,
      0.00010773129179142416,
      1.6183884454790132e-08,
      0.00010990304144797847,
      2.4889161842622798e-09,
      4.079435166204348e-05,
      6.6035072375514314e-12
    ],
    [
      7.521717071533203,
      -0.00020755070727318525,
      11.764071464538574,
      0.00019729911582544446,
      43.24039840698242,
      0.0004175944486632943,
      99.28305053710938,
      3.656689159470261e-06,
      103.54139709472656,
      8.193901521735825e-06,
      64.29153442382812,
      0.010627567768096924,
      28.200096130371094,
      0.003496828256174922,
      16.545122146606445,
      2.7378480808692984e-05,
      10.504982948303223,
      -0.00025071672280319035
    ],
    [
      -4.666863333113724e-06,
      1.8653970729198832e-11,
      -4.8333163249481e-06,
      1.9472996548586252e-09,
      -5.37409903245134e-07,
      1.9842958387528142e-09,
      3.656689159470261e-06,
      3.776947199440883e-09,
      5.33146567249787e-06,
      8.982112831290578e-09,
      7.3196811172238085e-06,
      2.5472996867392794e-07,
      -1.0273177394992672e-05,
      2.2502074159547192e-07,
      -1.0666559319361113e-05,
      7.513379784995777e-08,
      -3.992702204413945e-06,
      2.5311534201932773e-08
    ],
    [
      7.603013038635254,
      -0.00018594939319882542,
      9.777833938598633,
      0.00015006354078650475,
      45.191993713378906,
      0.0002996711409650743,
      103.54139709472656,
      5.33146567249787e-06,
      137.96249389648438,
      5.5067375797079876e-05,
      87.1162109375,
      0.015129364095628262,
      37.9936637878418,
      0.006167873740196228,
      21.68866729736328,
      0.0006729599554091692,
      13.637826919555664,
      -8.20238419692032e-05
    ],
    [
      -2.5484587240498513e-05,
      -7.139928231980619e-11,
      -2.4729040887905285e-05,
      3.2457445064970614e-10,
      -1.8400558474240825e-05,
      2.2884785177978983e-09,
      8.193901521735825e-06,
      8.982112831290578e-09,
      5.5067375797079876e-05,
      2.4175008661586617e-07,
      8.657271973788738e-05,
      2.732612301770132e-05,
      3.407381518627517e-05,
      1.7724303688737564e-05,
      1.5242035260598641e-05,
      4.551744950731518e-06,
      2.609603870951105e-05,
      1.2119062375859357e-06
    ],
    [
      7.694538116455078,
      -7.20846073818393e-05,
      11.899922370910645,
      0.00041617508395574987,
      29.059551239013672,
      0.00038591527845710516,
      64.29153442382812,
      7.3196811172238085e-06,
      87.1162109375,
      8.657271973788738e-05,
      81.30062866210938,
      0.0164705291390419,
      40.19264602661133,
      0.00779563607648015,
      25.493013381958008,
      0.0013038698816671968,
      16.0987548828125,
      0.00015812032506801188
    ],
    [
      0.003390016034245491,
      -7.530031709279683e-09,
      -0.0010152518516406417,
      -2.1543097972198666e-08,
      0.0037168024573475122,
      3.6687570315052653e-08,
      0.010627567768096924,
      2.5472996867392794e-07,
      0.015129364095628262,
      2.732612301770132e-05,
      0.0164705291390419,
      0.0066856034100055695,
      0.012272299267351627,
      0.0034181270748376846,
      0.00509786419570446,
      0.0006394816446118057,
      0.005248713307082653,
      9.672960732132196e-05
    ],
    [
      9.586130142211914,
      2.4223911168519408e-05,
      7.0704345703125,
      -3.658272180473432e-05,
      10.916991233825684,
      0.00010773129179142416,
      28.200096130371094,
      -1.0273177394992672e-05,
      37.9936637878418,
      3.407381518627517e-05,
      40.19264602661133,
      0.012272299267351627,
      37.71528244018555,
      0.006457759067416191,
      28.186487197875977,
      0.0013090709690004587,
      16.557401657104492,
      0.00026412145234644413
    ],
    [
      0.00018755831115413457,
      -5.645345524385448e-09,
      -0.0008734258590266109,
      -1.5822894994244052e-08,
      0.0005000922828912735,
      1.6183884454790132e-08,
      0.003496828256174922,
      2.2502074159547192e-07,
      0.006167873740196228,
      1.7724303688737564e-05,
      0.00779563607648015,
      0.0034181270748376846,
      0.006457759067416191,
      0.0018910678336396813,
      0.0032180133275687695,
      0.0003987493983004242,
      0.00308608147315681,
      7.918131450423971e-05
    ],
    [
      8.162293434143066,
      4.0403727325610816e-05,
      4.551841735839844,
      -8.933587378123775e-05,
      5.879791736602783,
      0.00010990304144797847,
      16.545122146606445,
      -1.0666559319361113e-05,
      21.68866729736328,
      1.5242035260598641e-05,
      25.493013381958008,
      0.00509786419570446,
      28.186487197875977,
      0.0032180133275687695,
      27.29757308959961,
      0.000794542080257088,
      16.648916244506836,
      0.00023031866294331849
    ],
    [
      -0.0004927613772451878,
      -1.7854150380358647e-09,
      -0.00029424563399516046,
      -4.851677726236403e-09,
      -0.00038428991683758795,
      2.4889161842622798e-09,
      2.7378480808692984e-05,
      7.513379784995777e-08,
      0.0006729599554091692,
      4.551744950731518e-06,
      0.0013038698816671968,
      0.0006394816446118057,
      0.0013090709690004587,
      0.0003987493983004242,
      0.000794542080257088,
      9.78870884864591e-05,
      0.0007138012442737818,
      2.455803769407794e-05
    ],
    [
      5.48484992980957,
      2.84844445559429e-05,
      4.099615573883057,
      -1.883800359792076e-05,
      4.366771697998047,
      4.079435166204348e-05,
      10.504982948303223,
      -3.992702204413945e-06,
      13.637826919555664,
      2.609603870951105e-05,
      16.0987548828125,
      0.005248713307082653,
      16.557401657104492,
      0.00308608147315681,
      16.648916244506836,
      0.0007138012442737818,
      13.510711669921875,
      0.0001884882221929729
    ],
    [
      -0.0002880182582885027,
      -6.096058102755819e-10,
      -0.00010072010627482086,
      -1.5471431913383071e-09,
      -0.000257119070738554,
      6.6035072375514314e-12,
      -0.00025071672280319035,
      2.5311534201932773e-08,
      -8.20238419692032e-05,
      1.2119062375859357e-06,
      0.00015812032506801188,
      9.672960732132196e-05,
      0.00026412145234644413,
      7.918131450423971e-05,
      0.00023031866294331849,
      2.455803769407794e-05,
      0.0001884882221929729,
      8.120284292090219e-06
    ]
  ],
  "damage": -16.774030685424805,
  "diff_bandwidth": 697.6207275390625,
  "dissonance": 4.408719757581764,
  "drr": -1.0251717567443848,
  "dynamics": 4.664544105529785,
  "format": 1245190,
  "frames": 26678208,
  "loudness": -23.459962844848633,
  "loudness_range": 13.871440887451172,
  "loudness_range_short": 17.603668212890625,
  "lowpass_true_peak_15khz": -5.085211277008057,
  "mastering3_acoustic_entropies": [
    {
      "acoustic_entropy": 10.336236000061035,
      "acoustic_entropy_mono": 10.336236000061035,
      "band_eliminated_acoustic_entropies": [
        {
          "acoustic_entropy": 10.104118347167969,
          "acoustic_entropy_side": 10.336236000061035,
          "hz": 129.47220167065723
        },
        {
          "acoustic_entropy": 9.962565422058105,
          "acoustic_entropy_side": 10.336236000061035,
          "hz": 202.92927478742237
        },
        {
          "acoustic_entropy": 11.14685344696045,
          "acoustic_entropy_side": 10.336236000061035,
          "hz": 282.89161906338205
        },
        {
          "acoustic_entropy": 11.091875076293945,
          "acoustic_entropy_side": 10.336236000061035,
          "hz": 369.9353335868758
        },
        {
          "acoustic_entropy": 11.083821296691895,
          "acoustic_entropy_side": 10.336236000061035,
          "hz": 464.6875360973435
        },
        {
          "acoustic_entropy": 9.928466796875,
          "acoustic_entropy_side": 10.336236000061035,
          "hz": 567.8308811364784
        },
        {
          "acoustic_entropy": 10.599162101745605,
          "acoustic_entropy_side": 10.336236000061035,
          "hz": 680.1084783214808
        },
        {
          "acoustic_entropy": 11.26595401763916,
          "acoustic_entropy_side": 10.336236000061035,
          "hz": 802.3292461747484
        },
        {
          "acoustic_entropy": 10.536100387573242,
          "acoustic_entropy_side": 10.336236000061035,
          "hz": 935.3737400823702
        },
        {
          "acoustic_entropy": 11.622003555297852,
          "acoustic_entropy_side": 10.336236000061035,
          "hz": 1080.2004963696966
        },
        {
          "acoustic_entropy": 10.592514038085938,
          "acoustic_entropy_side": 10.336236000061035,
          "hz": 1237.8529382007157
        },
        {
          "acoustic_entropy": 11.049031257629395,
          "acoustic_entropy_side": 10.336236000061035,
          "hz": 1409.4668930556702
        },
        {
          "acoustic_entropy": 10.536283493041992,
          "acoustic_entropy_side": 10.336236000061035,
          "hz": 1596.2787759475705
        },
        {
          "acoustic_entropy": 11.023192405700684,
          "acoustic_entropy_side": 10.336236000061035,
          "hz": 1799.6344973346393
        },
        {
          "acoustic_entropy": 10.5175142288208,
          "acoustic_entropy_side": 10.336236000061035,
          "hz": 2020.9991599069049
        },
        {
          "acoustic_entropy": 10.544344902038574,
          "acoustic_entropy_side": 10.336236000061035,
          "hz": 2261.9676141086993
        },
        {
          "acoustic_entropy": 10.795854568481445,
          "acoustic_entropy_side": 10.336236000061035,
          "hz": 2524.2759484456974
        },
        {
          "acoustic_entropy": 10.51511287689209,
          "acoustic_entropy_side": 10.336236000061035,
          "hz": 2809.813997359896
        },
        {
          "acoustic_entropy": 10.578949928283691,
          "acoustic_entropy_side": 10.336236000061035,
          "hz": 3120.6389567871424
        },
        {
          "acoustic_entropy": 10.64094066619873,
          "acoustic_entropy_side": 10.336236000061035,
          "hz": 3458.990205492291
        },
        {
          "acoustic_entropy": 10.654654502868652,
          "acoustic_entropy_side": 10.336236000061035,
          "hz": 3827.305438964164
        },
        {
          "acoustic_entropy": 10.683784484863281,
          "acoustic_entropy_side": 10.336236000061035,
          "hz": 4228.238232109126
        },
        {
          "acoustic_entropy": 10.69534683227539,
          "acoustic_entropy_side": 10.336236000061035,
          "hz": 4664.6771572759235
        },
        {
          "acoustic_entropy": 10.5951566696167,
          "acoustic_entropy_side": 10.336236000061035,
          "hz": 5139.766595350093
        },
        {
          "acoustic_entropy": 10.525223731994629,
          "acoustic_entropy_side": 10.336236000061035,
          "hz": 5656.929389854203
        },
        {
          "acoustic_entropy": 10.42928409576416,
          "acoustic_entropy_side": 10.336236000061035,
          "hz": 6219.891507268283
        },
        {
          "acoustic_entropy": 10.401517868041992,
          "acoustic_entropy_side": 10.336236000061035,
          "hz": 6832.70888123896
        },
        {
          "acoustic_entropy": 10.373157501220703,
          "acoustic_entropy_side": 10.336236000061035,
          "hz": 7499.796634079867
        },
        {
          "acoustic_entropy": 10.363245010375977,
          "acoustic_entropy_side": 10.336236000061035,
          "hz": 8225.96088609342
        },
        {
          "acoustic_entropy": 10.351923942565918,
          "acoustic_entropy_side": 10.336236000061035,
          "hz": 9016.43338188839
        },
        {
          "acoustic_entropy": 10.350807189941406,
          "acoustic_entropy_side": 10.336236000061035,
          "hz": 9876.909183162974
        },
        {
          "acoustic_entropy": 10.347461700439453,
          "acoustic_entropy_side": 10.336236000061035,
          "hz": 10813.587699516042
        },
        {
          "acoustic_entropy": 10.342808723449707,
          "acoustic_entropy_side": 10.336236000061035,
          "hz": 11833.21735289826
        },
        {
          "acoustic_entropy": 10.340516090393066,
          "acoustic_entropy_side": 10.336236000061035,
          "hz": 12943.144197493959
        },
        {
          "acoustic_entropy": 10.338040351867676,
          "acoustic_entropy_side": 10.336236000061035,
          "hz": 14151.364845322005
        },
        {
          "acoustic_entropy": 10.337057113647461,
          "acoustic_entropy_side": 10.336236000061035,
          "hz": 15466.58407886509
        },
        {
          "acoustic_entropy": 10.336816787719727,
          "acoustic_entropy_side": 10.336236000061035,
          "hz": 16898.27756580493
        },
        {
          "acoustic_entropy": 10.337825775146484,
          "acoustic_entropy_side": 10.336236000061035,
          "hz": 18456.760127700032
        },
        {
          "acoustic_entropy": 10.339367866516113,
          "acoustic_entropy_side": 10.336236000061035,
          "hz": 20153.260054456492
        },
        {
          "acoustic_entropy": 10.337418556213379,
          "acoustic_entropy_side": 10.336236000061035,
          "hz": 22000.00000000001
        }
      ],
      "diff_acoustic_entropy": 6.745517253875732,
      "sn": 6
    },
    {
      "acoustic_entropy": 16.394306182861328,
      "acoustic_entropy_mono": 16.394306182861328,
      "band_eliminated_acoustic_entropies": [
        {
          "acoustic_entropy": 16.35454559326172,
          "acoustic_entropy_side": 16.394306182861328,
          "hz": 129.47220167065723
        },
        {
          "acoustic_entropy": 15.609053611755371,
          "acoustic_entropy_side": 16.394306182861328,
          "hz": 202.92927478742237
        },
        {
          "acoustic_entropy": 16.756498336791992,
          "acoustic_entropy_side": 16.394306182861328,
          "hz": 282.89161906338205
        },
        {
          "acoustic_entropy": 15.741952896118164,
          "acoustic_entropy_side": 16.394306182861328,
          "hz": 369.9353335868758
        },
        {
          "acoustic_entropy": 15.582894325256348,
          "acoustic_entropy_side": 16.394306182861328,
          "hz": 464.6875360973435
        },
        {
          "acoustic_entropy": 16.221263885498047,
          "acoustic_entropy_side": 16.394306182861328,
          "hz": 567.8308811364784
        },
        {
          "acoustic_entropy": 16.408836364746094,
          "acoustic_entropy_side": 16.394306182861328,
          "hz": 680.1084783214808
        },
        {
          "acoustic_entropy": 16.033504486083984,
          "acoustic_entropy_side": 16.394306182861328,
          "hz": 802.3292461747484
        },
        {
          "acoustic_entropy": 15.297473907470703,
          "acoustic_entropy_side": 16.394306182861328,
          "hz": 935.3737400823702
        },
        {
          "acoustic_entropy": 16.611604690551758,
          "acoustic_entropy_side": 16.394306182861328,
          "hz": 1080.2004963696966
        },
        {
          "acoustic_entropy": 16.25582504272461,
          "acoustic_entropy_side": 16.394306182861328,
          "hz": 1237.8529382007157
        },
        {
          "acoustic_entropy": 15.010550498962402,
          "acoustic_entropy_side": 16.394306182861328,
          "hz": 1409.4668930556702
        },
        {
          "acoustic_entropy": 16.455453872680664,
          "acoustic_entropy_side": 16.394306182861328,
          "hz": 1596.2787759475705
        },
        {
          "acoustic_entropy": 15.733717918395996,
          "acoustic_entropy_side": 16.394306182861328,
          "hz": 1799.6344973346393
        },
        {
          "acoustic_entropy": 16.516693115234375,
          "acoustic_entropy_side": 16.394306182861328,
          "hz": 2020.9991599069049
        },
        {
          "acoustic_entropy": 16.416227340698242,
          "acoustic_entropy_side": 16.394306182861328,
          "hz": 2261.9676141086993
        },
        {
          "acoustic_entropy": 16.879962921142578,
          "acoustic_entropy_side": 16.394306182861328,
          "hz": 2524.2759484456974
        },
        {
          "acoustic_entropy": 16.246328353881836,
          "acoustic_entropy_side": 16.394306182861328,
          "hz": 2809.813997359896
        },
        {
          "acoustic_entropy": 16.46465492248535,
          "acoustic_entropy_side": 16.394306182861328,
          "hz": 3120.6389567871424
        },
        {
          "acoustic_entropy": 16.31134605407715,
          "acoustic_entropy_side": 16.394306182861328,
          "hz": 3458.990205492291
        },
        {
          "acoustic_entropy": 16.430601119995117,
          "acoustic_entropy_side": 16.394306182861328,
          "hz": 3827.305438964164
        },
        {
          "acoustic_entropy": 16.476781845092773,
          "acoustic_entropy_side": 16.394306182861328,
          "hz": 4228.238232109126
        },
        {
          "acoustic_entropy": 16.316444396972656,
          "acoustic_entropy_side": 16.394306182861328,
          "hz": 4664.6771572759235
        },
        {
          "acoustic_entropy": 16.380802154541016,
          "acoustic_entropy_side": 16.394306182861328,
          "hz": 5139.766595350093
        },
        {
          "acoustic_entropy": 16.40493392944336,
          "acoustic_entropy_side": 16.394306182861328,
          "hz": 5656.929389854203
        },
        {
          "acoustic_entropy": 16.448322296142578,
          "acoustic_entropy_side": 16.394306182861328,
          "hz": 6219.891507268283
        },
        {
          "acoustic_entropy": 16.47088050842285,
          "acoustic_entropy_side": 16.394306182861328,
          "hz": 6832.70888123896
        },
        {
          "acoustic_entropy": 16.53949546813965,
          "acoustic_entropy_side": 16.394306182861328,
          "hz": 7499.796634079867
        },
        {
          "acoustic_entropy": 16.496816635131836,
          "acoustic_entropy_side": 16.394306182861328,
          "hz": 8225.96088609342
        },
        {
          "acoustic_entropy": 16.406496047973633,
          "acoustic_entropy_side": 16.394306182861328,
          "hz": 9016.43338188839
        },
        {
          "acoustic_entropy": 16.44420623779297,
          "acoustic_entropy_side": 16.394306182861328,
          "hz": 9876.909183162974
        },
        {
          "acoustic_entropy": 16.455209732055664,
          "acoustic_entropy_side": 16.394306182861328,
          "hz": 10813.587699516042
        },
        {
          "acoustic_entropy": 16.436986923217773,
          "acoustic_entropy_side": 16.394306182861328,
          "hz": 11833.21735289826
        },
        {
          "acoustic_entropy": 16.41680335998535,
          "acoustic_entropy_side": 16.394306182861328,
          "hz": 12943.144197493959
        },
        {
          "acoustic_entropy": 16.410125732421875,
          "acoustic_entropy_side": 16.394306182861328,
          "hz": 14151.364845322005
        },
        {
          "acoustic_entropy": 16.40264320373535,
          "acoustic_entropy_side": 16.394306182861328,
          "hz": 15466.58407886509
        },
        {
          "acoustic_entropy": 16.399951934814453,
          "acoustic_entropy_side": 16.394306182861328,
          "hz": 16898.27756580493
        },
        {
          "acoustic_entropy": 16.406557083129883,
          "acoustic_entropy_side": 16.394306182861328,
          "hz": 18456.760127700032
        },
        {
          "acoustic_entropy": 16.411514282226562,
          "acoustic_entropy_side": 16.394306182861328,
          "hz": 20153.260054456492
        },
        {
          "acoustic_entropy": 16.40506362915039,
          "acoustic_entropy_side": 16.394306182861328,
          "hz": 22000.00000000001
        }
      ],
      "diff_acoustic_entropy": 11.935153007507324,
      "sn": 12
    },
    {
      "acoustic_entropy": 21.171361923217773,
      "acoustic_entropy_mono": 21.171363830566406,
      "band_eliminated_acoustic_entropies": [
        {
          "acoustic_entropy": 21.054752349853516,
          "acoustic_entropy_side": 21.171361923217773,
          "hz": 129.47220167065723
        },
        {
          "acoustic_entropy": 20.528871536254883,
          "acoustic_entropy_side": 21.171361923217773,
          "hz": 202.92927478742237
        },
        {
          "acoustic_entropy": 22.357887268066406,
          "acoustic_entropy_side": 21.171361923217773,
          "hz": 282.89161906338205
        },
        {
          "acoustic_entropy": 21.07856559753418,
          "acoustic_entropy_side": 21.171361923217773,
          "hz": 369.9353335868758
        },
        {
          "acoustic_entropy": 21.30547523498535,
          "acoustic_entropy_side": 21.171361923217773,
          "hz": 464.6875360973435
        },
        {
          "acoustic_entropy": 21.760465621948242,
          "acoustic_entropy_side": 21.171361923217773,
          "hz": 567.8308811364784
        },
        {
