{
  "acoustic_entropy": 210.49563598632812,
  "bands": [
    {
      "high_freq": 148.1999969482422,
      "loudness": -29.844446182250977,
      "loudness_range": 14.00946044921875,
      "mid_mean": -26.55954360961914,
      "mid_to_side_loudness": -14.035823822021484,
      "mid_to_side_loudness_range": 12.160426139831543,
      "side_mean": -42.66005325317383
    },
    {
      "high_freq": 392.3793640136719,
      "loudness": -26.47771644592285,
      "loudness_range": 10.122457504272461,
      "low_freq": 148.1999969482422,
      "mid_mean": -23.240734100341797,
      "mid_to_side_loudness": -10.839659690856934,
      "mid_to_side_loudness_range": 11.436779022216797,
      "side_mean": -34.688716888427734
    },
    {
      "high_freq": 794.6976318359375,
      "loudness": -23.309059143066406,
      "loudness_range": 11.975183486938477,
      "low_freq": 392.3793640136719,
      "mid_mean": -20.245651245117188,
      "mid_to_side_loudness": -9.863739013671875,
      "mid_to_side_loudness_range": 15.964138984680176,
      "side_mean": -30.627727508544922
    },
    {
      "high_freq": 1457.5709228515625,
      "loudness": -23.68657112121582,
      "loudness_range": 16.689706802368164,
      "low_freq": 794.6976318359375,
      "mid_mean": -20.843807220458984,
      "mid_to_side_loudness": -8.203102111816406,
      "mid_to_side_loudness_range": 13.843113899230957,
      "side_mean": -29.354961395263672
    },
    {
      "high_freq": 2549.74365234375,
      "loudness": -24.22303581237793,
      "loudness_range": 14.457122802734375,
      "low_freq": 1457.5709228515625,
      "mid_mean": -21.442581176757812,
      "mid_to_side_loudness": -7.6759114265441895,
      "mid_to_side_loudness_range": 13.001212120056152,
      "side_mean": -29.303081512451172
    },
    {
      "high_freq": 4349.24462890625,
      "loudness": -26.02035903930664,
      "loudness_range": 15.260858535766602,
      "low_freq": 2549.74365234375,
      "mid_mean": -22.973791122436523,
      "mid_to_side_loudness": -9.234929084777832,
      "mid_to_side_loudness_range": 13.269258499145508,
      "side_mean": -32.5011100769043
    },
    {
      "high_freq": 7314.1640625,
      "loudness": -30.06435203552246,
      "loudness_range": 15.91168212890625,
      "low_freq": 4349.24462890625,
      "mid_mean": -27.05841827392578,
      "mid_to_side_loudness": -8.833003044128418,
      "mid_to_side_loudness_range": 11.907493591308594,
      "side_mean": -36.14228057861328
    },
    {
      "high_freq": 12199.2666015625,
      "loudness": -36.717041015625,
      "loudness_range": 17.579124450683594,
      "low_freq": 7314.1640625,
      "mid_mean": -33.74171447753906,
      "mid_to_side_loudness": -8.95136833190918,
      "mid_to_side_loudness_range": 12.694746971130371,
      "side_mean": -42.992393493652344
    },
    {
      "loudness": -51.97572708129883,
      "loudness_range": 21.597393035888672,
      "low_freq": 12199.2666015625,
      "mid_mean": -49.54982376098633,
      "mid_to_side_loudness": -5.652534484863281,
      "mid_to_side_loudness_range": 8.790220260620117,
      "side_mean": -55.336814880371094
    }
  ],
  "bands_short": [
    {
      "high_freq": 148.1999969482422,
      "loudness": -32.61034393310547,
      "loudness_range": 20.94390296936035,
      "mid_mean": -29.44123649597168,
      "mid_to_side_loudness": -14.276248931884766,
      "mid_to_side_loudness_range": 15.443714141845703,
      "side_mean": -45.99504089355469
    },
    {
      "high_freq": 392.3793640136719,
      "loudness": -27.158771514892578,
      "loudness_range": 13.336187362670898,
      "low_freq": 148.1999969482422,
      "mid_mean": -24.027496337890625,
      "mid_to_side_loudness": -10.753640174865723,
      "mid_to_side_loudness_range": 13.7554931640625,
      "side_mean": -35.506492614746094
    },
    {
      "high_freq": 794.6976318359375,
      "loudness": -25.269699096679688,
      "loudness_range": 17.418909072875977,
      "low_freq": 392.3793640136719,
      "mid_mean": -22.35735321044922,
      "mid_to_side_loudness": -9.186846733093262,
      "mid_to_side_loudness_range": 17.503082275390625,
      "side_mean": -32.16624450683594
    },
    {
      "high_freq": 1457.5709228515625,
      "loudness": -24.538637161254883,
      "loudness_range": 21.116342544555664,
      "low_freq": 794.6976318359375,
      "mid_mean": -21.876859664916992,
      "mid_to_side_loudness": -7.668217182159424,
      "mid_to_side_loudness_range": 15.655426025390625,
      "side_mean": -29.86863136291504
    },
    {
      "high_freq": 2549.74365234375,
      "loudness": -25.456645965576172,
      "loudness_range": 18.63703155517578,
      "low_freq": 1457.5709228515625,
      "mid_mean": -22.869930267333984,
      "mid_to_side_loudness": -7.093317985534668,
      "mid_to_side_loudness_range": 14.19345474243164,
      "side_mean": -30.128183364868164
    },
    {
      "high_freq": 4349.24462890625,
      "loudness": -27.177236557006836,
      "loudness_range": 18.732492446899414,
      "low_freq": 2549.74365234375,
      "mid_mean": -24.25758934020996,
      "mid_to_side_loudness": -8.827430725097656,
      "mid_to_side_loudness_range": 13.859306335449219,
      "side_mean": -33.387123107910156
    },
    {
      "high_freq": 7314.1640625,
      "loudness": -31.300518035888672,
      "loudness_range": 19.601255416870117,
      "low_freq": 4349.24462890625,
      "mid_mean": -28.42768096923828,
      "mid_to_side_loudness": -8.500351905822754,
      "mid_to_side_loudness_range": 12.544537544250488,
      "side_mean": -37.15338897705078
    },
    {
      "high_freq": 12199.2666015625,
      "loudness": -38.29615020751953,
      "loudness_range": 22.014020919799805,
      "low_freq": 7314.1640625,
      "mid_mean": -35.410804748535156,
      "mid_to_side_loudness": -8.744053840637207,
      "mid_to_side_loudness_range": 13.149977684020996,
      "side_mean": -44.804054260253906
    },
    {
      "loudness": -53.58375549316406,
      "loudness_range": 24.462581634521484,
      "low_freq": 12199.2666015625,
      "mid_mean": -51.55154800415039,
      "mid_to_side_loudness": -5.509566307067871,
      "mid_to_side_loudness_range": 9.53254508972168,
      "side_mean": -56.74502182006836
    }
  ],
  "bandwidth": 960.64794921875,
  "channels": 2,
  "covariance": [
    [
      41.5074348449707,
      32.245548248291016,
      10.327240943908691,
      21.65597915649414,
      6.056827068328857,
      18.221187591552734,
      3.2005555629730225,
      10.479232788085938,
      2.6150331497192383,
      10.011520385742188,
      1.3215256929397583,
      7.275434970855713,
      6.612730503082275,
      11.018925666809082,
      11.636720657348633,
      14.617112159729004,
      14.693550109863281,
      12.961167335510254
    ],
    [
      32.245548248291016,
      58.545082092285156,
      18.65459442138672,
      38.21672439575195,
      13.149210929870605,
      30.696699142456055,
      7.6609625816345215,
      20.808115005493164,
      7.364182472229004,
      17.930316925048828,
      4.456573963165283,
      14.26392650604248,
      13.497954368591309,
      22.00611686706543,
      19.749778747558594,
      23.41330337524414,
      21.458707809448242,
      20.418970108032227
    ],
    [
      10.327240943908691,
      18.65459442138672,
      18.576671600341797,
      18.07047462463379,
      7.317389965057373,
      10.743253707885742,
      1.0351932048797607,
      4.420592784881592,
      0.7242146730422974,
      2.419931173324585,
      -1.0822664499282837,
      1.2294025421142578,
      3.3621695041656494,
      4.903440952301025,
      5.014797687530518,
      6.47645902633667,
      4.366002082824707,
      4.11489725112915
    ],
    [
      21.65597915649414,
      38.21672439575195,
      18.07047462463379,
      41.27791976928711,
      13.740592002868652,
      28.671966552734375,
      9.594382286071777,
      19.57101821899414,
      6.532172679901123,
      16.155841827392578,
      4.499330043792725,
      13.051825523376465,
      11.869129180908203,
      19.22870445251465,
      16.471914291381836,
      21.052480697631836,
      18.78378677368164,
      18.84967041015625
    ],
    [
      6.056827068328857,
      13.149210929870605,
      7.317389965057373,
      13.740592002868652,
      25.898420333862305,
      16.28066635131836,
      13.792868614196777,
      9.09603214263916,
      11.382981300354004,
      7.320911407470703,
      13.156639099121094,
      9.103846549987793,
      13.838438034057617,
      11.077075958251953,
      13.132281303405762,
      12.05466079711914,
      13.091243743896484,
      11.126724243164062
    ],
    [
      18.221187591552734,
      30.696699142456055,
      10.743253707885742,
      28.671966552734375,
      16.28066635131836,
      38.33743667602539,
      15.383783340454102,
      27.76996612548828,
      14.260655403137207,
      26.393842697143555,
      12.314984321594238,
      23.269756317138672,
      17.435409545898438,
      27.77200698852539,
      20.288185119628906,
      28.88530731201172,
      26.466995239257812,
      28.450912475585938
    ],
    [
      3.2005555629730225,
      7.6609625816345215,
      1.0351932048797607,
      9.594382286071777,
      13.792868614196777,
      15.383783340454102,
      37.28538513183594,
      26.766735076904297,
      18.633285522460938,
      16.623096466064453,
      20.2353572845459,
      18.16762351989746,
      15.1376314163208,
      15.72419261932373,
      12.820962905883789,
      16.952070236206055,
      16.723552703857422,
      18.968687057495117
    ],
    [
      10.479232788085938,
      20.808115005493164,
      4.420592784881592,
      19.57101821899414,
      9.09603214263916,
      27.76996612548828,
      26.766735076904297,
      40.93816375732422,
      18.306058883666992,
      31.931629180908203,
      14.289510726928711,
      28.75908088684082,
      14.346013069152832,
      29.62057876586914,
      15.640008926391602,
      29.658313751220703,
      25.14698600769043,
      30.97785186767578
    ],
    [
      2.6150331497192383,
      7.364182472229004,
      0.7242146730422974,
      6.532172679901123,
      11.382981300354004,
      14.260655403137207,
      18.633285522460938,
      18.306058883666992,
      30.15382957458496,
      24.336483001708984,
      24.967514038085938,
      23.413915634155273,
      20.9919376373291,
      22.88774299621582,
      19.115880966186523,
      24.002010345458984,
      25.242521286010742,
      24.778820037841797
    ],
    [
      10.011520385742188,
      17.930316925048828,
      2.419931173324585,
      16.155841827392578,
      7.320911407470703,
      26.393842697143555,
      16.623096466064453,
      31.931629180908203,
      24.336483001708984,
      40.36557388305664,
      18.083751678466797,
      33.74782943725586,
      18.25693130493164,
      34.59543991088867,
      19.540740966796875,
      35.39781951904297,
      31.230581283569336,
      36.02387619018555
    ],
    [
      1.3215256929397583,
      4.456573963165283,
      -1.0822664499282837,
      4.499330043792725,
      13.156639099121094,
      12.314984321594238,
      20.2353572845459,
      14.289510726928711,
      24.967514038085938,
      18.083751678466797,
      32.8027229309082,
      24.60236167907715,
      26.340852737426758,
      23.240962982177734,
      24.22447967529297,
      25.57487678527832,
      27.731372833251953,
      25.150514602661133
    ],
    [
      7.275434970855713,
      14.26392650604248,
      1.2294025421142578,
      13.051825523376465,
      9.103846549987793,
      23.269756317138672,
      18.16762351989746,
      28.75908088684082,
      23.413915634155273,
      33.74782943725586,
      24.60236167907715,
      37.09599304199219,
      22.33835792541504,
      35.85548400878906,
      22.792083740234375,
      37.612056732177734,
      33.30126953125,
      36.694087982177734
    ],
    [
      6.612730503082275,
      13.497954368591309,
      3.3621695041656494,
      11.869129180908203,
      13.838438034057617,
      17.435409545898438,
      15.1376314163208,
      14.346013069152832,
      20.9919376373291,
      18.25693130493164,
      26.340852737426758,
      22.33835792541504,
      33.44556427001953,
      30.145166397094727,
      32.245365142822266,
      33.469696044921875,
      33.55696487426758,
      30.13869285583496
    ],
    [
      11.018925666809082,
      22.00611686706543,
      4.903440952301025,
      19.22870445251465,
      11.077075958251953,
      27.77200698852539,
      15.72419261932373,
      29.62057876586914,
      22.88774299621582,
      34.59543991088867,
      23.240962982177734,
      35.85548400878906,
      30.145166397094727,
      45.58442306518555,
      31.25420570373535,
      47.21794891357422,
      40.920108795166016,
      44.28581619262695
    ],
    [
      11.636720657348633,
      19.749778747558594,
      5.014797687530518,
      16.471914291381836,
      13.132281303405762,
      20.288185119628906,
      12.820962905883789,
      15.640008926391602,
      19.115880966186523,
      19.540740966796875,
      24.22447967529297,
      22.792083740234375,
      32.245365142822266,
      31.25420570373535,
      41.251651763916016,
      40.872039794921875,
      39.69150924682617,
      34.877838134765625
    ],
    [
      14.617112159729004,
      23.41330337524414,
      6.47645902633667,
      21.052480697631836,
      12.05466079711914,
      28.88530731201172,
      16.952070236206055,
      29.658313751220703,
      24.002010345458984,
      35.39781951904297,
      25.57487678527832,
      37.612056732177734,
      33.469696044921875,
      47.21794891357422,
      40.872039794921875,
      60.618011474609375,
      49.584983825683594,
      53.148372650146484
    ],
    [
      14.693550109863281,
      21.458707809448242,
      4.366002082824707,
      18.78378677368164,
      13.091243743896484,
      26.466995239257812,
      16.723552703857422,
      25.14698600769043,
      25.242521286010742,
      31.230581283569336,
      27.731372833251953,
      33.30126953125,
      33.55696487426758,
      40.920108795166016,
      39.69150924682617,
      49.584983825683594,
      54.378639221191406,
      50.573978424072266
    ],
    [
      12.961167335510254,
      20.418970108032227,
      4.11489725112915,
      18.84967041015625,
      11.126724243164062,
      28.450912475585938,
      18.968687057495117,
      30.97785186767578,
      24.778820037841797,
      36.02387619018555,
      25.150514602661133,
      36.694087982177734,
      30.13869285583496,
      44.28581619262695,
      34.877838134765625,
      53.148372650146484,
      50.573978424072266,
      59.72121047973633
    ]
  ],
  "covariance_short": [
    [
      66.96466064453125,
      47.425113677978516,
      23.352432250976562,
      26.074382781982422,
      13.063369750976562,
      22.794923782348633,
      9.034958839416504,
      13.961424827575684,
      8.998740196228027,
      13.28798770904541,
      6.983123779296875,
      10.342527389526367,
      12.600128173828125,
      14.720349311828613,
      18.453989028930664,
      20.814315795898438,
      19.58465576171875,
      15.461196899414062
    ],
    [
      47.425113677978516,
      67.75912475585938,
      24.822969436645508,
      36.646854400634766,
      19.95061492919922,
      33.55939483642578,
      13.494559288024902,
      20.899959564208984,
      13.393526077270508,
      18.716995239257812,
      11.363758087158203,
      15.840387344360352,
      19.118518829345703,
      22.578014373779297,
      23.792346954345703,
      29.19428253173828,
      24.992908477783203,
      20.31981086730957
    ],
    [
      23.352432250976562,
      24.822969436645508,
      33.939483642578125,
      25.152982711791992,
      14.483199119567871,
      17.953203201293945,
      4.942150592803955,
      8.18743896484375,
      5.237842559814453,
      6.441442966461182,
      1.7098296880722046,
      3.722520112991333,
      7.113020420074463,
      8.349581718444824,
      9.2515230178833,
      11.609549522399902,
      8.884587287902832,
      7.458215713500977
    ],
    [
      26.074382781982422,
      36.646854400634766,
      25.152982711791992,
      47.21690368652344,
      19.816932678222656,
      32.41688537597656,
      13.382572174072266,
      21.056568145751953,
      11.3740816116333,
      17.803085327148438,
      7.642293453216553,
      13.785782814025879,
      14.620391845703125,
      19.87727165222168,
      17.907663345336914,
      22.80764389038086,
      19.071901321411133,
      18.05295181274414
    ],
    [
      13.063369750976562,
      19.95061492919922,
      14.483199119567871,
      19.816932678222656,
      45.035362243652344,
      26.789602279663086,
      26.13208770751953,
      16.970762252807617,
      20.4093074798584,
      12.98139476776123,
      20.465007781982422,
      15.009160995483398,
      20.696577072143555,
      17.409460067749023,
      19.746402740478516,
      19.176366806030273,
      19.35236930847168,
      16.26555824279785
    ],
    [
      22.794923782348633,
      33.55939483642578,
      17.953203201293945,
      32.41688537597656,
      26.789602279663086,
      48.88546371459961,
      24.713401794433594,
      33.88153839111328,
      21.741741180419922,
      30.320098876953125,
      18.58588409423828,
      27.53404998779297,
      23.314712524414062,
      32.730857849121094,
      25.478153228759766,
      35.59169387817383,
      29.085277557373047,
      29.6870059967041
    ],
    [
      9.034958839416504,
      13.494559288024902,
      4.942150592803955,
      13.382572174072266,
      26.13208770751953,
      24.713401794433594,
      55.62467956542969,
      37.40665054321289,
      32.06379318237305,
      26.833026885986328,
      31.32002067565918,
      28.71018409729004,
      23.798917770385742,
      25.84078598022461,
      22.007780075073242,
      28.590009689331055,
      25.642080307006836,
      27.341764450073242
    ],
    [
      13.961424827575684,
      20.899959564208984,
      8.18743896484375,
      21.056568145751953,
      16.970762252807617,
      33.88153839111328,
      37.40665054321289,
      51.909446716308594,
      28.9857177734375,
      39.665382385253906,
      23.117685317993164,
      36.11866760253906,
      22.341655731201172,
      37.16025161743164,
      23.076967239379883,
      39.41913604736328,
      30.68250274658203,
      35.708560943603516
    ],
    [
      8.998740196228027,
      13.393526077270508,
      5.237842559814453,
      11.3740816116333,
      20.4093074798584,
      21.741741180419922,
      32.06379318237305,
      28.9857177734375,
      47.60744857788086,
      35.67250442504883,
      37.427520751953125,
      34.50360107421875,
      32.05973815917969,
      34.33510208129883,
      29.993986129760742,
      37.34564971923828,
      35.061607360839844,
      33.24941635131836
    ],
    [
      13.28798770904541,
      18.716995239257812,
      6.441442966461182,
      17.803085327148438,
      12.98139476776123,
      30.320098876953125,
      26.833026885986328,
      39.665382385253906,
      35.67250442504883,
      50.3659553527832,
      27.446453094482422,
      41.549964904785156,
      26.620620727539062,
      42.494937896728516,
      27.102195739746094,
      45.255767822265625,
      35.720035552978516,
      39.760772705078125
    ],
    [
      6.983123779296875,
      11.363758087158203,
      1.7098296880722046,
      7.642293453216553,
      20.465007781982422,
      18.58588409423828,
      31.32002067565918,
      23.117685317993164,
      37.427520751953125,
      27.446453094482422,
      48.84257507324219,
      36.42890930175781,
      39.96831130981445,
      35.738800048828125,
      37.41679382324219,
      40.37578582763672,
      38.99748229980469,
      33.82102966308594
    ],
    [
      10.342527389526367,
      15.840387344360352,
      3.722520112991333,
      13.785782814025879,
      15.009160995483398,
      27.53404998779297,
      28.71018409729004,
      36.11866760253906,
      34.50360107421875,
      41.549964904785156,
      36.42890930175781,
      48.09343719482422,
      32.997718811035156,
      45.954532623291016,
      32.63018798828125,
      49.205631256103516,
      40.05537414550781,
      42.316505432128906
    ],
    [
      12.600128173828125,
      19.118518829345703,
      7.113020420074463,
      14.620391845703125,
      20.696577072143555,
      23.314712524414062,
      23.798917770385742,
      22.341655731201172,
      32.05973815917969,
      26.620620727539062,
      39.96831130981445,
      32.997718811035156,
      52.50943374633789,
      45.386077880859375,
      48.72993850708008,
      49.321266174316406,
      45.98182678222656,
      39.37632751464844
    ],
    [
      14.720349311828613,
      22.578014373779297,
      8.349581718444824,
      19.87727165222168,
      17.409460067749023,
      32.730857849121094,
      25.84078598022461,
      37.16025161743164,
      34.33510208129883,
      42.494937896728516,
      35.738800048828125,
      45.954532623291016,
      45.386077880859375,
      60.62335968017578,
      43.92368698120117,
      61.38148880004883,
      49.664913177490234,
      51.283348083496094
    ],
    [
      18.453989028930664,
      23.792346954345703,
      9.2515230178833,
      17.907663345336914,
      19.746402740478516,
      25.478153228759766,
      22.007780075073242,
      23.076967239379883,
      29.993986129760742,
      27.102195739746094,
      37.41679382324219,
      32.63018798828125,
      48.72993850708008,
      43.92368698120117,
      61.6834602355957,
      57.91828918457031,
      53.44108963012695,
      44.62056350708008
    ],
    [
      20.814315795898438,
      29.19428253173828,
      11.609549522399902,
      22.80764389038086,
      19.176366806030273,
      35.59169387817383,
      28.590009689331055,
      39.41913604736328,
      37.34564971923828,
      45.255767822265625,
      40.37578582763672,
      49.205631256103516,
      49.321266174316406,
      61.38148880004883,
      57.91828918457031,
      82.5497817993164,
      62.466896057128906,
      63.248207092285156
    ],
    [
      19.58465576171875,
      24.992908477783203,
      8.884587287902832,
      19.071901321411133,
      19.35236930847168,
      29.085277557373047,
      25.642080307006836,
      30.68250274658203,
      35.061607360839844,
      35.720035552978516,
      38.99748229980469,
      40.05537414550781,
      45.98182678222656,
      49.664913177490234,
      53.44108963012695,
      62.466896057128906,
      71.41000366210938,
      61.0989990234375
    ],
    [
      15.461196899414062,
      20.31981086730957,
      7.458215713500977,
      18.05295181274414,
      16.26555824279785,
      29.6870059967041,
      27.341764450073242,
      35.708560943603516,
      33.24941635131836,
      39.760772705078125,
      33.82102966308594,
      42.316505432128906,
      39.37632751464844,
      51.283348083496094,
      44.62056350708008,
      63.248207092285156,
      61.0989990234375,
      65.41165924072266
    ]
  ],
  "damage": -6.205617427825928,
  "diff_bandwidth": 977.636474609375,
  "dissonance": 9.963177379470444,
  "drr": -4.213743209838867,
  "dynamics": 3.595771312713623,
  "format": 1245190,
  "frames": 7425984,
  "loudness": -12.301922798156738,
  "loudness_range": 9.491508483886719,
  "loudness_range_short": 13.226333618164062,
  "lowpass_true_peak_15khz": -1.351855993270874,
  "mastering3_acoustic_entropies": [
    {
      "acoustic_entropy": 9.01716136932373,
      "acoustic_entropy_mono": 8.772378921508789,
      "band_eliminated_acoustic_entropies": [
        {
          "acoustic_entropy": 9.007028579711914,
          "acoustic_entropy_side": 9.01716423034668,
          "hz": 129.47220167065723
        },
        {
          "acoustic_entropy": 8.952838897705078,
          "acoustic_entropy_side": 9.01700496673584,
          "hz": 202.92927478742237
        },
        {
          "acoustic_entropy": 8.775410652160645,
          "acoustic_entropy_side": 9.016823768615723,
          "hz": 282.89161906338205
        },
        {
          "acoustic_entropy": 9.06387710571289,
          "acoustic_entropy_side": 9.012821197509766,
          "hz": 369.9353335868758
        },
        {
          "acoustic_entropy": 9.2830228805542,
          "acoustic_entropy_side": 8.93761157989502,
          "hz": 464.6875360973435
        },
        {
          "acoustic_entropy": 9.80475902557373,
          "acoustic_entropy_side": 9.01156234741211,
          "hz": 567.8308811364784
        },
        {
          "acoustic_entropy": 8.827549934387207,
          "acoustic_entropy_side": 9.034708976745605,
          "hz": 680.1084783214808
        },
        {
          "acoustic_entropy": 9.420273780822754,
          "acoustic_entropy_side": 9.003538131713867,
          "hz": 802.3292461747484
        },
        {
          "acoustic_entropy": 8.254117965698242,
          "acoustic_entropy_side": 9.183276176452637,
          "hz": 935.3737400823702
        },
        {
          "acoustic_entropy": 8.734626770019531,
          "acoustic_entropy_side": 9.18267822265625,
          "hz": 1080.2004963696966
        },
        {
          "acoustic_entropy": 8.215478897094727,
          "acoustic_entropy_side": 8.949212074279785,
          "hz": 1237.8529382007157
        },
        {
          "acoustic_entropy": 8.646724700927734,
          "acoustic_entropy_side": 9.011958122253418,
          "hz": 1409.4668930556702
        },
        {
          "acoustic_entropy": 8.697060585021973,
          "acoustic_entropy_side": 8.898388862609863,
          "hz": 1596.2787759475705
        },
        {
          "acoustic_entropy": 8.727238655090332,
          "acoustic_entropy_side": 9.132235527038574,
          "hz": 1799.6344973346393
        },
        {
          "acoustic_entropy": 8.629098892211914,
          "acoustic_entropy_side": 8.913111686706543,
          "hz": 2020.9991599069049
        },
        {
          "acoustic_entropy": 9.162371635437012,
          "acoustic_entropy_side": 9.008563041687012,
          "hz": 2261.9676141086993
        },
        {
          "acoustic_entropy": 8.905007362365723,
          "acoustic_entropy_side": 8.974811553955078,
          "hz": 2524.2759484456974
        },
        {
          "acoustic_entropy": 9.026845932006836,
          "acoustic_entropy_side": 9.021693229675293,
          "hz": 2809.813997359896
        },
        {
          "acoustic_entropy": 8.555863380432129,
          "acoustic_entropy_side": 8.966998100280762,
          "hz": 3120.6389567871424
        },
        {
          "acoustic_entropy": 9.386581420898438,
          "acoustic_entropy_side": 9.130062103271484,
          "hz": 3458.990205492291
        },
        {
          "acoustic_entropy": 8.961003303527832,
          "acoustic_entropy_side": 9.002065658569336,
          "hz": 3827.305438964164
        },
        {
          "acoustic_entropy": 9.025636672973633,
          "acoustic_entropy_side": 9.034287452697754,
          "hz": 4228.238232109126
        },
        {
          "acoustic_entropy": 8.872624397277832,
          "acoustic_entropy_side": 9.032220840454102,
          "hz": 4664.6771572759235
        },
        {
          "acoustic_entropy": 8.870713233947754,
          "acoustic_entropy_side": 9.041535377502441,
          "hz": 5139.766595350093
        },
        {
          "acoustic_entropy": 8.904640197753906,
          "acoustic_entropy_side": 9.033079147338867,
          "hz": 5656.929389854203
        },
        {
          "acoustic_entropy": 8.955111503601074,
          "acoustic_entropy_side": 9.01544189453125,
          "hz": 6219.891507268283
        },
        {
          "acoustic_entropy": 9.004990577697754,
          "acoustic_entropy_side": 9.0400390625,
          "hz": 6832.70888123896
        },
        {
          "acoustic_entropy": 9.056714057922363,
          "acoustic_entropy_side": 9.026726722717285,
          "hz": 7499.796634079867
        },
        {
          "acoustic_entropy": 9.033352851867676,
          "acoustic_entropy_side": 9.026238441467285,
          "hz": 8225.96088609342
        },
        {
          "acoustic_entropy": 8.993647575378418,
          "acoustic_entropy_side": 9.02532958984375,
          "hz": 9016.43338188839
        },
        {
          "acoustic_entropy": 8.99734115600586,
          "acoustic_entropy_side": 9.02510929107666,
          "hz": 9876.909183162974
        },
        {
          "acoustic_entropy": 9.033323287963867,
          "acoustic_entropy_side": 9.024191856384277,
          "hz": 10813.587699516042
        },
        {
          "acoustic_entropy": 9.041434288024902,
          "acoustic_entropy_side": 9.022191047668457,
          "hz": 11833.21735289826
        },
        {
          "acoustic_entropy": 9.038778305053711,
          "acoustic_entropy_side": 9.0202054977417,
          "hz": 12943.144197493959
        },
        {
          "acoustic_entropy": 9.024138450622559,
          "acoustic_entropy_side": 9.018964767456055,
          "hz": 14151.364845322005
        },
        {
          "acoustic_entropy": 9.018726348876953,
          "acoustic_entropy_side": 9.017849922180176,
          "hz": 15466.58407886509
        },
        {
          "acoustic_entropy": 9.017492294311523,
          "acoustic_entropy_side": 9.01729679107666,
          "hz": 16898.27756580493
        },
        {
          "acoustic_entropy": 9.01718521118164,
          "acoustic_entropy_side": 9.017171859741211,
          "hz": 18456.760127700032
        },
        {
          "acoustic_entropy": 9.01716423034668,
          "acoustic_entropy_side": 9.017163276672363,
          "hz": 20153.260054456492
        },
        {
          "acoustic_entropy": 9.01716136932373,
          "acoustic_entropy_side": 9.01716136932373,
          "hz": 22000.00000000001
        }
      ],
      "diff_acoustic_entropy": 7.767627716064453,
      "sn": 6
    },
    {
      "acoustic_entropy": 12.916705131530762,
      "acoustic_entropy_mono": 12.874977111816406,
      "band_eliminated_acoustic_entropies": [
        {
          "acoustic_entropy": 13.051407814025879,
          "acoustic_entropy_side": 12.916897773742676,
          "hz": 129.47220167065723
        },
        {
          "acoustic_entropy": 12.957018852233887,
          "acoustic_entropy_side": 12.921896934509277,
          "hz": 202.92927478742237
        },
        {
          "acoustic_entropy": 13.287714004516602,
          "acoustic_entropy_side": 12.937933921813965,
          "hz": 282.89161906338205
        },
        {
          "acoustic_entropy": 13.345776557922363,
          "acoustic_entropy_side": 12.943497657775879,
          "hz": 369.9353335868758
        },
        {
          "acoustic_entropy": 13.399836540222168,
          "acoustic_entropy_side": 12.955695152282715,
          "hz": 464.6875360973435
        },
        {
          "acoustic_entropy": 12.7178373336792,
          "acoustic_entropy_side": 12.948596954345703,
          "hz": 567.8308811364784
        },
        {
          "acoustic_entropy": 12.471776962280273,
          "acoustic_entropy_side": 13.025731086730957,
          "hz": 680.1084783214808
        },
        {
          "acoustic_entropy": 12.971771240234375,
          "acoustic_entropy_side": 12.823192596435547,
          "hz": 802.3292461747484
        },
        {
          "acoustic_entropy": 12.285210609436035,
          "acoustic_entropy_side": 13.196417808532715,
          "hz": 935.3737400823702
        },
        {
          "acoustic_entropy": 12.580065727233887,
          "acoustic_entropy_side": 12.884575843811035,
          "hz": 1080.2004963696966
        },
        {
          "acoustic_entropy": 12.650015830993652,
          "acoustic_entropy_side": 12.898853302001953,
          "hz": 1237.8529382007157
        },
        {
          "acoustic_entropy": 13.085026741027832,
          "acoustic_entropy_side": 12.74670124053955,
          "hz": 1409.4668930556702
        },
        {
          "acoustic_entropy": 13.197410583496094,
          "acoustic_entropy_side": 12.90097427368164,
          "hz": 1596.2787759475705
        },
        {
          "acoustic_entropy": 12.64597225189209,
          "acoustic_entropy_side": 12.985492706298828,
          "hz": 1799.6344973346393
        },
        {
          "acoustic_entropy": 12.823047637939453,
          "acoustic_entropy_side": 13.051918029785156,
          "hz": 2020.9991599069049
        },
        {
          "acoustic_entropy": 13.01340389251709,
          "acoustic_entropy_side": 13.270227432250977,
          "hz": 2261.9676141086993
        },
        {
          "acoustic_entropy": 12.640856742858887,
          "acoustic_entropy_side": 12.878952026367188,
          "hz": 2524.2759484456974
        },
        {
          "acoustic_entropy": 13.051254272460938,
          "acoustic_entropy_side": 13.098827362060547,
          "hz": 2809.813997359896
        },
        {
          "acoustic_entropy": 12.65202808380127,
          "acoustic_entropy_side": 13.09992504119873,
          "hz": 3120.6389567871424
        },
        {
          "acoustic_entropy": 13.046213150024414,
          "acoustic_entropy_side": 13.161843299865723,
          "hz": 3458.990205492291
        },
        {
          "acoustic_entropy": 12.838883399963379,
          "acoustic_entropy_side": 13.010577201843262,
          "hz": 3827.305438964164
        },
        {
          "acoustic_entropy": 12.9754638671875,
          "acoustic_entropy_side": 12.97879409790039,
          "hz": 4228.238232109126
        },
        {
          "acoustic_entropy": 13.150726318359375,
          "acoustic_entropy_side": 12.9525785446167,
          "hz": 4664.6771572759235
        },
        {
          "acoustic_entropy": 13.040254592895508,
          "acoustic_entropy_side": 12.981579780578613,
          "hz": 5139.766595350093
        },
        {
          "acoustic_entropy": 12.904356956481934,
          "acoustic_entropy_side": 12.838062286376953,
          "hz": 5656.929389854203
        },
        {
          "acoustic_entropy": 12.913917541503906,
          "acoustic_entropy_side": 12.936162948608398,
          "hz": 6219.891507268283
        },
        {
          "acoustic_entropy": 12.9247407913208,
          "acoustic_entropy_side": 12.973572731018066,
          "hz": 6832.70888123896
        },
        {
          "acoustic_entropy": 12.931480407714844,
          "acoustic_entropy_side": 12.943172454833984,
          "hz": 7499.796634079867
        },
        {
          "acoustic_entropy": 12.905466079711914,
          "acoustic_entropy_side": 12.924060821533203,
          "hz": 8225.96088609342
        },
        {
          "acoustic_entropy": 12.967668533325195,
          "acoustic_entropy_side": 12.921344757080078,
          "hz": 9016.43338188839
        },
        {
          "acoustic_entropy": 12.986557960510254,
          "acoustic_entropy_side": 12.912582397460938,
          "hz": 9876.909183162974
        },
        {
          "acoustic_entropy": 12.945684432983398,
          "acoustic_entropy_side": 12.930585861206055,
          "hz": 10813.587699516042
        },
        {
          "acoustic_entropy": 12.914456367492676,
          "acoustic_entropy_side": 12.931543350219727,
          "hz": 11833.21735289826
        },
        {
          "acoustic_entropy": 12.98173713684082,
          "acoustic_entropy_side": 12.935962677001953,
          "hz": 12943.144197493959
        },
        {
          "acoustic_entropy": 12.922475814819336,
          "acoustic_entropy_side": 12.926324844360352,
          "hz": 14151.364845322005
        },
        {
          "acoustic_entropy": 12.923440933227539,
          "acoustic_entropy_side": 12.919669151306152,
          "hz": 15466.58407886509
        },
        {
          "acoustic_entropy": 12.916491508483887,
          "acoustic_entropy_side": 12.916491508483887,
          "hz": 16898.27756580493
        },
        {
          "acoustic_entropy": 12.91666316986084,
          "acoustic_entropy_side": 12.916666030883789,
          "hz": 18456.760127700032
        },
        {
          "acoustic_entropy": 12.916707038879395,
          "acoustic_entropy_side": 12.916702270507812,
          "hz": 20153.260054456492
        },
        {
          "acoustic_entropy": 12.916704177856445,
          "acoustic_entropy_side": 12.916704177856445,
          "hz": 22000.00000000001
        }
      ],
      "diff_acoustic_entropy": 10.622564315795898,
      "sn": 12
    },
    {
      "acoustic_entropy": 17.605188369750977,
      "acoustic_entropy_mono": 16.071012496948242,
      "band_eliminated_acoustic_entropies": [
        {
          "acoustic_entropy": 18.01355743408203,
          "acoustic_entropy_side": 17.590856552124023,
          "hz": 129.47220167065723
        },
        {
          "acoustic_entropy": 17.814071655273438,
          "acoustic_entropy_side": 17.53533172607422,
          "hz": 202.92927478742237
        },
        {
          "acoustic_entropy": 17.797893524169922,
          "acoustic_entropy_side": 17.598434448242188,
          "hz": 282.89161906338205
        },
        {
          "acoustic_entropy": 17.941251754760742,
          "acoustic_entropy_side": 17.508386611938477,
          "hz": 369.9353335868758
        },
        {
          "acoustic_entropy": 16.34100914001465,
          "acoustic_entropy_side": 17.589570999145508,
          "hz": 464.6875360973435
        },
        {
          "acoustic_entropy": 18.131866455078125,
          "acoustic_entropy_side": 17.522415161132812,
          "hz": 567.8308811364784
        },
        {
          "acoustic_entropy": 16.468477249145508,
          "acoustic_entropy_side": 17.724313735961914,
          "hz": 680.1084783214808
        },
        {
          "acoustic_entropy": 17.81133270263672,
          "acoustic_entropy_side": 16.92662811279297,
          "hz": 802.3292461747484
        },
        {
          "acoustic_entropy": 17.273496627807617,
          "acoustic_entropy_side": 17.592849731445312,
          "hz": 935.3737400823702
        },
        {
          "acoustic_entropy": 16.86534309387207,
          "acoustic_entropy_side": 17.668277740478516,
          "hz": 1080.2004963696966
        },
        {
          "acoustic_entropy": 17.398603439331055,
          "acoustic_entropy_side": 17.223386764526367,
          "hz": 1237.8529382007157
        },
        {
          "acoustic_entropy": 17.703540802001953,
          "acoustic_entropy_side": 17.77204704284668,
          "hz": 1409.4668930556702
        },
        {
          "acoustic_entropy": 18.34722900390625,
          "acoustic_entropy_side": 17.851713180541992,
          "hz": 1596.2787759475705
        },
        {
          "acoustic_entropy": 17.590190887451172,
          "acoustic_entropy_side": 17.972007751464844,
          "hz": 1799.6344973346393
        },
        {
          "acoustic_entropy": 17.199947357177734,
          "acoustic_entropy_side": 17.633262634277344,
          "hz": 2020.9991599069049
        },
        {
          "acoustic_entropy": 17.34592628479004,
          "acoustic_entropy_side": 17.36964225769043,
          "hz": 2261.9676141086993
        },
        {
          "acoustic_entropy": 17.05392837524414,
          "acoustic_entropy_side": 17.345165252685547,
          "hz": 2524.2759484456974
        },
        {
          "acoustic_entropy": 17.703046798706055,
          "acoustic_entropy_side": 17.730365753173828,
          "hz": 2809.813997359896
        },
        {
          "acoustic_entropy": 17.009082794189453,
